26.1796 -4.40332 -0.000522063 0.000756969 -0.00213766
26.5387 -4.40878 -0.00135262 0.00241712 -0.00200702
26.1796 -4.26352 -0.000567934 0.000784547 -0.00208391
26.5388 -4.2688 -0.0014158 0.00254097 -0.00188129
26.8979 -4.41406 -0.00223185 0.00417292 -0.0015082
27.257 -4.41917 -0.00299373 0.00563787 -0.000796778
26.8979 -4.27392 -0.0022496 0.00425073 -0.00148834
27.2571 -4.27886 -0.00314842 0.00589403 -0.000918075
26.1796 -4.12373 -0.000561889 0.000786434 -0.00214327
26.5388 -4.12883 -0.00145362 0.00259706 -0.00184935
26.1796 -3.98394 -0.000568336 0.000827217 -0.00212023
26.5388 -3.98886 -0.00148275 0.00267323 -0.00187137
26.898 -4.13377 -0.00229251 0.00442404 -0.00142842
27.2571 -4.13855 -0.00323666 0.00605938 -0.00109153
26.898 -3.99363 -0.00239648 0.00451822 -0.00150983
27.2572 -3.99825 -0.00329354 0.00621015 -0.00119263
27.6161 -4.42411 -0.00362885 0.00715061 -0.000253377
27.9753 -4.42888 -0.00430713 0.00795637 -0.000305305
27.6162 -4.28363 -0.00388024 0.00738753 -0.000610976
27.9753 -4.28825 -0.00444346 0.00826157 -0.000194699
28.3344 -4.43347 -0.00464315 0.00900124 -1.12553e-05
28.6934 -4.43789 -0.00526252 0.00964999 -0.000253899
28.3344 -4.29268 -0.00460381 0.00922302 -0.00029411
28.6934 -4.29696 -0.00524368 0.00942614 -9.08537e-05
27.6163 -4.14316 -0.00397032 0.0074516 -0.000615091
27.9754 -4.1476 -0.00450909 0.00845654 -2.87524e-05
27.6163 -4.0027 -0.00395101 0.00768145 -0.000811468
27.9754 -4.00698 -0.00469808 0.00866436 -0.000432516
28.3345 -4.15189 -0.00463235 0.0093583 -0.000142612
28.6935 -4.15602 -0.00529627 0.00938702 -0.000137777
28.3345 -4.01113 -0.00497417 0.00959259 -0.000443075
28.6935 -4.01511 -0.00526269 0.00961468 -0.000326253
26.1796 -3.84415 -0.000569225 0.000841641 -0.00217623
26.5389 -3.8489 -0.00149113 0.00275221 -0.00199431
26.1796 -3.70436 -0.000571141 0.000840317 -0.00224197
26.5389 -3.70895 -0.00149246 0.00278561 -0.00214755
26.898 -3.85351 -0.00245251 0.00455753 -0.00177536
27.2572 -3.85796 -0.00330801 0.00633103 -0.00143583
26.8981 -3.71339 -0.00250813 0.00457784 -0.00189871
27.2573 -3.71768 -0.00333898 0.00642226 -0.00171772
26.1796 -3.56458 -0.000603062 0.000832801 -0.00230302
26.5389 -3.56899 -0.00154097 0.00275499 -0.00223298
26.1796 -3.4248 -0.000596003 0.000855969 -0.00250159
26.5389 -3.42904 -0.00154116 0.0027796 -0.00235832
26.8981 -3.57326 -0.00254404 0.00455192 -0.00202401
27.2573 -3.57739 -0.00337524 0.00643704 -0.00176518
26.8981 -3.43315 -0.00254323 0.00454753 -0.00220949
27.2574 -3.43712 -0.00336675 0.00640487 -0.00215889
27.6164 -3.86226 -0.00395509 0.00789564 -0.0011888
27.9755 -3.8664 -0.0047142 0.00894227 -0.00102728
27.6165 -3.72182 -0.00412087 0.00800015 -0.00128686
27.9756 -3.72581 -0.00456918 0.00910866 -0.00113919
28.3346 -3.87038 -0.0050929 0.00963164 -0.000437756
28.6936 -3.87422 -0.00527008 0.00977522 -0.000516169
28.3347 -3.72965 -0.00504012 0.00976027 -0.000726457
28.6936 -3.73334 -0.00524622 0.00981221 -0.000519001
27.6165 -3.58138 -0.00421481 0.0080176 -0.00174255
27.9757 -3.58523 -0.00464107 0.00932344 -0.00119538
27.6166 -3.44095 -0.00433134 0.00805286 -0.00200192
27.9757 -3.44465 -0.0047372 0.0093103 -0.00156068
28.3347 -3.58893 -0.0051453 0.00987792 -0.00104777
28.6937 -3.59249 -0.00499266 0.0099644 -0.00070699
28.3348 -3.44821 -0.00529588 0.00987588 -0.00123482
28.6937 -3.45164 -0.00487296 0.0100239 -0.00103728
29.0524 -4.44213 -0.00580245 0.00980176 -0.000224699
29.4115 -4.4462 -0.00583476 0.0102509 -0.000593045
29.0525 -4.30105 -0.00572092 0.00967086 -0.000214659
29.4115 -4.305 -0.00575256 0.0101971 -0.000474873
29.7706 -4.4501 -0.00574068 0.0105391 -0.00096108
30.1297 -4.45383 -0.00596362 0.0101298 -0.00123642
29.7706 -4.30879 -0.00565106 0.0104037 -0.000885336
30.1297 -4.3124 -0.00605889 0.0101408 -0.00111931
29.0525 -4.15998 -0.00569361 0.00972094 -0.000225936
29.4115 -4.1638 -0.00562064 0.0102747 -0.000322063
29.0525 -4.01893 -0.00586913 0.00961947 -0.000167837
29.4116 -4.02262 -0.00534612 0.0102958 -0.000412927
29.7706 -4.16747 -0.00579488 0.0103466 -0.00070496
30.1297 -4.17097 -0.00612873 0.0101265 -0.00108957
29.7706 -4.02617 -0.00594719 0.0101308 -0.000627855
30.1297 -4.02954 -0.00613704 0.0101364 -0.000900053
30.4887 -4.45737 -0.00603946 0.00978429 -0.00124552
30.8478 -4.46074 -0.00573797 0.00945161 -0.0012996
30.4888 -4.31584 -0.00605288 0.00990807 -0.00126975
30.8479 -4.3191 -0.00577952 0.00955907 -0.00127864
31.2069 -4.46393 -0.00565032 0.00903257 -0.00129819
31.5661 -4.46694 -0.00544612 0.00866864 -0.00134382
31.207 -4.32219 -0.00570263 0.00911012 -0.00132265
31.5661 -4.32511 -0.00550443 0.00874736 -0.00134959
30.4888 -4.1743 -0.00606504 0.0100328 -0.00122567
30.8479 -4.17746 -0.00582431 0.00965082 -0.00125848
30.4888 -4.03276 -0.00608085 0.0101162 -0.00107973
30.8479 -4.03582 -0.00586593 0.00973421 -0.00119184
31.207 -4.18045 -0.00574216 0.00919843 -0.00131043
31.5662 -4.18328 -0.00556212 0.00883181 -0.00134998
31.2071 -4.03871 -0.00578064 0.00926648 -0.00127282
31.5662 -4.04145 -0.00560904 0.00890067 -0.00134026
29.0525 -3.87791 -0.00614715 0.00955851 -0.00022919
29.4116 -3.88147 -0.00512643 0.0102019 -0.000626288
29.0525 -3.73689 -0.0063172 0.00937686 -0.000436415
29.4116 -3.74033 -0.00492476 0.0100265 -0.000563296
29.7706 -3.88488 -0.00583283 0.00994159 -0.000176711
30.1297 -3.88813 -0.00618661 0.0100741 -0.000740429
29.7706 -3.74361 -0.00570367 0.00975344 -5.78114e-05
30.1297 -3.74674 -0.00624109 0.0100228 -0.00043728
29.0525 -3.59591 -0.00659862 0.009459 -0.000698793
29.4116 -3.5992 -0.00471976 0.00988168 -0.000311805
29.0526 -3.45493 -0.00657964 0.00947539 -0.000467867
29.4116 -3.45808 -0.00468836 0.00982514 -0.000323615
29.7706 -3.60235 -0.00567318 0.00955714 -1.26924e-05
30.1297 -3.60535 -0.00615179 0.00987127 -0.000337607
29.7706 -3.4611 -0.00566867 0.00948598 -0.000176208
30.1297 -3.46398 -0.00588942 0.00977223 -0.000104244
30.4888 -3.89123 -0.0060481 0.0101438 -0.000914363
30.848 -3.89418 -0.00589394 0.00978763 -0.0010847
30.4888 -3.74972 -0.00599031 0.0101337 -0.000713892
30.848 -3.75256 -0.00589731 0.00979217 -0.000968981
31.2071 -3.89698 -0.00582229 0.00931669 -0.00120396
31.5663 -3.89962 -0.00565357 0.0089523 -0.00133377
31.2071 -3.75525 -0.0058548 0.00934902 -0.0011333
31.5663 -3.75779 -0.00568425 0.00902136 -0.00132157
30.4888 -3.60822 -0.005855 0.0100476 -0.000539674
30.848 -3.61095 -0.00590237 0.00973771 -0.00087527
30.4888 -3.46672 -0.00587547 0.00987035 -0.000435896
30.848 -3.46934 -0.00588982 0.00969057 -0.000829676
31.2072 -3.61353 -0.00586859 0.00935015 -0.00108844
31.5664 -3.61597 -0.00569388 0.00906668 -0.00131313
31.2072 -3.47182 -0.00584645 0.00934083 -0.00108526
31.5664 -3.47415 -0.00569239 0.00909538 -0.00130716
26.1796 -3.28502 -0.000520554 0.000809228 -0.00262366
26.5389 -3.28909 -0.00148041 0.00276516 -0.0024819
26.1796 -3.14524 -0.000545339 0.000805112 -0.00278516
26.5389 -3.14914 -0.00146098 0.00274294 -0.00277382
26.8982 -3.29303 -0.00255083 0.00453854 -0.00257262
27.2574 -3.29684 -0.00333791 0.00645549 -0.00243646
26.8982 -3.15291 -0.00245593 0.00450793 -0.00268762
27.2574 -3.15656 -0.00330991 0.00632984 -0.00275651
26.1796 -3.00545 -0.000545877 0.000759223 -0.00292767
26.5389 -3.00918 -0.0014948 0.00266353 -0.00291091
26.1796 -2.86567 -0.000523038 0.000751842 -0.00313071
26.5389 -2.86922 -0.00147564 0.00258381 -0.00331628
26.8982 -3.01278 -0.0024417 0.00439884 -0.0028487
27.2574 -3.01628 -0.00327872 0.00625047 -0.00298387
26.8981 -2.87266 -0.00248565 0.00428338 -0.00321683
27.2574 -2.87599 -0.00329876 0.00600468 -0.00330841
27.6166 -3.30052 -0.00428628 0.00806785 -0.00231089
27.9757 -3.30407 -0.00492056 0.00924886 -0.00196646
27.6166 -3.16009 -0.00422503 0.00802553 -0.00259219
27.9757 -3.1635 -0.00496085 0.00928103 -0.00256617
28.3348 -3.3075 -0.00522663 0.00990278 -0.00170468
28.6938 -3.31079 -0.00490984 0.00993181 -0.00124151
28.3348 -3.16678 -0.00517795 0.00999518 -0.00206801
28.6938 -3.16994 -0.00498802 0.00988144 -0.0016974
27.6166 -3.01965 -0.00431144 0.0078882 -0.00297155
27.9757 -3.02291 -0.00497246 0.00911288 -0.00278172
27.6166 -2.87921 -0.00414589 0.00776911 -0.00333804
27.9757 -2.88232 -0.00481358 0.00903261 -0.00317511
28.3348 -3.02605 -0.00514117 0.0099586 -0.00239989
28.6938 -3.02908 -0.0049736 0.00992138 -0.00186787
28.3348 -2.88531 -0.00502347 0.00981073 -0.00281534
28.6938 -2.8882 -0.00483529 0.00976662 -0.00214046
26.1796 -2.72588 -0.000565482 0.00069399 -0.00339158
26.5389 -2.72927 -0.00144583 0.00252505 -0.00337475
26.1796 -2.58609 -0.000543254 0.000632819 -0.00357529
26.5389 -2.5893 -0.00133423 0.00237264 -0.00366453
26.8981 -2.73254 -0.00227733 0.00416729 -0.003619
27.2574 -2.7357 -0.00313144 0.00591528 -0.00359376
26.8981 -2.59241 -0.00219005 0.00408204 -0.00370712
27.2574 -2.5954 -0.00319325 0.00567368 -0.00386032
26.1796 -2.44631 -0.000516313 0.0006854 -0.00378604
26.5389 -2.44933 -0.00141245 0.00228119 -0.00374189
26.1796 -2.30652 -0.000459974 0.000610628 -0.00417555
26.5388 -2.30937 -0.00128689 0.00218093 -0.00400171
26.8981 -2.45227 -0.00219544 0.00386334 -0.004073
27.2573 -2.45511 -0.0029339 0.00555629 -0.00427339
26.8981 -2.31213 -0.00200453 0.00374962 -0.00429208
27.2573 -2.3148 -0.00284235 0.00534211 -0.00437912
27.6165 -2.73876 -0.00406859 0.00750221 -0.00374797
27.9757 -2.7417 -0.00477979 0.00879392 -0.00357378
27.6165 -2.59829 -0.00416457 0.00721639 -0.00394769
27.9757 -2.60109 -0.00456118 0.00859918 -0.00396834
28.3348 -2.74454 -0.00529056 0.00957576 -0.00337756
28.6938 -2.74728 -0.00521006 0.00957803 -0.00258551
28.3348 -2.60378 -0.00503946 0.00940579 -0.00353709
28.6938 -2.60637 -0.00552051 0.00925195 -0.00292107
27.6165 -2.45784 -0.00383209 0.00700397 -0.00416726
27.9757 -2.46048 -0.0044195 0.00830501 -0.00432186
27.6165 -2.31737 -0.00365552 0.00674725 -0.00469426
27.9757 -2.31985 -0.00436247 0.00788195 -0.00456257
28.3348 -2.46301 -0.00456311 0.00932098 -0.00410074
28.6938 -2.46546 -0.00557361 0.00928024 -0.00372118
28.3348 -2.32224 -0.00455109 0.00895359 -0.00440055
28.6939 -2.32454 -0.00531827 0.00911749 -0.00402729
29.0526 -3.31394 -0.00645305 0.00934141 -0.000751109
29.4117 -3.31696 -0.00469239 0.00982393 -0.000406345
29.0526 -3.17295 -0.00639159 0.00919191 -0.000720238
29.4117 -3.17583 -0.00469951 0.00970216 -0.000784494
29.7707 -3.31985 -0.00557516 0.00944 -0.000260732
30.1298 -3.32261 -0.00570119 0.0096669 -0.000171417
29.7707 -3.17859 -0.00553225 0.00931872 -0.000459845
30.1298 -3.18123 -0.0056985 0.00955247 -0.0004288
29.0527 -3.03195 -0.00621629 0.00892899 -0.00112273
29.4118 -3.0347 -0.00478659 0.00956795 -0.00120694
29.0528 -2.89093 -0.00572609 0.00900389 -0.00180833
29.4119 -2.89355 -0.00496932 0.00934942 -0.00147425
29.7708 -3.03733 -0.00548532 0.00919775 -0.000656528
30.1299 -3.03983 -0.00561625 0.00942502 -0.000541432
29.7709 -2.89605 -0.00542714 0.00911381 -0.00103787
30.13 -2.89844 -0.00549927 0.00935488 -0.000886621
30.4889 -3.32524 -0.00591934 0.00973457 -0.000534852
30.848 -3.32773 -0.00586853 0.00961891 -0.000803771
30.489 -3.18374 -0.0056999 0.00964817 -0.00056309
30.8481 -3.18612 -0.00585382 0.00947903 -0.000784451
31.2072 -3.3301 -0.00580419 0.00931271 -0.00110883
31.5665 -3.33234 -0.00570039 0.00911297 -0.00133866
31.2073 -3.18838 -0.00574828 0.00930649 -0.00119303
31.5665 -3.19052 -0.00570857 0.00907194 -0.00144417
30.489 -3.04223 -0.00557473 0.00952617 -0.000638331
30.8482 -3.04451 -0.00580785 0.0093337 -0.000952548
30.4891 -2.90072 -0.00557986 0.00932849 -0.000907969
30.8482 -2.90289 -0.00576005 0.00926921 -0.00116719
31.2074 -3.04666 -0.00568608 0.00928847 -0.00130061
31.5666 -3.0487 -0.00572075 0.00903969 -0.00155991
31.2074 -2.90494 -0.00567319 0.00927058 -0.00147163
31.5666 -2.90688 -0.0057322 0.00903345 -0.0017573
29.0528 -2.74989 -0.00541939 0.00910012 -0.00225969
29.4119 -2.75239 -0.0050814 0.00927255 -0.00175498
29.0529 -2.60884 -0.00522374 0.00923377 -0.00282782
29.4119 -2.61121 -0.00533322 0.00908346 -0.0020398
29.771 -2.75477 -0.00544058 0.0090276 -0.00139879
30.13 -2.75705 -0.00536985 0.00928994 -0.0012727
29.771 -2.61347 -0.00549387 0.00891532 -0.00198578
30.1301 -2.61564 -0.00530363 0.00917656 -0.00169649
29.053 -2.46779 -0.00484402 0.0093793 -0.00313917
29.412 -2.47004 -0.00546876 0.00875364 -0.00255263
29.053 -2.32674 -0.00468135 0.0092239 -0.00338159
29.412 -2.32886 -0.00521925 0.00878191 -0.00316535
29.7711 -2.47218 -0.00543937 0.00885072 -0.00244038
30.1302 -2.47422 -0.00532526 0.00906882 -0.00217008
29.7711 -2.33087 -0.00532264 0.0087935 -0.00291199
30.1302 -2.3328 -0.0053314 0.00897779 -0.00266433
30.4892 -2.75921 -0.00558995 0.00920161 -0.0012774
30.8483 -2.76127 -0.00570492 0.00927683 -0.00146066
30.4892 -2.61769 -0.00554721 0.00912224 -0.00176308
30.8484 -2.61964 -0.00562248 0.00923388 -0.00178196
31.2075 -2.76321 -0.00564575 0.00917879 -0.00166627
31.5667 -2.76505 -0.00579046 0.00896252 -0.00199392
31.2076 -2.62149 -0.00553538 0.00920561 -0.0019826
31.5667 -2.62323 -0.00583073 0.00889546 -0.00224962
30.4893 -2.47616 -0.00548192 0.00906929 -0.00214856
30.8484 -2.478 -0.00565197 0.00908586 -0.00215477
30.4894 -2.33463 -0.00540213 0.00910255 -0.00256309
30.8485 -2.33637 -0.00564798 0.00900239 -0.00240317
31.2076 -2.47975 -0.00549785 0.00915036 -0.00227461
31.5668 -2.4814 -0.00581615 0.00896918 -0.00265346
31.2077 -2.33801 -0.00559931 0.00910728 -0.00267397
31.5668 -2.33957 -0.00581015 0.00896594 -0.00292759
31.9252 -4.46979 -0.00523688 0.00824694 -0.00136711
32.2843 -4.47245 -0.00503777 0.0078336 -0.0014793
31.9253 -4.32786 -0.0052827 0.00832372 -0.00138894
32.2844 -4.33044 -0.00511397 0.00788747 -0.00146602
32.6434 -4.47494 -0.00493492 0.00744635 -0.00169497
33.0025 -4.47725 -0.00479747 0.00713036 -0.00203587
32.6435 -4.33285 -0.00495613 0.00752163 -0.00169452
33.0025 -4.33509 -0.0048564 0.00721259 -0.00207598
31.9253 -4.18594 -0.00532311 0.00841225 -0.00140635
32.2844 -4.18843 -0.00516163 0.00796148 -0.0015161
31.9254 -4.04402 -0.00536444 0.00849863 -0.00142386
32.2844 -4.04643 -0.00521093 0.00805244 -0.00149662
32.6435 -4.19076 -0.00501754 0.00760043 -0.00173543
33.0026 -4.19293 -0.00490308 0.00729741 -0.00213823
32.6435 -4.04867 -0.00508609 0.00767577 -0.00177173
33.0026 -4.05076 -0.00499933 0.00738411 -0.00220168
33.3616 -4.47939 -0.00475499 0.00683698 -0.00254572
33.7207 -4.48134 -0.0048269 0.00664922 -0.00317157
33.3616 -4.33716 -0.00480052 0.00691303 -0.00259907
33.7207 -4.33905 -0.00479391 0.00671312 -0.00328399
34.0798 -4.48312 -0.00473437 0.00660544 -0.0038876
34.4388 -4.48473 -0.00481145 0.00649104 -0.00463484
34.0798 -4.34078 -0.00477973 0.00665186 -0.00404403
34.4389 -4.34233 -0.00492015 0.0064902 -0.00469858
33.3617 -4.19493 -0.00485775 0.0070059 -0.00271214
33.7207 -4.19676 -0.0048706 0.00675171 -0.0034165
33.3617 -4.05269 -0.00490933 0.00712617 -0.00285018
33.7208 -4.05446 -0.00490401 0.00682668 -0.00359728
34.0798 -4.19842 -0.00476199 0.00673935 -0.00423275
34.4389 -4.19993 -0.00488153 0.00665824 -0.00490086
34.0798 -4.05607 -0.0048603 0.00673511 -0.00445889
34.4389 -4.05752 -0.00482097 0.00674088 -0.00498819
31.9254 -3.9021 -0.00539159 0.00858054 -0.00141378
32.2845 -3.90442 -0.00526641 0.00812848 -0.00156348
31.9255 -3.76018 -0.0054764 0.00866471 -0.00142542
32.2845 -3.76242 -0.00532112 0.00822988 -0.00161113
32.6436 -3.90659 -0.00512669 0.00778589 -0.00182263
33.0026 -3.9086 -0.00509025 0.00749167 -0.00235511
32.6436 -3.7645 -0.0052229 0.00788464 -0.00188442
33.0027 -3.76644 -0.00513138 0.00760432 -0.00247578
31.9255 -3.61827 -0.0055466 0.00872583 -0.00145925
32.2846 -3.62042 -0.00535575 0.00833722 -0.00167404
31.9256 -3.47635 -0.00559397 0.00876342 -0.00151439
32.2846 -3.47842 -0.00542139 0.0084264 -0.00175714
32.6436 -3.62242 -0.0052979 0.00796765 -0.00200282
33.0027 -3.62429 -0.00518617 0.00773824 -0.00263116
32.6437 -3.48034 -0.00538008 0.0080921 -0.0021695
33.0028 -3.48213 -0.00527258 0.00785162 -0.00281197
33.3617 -3.91046 -0.00501643 0.00722579 -0.00301163
33.7208 -3.91216 -0.00494724 0.00694644 -0.00382826
33.3617 -3.76823 -0.00515356 0.00731212 -0.00320163
33.7208 -3.76987 -0.00503409 0.00702375 -0.00406693
34.0798 -3.91371 -0.00497575 0.00674067 -0.00464388
34.4389 -3.91511 -0.00498705 0.00673172 -0.0053298
34.0799 -3.77136 -0.00504863 0.00684492 -0.00489014
34.4389 -3.7727 -0.00514974 0.00677451 -0.00559699
33.3618 -3.626 -0.0052087 0.00743756 -0.00344793
33.7208 -3.62758 -0.00515182 0.00712101 -0.00434078
33.3618 -3.48378 -0.00524235 0.00756975 -0.00372514
33.7209 -3.48529 -0.0051926 0.00726082 -0.00460753
34.0799 -3.62901 -0.00514521 0.00694296 -0.00516791
34.4389 -3.63029 -0.00526573 0.00689668 -0.00579325
34.0799 -3.48666 -0.00522351 0.00708353 -0.00545143
34.439 -3.4879 -0.00531431 0.00709242 -0.00608154
34.7979 -4.48616 -0.0049038 0.00655532 -0.00518512
35.157 -4.48741 -0.00528653 0.00656883 -0.0058287
34.7979 -4.34372 -0.00490731 0.00652496 -0.00533308
35.157 -4.34493 -0.00499683 0.00666306 -0.00590351
35.5161 -4.48849 -0.00576281 0.00674377 -0.00623317
35.8752 -4.48938 -0.00618551 0.00734144 -0.00697928
35.5161 -4.34596 -0.00552761 0.00678634 -0.00641405
35.8751 -4.34683 -0.00610321 0.00729428 -0.00704965
34.798 -4.20127 -0.00495441 0.00655021 -0.00541183
35.157 -4.20243 -0.00515138 0.00653558 -0.00593782
34.798 -4.05881 -0.00482406 0.00678624 -0.00564547
35.1571 -4.05994 -0.00492559 0.00678921 -0.0061627
35.516 -4.20343 -0.00566848 0.00668745 -0.00660419
35.8751 -4.20427 -0.00601278 0.00724864 -0.00710624
35.516 -4.06091 -0.00572415 0.00671081 -0.00665483
35.8751 -4.06171 -0.00576738 0.0071704 -0.00713362
36.2343 -4.49011 -0.00663294 0.00815903 -0.00765032
36.5934 -4.49065 -0.0073234 0.0087269 -0.00837332
36.2343 -4.34753 -0.00653382 0.00796619 -0.00767034
36.5934 -4.34805 -0.00722812 0.00863536 -0.00834563
36.9526 -4.49102 -0.00803055 0.00929814 -0.00916804
37.3117 -4.49121 -0.00900299 0.00984028 -0.00993539
36.9525 -4.34841 -0.00782015 0.00949906 -0.00937882
37.3117 -4.34859 -0.00913452 0.0100248 -0.00988116
36.2343 -4.20494 -0.00645144 0.00779947 -0.00767897
36.5934 -4.20545 -0.00737994 0.00838355 -0.00824636
36.2343 -4.06236 -0.00614564 0.00775536 -0.00780665
36.5934 -4.06285 -0.00707377 0.00843847 -0.00849393
36.9525 -4.2058 -0.00788788 0.00946373 -0.00930209
37.3116 -4.20597 -0.00916716 0.0102015 -0.0102033
36.9525 -4.06318 -0.00786923 0.00953138 -0.00926585
37.3116 -4.06334 -0.00908493 0.0103519 -0.010258
34.798 -3.91635 -0.00496911 0.00671043 -0.00581656
35.1571 -3.91745 -0.00484435 0.00683332 -0.00618579
34.798 -3.7739 -0.00509305 0.00685234 -0.00607716
35.1571 -3.77495 -0.00500529 0.00697136 -0.00653635
35.516 -3.91839 -0.00556207 0.00671742 -0.00681775
35.8751 -3.91915 -0.00568511 0.00707463 -0.00718303
35.5161 -3.77585 -0.00552603 0.00664227 -0.0069118
35.8751 -3.77659 -0.00570627 0.00700981 -0.00738643
34.798 -3.63144 -0.00541074 0.00683473 -0.00645907
35.1571 -3.63246 -0.00507963 0.00702961 -0.00666869
34.798 -3.489 -0.00564616 0.00677629 -0.00653863
35.157 -3.48996 -0.00572163 0.0066723 -0.00680755
35.5161 -3.63332 -0.00543781 0.00675597 -0.00706948
35.8751 -3.63403 -0.00576337 0.00686649 -0.00759184
35.5161 -3.4908 -0.00535452 0.00693009 -0.0073094
35.8751 -3.49148 -0.00575414 0.00684915 -0.00776083
36.2343 -3.91978 -0.00606348 0.00769383 -0.00781567
36.5933 -3.92025 -0.00704867 0.00826156 -0.00855373
36.2342 -3.77719 -0.00599606 0.00758448 -0.00792902
36.5933 -3.77764 -0.00692285 0.00820649 -0.00858527
36.9525 -3.92056 -0.0078258 0.00941263 -0.00936552
37.3116 -3.92072 -0.00907584 0.0104411 -0.0102564
36.9524 -3.77794 -0.00777074 0.00940393 -0.0093927
37.3116 -3.77809 -0.00914968 0.0105568 -0.0101748
36.2342 -3.63461 -0.00593719 0.00753472 -0.00814932
36.5933 -3.63504 -0.00679024 0.00819249 -0.00879716
36.2342 -3.49203 -0.00604664 0.00734017 -0.00835452
36.5933 -3.49244 -0.00686443 0.00804975 -0.00897685
36.9524 -3.63533 -0.00766126 0.00934332 -0.00942625
37.3116 -3.63547 -0.00914604 0.0106492 -0.0102385
36.9524 -3.49271 -0.00769285 0.0093117 -0.00952959
37.3115 -3.49285 -0.0089409 0.0107849 -0.0103801
31.9256 -3.33444 -0.00561154 0.00881604 -0.00160997
32.2847 -3.33642 -0.00551837 0.00849684 -0.00190648
31.9257 -3.19253 -0.00561407 0.00885858 -0.00173673
32.2847 -3.19442 -0.00556846 0.00855583 -0.00212104
32.6437 -3.33826 -0.00544677 0.0082012 -0.00238464
33.0028 -3.33997 -0.0053898 0.0079426 -0.00304508
32.6438 -3.19618 -0.00549245 0.00832973 -0.00255949
33.0028 -3.19782 -0.00549778 0.00804592 -0.00331594
31.9257 -3.05062 -0.00563758 0.00888007 -0.00194258
32.2848 -3.05242 -0.00563885 0.00859933 -0.00229818
31.9258 -2.9087 -0.00559701 0.00893619 -0.00212446
32.2848 -2.91042 -0.00573431 0.00862804 -0.00257113
32.6438 -3.0541 -0.00557912 0.00844287 -0.0028634
33.0029 -3.05567 -0.00557541 0.00821181 -0.00361862
32.6439 -2.91202 -0.00569229 0.00854823 -0.00320834
33.0029 -2.91351 -0.00567931 0.00836647 -0.00391761
33.3619 -3.34155 -0.00532458 0.00767635 -0.00395349
33.7209 -3.343 -0.00530718 0.00735032 -0.00490211
33.3619 -3.19933 -0.00539164 0.0078168 -0.00423445
33.7209 -3.20071 -0.0053692 0.00750323 -0.00517654
34.08 -3.34432 -0.00532169 0.00723352 -0.00570318
34.439 -3.3455 -0.0053861 0.00726383 -0.00639562
34.08 -3.20197 -0.00545527 0.00738926 -0.00594735
34.439 -3.2031 -0.00546056 0.00740018 -0.00661543
33.3619 -3.05711 -0.00547713 0.00795037 -0.00452947
33.721 -3.05843 -0.00546312 0.00767757 -0.00538715
33.362 -2.91488 -0.0055602 0.00810564 -0.00480093
33.721 -2.91614 -0.00553833 0.00785012 -0.00567604
34.08 -3.05963 -0.0055016 0.007582 -0.00617578
34.439 -3.06071 -0.00553412 0.00757128 -0.0067876
34.08 -2.91728 -0.00561326 0.00776353 -0.0063782
34.4391 -2.91831 -0.00564509 0.00772673 -0.00702512
31.9258 -2.76679 -0.00557666 0.00899979 -0.00240019
32.2849 -2.76842 -0.00571494 0.00875271 -0.00287702
31.9259 -2.62487 -0.00566566 0.00894423 -0.00269516
32.2849 -2.62642 -0.00569367 0.00885016 -0.00319963
32.6439 -2.76994 -0.00579706 0.00861043 -0.00348227
33.0029 -2.77135 -0.00575123 0.00848416 -0.00427786
32.6439 -2.62786 -0.00583473 0.00876176 -0.00383583
33.003 -2.6292 -0.00582086 0.00867153 -0.00457974
31.9259 -2.48296 -0.00574101 0.00894929 -0.00296324
32.2849 -2.48442 -0.00578358 0.00890085 -0.00349265
31.926 -2.34104 -0.00577574 0.00900865 -0.00329398
32.285 -2.34241 -0.00586432 0.00899633 -0.00370201
32.644 -2.48578 -0.00589623 0.00888243 -0.00410549
33.003 -2.48704 -0.00593692 0.00879864 -0.00489107
32.644 -2.34369 -0.00596237 0.00897395 -0.00435136
33.0031 -2.34488 -0.00602129 0.00889053 -0.00503755
33.362 -2.77266 -0.00572233 0.00821185 -0.00509476
33.721 -2.77386 -0.0056289 0.00802484 -0.00590386
33.362 -2.63043 -0.00580105 0.00841348 -0.00537665
33.7211 -2.63157 -0.00575197 0.00822279 -0.00613626
34.0801 -2.77494 -0.00568187 0.0079562 -0.00657587
34.4391 -2.77591 -0.00577472 0.00785707 -0.00713401
34.0801 -2.63259 -0.00576546 0.00815167 -0.00675561
34.4391 -2.63352 -0.00570382 0.0080612 -0.00739153
33.362 -2.48821 -0.00591614 0.00856744 -0.00561645
33.7211 -2.48927 -0.00588201 0.00839329 -0.0063291
33.3621 -2.34598 -0.00601431 0.00871061 -0.00583366
33.7211 -2.34698 -0.00593892 0.00857361 -0.00645022
34.0801 -2.49025 -0.00592003 0.00825491 -0.006917
34.4391 -2.49112 -0.00574106 0.00821484 -0.00750608
34.0801 -2.34789 -0.00595281 0.00841326 -0.00708149
34.4391 -2.34872 -0.00584166 0.00829234 -0.00768916
34.798 -3.34655 -0.00530047 0.00722541 -0.00686578
35.157 -3.34747 -0.00578678 0.00708349 -0.00738671
34.798 -3.20411 -0.00552661 0.00731667 -0.00707677
35.1571 -3.20498 -0.0060885 0.00700489 -0.00737721
35.5161 -3.34826 -0.00557399 0.00709931 -0.00780791
35.8751 -3.34893 -0.00570476 0.00687449 -0.00807034
35.516 -3.20573 -0.00646091 0.00662251 -0.00713194
35.8751 -3.20638 -0.00623645 0.0066339 -0.00852397
34.7981 -3.06167 -0.00557701 0.00746898 -0.0073653
35.1571 -3.06253 -0.0049658 0.00775047 -0.0078014
34.7981 -2.91923 -0.00569487 0.00755515 -0.00750927
35.157 -2.92003 -0.00579511 0.00738897 -0.00797407
35.516 -3.06324 -0.00519818 0.00748235 -0.00828278
35.875 -3.06383 -0.00664167 0.00673989 -0.0084675
35.5161 -2.92071 -0.00516402 0.00749563 -0.00829909
35.8751 -2.92127 -0.00632837 0.0070704 -0.00864286
36.2342 -3.34945 -0.00597989 0.00737557 -0.00862815
36.5933 -3.34983 -0.00702461 0.00784898 -0.00910585
36.2343 -3.20688 -0.0056247 0.00742364 -0.00867688
36.5934 -3.20723 -0.00662418 0.00796909 -0.00938106
36.9524 -3.35008 -0.00819576 0.00888522 -0.00960101
37.3115 -3.3502 -0.00911309 0.0106389 -0.0104371
36.9524 -3.20746 -0.00854702 0.00862191 -0.0094699
37.3115 -3.20756 -0.00975282 0.0101764 -0.0106041
36.2343 -3.0643 -0.00576658 0.00749191 -0.00919302
36.5934 -3.06466 -0.00585458 0.00849799 -0.00968027
36.2342 -2.92172 -0.00597508 0.0075187 -0.00972599
36.5934 -2.92205 -0.00646291 0.00809087 -0.00979261
36.9524 -3.06488 -0.00754177 0.00949519 -0.0102243
37.3115 -3.06499 -0.00879312 0.0107202 -0.0112425
36.9525 -2.92227 -0.00698769 0.00986468 -0.0106016
37.3115 -2.92239 -0.00831132 0.0113367 -0.0105821
34.7981 -2.77678 -0.00584773 0.00766731 -0.00765501
35.157 -2.77753 -0.00582839 0.00747055 -0.00820555
34.7981 -2.63434 -0.00588269 0.0077807 -0.00786648
35.1571 -2.63505 -0.00583322 0.00757418 -0.00843072
35.5161 -2.77818 -0.0053786 0.0077713 -0.00860976
35.8751 -2.77871 -0.00591063 0.00745076 -0.00907066
35.5161 -2.63566 -0.00593791 0.00740798 -0.00885716
35.8752 -2.63615 -0.00613272 0.00727547 -0.00884551
34.7981 -2.4919 -0.00579532 0.00795787 -0.00807068
35.1571 -2.49257 -0.00580091 0.00773197 -0.00854981
34.7981 -2.34944 -0.00578688 0.00810491 -0.0082675
35.1571 -2.35007 -0.00576223 0.00787034 -0.00869873
35.5161 -2.49314 -0.00604512 0.0073153 -0.00908338
35.8751 -2.49363 -0.00521421 0.00793129 -0.00951258
35.5161 -2.35062 -0.00598967 0.00738597 -0.00929421
35.8751 -2.35106 -0.00617248 0.00726735 -0.00970808
36.2342 -2.77913 -0.00609936 0.0074747 -0.00911198
36.5933 -2.77945 -0.00684011 0.00795132 -0.0099048
36.2342 -2.63655 -0.0065939 0.00703411 -0.00933642
36.5933 -2.63687 -0.00677137 0.00791798 -0.0101662
36.9524 -2.77966 -0.00718384 0.00950163 -0.0105968
37.3115 -2.77977 -0.00835502 0.0112234 -0.0110304
36.9524 -2.63707 -0.00755027 0.00923718 -0.0107437
37.3114 -2.63716 -0.00882354 0.0109 -0.0111143
36.2342 -2.49401 -0.0051659 0.00825825 -0.00997544
36.5933 -2.49428 -0.00714126 0.00805144 -0.0102503
36.2343 -2.35142 -0.00561341 0.0080075 -0.0101298
36.5933 -2.35168 -0.0063863 0.00858091 -0.0106063
36.9524 -2.49445 -0.00816761 0.00872182 -0.0106109
37.3114 -2.49454 -0.00890517 0.0108903 -0.011199
36.9523 -2.35184 -0.0075962 0.00946133 -0.0110657
37.3114 -2.35191 -0.00901466 0.0108404 -0.0113108
