37.6717 -9.05078 -0.00984757 0.0126309 -0.000153743
38.0308 -9.05043 -0.0100068 0.0125221 -0.000156965
37.6717 -8.9083 -0.00978692 0.012691 -0.00042327
38.0308 -8.90795 -0.0100677 0.0125545 -0.000407918
38.3899 -9.04973 -0.0100283 0.0125743 -8.61921e-05
38.749 -9.04868 -0.0105937 0.0130111 -7.27181e-05
38.3899 -8.90726 -0.0102337 0.0125841 -0.000418962
38.749 -8.90622 -0.0106429 0.0130685 -0.000395952
37.6717 -8.76581 -0.00980684 0.0127392 -0.000696658
38.0308 -8.76547 -0.010178 0.0126615 -0.000750317
37.6717 -8.62331 -0.00990016 0.012772 -0.00102732
38.0307 -8.62298 -0.010343 0.0128395 -0.000962191
38.3898 -8.76479 -0.0104729 0.0127504 -0.000742704
38.7489 -8.76376 -0.0107876 0.013182 -0.0007389
38.3898 -8.62231 -0.0106729 0.0129838 -0.000971105
38.7489 -8.62131 -0.0109567 0.0133782 -0.00109689
39.1082 -9.04728 -0.0113814 0.0139739 -0.000161492
39.4674 -9.04553 -0.0121694 0.0144333 -0.000129734
39.1081 -8.90484 -0.011483 0.0138808 -0.000363909
39.4674 -8.90311 -0.0122156 0.0143431 -0.000478665
39.8267 -9.04339 -0.0133722 0.0128119 0.000317004
40.1863 -9.04091 -0.0113652 0.013247 -8.50341e-05
39.8267 -8.901 -0.0131684 0.0128783 -0.000289631
40.1863 -8.89857 -0.0116469 0.0131248 -0.000558231
39.1081 -8.7624 -0.0115382 0.0138615 -0.000732229
39.4673 -8.7607 -0.0123473 0.0141266 -0.000895243
39.1081 -8.61997 -0.0116485 0.0138382 -0.00111347
39.4673 -8.61829 -0.0122919 0.0139928 -0.00129795
39.8267 -8.75862 -0.0128513 0.0130976 -0.000825152
40.1862 -8.75622 -0.0118158 0.0129801 -0.000785383
39.8266 -8.61625 -0.0128566 0.0130641 -0.00130346
40.1861 -8.6139 -0.0117738 0.0130897 -0.00132492
37.6716 -8.48081 -0.00996347 0.0128014 -0.00132782
38.0307 -8.48049 -0.0105695 0.0129929 -0.00123283
37.6716 -8.33831 -0.0100732 0.0128836 -0.0015543
38.0307 -8.33801 -0.0107774 0.0132355 -0.00158945
38.3898 -8.47984 -0.0109478 0.013308 -0.00130813
38.7489 -8.47885 -0.0111167 0.0136451 -0.00154574
38.3898 -8.33737 -0.0112178 0.0136468 -0.00163822
38.7489 -8.33641 -0.011314 0.0139214 -0.00187536
37.6716 -8.19581 -0.0102792 0.0129592 -0.00182096
38.0307 -8.19551 -0.0109783 0.0134635 -0.00172208
37.6715 -8.05331 -0.0104504 0.0130185 -0.00214094
38.0306 -8.05302 -0.0112022 0.0136891 -0.00204551
38.3898 -8.1949 -0.0114326 0.0140123 -0.00200997
38.7489 -8.19397 -0.0116937 0.014183 -0.00207518
38.3897 -8.05242 -0.0116352 0.0142864 -0.00227555
38.7488 -8.05151 -0.0119878 0.0143234 -0.00236163
39.108 -8.47754 -0.0118276 0.0138232 -0.00142583
39.4673 -8.47589 -0.0121271 0.0139902 -0.00170307
39.108 -8.33512 -0.0120127 0.0138159 -0.00181695
39.4673 -8.3335 -0.0120058 0.0139815 -0.00210194
39.8266 -8.47389 -0.0129462 0.0130287 -0.00166043
40.1861 -8.47158 -0.0119059 0.0130513 -0.00156152
39.8265 -8.33155 -0.0128358 0.0130576 -0.0020778
40.186 -8.32927 -0.012102 0.0129399 -0.0019273
39.108 -8.1927 -0.0120687 0.0139978 -0.0022607
39.4672 -8.19112 -0.0119232 0.0138994 -0.0024546
39.108 -8.05028 -0.0120891 0.0141824 -0.00260374
39.4672 -8.04873 -0.0119028 0.0138142 -0.00283072
39.8265 -8.1892 -0.0127407 0.0130452 -0.00262665
40.1859 -8.18697 -0.0122439 0.0128901 -0.00228807
39.8265 -8.04686 -0.0126261 0.0130728 -0.00298794
40.1859 -8.04467 -0.0123813 0.0128782 -0.00260626
40.5459 -9.0381 -0.0113904 0.0127205 -0.000106476
40.9055 -9.03492 -0.0113839 0.0126178 -5.68007e-05
40.5459 -8.8958 -0.0113132 0.012825 -0.000573957
40.9054 -8.89268 -0.0114359 0.012555 -0.000736415
41.2652 -9.03141 -0.0108872 0.0129047 -4.2379e-05
41.6248 -9.02756 -0.0115267 0.0126595 -2.13349e-05
41.2651 -8.88923 -0.0112098 0.0126774 -0.000840512
41.6247 -8.88544 -0.0115411 0.0125946 -0.000670488
40.5458 -8.7535 -0.0114481 0.0127803 -0.000932988
40.9053 -8.75045 -0.0114497 0.0126001 -0.00129178
40.5457 -8.61122 -0.0116448 0.0126186 -0.00129303
40.9052 -8.60822 -0.0115125 0.0125893 -0.0017604
41.265 -8.74706 -0.0114961 0.0125822 -0.0014248
41.6246 -8.74332 -0.0118414 0.0125913 -0.00155676
41.2648 -8.60488 -0.0116029 0.0125419 -0.00197248
41.6245 -8.60121 -0.0118923 0.0124778 -0.00207171
41.9845 -9.02333 -0.0116334 0.0126827 -0.000124703
42.3442 -9.01876 -0.012097 0.0129122 -0.000210037
41.9844 -8.88129 -0.0117814 0.012681 -0.000906184
42.3441 -8.87679 -0.0121771 0.0128808 -0.00108812
42.704 -9.01383 -0.0122329 0.0131172 -1.76514e-05
43.0638 -9.00855 -0.0120331 0.0127241 1.12245e-05
42.7039 -8.87194 -0.0122345 0.0129053 -0.000640212
43.0637 -8.86675 -0.0120316 0.0126178 -0.0005741
41.9843 -8.73924 -0.0119678 0.0128885 -0.00158609
42.344 -8.73482 -0.0121834 0.0127031 -0.00200735
41.9842 -8.5972 -0.0121225 0.012793 -0.00223628
42.3439 -8.59285 -0.0122086 0.0125737 -0.00252364
42.7038 -8.73006 -0.012099 0.0125694 -0.0011993
43.0636 -8.72495 -0.0119973 0.0125006 -0.00121413
42.7037 -8.58816 -0.0120346 0.0123785 -0.00209565
43.0635 -8.58315 -0.0120038 0.0124209 -0.0018723
40.5456 -8.46895 -0.0117831 0.0125776 -0.00170687
40.9051 -8.46599 -0.0116576 0.0125905 -0.00228697
40.5455 -8.32668 -0.0119075 0.0125459 -0.00213837
40.905 -8.32378 -0.011727 0.0125947 -0.0026535
41.2647 -8.46271 -0.0116682 0.0125227 -0.00248882
41.6244 -8.4591 -0.011848 0.0125357 -0.00264157
41.2646 -8.32055 -0.011814 0.0124636 -0.00296014
41.6243 -8.317 -0.0119854 0.0125103 -0.00324239
40.5454 -8.18442 -0.0120395 0.0125317 -0.00242751
40.9049 -8.18156 -0.0118719 0.0126045 -0.0029345
40.5454 -8.04216 -0.0120998 0.0125897 -0.00293108
40.9048 -8.03936 -0.0120019 0.0126318 -0.0033204
41.2645 -8.17839 -0.0118889 0.0124523 -0.00345215
41.6242 -8.1749 -0.012054 0.0124579 -0.00375161
41.2644 -8.03624 -0.0119731 0.0125265 -0.00381782
41.624 -8.03281 -0.0121893 0.0124359 -0.00427508
41.9841 -8.45516 -0.0121488 0.0126227 -0.00276367
42.3438 -8.45088 -0.0121775 0.0125535 -0.00271577
41.984 -8.31312 -0.0122445 0.0125115 -0.00332893
42.3437 -8.30892 -0.0121945 0.0124845 -0.00342613
42.7036 -8.44627 -0.0121274 0.0123038 -0.00260989
43.0634 -8.44134 -0.0121658 0.0123129 -0.00252887
42.7035 -8.30439 -0.0121309 0.0123004 -0.00327028
43.0633 -8.29954 -0.0123537 0.0122516 -0.0034223
41.9839 -8.17109 -0.0122897 0.0125458 -0.00398216
42.3436 -8.16696 -0.0123979 0.0125096 -0.00380624
41.9837 -8.02906 -0.0124056 0.012601 -0.0046631
42.3435 -8.02499 -0.0125537 0.0125728 -0.00449099
42.7034 -8.1625 -0.0123081 0.0123637 -0.00399529
43.0632 -8.15773 -0.0125366 0.0122801 -0.00430617
42.7033 -8.02061 -0.0125256 0.0124463 -0.0047806
43.0631 -8.01592 -0.0127245 0.012393 -0.00525081
37.6715 -7.91081 -0.0105831 0.0131494 -0.00235835
38.0306 -7.91053 -0.0113398 0.0138823 -0.00233386
37.6715 -7.76831 -0.0107077 0.0131984 -0.0026569
38.0305 -7.76804 -0.011526 0.0140017 -0.00249847
38.3897 -7.90994 -0.0118978 0.0144256 -0.00246257
38.7488 -7.90905 -0.0121314 0.0144889 -0.00267974
38.3896 -7.76746 -0.0120321 0.0145734 -0.00270651
38.7487 -7.76658 -0.0122535 0.0146225 -0.00291328
37.6714 -7.62581 -0.0109136 0.0132536 -0.00306127
38.0305 -7.62554 -0.0117169 0.0140584 -0.00278815
37.6714 -7.48332 -0.0109545 0.0133512 -0.00312017
38.0305 -7.48305 -0.0116881 0.0141355 -0.00321833
38.3896 -7.62498 -0.0121258 0.0146732 -0.00295805
38.7487 -7.62412 -0.012326 0.0147079 -0.00314492
38.3896 -7.4825 -0.0121639 0.0146909 -0.00322048
38.7486 -7.48166 -0.0124045 0.0147291 -0.00338736
39.108 -7.90784 -0.0121676 0.0142478 -0.00292662
39.4672 -7.90633 -0.0119055 0.0137561 -0.00317544
39.1079 -7.7654 -0.012283 0.0142392 -0.00321846
39.4671 -7.76391 -0.0119291 0.0137379 -0.00345375
39.8264 -7.9045 -0.0124529 0.0131066 -0.00319431
40.1858 -7.90235 -0.0125637 0.0128598 -0.00294199
39.8264 -7.76212 -0.0123156 0.0131811 -0.00346486
40.1857 -7.76001 -0.0127917 0.012762 -0.00328158
39.1078 -7.62296 -0.0123639 0.0142282 -0.00342968
39.467 -7.62151 -0.0119711 0.0137473 -0.00374084
39.1078 -7.48053 -0.0123987 0.0142487 -0.00366152
39.467 -7.4791 -0.012057 0.013745 -0.00402416
39.8263 -7.61975 -0.0122179 0.0133804 -0.00380567
40.1857 -7.61768 -0.0129868 0.0127249 -0.00373567
39.8262 -7.47738 -0.0123488 0.013515 -0.00410235
40.1856 -7.47535 -0.0131284 0.012868 -0.00429659
37.6714 -7.34081 -0.0111101 0.0132277 -0.00364254
38.0304 -7.34057 -0.011667 0.0141462 -0.00352801
37.6713 -7.19833 -0.0113928 0.0127728 -0.00414191
38.0304 -7.19809 -0.0116412 0.0140008 -0.00391061
38.3895 -7.34003 -0.012138 0.014677 -0.00356275
38.7486 -7.33921 -0.0125235 0.0146947 -0.00370451
38.3895 -7.19757 -0.0121003 0.0145744 -0.00397982
38.7485 -7.19676 -0.0124703 0.0146843 -0.00412216
37.6713 -7.05587 -0.0114191 0.0129344 -0.00391124
38.0303 -7.05561 -0.0115897 0.0137585 -0.00429578
37.6713 -6.91338 -0.0109103 0.0127436 -0.00449411
38.0303 -6.91314 -0.0114866 0.0134914 -0.00471227
38.3894 -7.0551 -0.0121007 0.0143522 -0.00443714
38.7485 -7.05432 -0.0123724 0.0146292 -0.00452583
38.3894 -6.91264 -0.0120249 0.0141228 -0.00495824
38.7485 -6.91187 -0.0123057 0.0145862 -0.00502661
39.1077 -7.3381 -0.0124418 0.0142758 -0.00394304
39.4669 -7.3367 -0.0121348 0.0137959 -0.00433329
39.1077 -7.19567 -0.0125112 0.0142981 -0.0042553
39.4669 -7.1943 -0.0122973 0.0139093 -0.0046751
39.8262 -7.33501 -0.0125973 0.0136179 -0.0045468
40.1855 -7.33302 -0.0131626 0.0132092 -0.00481269
39.8261 -7.19265 -0.0129029 0.0137385 -0.00504347
40.1855 -7.1907 -0.0132878 0.0135501 -0.00527815
39.1076 -7.05325 -0.0126572 0.0143107 -0.00466527
39.4668 -7.05191 -0.0126181 0.0141058 -0.00507239
39.1076 -6.91083 -0.0127602 0.0144722 -0.00518876
39.4667 -6.90952 -0.0130002 0.0144261 -0.00550399
39.8261 -7.05029 -0.013135 0.014004 -0.00547202
40.1854 -7.04838 -0.0136424 0.0137741 -0.00560709
39.826 -6.90793 -0.0131337 0.0144761 -0.00619114
40.1853 -6.90606 -0.0140933 0.0138068 -0.00588027
40.5453 -7.89989 -0.012306 0.0126765 -0.00330451
40.9047 -7.89714 -0.012132 0.0126701 -0.00373087
40.5452 -7.7576 -0.0124131 0.0127608 -0.00374854
40.9047 -7.7549 -0.012282 0.0127183 -0.00401806
41.2643 -7.89407 -0.0121244 0.0126085 -0.00424015
41.6239 -7.8907 -0.0123155 0.0125187 -0.00486112
41.2642 -7.75189 -0.0123085 0.0127298 -0.00465116
41.6239 -7.74858 -0.0124991 0.0125878 -0.00540213
40.5451 -7.61531 -0.0125028 0.0128561 -0.00399808
40.9046 -7.61266 -0.0124257 0.0128333 -0.00450598
40.545 -7.47303 -0.0127849 0.0129314 -0.00443703
40.9045 -7.47042 -0.0126005 0.0129994 -0.0048982
41.2641 -7.60971 -0.0124914 0.0128836 -0.0050386
41.6238 -7.60646 -0.0128633 0.0127858 -0.00583538
41.264 -7.46753 -0.0126907 0.0130062 -0.00552232
41.6237 -7.46435 -0.0131757 0.0130033 -0.00642321
41.9836 -7.88701 -0.0126505 0.0126311 -0.00534364
42.3434 -7.88302 -0.0127966 0.0126918 -0.00523365
41.9835 -7.74496 -0.0128593 0.012768 -0.00614447
42.3433 -7.74104 -0.013015 0.0128377 -0.00598815
42.7032 -7.87872 -0.0127757 0.0125165 -0.00558463
43.063 -7.87411 -0.0129416 0.0124268 -0.00610064
42.7031 -7.73682 -0.0130202 0.012623 -0.00639464
43.0629 -7.7323 -0.0130596 0.0125759 -0.00685896
41.9835 -7.60291 -0.0131331 0.0128868 -0.0068697
42.3432 -7.59907 -0.0132366 0.0129271 -0.00664795
41.9834 -7.46087 -0.0132821 0.0130731 -0.00742088
42.3431 -7.45709 -0.0133724 0.0129614 -0.00722525
42.703 -7.59492 -0.0133188 0.0126871 -0.00703264
43.0628 -7.59048 -0.0133275 0.012577 -0.00751921
42.7029 -7.45303 -0.0134295 0.0128474 -0.00758729
43.0627 -7.44867 -0.0134582 0.0126382 -0.00799826
40.545 -7.33074 -0.0129689 0.0129895 -0.00485568
40.9044 -7.32819 -0.012868 0.0131083 -0.00516605
40.5449 -7.18847 -0.0131713 0.0132653 -0.00530821
40.9043 -7.18597 -0.0131155 0.0132685 -0.00564956
41.2639 -7.32535 -0.0129764 0.0131687 -0.00585854
41.6236 -7.32223 -0.0135165 0.0131862 -0.00686904
41.2639 -7.18318 -0.0132297 0.0133366 -0.00636145
41.6235 -7.18012 -0.013655 0.0133742 -0.00732281
40.5448 -7.0462 -0.0133697 0.0135604 -0.00578416
40.9042 -7.04375 -0.0133158 0.0135285 -0.00613386
40.5447 -6.90393 -0.0137307 0.0139275 -0.00627453
40.9042 -6.90153 -0.0135536 0.0137362 -0.00648957
41.2638 -7.04102 -0.0134145 0.0135577 -0.00683916
41.6234 -7.03801 -0.0137276 0.0135335 -0.00784877
41.2637 -6.89885 -0.0136604 0.0136318 -0.00722366
41.6233 -6.89591 -0.0138928 0.0136443 -0.00824037
41.9833 -7.31882 -0.0134945 0.0131584 -0.00783229
42.343 -7.31512 -0.0134719 0.0129728 -0.00780513
41.9832 -7.17677 -0.0136523 0.0132636 -0.00816648
42.3429 -7.17314 -0.0136218 0.0130171 -0.00822817
42.7028 -7.31113 -0.0135585 0.0129708 -0.00808921
43.0626 -7.30686 -0.0135248 0.0127304 -0.00841211
42.7027 -7.16924 -0.0137246 0.0129863 -0.00841416
43.0625 -7.16504 -0.0136211 0.0128054 -0.00870155
41.9831 -7.03473 -0.0137486 0.0133682 -0.00842498
42.3428 -7.03118 -0.0137362 0.013164 -0.00855394
41.983 -6.89269 -0.0138863 0.0134903 -0.00867566
42.3427 -6.88921 -0.0138787 0.0132867 -0.00883543
42.7026 -7.02734 -0.0138069 0.0130709 -0.00867477
43.0624 -7.02323 -0.0137181 0.012857 -0.00893528
42.7025 -6.88545 -0.0138818 0.0131617 -0.00897865
43.0623 -6.88143 -0.0138096 0.0129209 -0.00909009
43.4236 -9.00292 -0.0117174 0.0122294 -6.0829e-05
43.7834 -8.99693 -0.0112807 0.0116357 -0.000108701
43.4235 -8.86121 -0.0117502 0.0121804 -0.000776992
43.7833 -8.85531 -0.0114088 0.0115549 -0.000867303
44.1433 -8.99059 -0.0107703 0.0109951 -0.000141466
44.5031 -8.98391 -0.0100789 0.0102082 -0.000196768
44.1432 -8.84907 -0.010907 0.010928 -0.000952242
44.5031 -8.84249 -0.0102119 0.0101679 -0.000956126
43.4234 -8.7195 -0.0118058 0.0121258 -0.00146122
43.7832 -8.7137 -0.0115294 0.0114938 -0.00169242
43.4233 -8.57778 -0.0119079 0.012083 -0.00220655
43.7832 -8.57208 -0.0116846 0.0115101 -0.00248893
44.1431 -8.70755 -0.0110064 0.0108919 -0.00178274
44.503 -8.70107 -0.0103574 0.0101108 -0.00175605
44.143 -8.56603 -0.0111628 0.0108835 -0.00257049
44.5029 -8.55965 -0.0105027 0.0100913 -0.00253505
44.863 -8.97687 -0.00930226 0.0093028 -0.000116469
45.2228 -8.96948 -0.00845013 0.00827575 -0.000188731
44.8629 -8.83556 -0.00940669 0.0092278 -0.000959033
45.2228 -8.82829 -0.00854248 0.00822776 -0.000768397
45.5827 -8.96174 -0.00758978 0.00739012 -9.2976e-05
45.9425 -8.95365 -0.00681223 0.00661393 -0.000141931
45.5826 -8.82067 -0.00767825 0.00736851 -0.000743147
45.9424 -8.81271 -0.00696994 0.00658177 -0.000684244
44.8629 -8.69425 -0.00948309 0.00916901 -0.00163103
45.2227 -8.68709 -0.00870969 0.00824873 -0.00147838
44.8628 -8.55294 -0.00961949 0.0091491 -0.00242395
45.2227 -8.54589 -0.00875768 0.00820388 -0.00210197
45.5826 -8.67959 -0.00779795 0.00731589 -0.00137862
45.9424 -8.67175 -0.00695743 0.00633049 -0.00139314
45.5825 -8.53851 -0.00783693 0.00722094 -0.00197147
45.9424 -8.53079 -0.00701012 0.00621977 -0.00191358
43.4232 -8.43607 -0.0120352 0.0120934 -0.00293886
43.7831 -8.43045 -0.0118375 0.0115286 -0.00328675
43.4231 -8.29434 -0.0122278 0.0121189 -0.00391639
43.783 -8.28882 -0.0119974 0.0115804 -0.00407659
44.143 -8.42451 -0.0113511 0.0109 -0.00335368
44.5029 -8.41823 -0.0106684 0.0100936 -0.00333217
44.1429 -8.28298 -0.0115104 0.0109281 -0.00412907
44.5028 -8.2768 -0.0108336 0.0101139 -0.00407021
43.423 -8.15262 -0.0124647 0.0121392 -0.00477581
43.7829 -8.1472 -0.012171 0.0116232 -0.0048673
43.4229 -8.0109 -0.0126746 0.0122046 -0.00559129
43.7828 -8.00556 -0.0123434 0.0116743 -0.00564741
44.1428 -8.14144 -0.0116905 0.0109646 -0.00488289
44.5027 -8.13537 -0.0109978 0.0101616 -0.0048005
44.1427 -7.99991 -0.011891 0.011024 -0.00563436
44.5027 -7.99395 -0.0111816 0.0102459 -0.00548424
44.8627 -8.41163 -0.00978817 0.00917169 -0.0031697
45.2226 -8.40469 -0.00890362 0.00823104 -0.00289741
44.8627 -8.27031 -0.00997962 0.00920201 -0.00383787
45.2226 -8.26349 -0.00907524 0.00824142 -0.00361307
45.5825 -8.39743 -0.00795413 0.00721441 -0.00271867
45.9424 -8.38983 -0.00699868 0.00622092 -0.00275962
45.5825 -8.25634 -0.00796554 0.00714709 -0.00339089
45.9424 -8.24887 -0.00697237 0.00618665 -0.00338432
44.8626 -8.12899 -0.0101568 0.00925656 -0.00453678
45.2225 -8.12228 -0.00918246 0.00820462 -0.0042605
44.8626 -7.98767 -0.0103238 0.00930008 -0.00517882
45.2225 -7.98107 -0.00927056 0.00824922 -0.00492087
45.5825 -8.11526 -0.00816801 0.00723117 -0.00389048
45.9424 -8.10793 -0.00688647 0.00592322 -0.00486569
45.5824 -7.97417 -0.00810036 0.00723266 -0.00500511
45.9423 -7.96697 -0.00714085 0.00593498 -0.00377967
46.3023 -8.94521 -0.00570804 0.00537089 -6.77501e-05
46.662 -8.9364 -0.00440087 0.00439134 -0.000242704
46.3023 -8.80439 -0.00572687 0.00529863 -0.000861179
46.6621 -8.79573 -0.00433898 0.00461843 -0.00065156
47.0217 -8.92732 -0.00355432 0.003264 -8.15593e-05
47.3815 -8.91777 -0.00272714 0.00199272 -0.000817112
47.0217 -8.78677 -0.00364891 0.00322757 -0.000921732
47.3814 -8.77741 -0.00364067 0.00154778 -0.0026546
46.3023 -8.66357 -0.00571911 0.00528884 -0.001595
46.6621 -8.65506 -0.00431288 0.00457474 -0.00181297
46.3023 -8.52274 -0.00581803 0.00516065 -0.00224541
46.6621 -8.51438 -0.00442164 0.00445674 -0.00277004
47.0217 -8.64627 -0.00378263 0.00333125 -0.00216538
47.3814 -8.63709 -0.0033857 0.00187188 -0.00235503
47.0217 -8.50575 -0.00354174 0.00353108 -0.00252802
47.3813 -8.49667 -0.00367561 0.00241092 -0.00212134
47.7413 -8.90795 -0.00183671 0.00157821 -0.000318231
48.101 -8.89778 -0.00100277 0.000778971 -0.000634525
47.7412 -8.76771 -0.00186495 0.00125623 -0.00104219
48.1009 -8.75771 -0.00115162 0.000650721 -0.00179951
48.4606 -8.88726 -0.000411114 0.000222833 -0.00067438
48.8202 -8.87641 0.000105595 -0.00020148 -0.000771895
48.4606 -8.74736 -0.000574725 0.000141066 -0.00171496
48.8202 -8.73668 -7.88315e-05 -0.000219114 -0.00121813
47.7411 -8.6275 -0.00206481 0.00116262 -0.00265408
48.1009 -8.61764 -0.00120694 0.000507624 -0.00279926
47.7411 -8.48727 -0.00217312 0.00146676 -0.00372805
48.1008 -8.47755 -0.0012526 0.000396993 -0.0037742
48.4606 -8.60744 -0.000705414 7.06448e-06 -0.00321056
48.8202 -8.59692 -0.000492585 -0.000167526 -0.00330077
48.4605 -8.46752 -0.000873051 -2.80776e-05 -0.00446027
48.8202 -8.45716 -0.000593565 -0.000252687 -0.00433451
46.3023 -8.38192 -0.00581279 0.00509206 -0.00331051
46.662 -8.37369 -0.00497561 0.00400627 -0.00365354
46.3023 -8.2411 -0.00579893 0.00501286 -0.00424555
46.662 -8.23299 -0.00484523 0.0037572 -0.00397096
47.0217 -8.36515 -0.00360897 0.00329325 -0.00279216
47.3813 -8.35623 -0.00403698 0.00201762 -0.00439564
47.0216 -8.22456 -0.00374147 0.00318252 -0.00397691
47.3813 -8.21579 -0.00323204 0.00220103 -0.00449909
46.3022 -8.10029 -0.00562727 0.00534316 -0.00359559
46.662 -8.0923 -0.00453551 0.00423989 -0.00437272
46.3022 -7.95943 -0.00560574 0.00499378 -0.00451268
46.662 -7.95159 -0.00476057 0.00371769 -0.00492996
47.0217 -8.08399 -0.00382417 0.00296612 -0.00523506
47.3813 -8.07535 -0.00323157 0.00175567 -0.00491404
47.0217 -7.94345 -0.00415774 0.00218173 -0.00623091
47.3813 -7.93495 -0.00336332 0.00103018 -0.00491221
47.7411 -8.34698 -0.00223784 0.000995815 -0.00416602
48.1008 -8.33744 -0.00138118 0.000259357 -0.00476535
47.7411 -8.20669 -0.0022967 0.000981171 -0.00536505
48.1007 -8.19731 -0.00143261 0.000176414 -0.005622
48.4605 -8.32757 -0.000905155 -0.000217169 -0.00545051
48.8202 -8.31737 -0.000677744 -0.000415272 -0.00555701
48.4604 -8.1876 -0.000979275 -0.000338859 -0.00647973
48.8201 -8.17757 -0.000786592 -0.000738291 -0.00675506
47.741 -8.06642 -0.00233324 0.000762595 -0.00606611
48.1007 -8.05719 -0.00152515 0.00011999 -0.00638302
47.7409 -7.92618 -0.00305877 0.00010381 -0.00758328
48.1006 -7.91709 -0.00155278 -0.000375261 -0.00684001
48.4604 -8.04765 -0.00110753 -0.000514799 -0.00737908
48.8201 -8.03779 -0.00100791 -0.000868211 -0.00820818
48.4603 -7.90771 -0.00102789 -0.000550901 -0.00843905
48.8201 -7.89801 -0.000746351 -0.00068745 -0.00943086
43.4228 -7.86918 -0.012871 0.0122634 -0.00642501
43.7828 -7.86394 -0.012568 0.0117715 -0.00637438
43.4227 -7.72746 -0.0130011 0.0123277 -0.00717404
43.7827 -7.72231 -0.0127525 0.0118531 -0.00713716
44.1427 -7.85838 -0.0121032 0.0111213 -0.00636403
44.5026 -7.85252 -0.0113821 0.0103136 -0.00607746
44.1426 -7.71686 -0.0122834 0.0112477 -0.00698175
44.5025 -7.71111 -0.0116084 0.0104383 -0.00665368
43.4227 -7.58574 -0.0131777 0.0123805 -0.00774869
43.7826 -7.58069 -0.0129758 0.0119756 -0.00783965
43.4226 -7.44401 -0.0133527 0.0124333 -0.00824443
43.7825 -7.43906 -0.0131395 0.012101 -0.00826559
44.1425 -7.57534 -0.0124888 0.0113858 -0.00757398
44.5025 -7.56969 -0.0117932 0.0105624 -0.00720642
44.1424 -7.43382 -0.0127047 0.0115384 -0.00803352
44.5024 -7.42828 -0.0120133 0.0106726 -0.00763403
44.8625 -7.84635 -0.0105035 0.00935379 -0.00568046
45.2225 -7.83987 -0.00943153 0.00826644 -0.00542423
44.8625 -7.70505 -0.0106352 0.00942439 -0.00635634
45.2224 -7.69868 -0.00951609 0.00831037 -0.00602449
45.5824 -7.8331 -0.00765329 0.00728152 -0.0055251
45.9423 -7.826 -0.00730127 0.00592827 -0.0052181
45.5824 -7.69202 -0.00817749 0.00734279 -0.00577864
45.9423 -7.68504 -0.00710187 0.0058169 -0.00599179
44.8624 -7.56375 -0.0108164 0.0094781 -0.00674475
45.2224 -7.5575 -0.00968803 0.00827756 -0.00641663
44.8624 -7.42245 -0.010932 0.00957575 -0.00718592
45.2224 -7.41632 -0.00970435 0.00833196 -0.0069052
45.5824 -7.55095 -0.00840472 0.00709889 -0.00612598
45.9423 -7.5441 -0.00714227 0.00573821 -0.00641795
45.5824 -7.4099 -0.00838084 0.00699785 -0.00680357
45.9423 -7.40319 -0.00721264 0.00561314 -0.00679031
43.4225 -7.30229 -0.0134741 0.0124927 -0.00860836
43.7824 -7.29743 -0.0132848 0.0121673 -0.00862901
43.4224 -7.16057 -0.0135734 0.0125524 -0.00886992
43.7823 -7.15581 -0.0133873 0.0122683 -0.00888732
44.1424 -7.29229 -0.0128808 0.0117004 -0.00839816
44.5023 -7.28686 -0.0121716 0.0108291 -0.00803743
44.1423 -7.15077 -0.013023 0.0117766 -0.00870189
44.5022 -7.14545 -0.0122829 0.0109584 -0.00836133
43.4223 -7.01885 -0.0136399 0.0126061 -0.00906962
43.7822 -7.01419 -0.013457 0.0123295 -0.00907703
43.4222 -6.87713 -0.0136881 0.0126566 -0.00919165
43.7822 -6.87256 -0.0134864 0.0123777 -0.00922724
44.1422 -7.00925 -0.0131479 0.0118106 -0.00895477
44.5022 -7.00403 -0.0123743 0.0110017 -0.00855178
44.1421 -6.86772 -0.0131311 0.0119 -0.00911284
44.5021 -6.86261 -0.0123797 0.011025 -0.00878287
44.8623 -7.28115 -0.0110356 0.00962728 -0.00762377
45.2223 -7.27515 -0.00975002 0.00833506 -0.00728973
44.8622 -7.13985 -0.0111166 0.00968267 -0.00790909
45.2223 -7.13397 -0.00980528 0.00829971 -0.00763412
45.5823 -7.26886 -0.00854071 0.00687091 -0.00718937
45.9423 -7.26231 -0.00677895 0.00553008 -0.00733531
45.5823 -7.12782 -0.00802485 0.00722769 -0.00759277
45.9422 -7.12139 -0.00680042 0.00585612 -0.00754343
44.8622 -6.99854 -0.0111492 0.00973206 -0.00820633
45.2222 -6.99278 -0.009804 0.00830818 -0.00794192
44.8621 -6.85723 -0.0111397 0.009724 -0.00843277
45.2221 -6.85159 -0.00979371 0.00830762 -0.00825711
45.5822 -6.98675 -0.00841619 0.00684652 -0.007805
45.9421 -6.98044 -0.00706345 0.00550833 -0.00794885
45.5821 -6.84567 -0.0084288 0.00683591 -0.00822179
45.9421 -6.83948 -0.00708467 0.0054274 -0.00834166
46.3022 -7.81859 -0.00572502 0.00483746 -0.00556134
46.662 -7.81091 -0.0046255 0.00376584 -0.00595397
46.3022 -7.67778 -0.00577558 0.00452973 -0.00607144
46.662 -7.67024 -0.00464185 0.00346302 -0.00671731
47.0218 -7.80294 -0.00329515 0.00244236 -0.00629948
47.3813 -7.7946 -0.00326283 0.00143424 -0.00718691
47.0217 -7.6624 -0.00336087 0.00240407 -0.00640293
47.3814 -7.65425 -0.00298814 0.00133795 -0.00837845
46.3021 -7.53698 -0.0057809 0.00436067 -0.0065603
46.6619 -7.52958 -0.0043423 0.00321928 -0.0069403
46.302 -7.39619 -0.00604446 0.00361522 -0.00781006
46.6618 -7.38891 -0.00413601 0.00350261 -0.00742396
47.0217 -7.52189 -0.00329226 0.00244013 -0.00767504
47.3814 -7.51389 -0.00210152 0.00207207 -0.00853347
47.0216 -7.38134 -0.00315741 0.00271887 -0.00766096
47.3814 -7.37345 -0.00252849 0.00149128 -0.00871951
47.741 -7.78601 -0.0028703 -0.000157203 -0.00754741
48.1005 -7.77702 -0.00180225 -0.0011544 -0.00778635
47.741 -7.64578 -0.001591 0.000780579 -0.00777533
48.1006 -7.63697 -0.00106092 3.88505e-05 -0.00962911
48.4603 -7.76778 -0.00112297 -0.000699234 -0.00935922
48.8201 -7.75824 -0.00107345 -0.000992286 -0.00986538
48.4604 -7.62787 -0.00119623 -0.00074692 -0.0100842
48.8201 -7.61848 -0.00108909 -0.00097619 -0.010501
47.7411 -7.50555 -0.00119544 0.00110342 -0.00861803
48.1007 -7.49689 -0.00132858 -0.000210894 -0.0104929
47.7412 -7.36527 -0.00147169 0.000862073 -0.0100529
48.1008 -7.35679 -0.00116936 0.00016444 -0.0108644
48.4605 -7.48794 -0.00132847 -0.000832697 -0.0105204
48.8202 -7.47872 -0.00115932 -0.00108378 -0.0107033
48.4605 -7.34802 -0.00125202 -0.000668777 -0.0110525
48.8202 -7.33897 -0.00100128 -0.00089579 -0.010912
46.302 -7.25545 -0.00579577 0.00441988 -0.00711805
46.6618 -7.24825 -0.00448157 0.00306039 -0.00774733
46.3021 -7.11465 -0.00564779 0.00429008 -0.00767292
46.6619 -7.10762 -0.0045971 0.00292273 -0.00832166
47.0216 -7.2408 -0.00339912 0.00202787 -0.00827981
47.3815 -7.23306 -0.00279736 0.000956177 -0.0094143
47.0217 -7.1003 -0.00332114 0.00195016 -0.0088778
47.3816 -7.09271 -0.00254237 0.00106859 -0.00955635
46.3021 -6.97384 -0.00573926 0.00415827 -0.00823755
46.6619 -6.96696 -0.00460056 0.00284595 -0.00867016
46.3021 -6.83302 -0.00573436 0.00404314 -0.00864534
46.6619 -6.82629 -0.00452864 0.00277885 -0.00907184
47.0217 -6.9598 -0.00345756 0.0016393 -0.00934197
47.3816 -6.95236 -0.00254066 0.000611645 -0.010124
47.0218 -6.81929 -0.00340183 0.00153342 -0.00981811
47.3817 -6.81202 -0.00244318 0.000538374 -0.0105001
47.7413 -7.22502 -0.00191913 7.6832e-05 -0.0102288
48.1009 -7.21671 -0.00150163 -0.000563106 -0.0111439
47.7413 -7.08484 -0.00181681 -0.000138728 -0.0107594
48.101 -7.07668 -0.00135804 -0.00066955 -0.0115057
48.4606 -7.20811 -0.00131799 -0.000944089 -0.0118126
48.8202 -7.19923 -0.00142894 -0.00115092 -0.011717
48.4607 -7.06824 -0.00181692 -0.00177563 -0.0112433
48.8203 -7.05952 -0.00220345 -0.00275229 -0.0111737
47.7414 -6.94466 -0.00177529 -0.000247245 -0.011102
48.1011 -6.93667 -0.00112562 -0.000739234 -0.0119174
47.7415 -6.80448 -0.0016522 -0.00028517 -0.0113586
48.1012 -6.79667 -0.00129184 -0.00101238 -0.0118807
48.4608 -6.92842 -0.00035457 -0.000145055 -0.0123018
48.8203 -6.91993 -0.000519795 -0.000827201 -0.0122926
48.4609 -6.7886 -0.00112469 -0.000965956 -0.0127405
48.8204 -6.78028 -0.000277658 -0.00135925 -0.0121341
