37.6698 0.0712218 -0.0102209 0.0119209 -0.0108728
38.0286 0.0712439 -0.0112806 0.0131546 -0.0109982
37.67 0.213692 -0.00981885 0.0122593 -0.0105982
38.0288 0.213735 -0.0117672 0.0125764 -0.0108629
38.3875 0.0712542 -0.0120973 0.0148794 -0.0118526
38.7465 0.0712597 -0.013395 0.0163312 -0.0126414
38.3878 0.213758 -0.0119923 0.0148271 -0.0118682
38.7468 0.213773 -0.0131445 0.0161632 -0.0126324
37.6702 0.356191 -0.00878923 0.0129603 -0.0104147
38.0291 0.356239 -0.010803 0.0133942 -0.0114023
37.6704 0.498731 -0.00907349 0.0126405 -0.010421
38.0293 0.49878 -0.0105628 0.0134273 -0.0111033
38.3881 0.356274 -0.0118269 0.0147225 -0.0117577
38.7471 0.356288 -0.0128788 0.0159821 -0.012734
38.3883 0.498805 -0.0116457 0.0145854 -0.01176
38.7474 0.498807 -0.0126376 0.0157977 -0.0127527
39.1056 0.071258 -0.0143661 0.0175934 -0.0137026
39.4648 0.0712498 -0.0154037 0.0186263 -0.0145241
39.1059 0.21377 -0.0141786 0.0173751 -0.0137586
39.4651 0.21375 -0.0151405 0.018358 -0.0147673
39.824 0.0712402 -0.0161166 0.0193215 -0.0151351
40.1831 0.0712286 -0.0165223 0.0195312 -0.0152284
39.8242 0.213722 -0.0158063 0.0190639 -0.0154839
40.1834 0.213687 -0.0162522 0.0192889 -0.01574
39.1062 0.356279 -0.0139235 0.0171083 -0.0138598
39.4653 0.356248 -0.0148348 0.0180598 -0.0149321
39.1065 0.498787 -0.0136405 0.0168134 -0.0139206
39.4656 0.498744 -0.0145195 0.0177053 -0.0150062
39.8245 0.356203 -0.0155019 0.0187228 -0.0157439
40.1837 0.356144 -0.0159441 0.0189859 -0.0161265
39.8248 0.498682 -0.0151565 0.018355 -0.0159018
40.184 0.498601 -0.0156102 0.0187046 -0.0163115
37.6706 0.641302 -0.0093089 0.0121802 -0.0102512
38.0296 0.64134 -0.0102947 0.0134357 -0.010925
37.6707 0.783885 -0.00950304 0.0117294 -0.010351
38.0297 0.783921 -0.0102955 0.0132107 -0.011031
38.3886 0.641355 -0.0114343 0.0144962 -0.0117579
38.7476 0.641347 -0.0124235 0.0155927 -0.0128012
38.3888 0.783929 -0.0112276 0.0144049 -0.0117833
38.7479 0.783909 -0.0121364 0.0154457 -0.0127916
37.6709 0.926458 -0.00909069 0.0119728 -0.0107199
38.0299 0.926502 -0.0102327 0.0130806 -0.0111664
37.6711 1.06904 -0.00904178 0.0119526 -0.011005
38.0301 1.06909 -0.0101205 0.0130397 -0.0113966
38.389 0.926507 -0.0111918 0.0141737 -0.0119482
38.7481 0.926473 -0.0119152 0.0152614 -0.0127318
38.3893 1.06908 -0.0110315 0.0140574 -0.0119397
38.7484 1.06904 -0.0118368 0.0150029 -0.0127
39.1067 0.641313 -0.0133283 0.0165425 -0.01389
39.4659 0.641255 -0.0141668 0.01737 -0.0150045
39.107 0.783859 -0.0130732 0.0162281 -0.013793
39.4662 0.783778 -0.0138241 0.0170387 -0.0148993
39.8251 0.64117 -0.0148344 0.0179849 -0.0159191
40.1843 0.641059 -0.0152873 0.0184051 -0.0163989
39.8254 0.783665 -0.0145528 0.0175973 -0.0157828
40.1846 0.783521 -0.0150337 0.0180504 -0.0164185
39.1073 0.926405 -0.0127493 0.0160228 -0.0136975
39.4665 0.926301 -0.0134122 0.0167646 -0.0147067
39.1076 1.06895 -0.0125421 0.015746 -0.0135727
39.4668 1.06883 -0.0131403 0.0164188 -0.0145323
39.8257 0.92616 -0.0141825 0.017293 -0.0156167
40.1849 0.925983 -0.0147503 0.0177655 -0.0162663
39.826 1.06866 -0.0138818 0.0169797 -0.0153705
40.1852 1.06844 -0.0144499 0.0175202 -0.0160656
40.5424 0.0712136 -0.0166763 0.0195335 -0.0149483
40.9018 0.0711954 -0.0168463 0.0194047 -0.0147411
40.5427 0.213641 -0.0164865 0.0193381 -0.015492
40.9021 0.213586 -0.0166637 0.019326 -0.0153411
41.2612 0.0711743 -0.0169133 0.0192463 -0.0150888
41.6206 0.0711503 -0.0169998 0.0191099 -0.0160574
41.2615 0.213523 -0.0168601 0.0192619 -0.0156609
41.6209 0.213451 -0.0170509 0.0192524 -0.0166374
40.543 0.356069 -0.0162846 0.0190568 -0.0159568
40.9024 0.355977 -0.0164758 0.0191723 -0.0158671
40.5433 0.498495 -0.0160113 0.018788 -0.0163254
40.9027 0.498367 -0.0162641 0.0189632 -0.016305
41.2618 0.355871 -0.0167457 0.0192235 -0.0162133
41.6212 0.355751 -0.0170139 0.019324 -0.0171917
41.2621 0.498219 -0.0165862 0.019103 -0.0167067
41.6215 0.498052 -0.0169318 0.0192949 -0.0176948
41.98 0.0711254 -0.0171158 0.0190164 -0.0174977
42.3395 0.0710995 -0.0172734 0.0189374 -0.02027
41.9803 0.213376 -0.0172961 0.0193176 -0.018123
42.3398 0.213298 -0.0175405 0.019365 -0.0208542
42.699 0.0710739 -0.017434 0.0188899 -0.0233983
43.0586 0.0710527 -0.0192264 0.0173162 -0.0259221
42.6993 0.213215 -0.0177369 0.0192994 -0.023981
43.0589 0.21313 -0.0187699 0.0182862 -0.0265046
41.9806 0.355623 -0.0173895 0.0194881 -0.0187534
42.3401 0.355486 -0.0177359 0.0196613 -0.0213839
41.9809 0.497866 -0.01737 0.0195545 -0.0193227
42.3404 0.497663 -0.0177999 0.0198177 -0.0218541
42.6996 0.355335 -0.0178653 0.0196207 -0.0244256
43.0591 0.35517 -0.0181197 0.0194573 -0.0268186
42.6999 0.49744 -0.0179716 0.0197834 -0.024689
43.0594 0.497198 -0.0181296 0.0197887 -0.0270239
40.5436 0.64092 -0.0156967 0.0185725 -0.0165891
40.903 0.640753 -0.0160506 0.0187215 -0.0166662
40.5439 0.783343 -0.0154486 0.0182987 -0.0166964
40.9033 0.783133 -0.0158327 0.018514 -0.0169602
41.2624 0.64056 -0.0164135 0.0189214 -0.0171284
41.6218 0.640341 -0.0168167 0.0191651 -0.0181274
41.2627 0.782891 -0.0162078 0.0187691 -0.0174912
41.6221 0.782618 -0.0166483 0.0190582 -0.018506
40.5442 0.925766 -0.0152053 0.0180638 -0.0166881
40.9036 0.925512 -0.0156067 0.0183524 -0.0171283
40.5445 1.06819 -0.0149314 0.017884 -0.0166111
40.9038 1.06789 -0.0154192 0.0181927 -0.0171508
41.2629 0.925221 -0.0160226 0.0186633 -0.0177618
41.6223 0.924894 -0.0164973 0.018991 -0.018796
41.2632 1.06755 -0.0159586 0.0185174 -0.0178985
41.6226 1.06717 -0.0165117 0.0188292 -0.0188814
41.9812 0.640097 -0.0172701 0.0195141 -0.0197736
42.3407 0.639827 -0.0177429 0.0198321 -0.0221984
41.9815 0.782313 -0.0171621 0.0194235 -0.0200925
42.3409 0.781977 -0.0176173 0.0197965 -0.0223792
42.7001 0.639532 -0.0179928 0.0198692 -0.0248478
43.0596 0.639211 -0.0181708 0.0199477 -0.0270398
42.7004 0.781609 -0.017963 0.0199262 -0.0248406
43.0598 0.781211 -0.018235 0.0200529 -0.0269364
41.9818 0.924529 -0.0170852 0.0193396 -0.0202812
42.3412 0.924126 -0.0175369 0.0197675 -0.0224029
41.982 1.06674 -0.0170041 0.0192909 -0.0203335
42.3414 1.06627 -0.0174573 0.0197352 -0.0222789
42.7006 0.923687 -0.0179389 0.0199891 -0.0246874
43.06 0.923211 -0.0182734 0.0201628 -0.0266825
42.7009 1.06576 -0.017895 0.0200275 -0.0244382
43.0603 1.06521 -0.0182962 0.0202601 -0.0263299
37.6713 1.21165 -0.00900651 0.0119922 -0.0112618
38.0303 1.21169 -0.010194 0.0128941 -0.0116129
37.6714 1.35428 -0.00882209 0.0121042 -0.0114876
38.0305 1.35432 -0.00991468 0.0130747 -0.011798
38.3895 1.21168 -0.0108843 0.0140459 -0.012081
38.7486 1.21163 -0.0116742 0.01485 -0.0127206
38.3897 1.3543 -0.0107463 0.0140358 -0.0121677
38.7489 1.35423 -0.0114895 0.0147688 -0.0127723
37.6716 1.49691 -0.00909579 0.0119246 -0.0116833
38.0307 1.49695 -0.00996978 0.0130053 -0.0119204
37.6717 1.63955 -0.00885545 0.0121723 -0.0119467
38.0309 1.63958 -0.00989446 0.0130812 -0.012001
38.3899 1.49692 -0.0107266 0.0139321 -0.0123157
38.7491 1.49684 -0.0113858 0.0146472 -0.0128094
38.3901 1.63955 -0.0106561 0.0139112 -0.0123952
38.7494 1.63945 -0.0112939 0.0145606 -0.012836
39.1078 1.21152 -0.0123258 0.0155394 -0.013497
39.467 1.21137 -0.0128798 0.0161402 -0.0143344
39.1081 1.35411 -0.0121427 0.0153506 -0.0134493
39.4673 1.35393 -0.0126718 0.0159181 -0.0141876
39.8262 1.21117 -0.013602 0.0166822 -0.0151318
40.1855 1.21092 -0.0141981 0.0172733 -0.0158526
39.8265 1.3537 -0.0133204 0.0164751 -0.0149783
40.1857 1.35341 -0.0139636 0.0170387 -0.015655
39.1083 1.4967 -0.0119182 0.0152174 -0.0134341
39.4676 1.49649 -0.0125016 0.0156996 -0.0140846
39.1086 1.63928 -0.0118387 0.0150326 -0.013349
39.4678 1.63905 -0.0122935 0.0155034 -0.0140523
39.8268 1.49623 -0.013116 0.0162468 -0.014849
40.186 1.4959 -0.0137731 0.016807 -0.0155418
39.8271 1.63875 -0.0129067 0.0160576 -0.0147807
40.1863 1.63839 -0.0135828 0.0166228 -0.0154849
37.6719 1.78219 -0.00892447 0.0122716 -0.0120352
38.0311 1.78222 -0.00983886 0.0131038 -0.0121331
37.6721 1.92484 -0.00901637 0.0122716 -0.0121186
38.0313 1.92486 -0.00988269 0.0131108 -0.0122742
38.3904 1.78217 -0.0105801 0.0139099 -0.0124983
38.7496 1.78205 -0.0111394 0.0145681 -0.0128824
38.3906 1.9248 -0.0105383 0.0138842 -0.0125616
38.7498 1.92466 -0.0110932 0.0145112 -0.0129528
37.6723 2.06749 -0.00910921 0.0123121 -0.0122575
38.0315 2.0675 -0.0102103 0.0128893 -0.0123779
37.6724 2.21015 -0.00882223 0.0126231 -0.0122124
38.0317 2.21015 -0.0102638 0.0129472 -0.0126834
38.3908 2.06743 -0.0105191 0.0138635 -0.0126696
38.75 2.06727 -0.0110304 0.0144495 -0.0130288
38.391 2.21006 -0.0105598 0.0138089 -0.012753
38.7503 2.20988 -0.0109617 0.0143865 -0.013124
39.1088 1.78186 -0.0116722 0.0149488 -0.0133759
39.4681 1.78161 -0.0121194 0.015322 -0.0140256
39.1091 1.92445 -0.0115453 0.0148455 -0.0134544
39.4683 1.92416 -0.0119359 0.0151723 -0.0140665
39.8273 1.78128 -0.0127147 0.0158665 -0.0147558
40.1866 1.78088 -0.0134169 0.0164685 -0.015443
39.8276 1.9238 -0.0125211 0.0157152 -0.014756
40.1869 1.92336 -0.0132066 0.0163769 -0.0154335
39.1093 2.06704 -0.0114209 0.0147472 -0.0135508
39.4686 2.06672 -0.0117835 0.0150394 -0.0141545
39.1096 2.20962 -0.0112938 0.0146495 -0.0136526
39.4689 2.20927 -0.0116582 0.0149174 -0.0142387
39.8279 2.06632 -0.0123423 0.0155876 -0.0147839
40.1872 2.06584 -0.0130511 0.0162464 -0.0154419
39.8282 2.20884 -0.0122019 0.0154758 -0.0148034
40.1875 2.20832 -0.0129041 0.0161445 -0.0154459
40.5447 1.21062 -0.0147317 0.0176618 -0.016468
40.9041 1.21028 -0.015241 0.018036 -0.017108
40.545 1.35307 -0.0145015 0.0174904 -0.0163374
40.9044 1.35268 -0.0150664 0.0179042 -0.017002
41.2635 1.20989 -0.0156978 0.0185135 -0.0179199
41.6229 1.20944 -0.0163751 0.0188402 -0.0188609
41.2638 1.35223 -0.0155691 0.0184402 -0.0178164
41.6232 1.35172 -0.0162854 0.0187799 -0.0188117
40.5453 1.49552 -0.0143174 0.0173138 -0.0162127
40.9047 1.49507 -0.0148819 0.0177891 -0.0169084
40.5456 1.63796 -0.0141767 0.0171392 -0.0161247
40.905 1.63746 -0.01474 0.0176671 -0.0168086
41.2641 1.49457 -0.0154096 0.018371 -0.0176921
41.6234 1.494 -0.0161555 0.0187264 -0.0187151
41.2643 1.6369 -0.0152571 0.0183019 -0.0175773
41.6237 1.63627 -0.0159215 0.0187613 -0.018581
41.9823 1.20895 -0.0168922 0.0192723 -0.0202632
42.3417 1.20842 -0.0173579 0.0196664 -0.022073
41.9825 1.35117 -0.016792 0.0192188 -0.0201167
42.3419 1.35056 -0.0172529 0.0195925 -0.0218057
42.7011 1.20783 -0.0178237 0.0200281 -0.0241067
43.0605 1.2072 -0.0182776 0.020327 -0.0259111
42.7013 1.34989 -0.0177667 0.0199496 -0.0236944
43.0607 1.34917 -0.0182552 0.020311 -0.025451
41.9828 1.49338 -0.0167833 0.0190617 -0.0199609
42.3422 1.49269 -0.0171006 0.0195307 -0.0215289
41.983 1.63558 -0.0167146 0.0189411 -0.0197838
42.3424 1.63482 -0.0169906 0.0194442 -0.0212645
42.7015 1.49195 -0.0176169 0.0199159 -0.0232939
43.0609 1.49114 -0.0181631 0.0202719 -0.0249561
42.7018 1.634 -0.0174803 0.0198129 -0.0228613
43.0612 1.63311 -0.0180479 0.0201921 -0.0244912
40.5459 1.7804 -0.014079 0.0169604 -0.0160675
40.9052 1.77985 -0.0146684 0.0175395 -0.0167267
40.5462 1.92284 -0.0139369 0.0168715 -0.0160437
40.9055 1.92224 -0.0145673 0.0174465 -0.0166639
41.2646 1.77923 -0.0152088 0.0181596 -0.0174674
41.6239 1.77854 -0.0156341 0.0188387 -0.0184345
41.2648 1.92156 -0.0151998 0.0180049 -0.0173437
41.6242 1.92081 -0.0156272 0.0186974 -0.0182938
40.5465 2.06527 -0.0138079 0.0167752 -0.0160205
40.9058 2.06462 -0.0143852 0.0174429 -0.0166392
40.5467 2.2077 -0.0137352 0.0166626 -0.016013
40.9061 2.207 -0.0143094 0.0173627 -0.0166264
41.2651 2.06389 -0.0151096 0.0179362 -0.0173024
41.6244 2.06307 -0.0156255 0.0185143 -0.0181357
41.2654 2.20621 -0.0149736 0.0179244 -0.0172553
41.6247 2.20534 -0.0155694 0.0184092 -0.0179772
41.9833 1.77778 -0.0164501 0.0190161 -0.0196696
42.3426 1.77695 -0.0168503 0.019329 -0.0209804
41.9835 1.91998 -0.0162463 0.0189878 -0.0194383
42.3429 1.91908 -0.016598 0.019311 -0.0207304
42.702 1.77605 -0.0173357 0.0197018 -0.0225014
43.0614 1.77508 -0.0179084 0.0200864 -0.0240348
42.7022 1.9181 -0.0171957 0.0195653 -0.0221366
43.0616 1.91705 -0.0177538 0.0199389 -0.0236027
41.9838 2.06218 -0.0161896 0.0188386 -0.0192285
42.3431 2.0612 -0.0163818 0.019283 -0.020443
41.984 2.20438 -0.0161901 0.0186512 -0.0189362
42.3434 2.20333 -0.0162849 0.0191312 -0.0201547
42.7025 2.06015 -0.0169718 0.0194926 -0.021802
43.0618 2.05901 -0.0175437 0.0198117 -0.0231909
42.7027 2.20219 -0.0167971 0.0193465 -0.0214625
43.062 2.20097 -0.0173438 0.019646 -0.0228052
43.4182 0.0710179 -0.0195784 0.0155899 -0.0267853
43.7778 0.0709681 -0.0182475 0.0154986 -0.0275963
43.4184 0.213014 -0.0197832 0.0162469 -0.0276488
43.778 0.212866 -0.0178845 0.016789 -0.0281228
44.1376 0.0709132 -0.017562 0.0147941 -0.0277152
44.4974 0.070853 -0.0155021 0.0141628 -0.0269423
44.1377 0.21271 -0.0175105 0.0156836 -0.0281172
44.4976 0.212545 -0.016295 0.0144643 -0.02749
43.4186 0.354974 -0.0200355 0.0172539 -0.0287486
43.7782 0.35474 -0.0191749 0.0165476 -0.0284687
43.4188 0.496917 -0.0193134 0.018528 -0.0287556
43.7783 0.496593 -0.0196284 0.0171745 -0.0290667
44.1379 0.354486 -0.0177892 0.0164607 -0.0287863
44.4977 0.35422 -0.0170681 0.0152366 -0.0285434
44.138 0.496245 -0.0184804 0.0169877 -0.0288968
44.4978 0.495876 -0.0172939 0.016046 -0.0286892
44.8574 0.0707933 -0.0136565 0.0129007 -0.0261038
45.2174 0.0707334 -0.0120622 0.0111877 -0.0250608
44.8575 0.212372 -0.0140562 0.0134841 -0.0266495
45.2175 0.212193 -0.012106 0.0117696 -0.0253091
45.5775 0.0706712 -0.0103666 0.00948941 -0.0238839
45.9376 0.0706066 -0.00883947 0.00799824 -0.0229013
45.5776 0.212006 -0.0102939 0.010077 -0.0241183
45.9376 0.211813 -0.00881164 0.00843827 -0.0231393
44.8576 0.353939 -0.0149893 0.013728 -0.0270831
45.2176 0.353644 -0.0128267 0.0119958 -0.025531
44.8577 0.495487 -0.0155421 0.014608 -0.0273755
45.2177 0.495079 -0.0131542 0.0126657 -0.0259587
45.5776 0.353336 -0.0108349 0.0101427 -0.0242228
45.9377 0.353013 -0.00913644 0.0087146 -0.0233024
45.5777 0.494652 -0.0112417 0.0106313 -0.0244536
45.9378 0.494205 -0.00954807 0.00908494 -0.0234844
43.4191 0.638847 -0.0189975 0.019415 -0.0286968
43.7785 0.638439 -0.0200675 0.0178598 -0.0295016
43.4193 0.780765 -0.0186393 0.0201206 -0.0285068
43.7788 0.780274 -0.0201883 0.0186579 -0.0294757
44.1382 0.637997 -0.0191011 0.0175549 -0.0290776
44.498 0.637527 -0.0176891 0.0169043 -0.0287544
44.1383 0.779745 -0.0204757 0.0172831 -0.0291668
44.4981 0.779178 -0.0186685 0.01683 -0.0284544
43.4195 0.92268 -0.0186084 0.0204202 -0.0282195
43.779 0.922098 -0.0197929 0.0196332 -0.0292897
43.4197 1.06459 -0.018696 0.0204807 -0.0278428
43.7792 1.06391 -0.019202 0.0205738 -0.0289528
44.1385 0.921476 -0.0211002 0.0177553 -0.0293725
44.4983 0.920813 -0.0198354 0.01696 -0.0287197
44.1387 1.06319 -0.0207624 0.01901 -0.0296504
44.4984 1.06243 -0.0211301 0.0168091 -0.0286711
44.8579 0.637031 -0.0162387 0.0152253 -0.0277586
45.2178 0.636511 -0.0139047 0.0131928 -0.0262253
44.858 0.778575 -0.0167503 0.0158656 -0.0278616
45.2179 0.777938 -0.0146092 0.0137974 -0.0264267
45.5778 0.635964 -0.0117557 0.0110838 -0.0247529
45.9379 0.635393 -0.010099 0.00938772 -0.0236809
45.5779 0.777269 -0.0121108 0.011698 -0.0249742
45.938 0.776571 -0.0103505 0.00997735 -0.0240116
44.8581 0.920102 -0.017162 0.0165242 -0.0278339
45.218 0.91935 -0.0151237 0.0143452 -0.0265302
44.8582 1.06161 -0.0186049 0.0161737 -0.0277267
45.2181 1.06074 -0.015584 0.0148883 -0.026489
45.578 0.918562 -0.0127574 0.0120581 -0.0251478
45.9381 0.917738 -0.0107425 0.0103563 -0.0241675
45.5781 1.05984 -0.0131386 0.0126294 -0.0252841
45.9382 1.0589 -0.0111443 0.0106365 -0.0242932
46.2977 0.0705391 -0.00761257 0.0068131 -0.022237
46.6579 0.0704686 -0.00657849 0.00585514 -0.0217844
46.2978 0.211611 -0.00761207 0.00718724 -0.0224827
46.658 0.211401 -0.00657032 0.00623467 -0.0219944
47.0182 0.0703959 -0.00563425 0.00487097 -0.0213649
47.3785 0.0703206 -0.00461094 0.0039206 -0.0208351
47.0182 0.211184 -0.00567646 0.00526721 -0.0216683
47.3785 0.210958 -0.00468579 0.00431806 -0.0212656
46.2979 0.352678 -0.00794729 0.00738003 -0.0226085
46.6581 0.352331 -0.00691625 0.00632426 -0.0221936
46.2979 0.493739 -0.00811197 0.0078363 -0.0228565
46.6581 0.493254 -0.00711746 0.00679003 -0.0225527
47.0183 0.351969 -0.00592456 0.00548929 -0.0219406
47.3785 0.351593 -0.00494975 0.00450973 -0.021593
47.0183 0.49275 -0.0062245 0.00576004 -0.0222214
47.3786 0.492225 -0.00515614 0.00480848 -0.0219227
47.7388 0.0702424 -0.00350573 0.00293781 -0.0201803
48.0991 0.0701612 -0.00224808 0.00189244 -0.0194885
47.7388 0.210724 -0.0035323 0.00332204 -0.0207178
48.0991 0.210481 -0.0022887 0.00215599 -0.0200004
48.4595 0.0700774 -0.00112055 0.000967358 -0.0189101
48.8198 0.0699909 -0.000241238 0.000229671 -0.0186507
48.4595 0.210231 -0.00117292 0.00108533 -0.0193803
48.8198 0.209972 -0.000304841 0.000293872 -0.0190695
47.7388 0.351204 -0.00382921 0.00342796 -0.0211062
48.0991 0.350801 -0.00249919 0.0022924 -0.020493
47.7388 0.491681 -0.00392982 0.00376632 -0.0214627
48.0992 0.491118 -0.00260193 0.00252541 -0.0208936
48.4595 0.350384 -0.00121865 0.00122902 -0.0198574
48.8198 0.349953 -0.00027055 0.000396133 -0.0194959
48.4595 0.490535 -0.00131211 0.00135593 -0.020303
48.8198 0.489933 -0.000299823 0.000445843 -0.0199245
46.298 0.634796 -0.00876585 0.00798274 -0.0232017
46.6582 0.634174 -0.00769596 0.00695323 -0.0229109
46.2981 0.775842 -0.00895732 0.00859002 -0.0234941
46.6582 0.775083 -0.00788607 0.00752685 -0.0232118
47.0184 0.633526 -0.00658767 0.00610458 -0.0226438
47.3786 0.632853 -0.00552791 0.00512271 -0.0223284
47.0184 0.774294 -0.00690994 0.00647006 -0.0229437
47.3786 0.773474 -0.00580043 0.00547943 -0.0226524
46.2982 0.916881 -0.00938096 0.00885649 -0.0236336
46.6583 0.915987 -0.00819175 0.00780019 -0.0233262
46.2982 1.05791 -0.00968298 0.0093152 -0.0237784
46.6583 1.05688 -0.0085725 0.00810453 -0.0234962
47.0184 0.915056 -0.00700673 0.00686836 -0.0231247
47.3787 0.914089 -0.00594576 0.00586308 -0.0228732
47.0185 1.05581 -0.00743361 0.00700889 -0.0232532
47.3787 1.0547 -0.00620045 0.00598647 -0.0230331
47.7389 0.632155 -0.00419314 0.00397656 -0.0218205
48.0992 0.631432 -0.00274646 0.00274391 -0.0212567
47.7389 0.772623 -0.00453873 0.0042368 -0.022196
48.0992 0.771743 -0.00302973 0.00288392 -0.0216323
48.4595 0.630684 -0.0013608 0.00151606 -0.0206963
48.8198 0.629911 -0.000247508 0.000621508 -0.0203388
48.4595 0.770831 -0.00154315 0.00162854 -0.0210805
48.8198 0.769889 -0.000359428 0.000615766 -0.0207471
47.7389 0.913088 -0.00474302 0.00465457 -0.0225505
48.0992 0.91205 -0.0031883 0.00325355 -0.02198
47.7389 1.05355 -0.00495921 0.00492191 -0.0227872
48.0992 1.05235 -0.00344071 0.00358673 -0.0223825
48.4595 0.910976 -0.00165704 0.00185632 -0.0215074
48.8198 0.909866 -0.000430264 0.000668655 -0.0211731
48.4595 1.05112 -0.0018212 0.00212282 -0.0218847
48.8198 1.04984 -0.000351445 0.000858996 -0.0216303
43.4199 1.2065 -0.0186889 0.0205627 -0.0274021
43.7794 1.20573 -0.0190686 0.0209023 -0.0285373
43.4202 1.34839 -0.0186714 0.0205875 -0.0269038
43.7797 1.34755 -0.0191108 0.0209128 -0.0280562
44.139 1.20492 -0.0201416 0.0200448 -0.0292844
44.4986 1.20406 -0.0211356 0.0177359 -0.0290448
44.1392 1.34666 -0.019598 0.0208523 -0.0287792
44.4989 1.34572 -0.0211729 0.0186206 -0.0290682
43.4204 1.49028 -0.018628 0.0205768 -0.0264153
43.7799 1.48935 -0.019079 0.0209263 -0.0275419
43.4206 1.63216 -0.0185417 0.0205057 -0.0259189
43.7802 1.63114 -0.0190116 0.0209093 -0.0270573
44.1395 1.48837 -0.0193767 0.0211488 -0.0283086
44.4991 1.48733 -0.0200046 0.0200395 -0.028749
44.1398 1.63006 -0.0193904 0.0211013 -0.0278333
44.4994 1.62892 -0.0195072 0.0206891 -0.0282863
44.8584 1.20314 -0.019558 0.0164874 -0.0278836
45.2182 1.20217 -0.0167286 0.0145978 -0.0263186
44.8586 1.3447 -0.0204702 0.0165563 -0.0279044
45.2183 1.34361 -0.0176528 0.0148188 -0.0266223
45.5782 1.20115 -0.0136253 0.0129133 -0.0253794
45.9383 1.20008 -0.0115971 0.0109775 -0.0244905
45.5783 1.34247 -0.0141472 0.01332 -0.0253577
45.9383 1.34128 -0.0119472 0.011468 -0.0245675
44.8587 1.48622 -0.0202748 0.017535 -0.0280845
45.2185 1.48504 -0.0187854 0.0149298 -0.0269745
44.859 1.62771 -0.0198707 0.0184836 -0.0281986
45.2186 1.62643 -0.0187223 0.0156026 -0.0269512
45.5784 1.48379 -0.015282 0.012994 -0.0253797
45.9384 1.48248 -0.0123635 0.0117826 -0.0245601
45.5785 1.62507 -0.015924 0.0134733 -0.0257213
45.9385 1.62365 -0.0130912 0.0119523 -0.0245886
43.4208 1.77404 -0.0184169 0.020398 -0.0254357
43.7804 1.77293 -0.0189064 0.0208242 -0.0265825
43.4211 1.91591 -0.01824 0.0202705 -0.0249774
43.7806 1.91471 -0.0187466 0.0207066 -0.0260827
44.14 1.77174 -0.0193047 0.0210904 -0.0273461
44.4996 1.77049 -0.0192877 0.0209059 -0.0278009
44.1402 1.91342 -0.0192171 0.0210172 -0.0268593
44.4998 1.91206 -0.0192365 0.0208549 -0.0273451
43.4213 2.05779 -0.0180654 0.020105 -0.0245157
43.7809 2.05648 -0.0185768 0.0205214 -0.0256059
43.4215 2.19966 -0.0178168 0.0199712 -0.0240904
43.7811 2.19826 -0.0183521 0.0203327 -0.0251469
44.1404 2.0551 -0.0190395 0.0209157 -0.0263924
44.5 2.05363 -0.0190965 0.020798 -0.0269184
44.1406 2.19677 -0.0188383 0.0207211 -0.0259461
44.5002 2.1952 -0.0189278 0.0206602 -0.0264757
44.8592 1.76918 -0.0190765 0.0194769 -0.0278398
45.2188 1.7678 -0.0188811 0.0163631 -0.0273217
44.8594 1.91064 -0.0187516 0.0198281 -0.0274684
45.2191 1.90916 -0.0183845 0.017196 -0.0271757
45.5786 1.76634 -0.0171043 0.0133975 -0.0260365
45.9386 1.76481 -0.0139825 0.0118976 -0.0247077
45.5788 1.90759 -0.0173825 0.0137808 -0.0263842
45.9387 1.90593 -0.015117 0.0119501 -0.0251021
44.8596 2.05209 -0.0184464 0.0200049 -0.0271112
45.2193 2.05048 -0.0174181 0.0183767 -0.0269724
44.8599 2.19354 -0.018352 0.0198961 -0.0266665
45.2195 2.1918 -0.0173673 0.0184441 -0.0265786
45.579 2.0488 -0.0171041 0.015108 -0.0265346
45.9388 2.04702 -0.0159527 0.0120479 -0.0252287
45.5792 2.18998 -0.0163512 0.0163243 -0.0262226
45.9389 2.18807 -0.0163111 0.0129599 -0.0260233
46.2983 1.19896 -0.0100229 0.00970168 -0.0239198
46.6584 1.1978 -0.0088168 0.00855875 -0.023704
46.2984 1.34003 -0.0104779 0.0100009 -0.024082
46.6584 1.33873 -0.00916158 0.00881887 -0.0238222
47.0185 1.19658 -0.00767254 0.00731344 -0.0234352
47.3787 1.19532 -0.00627275 0.00629876 -0.0232071
47.0185 1.33737 -0.00787137 0.00771513 -0.0236458
47.3787 1.33596 -0.00671836 0.00637078 -0.023361
46.2985 1.4811 -0.0107209 0.0104602 -0.0242109
46.6585 1.47965 -0.00948556 0.00916089 -0.0239282
46.2985 1.62215 -0.011078 0.0107605 -0.0241924
46.6585 1.62056 -0.00956052 0.00970738 -0.0240046
47.0185 1.47815 -0.00830097 0.00781815 -0.0237344
47.3787 1.47658 -0.00691554 0.00656968 -0.0235605
47.0186 1.61891 -0.00826432 0.00838712 -0.0238213
47.3787 1.6172 -0.00690194 0.0070801 -0.0237494
47.7389 1.19402 -0.00502781 0.00522078 -0.0229639
48.0992 1.19266 -0.00373882 0.00377979 -0.0226375
47.7389 1.33449 -0.00532907 0.0051745 -0.023138
48.0992 1.33297 -0.00381203 0.00408231 -0.0229087
48.4595 1.19126 -0.00203001 0.00227213 -0.022214
48.8198 1.18981 -0.000428775 0.000943089 -0.0219841
48.4595 1.3314 -0.00228429 0.00257694 -0.0225663
48.8198 1.32978 -0.000520419 0.000962029 -0.0223784
47.7389 1.47496 -0.00543227 0.00545479 -0.0233609
48.0992 1.47328 -0.00404832 0.00422239 -0.0231392
47.7389 1.61542 -0.00560218 0.00564488 -0.0235576
48.0992 1.61358 -0.00415558 0.00437638 -0.0233959
48.4595 1.47154 -0.00248047 0.00272094 -0.0228712
48.8198 1.46975 -0.000660652 0.00105727 -0.0226603
48.4595 1.61168 -0.00255543 0.00296989 -0.0231734
48.8198 1.60971 -0.000488654 0.00138107 -0.0230352
46.2986 1.76318 -0.0117987 0.010866 -0.024188
46.6585 1.76145 -0.0102233 0.0095959 -0.0240022
46.2986 1.90417 -0.0122692 0.0109974 -0.0241901
46.6585 1.90231 -0.0103944 0.0100727 -0.0240631
47.0186 1.75966 -0.00880837 0.00835165 -0.0238761
47.3787 1.7578 -0.0072375 0.0071152 -0.0237606
47.0186 1.90038 -0.00899797 0.0086139 -0.0239424
47.3787 1.89837 -0.00760297 0.00713077 -0.0238717
46.2987 2.04514 -0.0130671 0.0111473 -0.0246023
46.6586 2.04314 -0.0107206 0.0103024 -0.0240693
46.2987 2.18606 -0.0143767 0.0105021 -0.0244319
46.6586 2.18394 -0.0118145 0.0099287 -0.024083
47.0186 2.04107 -0.00909049 0.00900342 -0.0239672
47.3787 2.03893 -0.00784408 0.00732341 -0.0240005
47.0186 2.18174 -0.00953415 0.00906777 -0.0238599
47.3787 2.17946 -0.0080388 0.00752336 -0.0241009
47.7389 1.75587 -0.00559098 0.00599335 -0.0237149
48.0992 1.75387 -0.00418032 0.00467742 -0.0235994
47.7389 1.89629 -0.00608256 0.00578719 -0.0238235
48.0992 1.89414 -0.00444982 0.0045721 -0.0237724
48.4595 1.7518 -0.0026594 0.0030971 -0.0234252
48.8198 1.74967 -0.000727126 0.00135199 -0.0232675
48.4595 1.89192 -0.00271301 0.00324256 -0.023676
48.8198 1.88962 -0.000652747 0.00150206 -0.023517
47.7389 2.0367 -0.00616818 0.00598517 -0.0240043
48.0991 2.0344 -0.0044811 0.00479908 -0.0239855
47.7388 2.1771 -0.00636145 0.00612934 -0.0241089
48.0991 2.17464 -0.00456728 0.0048341 -0.0240857
48.4595 2.03202 -0.00282196 0.00323376 -0.0238358
48.8198 2.02956 -0.000831384 0.00132758 -0.023706
48.4595 2.17211 -0.00271847 0.00326654 -0.0240363
48.8198 2.16948 -0.000800548 0.00130524 -0.0240138
