26.1796 2.30658 9.8779e-05 0.000200615 -0.005814
26.5389 2.30945 5.01805e-05 0.000430704 -0.00589246
26.1796 2.44637 0.000204089 0.000259896 -0.00608742
26.5389 2.44942 9.1454e-05 0.000405657 -0.00613677
26.8981 2.31223 2.81763e-05 0.000471539 -0.00599401
27.2574 2.31491 8.57845e-05 0.000361214 -0.00615931
26.8981 2.45237 7.79694e-05 0.000431345 -0.00625972
27.2574 2.45522 0.000163094 0.000277433 -0.00641999
26.1796 2.58616 0.000173521 0.000214978 -0.00626731
26.5389 2.58939 0.000121711 0.000377812 -0.00632809
26.1796 2.72595 0.000224275 0.000232033 -0.00641938
26.5389 2.72935 0.000159072 0.000352103 -0.00647986
26.8981 2.5925 0.000117503 0.000368771 -0.00643806
27.2574 2.59552 0.000224731 0.000172238 -0.00660599
26.8981 2.73264 0.000180095 0.000323976 -0.00657716
27.2573 2.73582 0.000288254 8.94614e-05 -0.0067089
27.6166 2.31751 0.000260177 4.18729e-05 -0.0063911
27.9758 2.32002 0.000566095 -0.000450617 -0.00664137
27.6166 2.45797 0.000340483 -9.63132e-05 -0.00662952
27.9758 2.46063 0.000613379 -0.000627476 -0.0068971
28.335 2.32243 0.000784498 -0.000729983 -0.00693483
28.6942 2.32475 0.000471587 -0.00015889 -0.00741547
28.335 2.46319 0.000785587 -0.000883428 -0.00720478
28.6942 2.46565 0.000537549 -0.000310883 -0.00762443
27.6166 2.59843 0.000453148 -0.000223816 -0.00682074
27.9758 2.60124 0.000754042 -0.000738221 -0.00708594
27.6166 2.73889 0.00050505 -0.000365176 -0.00692727
27.9758 2.74186 0.000809402 -0.000879426 -0.00713081
28.335 2.60395 0.000870251 -0.000946432 -0.00734209
28.6942 2.60655 0.000617021 -0.000407617 -0.0077362
28.335 2.74471 0.0010047 -0.000978458 -0.00737683
28.6942 2.74746 0.000776602 -0.00043524 -0.00777064
26.1796 2.86574 0.000248016 0.000226143 -0.00653611
26.5389 2.86931 0.000202355 0.000334647 -0.00658113
26.1796 3.00553 0.000282042 0.000225771 -0.0066143
26.5389 3.00928 0.000236198 0.000314054 -0.00665863
26.8981 2.87277 0.000240303 0.000286215 -0.00666983
27.2573 2.87612 0.000362022 2.05715e-05 -0.00679595
26.8981 3.01291 0.00025839 0.000245534 -0.00672142
27.2573 3.01642 0.000408094 -2.73642e-05 -0.00681146
26.1796 3.14532 0.000304891 0.000222569 -0.00666523
26.5389 3.14924 0.000278017 0.000297955 -0.0067051
26.1796 3.2851 0.00032627 0.000222488 -0.00669033
26.5388 3.28921 0.000298503 0.000279997 -0.00673168
26.8981 3.15304 0.000314663 0.000221073 -0.00676801
27.2573 3.15672 0.000465949 -4.62337e-05 -0.00680208
26.8981 3.29318 0.000339489 0.000198637 -0.00677713
27.2573 3.29702 0.000481685 -5.7753e-05 -0.00681413
27.6166 2.87935 0.000616804 -0.000456575 -0.00693146
27.9758 2.88247 0.000967707 -0.000955928 -0.0071008
27.6165 3.01981 0.000705487 -0.000510392 -0.00689569
27.9758 3.02308 0.000971711 -0.00102761 -0.00693546
28.335 2.88547 0.000947709 -0.00105079 -0.00727198
28.6942 2.88836 0.000669927 -0.000623278 -0.00775527
28.335 3.02623 0.00101532 -0.00110176 -0.00727268
28.6942 3.02927 0.000871631 -0.00058295 -0.0076969
27.6165 3.16027 0.000754896 -0.00052319 -0.00682311
27.9758 3.1637 0.000992249 -0.00107292 -0.00687587
27.6165 3.30073 0.000717834 -0.000529935 -0.0067587
27.9757 3.30431 0.000993084 -0.00104859 -0.00676008
28.335 3.167 0.00103171 -0.00113887 -0.00710429
28.6942 3.17018 0.00082297 -0.000774434 -0.00761827
28.3349 3.30776 0.00111206 -0.00117004 -0.00701751
28.6942 3.31108 0.00100169 -0.000769409 -0.007536
29.0535 2.32698 -0.000235415 0.00109041 -0.00795151
29.4127 2.32912 -0.000976809 0.00242969 -0.00837152
29.0534 2.46802 -3.08416e-05 0.000821123 -0.00813902
29.4127 2.47028 -0.000745941 0.00204472 -0.00851762
29.7719 2.33116 -0.00160752 0.0035222 -0.0086628
30.1311 2.33312 -0.00190515 0.0043164 -0.0085371
29.7719 2.47246 -0.00146373 0.00306872 -0.00870647
30.1311 2.47453 -0.00189965 0.00393347 -0.00867926
29.0534 2.60906 0.000104789 0.000586034 -0.00821583
29.4127 2.61145 -0.00053078 0.00172409 -0.00859504
29.0534 2.7501 0.000258982 0.000397542 -0.00826846
29.4126 2.75263 -0.000288595 0.00145894 -0.00861729
29.7719 2.61375 -0.00113136 0.00279009 -0.00875843
30.131 2.61594 -0.00162138 0.00370201 -0.00872075
29.7718 2.75505 -0.000772446 0.0025807 -0.00872861
30.131 2.75737 -0.00131141 0.00354379 -0.00866687
30.4902 2.33498 -0.00222198 0.00479845 -0.00853197
30.8494 2.33674 -0.00259514 0.00522658 -0.00846373
30.4902 2.4765 -0.00215337 0.00463166 -0.00858289
30.8494 2.47838 -0.00263125 0.00524957 -0.00862956
31.2086 2.33842 -0.00312989 0.00566653 -0.00877074
31.5678 2.34001 -0.00331151 0.00608813 -0.00899219
31.2086 2.48017 -0.00308079 0.00580332 -0.00881088
31.5679 2.48186 -0.00333257 0.00626198 -0.00914439
30.4902 2.61803 -0.00203831 0.00450662 -0.00862517
30.8494 2.62003 -0.00272616 0.00521005 -0.00867999
30.4902 2.75958 -0.00189754 0.00449338 -0.00874872
30.8494 2.76168 -0.00273522 0.00514775 -0.00870356
31.2086 2.62192 -0.00310606 0.00587116 -0.00879282
31.5679 2.62371 -0.00333516 0.00643218 -0.00923617
31.2087 2.76367 -0.00323534 0.00588266 -0.00887199
31.5679 2.76555 -0.00340604 0.00647896 -0.00931708
29.0534 2.89114 0.000350613 0.000227809 -0.00821367
29.4126 2.8938 -0.000243454 0.00128252 -0.00851367
29.0534 3.03218 0.000498282 0.000147736 -0.00816746
29.4126 3.03498 3.76343e-05 0.00111182 -0.00847526
29.7718 2.89636 -0.00081404 0.00227499 -0.00863102
30.131 2.89879 -0.00132945 0.00326215 -0.00868874
29.7718 3.03765 -0.000487659 0.00215312 -0.00858603
30.131 3.04021 -0.00120183 0.00315538 -0.00854213
29.0534 3.17323 0.000449318 -6.86203e-05 -0.0080285
29.4126 3.17616 -1.47966e-05 0.000948982 -0.00833585
29.0534 3.31427 0.000709301 -4.57763e-05 -0.00798555
29.4126 3.31733 0.00013165 0.000857286 -0.00822206
29.7718 3.17896 -0.000588444 0.00195154 -0.00842421
30.131 3.18163 -0.00115175 0.00299716 -0.00844763
29.7718 3.32026 -0.000509124 0.00186069 -0.0082617
30.131 3.32306 -0.00110595 0.0028977 -0.00827984
30.4902 2.90111 -0.00183438 0.00433826 -0.00863808
30.8494 2.90332 -0.0025626 0.00517519 -0.00872649
30.4902 3.04265 -0.00186495 0.00416518 -0.00860096
30.8494 3.04496 -0.00257689 0.00505174 -0.008742
31.2087 2.90541 -0.00310808 0.00597489 -0.00900007
31.5679 2.90739 -0.00331376 0.00665114 -0.00946546
31.2087 3.04716 -0.00319177 0.00590595 -0.0091124
31.5679 3.04923 -0.00342364 0.00659931 -0.00943438
30.4902 3.18418 -0.00172593 0.00405955 -0.0085175
30.8494 3.18661 -0.00252396 0.00499517 -0.0087362
30.4902 3.32572 -0.00167645 0.00394254 -0.00840774
30.8495 3.32826 -0.00238267 0.00492486 -0.00869956
31.2087 3.18891 -0.00311238 0.00590847 -0.00908361
31.5679 3.19108 -0.00329601 0.00666946 -0.00950261
31.2087 3.33066 -0.00307043 0.00589764 -0.00920079
31.5679 3.33293 -0.00340165 0.00665332 -0.00965475
26.1796 3.42489 0.000343087 0.000220402 -0.0067022
26.5388 3.42917 0.000327241 0.000265691 -0.00674064
26.1796 3.56467 0.000367756 0.000224457 -0.00670317
26.5388 3.56913 0.000358415 0.00025919 -0.00673595
26.8981 3.43331 0.000387314 0.000196337 -0.0067712
27.2573 3.43732 0.000513038 -5.64442e-05 -0.00678804
26.8981 3.57344 0.000397107 0.000178984 -0.00677542
27.2573 3.57761 0.00053346 -4.8042e-05 -0.0067673
26.1796 3.70446 0.000390826 0.000224371 -0.00671349
26.5388 3.70909 0.000377799 0.000252088 -0.00672492
26.1796 3.84424 0.000380088 0.000212662 -0.00668438
26.5388 3.84905 0.00038401 0.000230525 -0.00670105
26.898 3.71357 0.000408175 0.000164923 -0.00675336
27.2573 3.71791 0.000519029 -4.72204e-05 -0.00675111
26.898 3.8537 0.00042836 0.000164868 -0.00673434
27.2573 3.85821 0.000523166 -4.13945e-05 -0.00673159
27.6165 3.44119 0.000721896 -0.000493082 -0.00672958
27.9757 3.44492 0.00101816 -0.000982428 -0.00668959
27.6165 3.58164 0.000761967 -0.000426298 -0.00671355
27.9757 3.58553 0.00103042 -0.000931896 -0.0066699
28.3349 3.44852 0.00120651 -0.00117138 -0.00694226
28.6941 3.45198 0.00107035 -0.000780182 -0.00742932
28.3349 3.58928 0.00119811 -0.00118937 -0.00684944
28.6941 3.59289 0.00101829 -0.000851902 -0.00727838
27.6165 3.7221 0.000704011 -0.000408378 -0.00670745
27.9757 3.72614 0.000976306 -0.000884359 -0.00664957
27.6165 3.86256 0.000704189 -0.000374337 -0.00668272
27.9757 3.86676 0.00094602 -0.000834662 -0.00663865
28.3349 3.73004 0.00116366 -0.00118422 -0.00678826
28.6941 3.73379 0.00101473 -0.000871215 -0.00714588
28.3349 3.8708 0.00114231 -0.00115661 -0.00671884
28.6941 3.87469 0.0010265 -0.000870912 -0.0070077
26.1796 3.98403 0.000407897 0.000218716 -0.00666443
26.5388 3.98901 0.000399342 0.000230761 -0.0066868
26.1796 4.12381 0.000422384 0.000220975 -0.00663624
26.5388 4.12897 0.00041294 0.000220526 -0.00665771
26.898 3.99384 0.000439871 0.000158198 -0.00671157
27.2572 3.99851 0.000536255 -2.56111e-05 -0.0067085
26.898 4.13397 0.00045002 0.000150671 -0.00667228
27.2572 4.13881 0.000548758 -1.25149e-05 -0.00668492
26.1796 4.2636 0.000442826 0.000226066 -0.00660668
26.5388 4.26893 0.000445998 0.000221413 -0.00662609
26.1796 4.40338 0.000454377 0.000227757 -0.00657248
26.5388 4.4089 0.000462023 0.000217532 -0.0065884
26.898 4.2741 0.000479488 0.000155675 -0.00664314
27.2572 4.2791 0.000560809 -5.8834e-06 -0.00665317
26.898 4.41424 0.000492293 0.000151617 -0.00660431
27.2572 4.4194 0.000570741 -3.60437e-06 -0.00661195
27.6165 4.00302 0.000705816 -0.000335012 -0.00668602
27.9757 4.00737 0.000933443 -0.000787263 -0.00661523
27.6164 4.14348 0.000697241 -0.000313068 -0.00665446
27.9757 4.14798 0.000921807 -0.000741355 -0.00659745
28.3349 4.01157 0.00110124 -0.0011255 -0.0066609
28.6941 4.0156 0.000986423 -0.000894328 -0.00684339
28.3349 4.15233 0.0011232 -0.00106881 -0.00659092
28.6941 4.15651 0.0010467 -0.000857495 -0.00676065
27.6164 4.28394 0.000702996 -0.000286357 -0.00662663
27.9756 4.2886 0.00091571 -0.000672301 -0.00658731
27.6164 4.42439 0.000704031 -0.000261719 -0.00659683
27.9756 4.42921 0.000927615 -0.000626462 -0.0065555
28.3349 4.29309 0.00108786 -0.00101478 -0.0065262
28.6941 4.29742 0.00101498 -0.000866163 -0.00667079
28.3349 4.43385 0.00113171 -0.000930516 -0.00651913
28.6941 4.43832 0.00109403 -0.000833291 -0.00660889
29.0534 3.45531 0.000666216 -0.000120051 -0.00782277
29.4126 3.4585 0.000131885 0.000771416 -0.0080405
29.0534 3.59635 0.00066315 -0.000181782 -0.00765269
29.4126 3.59967 0.000208738 0.000731491 -0.0078793
29.7718 3.46156 -0.000413246 0.00180589 -0.00811347
30.131 3.46448 -0.00107302 0.00282399 -0.00810612
29.7718 3.60286 -0.00036248 0.00175404 -0.00797927
30.131 3.60589 -0.000907401 0.00281889 -0.00805654
29.0533 3.73739 0.000685875 -0.000214956 -0.00750757
29.4126 3.74085 0.000208974 0.000664792 -0.00774504
29.0533 3.87844 0.000700322 -0.000246467 -0.00734375
29.4126 3.88202 0.000230874 0.000609285 -0.0075536
29.7718 3.74416 -0.000373938 0.00168121 -0.00784234
30.131 3.74732 -0.000921285 0.00268611 -0.00798224
29.7718 3.88546 -0.000331102 0.00162557 -0.00775491
30.131 3.88874 -0.000878333 0.00261131 -0.00792247
30.4902 3.46726 -0.00168491 0.00376894 -0.00828338
30.8495 3.4699 -0.00233027 0.0047837 -0.00860733
30.4902 3.60879 -0.00147606 0.00374064 -0.00820476
30.8495 3.61155 -0.00215435 0.0047766 -0.00853215
31.2087 3.47241 -0.00300941 0.00578653 -0.00916023
31.5679 3.47478 -0.0033448 0.00664362 -0.00976272
31.2087 3.61416 -0.00284516 0.00584099 -0.00915176
31.568 3.61663 -0.00354206 0.00644522 -0.00968239
30.4902 3.75033 -0.00137722 0.00367763 -0.00814054
30.8495 3.75319 -0.00211974 0.0046205 -0.00856182
30.4902 3.89187 -0.00137577 0.00359574 -0.00808704
30.8495 3.89484 -0.00193802 0.00454022 -0.00846666
31.2087 3.75591 -0.00277867 0.00565598 -0.00894531
31.568 3.75847 -0.00311066 0.0066362 -0.00982263
31.2087 3.89766 -0.00265486 0.00567938 -0.00905924
31.568 3.90032 -0.00297854 0.0066463 -0.00974114
29.0533 4.01948 0.000720722 -0.000285674 -0.00717565
29.4126 4.0232 0.000276464 0.000580665 -0.00743228
29.0533 4.16053 0.000730993 -0.000289983 -0.00702134
29.4126 4.16438 0.000301496 0.000500104 -0.00726802
29.7718 4.02676 -0.000274568 0.00154246 -0.00764889
30.131 4.03016 -0.000820614 0.00254924 -0.00788057
29.7718 4.16806 -0.000206397 0.00146444 -0.00754861
30.131 4.17159 -0.000786338 0.00247136 -0.00777599
29.0533 4.30157 0.000762758 -0.000322257 -0.00691353
29.4125 4.30556 0.000370591 0.00043508 -0.00713666
29.0533 4.44262 0.000816746 -0.000292975 -0.00677608
29.4125 4.44673 0.000417422 0.000386831 -0.00700715
29.7718 4.30937 -0.000114848 0.00137826 -0.00744517
30.131 4.31301 -0.000680129 0.00241879 -0.00771315
29.7718 4.45068 -9.43573e-05 0.00124429 -0.00728728
30.131 4.45444 -0.000644228 0.00229974 -0.00756778
30.4902 4.03341 -0.00132801 0.00349452 -0.00808983
30.8495 4.0365 -0.00200648 0.00441339 -0.00834466
30.4902 4.17495 -0.0013112 0.0034044 -0.00803586
30.8495 4.17815 -0.00181156 0.00442597 -0.00828689
31.2087 4.03942 -0.0028387 0.00530595 -0.00890612
31.568 4.04218 -0.0031642 0.00648405 -0.00948446
31.2087 4.18118 -0.00264019 0.00522658 -0.00881953
31.568 4.18404 -0.00302761 0.00628865 -0.00953586
30.4902 4.31649 -0.00125264 0.00334721 -0.00794939
30.8495 4.31979 -0.00173378 0.0043588 -0.00822098
30.4902 4.45803 -0.00122814 0.00328938 -0.00776611
30.8495 4.46145 -0.00165953 0.00429376 -0.00803227
31.2087 4.32293 -0.00253872 0.00511777 -0.00872046
31.568 4.32589 -0.00291509 0.00612562 -0.00936465
31.2087 4.46469 -0.00233942 0.00498869 -0.00856101
31.568 4.46775 -0.002863 0.00591877 -0.0091547
31.9271 2.34151 -0.00355604 0.00649754 -0.00942921
32.2862 2.34291 -0.00380289 0.00690137 -0.00992391
31.9271 2.48345 -0.00366904 0.006632 -0.00958965
32.2862 2.48493 -0.00392327 0.00701231 -0.0100558
32.6453 2.34421 -0.00393349 0.00696205 -0.0102427
33.0043 2.34542 -0.00379772 0.0067414 -0.0104436
32.6453 2.48632 -0.0039714 0.00708329 -0.0104063
33.0044 2.48761 -0.00387487 0.00684018 -0.0106648
31.9271 2.62539 -0.00368939 0.0067589 -0.00974619
32.2862 2.62696 -0.0039625 0.00712787 -0.0101785
31.9271 2.76732 -0.00371974 0.00688212 -0.00987134
32.2862 2.76898 -0.00396637 0.00722696 -0.0103007
32.6453 2.62843 -0.00404884 0.00719403 -0.0105507
33.0044 2.62979 -0.00391338 0.00692138 -0.0108517
32.6453 2.77053 -0.0040197 0.00734157 -0.0106958
33.0045 2.77198 -0.0038718 0.00708367 -0.0109853
33.3634 2.34654 -0.00362779 0.00644625 -0.0106773
33.7225 2.34758 -0.00363734 0.00624651 -0.0108263
33.3635 2.4888 -0.00373925 0.0064935 -0.0108613
33.7225 2.4899 -0.00376493 0.00626159 -0.0110519
34.0815 2.34851 -0.00366539 0.0062781 -0.010984
34.4406 2.34936 -0.00377663 0.00643944 -0.0111349
34.0816 2.49089 -0.00378646 0.00618015 -0.0111678
34.4407 2.49179 -0.00377537 0.00650207 -0.0113692
33.3635 2.63105 -0.00375346 0.0066158 -0.0110386
33.7226 2.63221 -0.00350705 0.00641439 -0.0112639
33.3636 2.77331 -0.00371554 0.00674368 -0.0112521
33.7227 2.77454 -0.00369069 0.00644934 -0.0113763
34.0817 2.63327 -0.00359965 0.00634892 -0.0114291
34.4407 2.63422 -0.00377372 0.00647045 -0.0116644
34.0818 2.77565 -0.00367642 0.00636507 -0.0116659
34.4408 2.77666 -0.00374033 0.00650798 -0.0118078
31.9271 2.90926 -0.00364418 0.00698735 -0.00995873
32.2862 2.91101 -0.00391531 0.00733192 -0.0104351
31.9271 3.05119 -0.00368201 0.00708258 -0.0100221
32.2863 3.05303 -0.00387192 0.00746359 -0.010607
32.6454 2.91264 -0.00401891 0.00742187 -0.0108643
33.0045 2.91417 -0.00393028 0.0071766 -0.0111687
32.6454 3.05476 -0.00407231 0.00752116 -0.0109595
33.0045 3.05636 -0.00405215 0.00721829 -0.0112307
31.9271 3.19313 -0.00364653 0.00715649 -0.0100805
32.2863 3.19507 -0.00399538 0.0074577 -0.0105818
31.9271 3.33507 -0.00365999 0.0071411 -0.0101516
32.2863 3.3371 -0.00395039 0.00751336 -0.0106985
32.6455 3.19687 -0.00400221 0.0076228 -0.0111055
33.0046 3.19855 -0.00392391 0.00743932 -0.0114129
32.6455 3.33899 -0.00419372 0.00750311 -0.011178
33.0046 3.34074 -0.00401355 0.00736251 -0.0115075
33.3636 2.91557 -0.00379496 0.006806 -0.011388
33.7227 2.91687 -0.00374192 0.00648689 -0.0115454
33.3637 3.05784 -0.00364219 0.00700481 -0.011575
33.7228 3.05919 -0.00355647 0.0067426 -0.0117441
34.0818 2.91804 -0.00367546 0.00645929 -0.011823
34.4409 2.9191 -0.00367568 0.00659512 -0.0120353
34.0819 3.06043 -0.00369363 0.00656881 -0.0120127
34.441 3.06154 -0.00382092 0.00667721 -0.0122207
33.3637 3.2001 -0.00382068 0.0070676 -0.0115546
33.7229 3.20153 -0.00369022 0.00679741 -0.0119411
33.3638 3.34237 -0.00402682 0.00703037 -0.011701
33.7229 3.34386 -0.00408417 0.00666247 -0.0120338
34.082 3.20283 -0.00371521 0.00668012 -0.0121705
34.4411 3.20399 -0.00406249 0.00672368 -0.0122801
34.0821 3.34522 -0.00385351 0.00669649 -0.0123397
34.4412 3.34645 -0.00433692 0.00674218 -0.0124853
34.7996 2.35011 -0.0039389 0.00688033 -0.0114373
35.1585 2.35076 -0.00474756 0.00717545 -0.011692
34.7997 2.49259 -0.00395877 0.00716783 -0.0116652
35.1587 2.49329 -0.00438827 0.00737617 -0.0118338
35.5177 2.35133 -0.00492325 0.00781647 -0.0119475
35.8768 2.3518 -0.00561264 0.00852248 -0.0121646
35.5178 2.4939 -0.00492727 0.00794347 -0.0121234
35.8769 2.4944 -0.00566779 0.00864452 -0.0122521
34.7998 2.63507 -0.00417796 0.00684961 -0.0116621
35.1588 2.63582 -0.00448876 0.00736276 -0.0120592
34.7999 2.77756 -0.00421121 0.00688707 -0.0120604
35.1589 2.77835 -0.00454502 0.00747567 -0.0122122
35.5179 2.63647 -0.00497925 0.00807788 -0.0122373
35.877 2.637 -0.00560749 0.00882519 -0.0123673
35.518 2.77904 -0.00501693 0.00819474 -0.0123706
35.8772 2.77961 -0.00573167 0.00903298 -0.0124753
36.2359 2.35218 -0.00608528 0.00945512 -0.012055
36.5951 2.35246 -0.00663983 0.0104146 -0.0118967
36.2361 2.49481 -0.00609163 0.00972425 -0.0122343
36.5952 2.49511 -0.00680287 0.0106102 -0.0123274
36.9542 2.35266 -0.00760617 0.0108969 -0.0121937
37.3133 2.35276 -0.00828355 0.0116458 -0.0121627
36.9543 2.49533 -0.00765418 0.011131 -0.0124485
37.3135 2.49544 -0.00833659 0.0117299 -0.012187
36.2362 2.63744 -0.00604875 0.00989544 -0.0123939
36.5953 2.63777 -0.0067064 0.0108068 -0.0124367
36.2363 2.78007 -0.00641811 0.00982708 -0.0124106
36.5955 2.78043 -0.00716772 0.0107378 -0.0124416
36.9545 2.63801 -0.00771967 0.0114632 -0.0125222
37.3136 2.63813 -0.0083295 0.0118866 -0.0122294
36.9546 2.78068 -0.00803361 0.0113348 -0.0122214
37.3138 2.78081 -0.00853122 0.0119045 -0.0123517
34.8 2.92005 -0.0044098 0.00669712 -0.0123338
35.159 2.92089 -0.00514426 0.00709071 -0.0123189
34.8001 3.06254 -0.00403213 0.00713289 -0.0122771
35.1591 3.06342 -0.00526422 0.00716745 -0.0125069
35.5182 2.92161 -0.00514758 0.00833045 -0.0125503
35.8773 2.92222 -0.00585474 0.00919273 -0.0125191
35.5183 3.06418 -0.00526425 0.00852852 -0.0127074
35.8774 3.06482 -0.00597238 0.00936086 -0.0126138
34.8002 3.20503 -0.00333452 0.00763672 -0.0125924
35.1593 3.20596 -0.00448272 0.00795818 -0.0129186
34.8003 3.34754 -0.00412868 0.00736034 -0.0126925
35.1594 3.34851 -0.00484198 0.00791771 -0.0129158
35.5184 3.20676 -0.00541227 0.00870766 -0.0127878
35.8776 3.20743 -0.00607672 0.00949937 -0.0126593
35.5185 3.34934 -0.00555878 0.00884784 -0.0126527
35.8777 3.35004 -0.00619148 0.00972525 -0.0126288
36.2365 2.92271 -0.00656069 0.010005 -0.0124532
36.5956 2.92309 -0.0070834 0.0109424 -0.0125605
36.2366 3.06534 -0.00666296 0.0101859 -0.0125288
36.5958 3.06574 -0.00726907 0.0109675 -0.012634
36.9548 2.92335 -0.00788053 0.0115194 -0.0121677
37.3139 2.9235 -0.00875998 0.0118979 -0.0124487
36.955 3.06602 -0.00764035 0.0118401 -0.0124707
37.3141 3.06618 -0.0084582 0.0123891 -0.0126467
36.2368 3.20798 -0.00666984 0.010403 -0.0126079
36.5959 3.2084 -0.00740219 0.0110511 -0.0125752
36.2369 3.35061 -0.00672784 0.0105552 -0.0126361
36.5961 3.35105 -0.00747598 0.0111929 -0.0125748
36.9551 3.20869 -0.00803762 0.0117321 -0.0125644
37.3143 3.20886 -0.00849576 0.0125442 -0.0126059
36.9553 3.35135 -0.00814906 0.0118253 -0.0125505
37.3144 3.35153 -0.00860843 0.0126568 -0.01249
31.9272 3.47702 -0.00364939 0.00715669 -0.0102407
32.2863 3.47913 -0.00383988 0.00757885 -0.0108332
31.9272 3.61896 -0.00384577 0.00704504 -0.010289
32.2864 3.62115 -0.00384222 0.00761316 -0.0108773
32.6455 3.4811 -0.00402193 0.0075787 -0.0112823
33.0047 3.48293 -0.00416471 0.00736605 -0.0115631
32.6456 3.6232 -0.00409582 0.00753518 -0.0112329
33.0047 3.62511 -0.00422352 0.00734552 -0.0117134
31.9272 3.76089 -0.00370487 0.00712 -0.0104233
32.2864 3.76318 -0.00391595 0.00762361 -0.0108408
31.9272 3.90284 -0.00353212 0.00707843 -0.010423
32.2864 3.90521 -0.00419488 0.00733025 -0.0108477
32.6456 3.76531 -0.0040231 0.00777905 -0.0113329
33.0047 3.76729 -0.00468566 0.00726188 -0.0117387
32.6456 3.90743 -0.00395218 0.00774372 -0.011558
33.0047 3.90948 -0.0042079 0.00796092 -0.011741
33.3638 3.48462 -0.00358147 0.0073546 -0.0118703
33.723 3.48618 -0.00351435 0.00717614 -0.0122126
33.3639 3.62687 -0.00405864 0.00725867 -0.0119863
33.7231 3.62849 -0.00408699 0.00687337 -0.0121932
34.0821 3.4876 -0.00374593 0.00695288 -0.0125035
34.4412 3.48888 -0.00414148 0.00703086 -0.0127717
34.0822 3.62996 -0.00342572 0.00722764 -0.0127151
34.4413 3.63129 -0.00398771 0.00739473 -0.0127927
33.3639 3.76912 -0.00362073 0.00734983 -0.0120465
33.7231 3.7708 -0.00329503 0.00741002 -0.0123409
33.364 3.91137 -0.00352637 0.00769138 -0.0121551
33.7232 3.91312 -0.00364257 0.0073531 -0.0124087
34.0822 3.77233 -0.00375723 0.00740605 -0.0125431
34.4414 3.77371 -0.00403422 0.00725848 -0.0128604
34.0823 3.91471 -0.00378888 0.00748825 -0.012436
34.4415 3.91615 -0.00397988 0.00767744 -0.0129256
31.9272 4.04479 -0.0032167 0.0071679 -0.0103734
32.2865 4.04724 -0.0036784 0.00767761 -0.0108283
31.9272 4.18674 -0.00342804 0.00700705 -0.0101474
32.2865 4.18928 -0.0033046 0.00767555 -0.0112291
32.6456 4.04954 -0.00398025 0.00791829 -0.0111867
33.0048 4.05166 -0.0043043 0.00751886 -0.0116321
32.6456 4.19164 -0.00304019 0.00813708 -0.0112292
33.0049 4.19384 -0.00321851 0.00775947 -0.0117733
31.9273 4.32869 -0.00324948 0.00673976 -0.0101766
32.2865 4.33132 -0.00367362 0.00740689 -0.0106711
31.9273 4.47064 -0.00299576 0.00669471 -0.00999152
32.2865 4.47335 -0.00351779 0.0072203 -0.0104626
32.6457 4.33376 -0.00375489 0.00773685 -0.0113446
33.0049 4.33604 -0.00392674 0.00788091 -0.0117321
32.6457 4.47589 -0.00415382 0.00760261 -0.010948
33.0049 4.47825 -0.00451345 0.00761142 -0.0112824
33.364 4.05363 -0.00397061 0.00740282 -0.0120125
33.7232 4.05545 -0.00390713 0.00734761 -0.0123843
33.3641 4.1959 -0.0041774 0.00749959 -0.0118732
33.7233 4.19778 -0.00458127 0.0071998 -0.0119367
34.0824 4.05709 -0.00421812 0.0074337 -0.0122323
34.4416 4.05858 -0.00431084 0.00787409 -0.0121006
34.0825 4.19948 -0.00418164 0.00758068 -0.0121452
34.4417 4.20102 -0.0044736 0.0080506 -0.0120431
33.3642 4.33816 -0.00307716 0.00818431 -0.0118486
33.7233 4.3401 -0.0036355 0.00808809 -0.0119307
33.3642 4.48043 -0.0038114 0.00801631 -0.0117391
33.7234 4.48244 -0.0039812 0.00790943 -0.01168
34.0826 4.34187 -0.00428694 0.00787718 -0.0119835
34.4418 4.34347 -0.00466033 0.00839211 -0.0117128
34.0826 4.48427 -0.00438666 0.00812153 -0.0117587
34.4419 4.48592 -0.00483755 0.00862823 -0.011344
34.8004 3.49002 -0.00390671 0.0077346 -0.012804
35.1595 3.49103 -0.00472151 0.0083068 -0.0128105
34.8005 3.63248 -0.00435125 0.00775072 -0.0127987
35.1597 3.63354 -0.0051021 0.00845512 -0.0126521
35.5187 3.4919 -0.00561379 0.00907896 -0.0126331
35.8779 3.49264 -0.00629673 0.00983978 -0.0125107
35.5188 3.63446 -0.0058217 0.00922387 -0.0124676
35.878 3.63522 -0.00640401 0.0100029 -0.0123156
34.8006 3.77495 -0.00437386 0.00809537 -0.0126781
35.1598 3.77605 -0.00506368 0.00900708 -0.0124559
34.8007 3.91743 -0.00459448 0.00820062 -0.012481
35.1599 3.91858 -0.00524119 0.00903288 -0.0121805
35.519 3.77701 -0.00576968 0.00954545 -0.012279
35.8781 3.77781 -0.00646517 0.0101602 -0.0120488
35.5191 3.91957 -0.00597471 0.0096333 -0.0120045
35.8783 3.9204 -0.00662922 0.0102503 -0.0117224
36.2371 3.49323 -0.00673417 0.0107065 -0.012498
36.5963 3.49369 -0.00759684 0.0113047 -0.0124742
36.2372 3.63585 -0.00675342 0.0109115 -0.0121705
36.5964 3.63633 -0.00745283 0.011612 -0.0123177
36.9554 3.49401 -0.00831333 0.0118921 -0.0124912
37.3146 3.49419 -0.00859973 0.0128367 -0.0123992
36.9556 3.63666 -0.00832902 0.0120808 -0.0123741
37.3147 3.63685 -0.00875647 0.0129048 -0.0122776
36.2374 3.77846 -0.00692531 0.0109918 -0.011999
36.5966 3.77896 -0.00756303 0.0117657 -0.0120624
36.2375 3.92108 -0.00705204 0.0110535 -0.0116899
36.5967 3.9216 -0.00762258 0.0117493 -0.0117174
36.9557 3.77932 -0.00830621 0.0122685 -0.0121339
37.3149 3.77952 -0.00890742 0.0129959 -0.0121253
36.9559 3.92197 -0.00841471 0.0123378 -0.0119162
37.315 3.92218 -0.00902583 0.0131085 -0.0118383
34.8009 4.05992 -0.00475508 0.00841074 -0.0121434
35.16 4.0611 -0.00539096 0.00919153 -0.0118739
34.801 4.20241 -0.00492799 0.00863774 -0.0118105
35.1602 4.20363 -0.00546675 0.00943309 -0.0115284
35.5192 4.06213 -0.0060532 0.00974993 -0.0116896
35.8784 4.06299 -0.00674616 0.0104059 -0.0114664
35.5194 4.2047 -0.00624527 0.0100349 -0.0111845
35.8786 4.20558 -0.00699998 0.0105875 -0.0111829
34.8011 4.3449 -0.00509652 0.00887715 -0.0114272
35.1603 4.34617 -0.00557967 0.00966964 -0.0114024
34.8012 4.4874 -0.00526045 0.00912573 -0.0110816
35.1604 4.4887 -0.00570346 0.00978967 -0.0108572
35.5195 4.34726 -0.00620219 0.0103823 -0.0108864
35.8787 4.34817 -0.00693422 0.0108725 -0.0108854
35.5196 4.48982 -0.00642428 0.0104906 -0.0106747
35.8789 4.49077 -0.00704242 0.010998 -0.0104755
36.2377 4.06369 -0.00712518 0.0111468 -0.0113681
36.5969 4.06424 -0.00778321 0.0117626 -0.0113225
36.2378 4.20631 -0.0070738 0.0113209 -0.0110344
36.597 4.20687 -0.00756811 0.0120261 -0.0111225
36.956 4.06462 -0.00861218 0.0123789 -0.0115019
37.3152 4.06484 -0.00918971 0.0130667 -0.011391
36.9562 4.20727 -0.00826794 0.0127574 -0.0111545
37.3154 4.2075 -0.00921549 0.013241 -0.0110699
36.238 4.34893 -0.00716714 0.0113987 -0.0106642
36.5972 4.34951 -0.00782768 0.0119881 -0.0106514
36.2381 4.49154 -0.00726627 0.0114866 -0.0102648
36.5973 4.49214 -0.0079957 0.0119662 -0.0102283
36.9564 4.34992 -0.00830316 0.0126852 -0.0105624
37.3155 4.35015 -0.00934838 0.0131938 -0.010611
36.9565 4.49255 -0.00822324 0.0127821 -0.00989802
37.3157 4.4928 -0.00943466 0.0131448 -0.0102107
