37.6703 -2.20931 -0.0105461 0.0126667 -0.0116451
38.0293 -2.20925 -0.0119542 0.0146983 -0.0123721
37.6703 -2.06672 -0.0105771 0.0126714 -0.0118182
38.0292 -2.06667 -0.012273 0.0145396 -0.0122908
38.3882 -2.20911 -0.0137461 0.0162819 -0.0126715
38.7472 -2.20888 -0.0150275 0.0175425 -0.012881
38.3882 -2.06654 -0.0139402 0.0161798 -0.0126458
38.7472 -2.06632 -0.0150458 0.0174555 -0.0129437
37.6702 -1.92414 -0.0106599 0.0126196 -0.0117805
38.0292 -1.92409 -0.0121177 0.0146149 -0.0122419
37.6702 -1.78156 -0.0107083 0.0125495 -0.0117251
38.0291 -1.78152 -0.0119284 0.0146249 -0.0123574
38.3881 -1.92397 -0.0137714 0.0161666 -0.0126562
38.7472 -1.92377 -0.0148812 0.017489 -0.0130667
38.3881 -1.7814 -0.0135343 0.0162472 -0.012829
38.7471 -1.78121 -0.0147877 0.0174617 -0.0131424
39.1063 -2.20856 -0.0157195 0.018415 -0.0129695
39.4654 -2.20815 -0.0160505 0.0186069 -0.0128813
39.1063 -2.06602 -0.0156857 0.0183405 -0.0131055
39.4654 -2.06564 -0.0159832 0.0185526 -0.0130376
39.8245 -2.20765 -0.0160193 0.0182788 -0.01273
40.1836 -2.20707 -0.0160141 0.0180795 -0.0127058
39.8245 -2.06518 -0.0159098 0.0182796 -0.0128866
40.1836 -2.06463 -0.0159203 0.0181188 -0.0128797
39.1062 -1.92349 -0.0156067 0.018279 -0.0132278
39.4653 -1.92313 -0.0159355 0.0185183 -0.0132157
39.1062 -1.78095 -0.0155425 0.0182175 -0.0133494
39.4653 -1.78063 -0.0159139 0.0184938 -0.0133774
39.8244 -1.9227 -0.0158646 0.0182934 -0.0130615
40.1835 -1.92219 -0.0158643 0.0181656 -0.0130637
39.8244 -1.78023 -0.0158749 0.0183368 -0.0132317
40.1835 -1.77976 -0.0158765 0.0182154 -0.0131922
37.6702 -1.63899 -0.010734 0.0125672 -0.0118459
38.0291 -1.63895 -0.0120715 0.0143871 -0.0123026
37.6701 -1.49642 -0.0105407 0.0127078 -0.0117911
38.0291 -1.49638 -0.0121068 0.0142416 -0.0122803
38.3881 -1.63884 -0.0134488 0.0161589 -0.0127831
38.7471 -1.63866 -0.0146953 0.017393 -0.0131856
38.388 -1.49628 -0.0133227 0.0161131 -0.0128645
38.7471 -1.49611 -0.0146218 0.0173322 -0.0132394
37.6701 -1.35385 -0.0104119 0.0128282 -0.0118185
38.029 -1.35381 -0.0121944 0.0142058 -0.0122884
37.6701 -1.21127 -0.0103722 0.0128685 -0.0117703
38.029 -1.21124 -0.0120972 0.0141009 -0.0122407
38.388 -1.35371 -0.0133616 0.0160245 -0.0127269
38.747 -1.35356 -0.0146828 0.0170819 -0.0132003
38.388 -1.21115 -0.0130181 0.0160356 -0.0127783
38.747 -1.21102 -0.0143273 0.017306 -0.0133576
39.1062 -1.63842 -0.0154383 0.018203 -0.0134662
39.4652 -1.63812 -0.0158878 0.0185157 -0.0135144
39.1061 -1.49589 -0.0153895 0.0181421 -0.0135261
39.4652 -1.49562 -0.0159065 0.0185475 -0.0136062
39.8243 -1.63775 -0.015941 0.0184438 -0.0133866
40.1835 -1.63732 -0.0159364 0.0183051 -0.013274
39.8243 -1.49528 -0.0160411 0.0186003 -0.0135117
40.1834 -1.49488 -0.0160468 0.0184555 -0.0133372
39.1061 -1.35336 -0.0153284 0.0181367 -0.0135718
39.4652 -1.35311 -0.0159276 0.018586 -0.0136561
39.1061 -1.21084 -0.0152685 0.0181228 -0.0135337
39.4651 -1.21061 -0.0159104 0.0186679 -0.0136987
39.8243 -1.35281 -0.0161736 0.018772 -0.0135989
40.1834 -1.35245 -0.016202 0.018653 -0.0133662
39.8242 -1.21033 -0.0162804 0.0189728 -0.0136224
40.1833 -1.21001 -0.0163663 0.0188876 -0.0133552
40.5428 -2.2064 -0.0160135 0.0177511 -0.012773
40.902 -2.20564 -0.0155932 0.0170661 -0.0123785
40.5427 -2.064 -0.0160461 0.0177998 -0.0129318
40.902 -2.06328 -0.0156606 0.0173418 -0.0126056
41.2612 -2.20479 -0.0163708 0.0157342 -0.0119014
41.6207 -2.20384 -0.017323 0.0157746 -0.0120391
41.2612 -2.06247 -0.0159984 0.0161158 -0.0122161
41.6207 -2.06158 -0.0171842 0.0157511 -0.0122438
40.5427 -1.9216 -0.0160339 0.0178954 -0.0130852
40.902 -1.92093 -0.0157845 0.0175386 -0.012846
40.5427 -1.77921 -0.0160631 0.0179898 -0.0132168
40.9019 -1.77859 -0.0158938 0.0176791 -0.0130744
41.2613 -1.92017 -0.0157423 0.0164191 -0.01234
41.6206 -1.91933 -0.0174394 0.0152292 -0.0122736
41.2613 -1.7779 -0.0154564 0.0169593 -0.0126395
41.6206 -1.77713 -0.0168452 0.0156573 -0.0128397
41.9803 -2.20282 -0.015922 0.0157182 -0.0123884
42.34 -2.20172 -0.0154929 0.015616 -0.0130516
41.9803 -2.06062 -0.0160389 0.015881 -0.0127248
42.3399 -2.05959 -0.0154767 0.0155338 -0.0132256
42.6998 -2.20053 -0.015376 0.015301 -0.0137802
43.0596 -2.19925 -0.0147037 0.0145398 -0.0151683
42.6997 -2.05848 -0.0153946 0.0151964 -0.014358
43.0595 -2.05729 -0.0147286 0.0145682 -0.0155879
41.9802 -1.91844 -0.0165378 0.0156253 -0.0127977
42.3398 -1.91748 -0.0155045 0.0155895 -0.0137413
41.9801 -1.77629 -0.0169704 0.0154834 -0.0129482
42.3398 -1.77539 -0.0158315 0.0153799 -0.0139593
42.6996 -1.91645 -0.0153711 0.0152112 -0.0147382
43.0594 -1.91534 -0.0146785 0.0145455 -0.0162905
42.6995 -1.77443 -0.0154736 0.0150246 -0.0152347
43.0593 -1.77339 -0.0148162 0.0145683 -0.0168936
40.5426 -1.63682 -0.0160839 0.018119 -0.0132903
40.9019 -1.63624 -0.015958 0.0178117 -0.0132191
40.5426 -1.49442 -0.0161246 0.0182562 -0.0132877
40.9019 -1.49389 -0.0160229 0.0179189 -0.0132778
41.2613 -1.63561 -0.0155966 0.0171575 -0.0129412
41.6206 -1.6349 -0.0164727 0.0159884 -0.0129835
41.2613 -1.4933 -0.0157005 0.0173413 -0.0131892
41.6206 -1.49265 -0.016081 0.016397 -0.0132151
40.5426 -1.35203 -0.0161832 0.0184013 -0.0132371
40.9019 -1.35155 -0.0160773 0.0180153 -0.0132415
40.5426 -1.20964 -0.0162631 0.0185565 -0.0131486
40.9019 -1.20921 -0.0161339 0.0181235 -0.0131606
41.2612 -1.35102 -0.0157967 0.0174701 -0.0133751
41.6206 -1.35043 -0.015706 0.0169105 -0.0135053
41.2612 -1.20874 -0.0158693 0.0175778 -0.0134299
41.6206 -1.20822 -0.0156604 0.0171658 -0.0137651
41.9801 -1.63412 -0.0171666 0.0154647 -0.0134088
42.3397 -1.6333 -0.0159453 0.0154763 -0.0142924
41.98 -1.49194 -0.0173343 0.0153305 -0.013731
42.3396 -1.49119 -0.0163319 0.0152141 -0.0146802
42.6994 -1.63241 -0.0154901 0.0150289 -0.0157884
43.0593 -1.63145 -0.0149574 0.0145204 -0.0174813
42.6993 -1.49038 -0.0156426 0.0148936 -0.0162566
43.0592 -1.48952 -0.0149432 0.0146562 -0.0180508
41.98 -1.34979 -0.0170597 0.0156827 -0.0142749
42.3395 -1.34911 -0.0165563 0.0151664 -0.0151564
41.9799 -1.20765 -0.0166243 0.0160992 -0.0146678
42.3395 -1.20703 -0.0168456 0.0150551 -0.0157126
42.6993 -1.34837 -0.0157677 0.0148792 -0.0168067
43.0591 -1.34759 -0.0150746 0.0146283 -0.0185724
42.6992 -1.20638 -0.0158297 0.0149205 -0.0173628
43.059 -1.20567 -0.0151957 0.0147273 -0.0191349
37.6701 -1.06872 -0.0101777 0.0129361 -0.0117506
38.029 -1.06869 -0.0118263 0.0142605 -0.0121523
37.67 -0.926193 -0.0100123 0.0129932 -0.0115602
38.0289 -0.926168 -0.0115707 0.0143591 -0.0121319
38.3879 -1.06861 -0.0132653 0.0157821 -0.0127325
38.747 -1.0685 -0.0143313 0.017177 -0.0132682
38.3879 -0.926106 -0.0129682 0.015764 -0.0126862
38.7469 -0.926009 -0.014311 0.0170704 -0.0131393
37.67 -0.783654 -0.0101745 0.0127186 -0.0113102
38.0289 -0.783641 -0.0114455 0.0142491 -0.0120503
37.67 -0.641124 -0.0102946 0.0124783 -0.0111073
38.0289 -0.641119 -0.011142 0.0143075 -0.0118599
38.3878 -0.783595 -0.0129213 0.0156162 -0.0125255
38.7468 -0.783521 -0.0142068 0.0170138 -0.0130877
38.3878 -0.641088 -0.0128621 0.015461 -0.0123894
38.7467 -0.641034 -0.0140828 0.0169879 -0.0130189
39.106 -1.06834 -0.0151922 0.0181324 -0.0135113
39.4651 -1.06814 -0.015905 0.0187544 -0.0136787
39.1059 -0.925877 -0.0152318 0.0180669 -0.0134935
39.465 -0.925708 -0.0159437 0.0187917 -0.0136679
39.8242 -1.0679 -0.0163957 0.0191435 -0.0136063
40.1833 -1.06761 -0.0165243 0.0191241 -0.0133257
39.8241 -0.925502 -0.0165008 0.0192956 -0.0135894
40.1833 -0.92526 -0.0166729 0.0193292 -0.0133141
39.1059 -0.783414 -0.0151704 0.0180686 -0.01346
39.465 -0.783277 -0.0159659 0.0188654 -0.0136277
39.1058 -0.640953 -0.0150854 0.0180825 -0.0134314
39.4649 -0.640847 -0.0159381 0.0189334 -0.0136586
39.8241 -0.783108 -0.01658 0.0194142 -0.0135915
40.1832 -0.782908 -0.0167933 0.0195052 -0.0133494
39.824 -0.640715 -0.0165356 0.0195873 -0.0136805
40.1832 -0.640557 -0.0168663 0.0196523 -0.0134362
37.6699 -0.498607 -0.010631 0.0121391 -0.0107722
38.0288 -0.498619 -0.0111376 0.0142228 -0.0114517
37.6698 -0.356112 -0.0106297 0.0118889 -0.0106704
38.0287 -0.356134 -0.0109926 0.0139987 -0.0114027
38.3877 -0.498606 -0.0125532 0.0155339 -0.0123974
38.7467 -0.498569 -0.0139326 0.0169389 -0.01291
38.3876 -0.356137 -0.0123426 0.0154992 -0.0122049
38.7466 -0.356121 -0.0137089 0.0169193 -0.0128302
37.6698 -0.213644 -0.0108788 0.0114472 -0.0105119
38.0286 -0.213666 -0.0111245 0.0137011 -0.0113661
37.6697 -0.0712102 -0.010795 0.0114215 -0.0105929
38.0285 -0.0712208 -0.0111333 0.0134772 -0.0112065
38.3875 -0.213676 -0.0121644 0.0154015 -0.011986
38.7465 -0.213672 -0.0135873 0.0167762 -0.0127701
38.3874 -0.0712254 -0.0121252 0.0150981 -0.0118667
38.7464 -0.0712244 -0.0134583 0.0166108 -0.0126737
39.1057 -0.49851 -0.0149801 0.0180669 -0.0134366
39.4648 -0.498428 -0.0160057 0.018919 -0.0137261
39.1057 -0.356083 -0.0147475 0.0181294 -0.0134225
39.4648 -0.356023 -0.0159108 0.0189867 -0.0138455
39.824 -0.498328 -0.0165653 0.0196594 -0.0138201
40.1831 -0.498209 -0.0169131 0.0197473 -0.0136067
39.8239 -0.35595 -0.0166093 0.0196246 -0.0139964
40.1831 -0.355864 -0.0169019 0.0198035 -0.0138913
39.1056 -0.213652 -0.0146203 0.0180358 -0.0134849
39.4647 -0.213616 -0.0156232 0.0190713 -0.0141046
39.1055 -0.0712167 -0.0146155 0.0177761 -0.0135534
39.4647 -0.0712045 -0.0156494 0.0187858 -0.014276
39.8239 -0.213571 -0.016504 0.0196037 -0.0143053
40.1831 -0.213519 -0.0168392 0.019797 -0.0142646
39.8238 -0.0711906 -0.0163562 0.0194848 -0.0147348
40.183 -0.0711732 -0.0167097 0.0197129 -0.0147245
40.5425 -1.06729 -0.016366 0.0187368 -0.0130415
40.9019 -1.06691 -0.0162204 0.0182666 -0.0130318
40.5425 -0.924975 -0.0165027 0.0189388 -0.0129739
40.9018 -0.924647 -0.0163239 0.0184541 -0.0129032
41.2612 -1.0665 -0.0159623 0.0176967 -0.0133753
41.6206 -1.06604 -0.0157376 0.0172894 -0.0138911
41.2612 -0.924283 -0.0160523 0.0178706 -0.0132719
41.6205 -0.923882 -0.0158142 0.0174156 -0.01395
40.5425 -0.782667 -0.0166505 0.0191451 -0.012973
40.9018 -0.782384 -0.0164539 0.0186569 -0.0128412
40.5424 -0.640359 -0.016788 0.0193377 -0.0130503
40.9018 -0.640121 -0.0166005 0.0188637 -0.0128629
41.2612 -0.78207 -0.0161845 0.0180654 -0.013209
41.6205 -0.781725 -0.0159197 0.0175634 -0.0139519
41.2611 -0.639857 -0.0163364 0.0182904 -0.0132022
41.6205 -0.639568 -0.0160687 0.0177614 -0.0139883
41.9799 -1.06553 -0.0161962 0.0165807 -0.0148611
42.3394 -1.06498 -0.0171998 0.0151161 -0.0162847
41.9799 -0.923439 -0.0158329 0.0170788 -0.0150685
42.3394 -0.922952 -0.0170582 0.0155739 -0.0169313
42.6991 -1.06439 -0.0162486 0.0147888 -0.0178898
43.0589 -1.06377 -0.0154041 0.0147907 -0.0196844
42.699 -0.922433 -0.0167184 0.0145654 -0.0184243
43.0589 -0.921885 -0.015607 0.0147738 -0.0203124
41.9799 -0.781345 -0.015853 0.0172758 -0.0152432
42.3394 -0.780927 -0.0167323 0.0161743 -0.0173473
41.9799 -0.639251 -0.0159007 0.0174689 -0.0153787
42.3394 -0.638904 -0.0163609 0.0168507 -0.0176549
42.699 -0.780481 -0.0173528 0.0146359 -0.0191203
43.0588 -0.780011 -0.0160075 0.0148828 -0.0210691
42.6989 -0.638533 -0.0177536 0.0150032 -0.0199737
43.0587 -0.638143 -0.0168534 0.0146753 -0.0217369
40.5424 -0.498055 -0.0168931 0.0194984 -0.0132092
40.9018 -0.497866 -0.0167456 0.0190697 -0.0129746
40.5424 -0.355753 -0.0169358 0.0196201 -0.0134686
40.9017 -0.355618 -0.0168588 0.0192609 -0.0132097
41.2611 -0.497657 -0.0165003 0.0185336 -0.0132988
41.6205 -0.497429 -0.0162397 0.0180182 -0.0141013
41.2611 -0.355469 -0.016666 0.0187731 -0.0135342
41.6205 -0.355306 -0.0164445 0.0183121 -0.0143587
40.5423 -0.213452 -0.0169153 0.0196663 -0.0138573
40.9017 -0.213371 -0.0169218 0.0194118 -0.0135995
40.5423 -0.0711509 -0.016835 0.0196308 -0.0143706
40.9017 -0.0711239 -0.0169218 0.0194625 -0.0141333
41.2611 -0.213281 -0.0168074 0.0189883 -0.013929
41.6205 -0.213183 -0.0166609 0.0186075 -0.0147975
41.2611 -0.071094 -0.0168832 0.0191658 -0.0144861
41.6205 -0.071061 -0.0168593 0.0188838 -0.0154043
41.9799 -0.497179 -0.0160613 0.0176572 -0.0155677
42.3394 -0.496907 -0.0161668 0.0174004 -0.0180356
41.9799 -0.355123 -0.0162732 0.017917 -0.0158069
42.3394 -0.354921 -0.0163448 0.0176871 -0.0184596
42.6989 -0.496611 -0.0175641 0.0159975 -0.0208915
43.0586 -0.496294 -0.0175399 0.0148733 -0.0224189
42.6989 -0.3547 -0.017456 0.0167147 -0.0214182
43.0586 -0.354464 -0.0185542 0.0148156 -0.0234083
41.9799 -0.213072 -0.0165191 0.0182813 -0.0162337
42.3394 -0.212947 -0.0165597 0.0180663 -0.0189733
41.9799 -0.0710238 -0.016833 0.0186534 -0.0168487
42.3394 -0.0709822 -0.0168918 0.0185028 -0.0196021
42.6989 -0.21281 -0.0171073 0.0176928 -0.0221335
43.0585 -0.212662 -0.0185592 0.0159576 -0.0245234
42.6989 -0.0709354 -0.0172485 0.0183068 -0.0227683
43.0585 -0.070883 -0.0187237 0.0167531 -0.0251791
43.4194 -2.19788 -0.0137421 0.0131645 -0.0164114
43.7793 -2.19643 -0.0125427 0.0118462 -0.0173904
43.4193 -2.05601 -0.0137464 0.0132084 -0.0169754
43.7792 -2.05466 -0.0126003 0.0119318 -0.0179212
44.1392 -2.19489 -0.0115754 0.0106965 -0.0180436
44.4991 -2.19326 -0.0107541 0.00967573 -0.0184515
44.1391 -2.05323 -0.0115967 0.0107941 -0.0184826
44.499 -2.05171 -0.0107929 0.00978964 -0.0188553
43.4192 -1.91415 -0.0138128 0.0132956 -0.0176144
43.7791 -1.9129 -0.0127692 0.0119387 -0.0184282
43.4192 -1.77229 -0.013907 0.0134055 -0.0182468
43.779 -1.77114 -0.0130232 0.0120163 -0.0189888
44.139 -1.91156 -0.0116802 0.0108879 -0.0190346
44.4989 -1.91016 -0.0108536 0.00991733 -0.0192825
44.1389 -1.76991 -0.0119584 0.0108668 -0.0194658
44.4988 -1.76861 -0.0110937 0.00991477 -0.0197173
44.8591 -2.19155 -0.0100226 0.00882144 -0.018631
45.2191 -2.18974 -0.00923731 0.00803204 -0.0186182
44.859 -2.05011 -0.0100982 0.00894384 -0.0190074
45.2189 -2.04843 -0.00938867 0.00811548 -0.0189212
45.5791 -2.18785 -0.00829049 0.00703641 -0.0183468
45.9391 -2.18588 -0.00710658 0.00578234 -0.0178064
45.579 -2.04667 -0.00842346 0.00716708 -0.0186542
45.939 -2.04482 -0.00722838 0.0059588 -0.0181779
44.8589 -1.90868 -0.0101023 0.00914495 -0.0193629
45.2188 -1.90712 -0.00943081 0.00832253 -0.0192943
44.8587 -1.76724 -0.0103566 0.00914934 -0.0197192
45.2187 -1.7658 -0.00957641 0.00843677 -0.0196612
45.5789 -1.90548 -0.00853519 0.0072947 -0.019014
45.9389 -1.90377 -0.00735194 0.00605932 -0.0185018
45.5788 -1.7643 -0.00860527 0.00745626 -0.0193885
45.9388 -1.76272 -0.00737781 0.00628022 -0.0189137
43.4191 -1.63045 -0.0139366 0.0135529 -0.0188571
43.7789 -1.62939 -0.0128798 0.0124832 -0.0197375
43.419 -1.4886 -0.0143234 0.0135763 -0.0193397
43.7788 -1.48764 -0.0130619 0.0124693 -0.0202423
44.1388 -1.62826 -0.012117 0.0110745 -0.0200006
44.4987 -1.62707 -0.0112024 0.0101618 -0.0202349
44.1387 -1.48661 -0.0122036 0.011396 -0.0207031
44.4986 -1.48553 -0.011457 0.010334 -0.0206875
43.4189 -1.34676 -0.0143181 0.0138757 -0.0200414
43.7787 -1.3459 -0.0133663 0.0127232 -0.0208183
43.4189 -1.20493 -0.0144316 0.014122 -0.0206779
43.7787 -1.20416 -0.0134487 0.013145 -0.0215355
44.1386 -1.34497 -0.0123975 0.0116322 -0.0212525
44.4985 -1.344 -0.0116222 0.0106693 -0.0213109
44.1385 -1.20334 -0.0125314 0.0120455 -0.0218366
44.4984 -1.20247 -0.011743 0.0110437 -0.0219355
44.8586 -1.62582 -0.0105126 0.00934566 -0.0202146
45.2186 -1.6245 -0.00971934 0.00856231 -0.0200527
44.8585 -1.48439 -0.0107104 0.00952556 -0.0207157
45.2185 -1.48319 -0.00979914 0.0087939 -0.0204795
45.5787 -1.62311 -0.00876066 0.00758185 -0.0197564
45.9387 -1.62166 -0.00758729 0.00634183 -0.0192682
45.5786 -1.48193 -0.0087471 0.00783865 -0.0202151
45.9386 -1.48062 -0.00762352 0.00655237 -0.0196353
44.8584 -1.34297 -0.0109164 0.00982109 -0.0211449
45.2184 -1.34189 -0.0100932 0.00884548 -0.020932
44.8583 -1.20156 -0.0111851 0.0100606 -0.0216829
45.2183 -1.20059 -0.0102753 0.00901852 -0.0213887
45.5784 -1.34075 -0.00903542 0.00778617 -0.0204991
45.9385 -1.33957 -0.00776487 0.00664882 -0.0200088
45.5783 -1.19958 -0.00911574 0.008009 -0.0209632
45.9384 -1.19852 -0.00785933 0.0067971 -0.0204241
46.2992 -2.18381 -0.00571999 0.00447126 -0.0171907
46.6593 -2.18166 -0.00430518 0.00317568 -0.0164128
46.2991 -2.0429 -0.00588922 0.00459855 -0.0175324
46.6592 -2.04089 -0.00450868 0.00334203 -0.0167766
47.0194 -2.17943 -0.00295864 0.00196728 -0.0155457
47.3795 -2.1771 -0.00180149 0.000923629 -0.0146353
47.0193 -2.0388 -0.00323902 0.00215996 -0.0158945
47.3795 -2.03663 -0.00209606 0.00112538 -0.0149829
46.299 -1.90198 -0.00600283 0.00476671 -0.0178913
46.6591 -1.90012 -0.00464297 0.00355039 -0.0171436
46.2989 -1.76107 -0.00608751 0.00498287 -0.0182576
46.659 -1.75934 -0.00485624 0.00369506 -0.0175392
47.0193 -1.89817 -0.00337763 0.00243685 -0.0163144
47.3794 -1.89616 -0.00231557 0.00145029 -0.0154142
47.0192 -1.75755 -0.00365558 0.00260039 -0.0167291
47.3793 -1.75569 -0.00260778 0.00164512 -0.0158734
47.7396 -2.17469 -0.000941256 0.000154173 -0.013881
48.0998 -2.1722 -0.000499504 -0.000220867 -0.0134055
47.7396 -2.03438 -0.00114804 0.000370885 -0.0140809
48.0997 -2.03205 -0.000554399 -0.000132598 -0.0134968
48.4599 -2.16961 -0.000302936 -0.000414721 -0.0132085
48.82 -2.16694 -0.000228666 -0.000526178 -0.0130296
48.4598 -2.02964 -0.000349531 -0.000327724 -0.0132265
48.82 -2.02714 -0.000334158 -0.000440147 -0.012908
47.7395 -1.89407 -0.00138553 0.000606814 -0.0143982
48.0997 -1.8919 -0.000669354 -2.21183e-05 -0.0136236
47.7395 -1.75376 -0.00159005 0.000808017 -0.0148056
48.0996 -1.75176 -0.000777332 0.000108596 -0.0137834
48.4598 -1.88966 -0.000377432 -0.000284797 -0.0132305
48.82 -1.88735 -0.00024587 -0.000162432 -0.0131372
48.4598 -1.74969 -0.000384751 -0.00020352 -0.0132932
48.8199 -1.74755 -0.000344978 -0.000216317 -0.0133762
46.2988 -1.62015 -0.00616157 0.00514835 -0.0186505
46.659 -1.61857 -0.00488034 0.00397201 -0.0179816
46.2987 -1.47924 -0.00632269 0.00525197 -0.0189799
46.6589 -1.4778 -0.0051214 0.00401488 -0.0183243
47.0191 -1.61693 -0.00376808 0.00288555 -0.01722
47.3793 -1.61522 -0.00277673 0.00190402 -0.0163654
47.019 -1.4763 -0.00396375 0.0029645 -0.0176443
47.3792 -1.47475 -0.00294134 0.00207817 -0.0168023
46.2986 -1.33832 -0.00644462 0.00536721 -0.0193889
46.6588 -1.33703 -0.00521955 0.00414572 -0.0187653
46.2985 -1.19741 -0.00647469 0.00556606 -0.0198012
46.6587 -1.19626 -0.00526403 0.0043291 -0.0191825
47.019 -1.33568 -0.00408583 0.00311911 -0.0180659
47.3791 -1.33428 -0.00303375 0.00225391 -0.0172187
47.0189 -1.19506 -0.00420365 0.00325885 -0.0184545
47.3791 -1.19381 -0.00315095 0.00234356 -0.0175961
47.7394 -1.61345 -0.00175142 0.000964435 -0.0152221
48.0996 -1.61161 -0.00084439 0.000233678 -0.0140514
47.7394 -1.47313 -0.00189531 0.00113181 -0.0156628
48.0996 -1.47146 -0.000957532 0.000320716 -0.01433
48.4598 -1.60971 -0.000404823 -0.00014787 -0.0133839
48.8199 -1.60774 -0.000289059 -0.000244525 -0.0133569
48.4597 -1.46973 -0.000404257 -0.000120408 -0.01348
48.8199 -1.46794 -0.000258659 -0.000192047 -0.0133928
47.7393 -1.33282 -0.00198491 0.00131407 -0.0161078
48.0995 -1.33131 -0.00102811 0.000461695 -0.0146456
47.7393 -1.19251 -0.00209453 0.0014283 -0.0163809
48.0995 -1.19116 -0.00111745 0.000562669 -0.0150167
48.4597 -1.32975 -0.000499587 -6.59698e-05 -0.0136096
48.8199 -1.32814 -0.000280478 -0.000224653 -0.0133302
48.4597 -1.18977 -0.000490988 5.07373e-05 -0.0139287
48.8199 -1.18833 -0.000218777 -0.000148578 -0.0135087
43.4188 -1.06312 -0.0147189 0.0142738 -0.0212107
43.7786 -1.06244 -0.0138392 0.0132795 -0.0221345
43.4187 -0.921321 -0.0149562 0.0144497 -0.0219265
43.7785 -0.920739 -0.0140915 0.0136226 -0.0228958
44.1384 -1.06172 -0.0128904 0.0122599 -0.0224601
44.4983 -1.06096 -0.0119482 0.0113452 -0.0223726
44.1383 -0.920121 -0.0132073 0.0125617 -0.0230975
44.4982 -0.919466 -0.0125989 0.0115294 -0.0229985
43.4186 -0.779533 -0.015235 0.0147571 -0.0227043
43.7784 -0.779047 -0.0143105 0.0140468 -0.0236327
43.4185 -0.637754 -0.015558 0.0149217 -0.0234816
43.7783 -0.637361 -0.0145785 0.0144491 -0.0242701
44.1382 -0.778529 -0.0135692 0.013024 -0.0237437
44.4981 -0.777978 -0.0126041 0.0121063 -0.0236744
44.1381 -0.63694 -0.0138967 0.0134582 -0.0245604
44.4979 -0.636493 -0.0131386 0.012282 -0.0241559
44.8582 -1.06016 -0.0110519 0.0106246 -0.0223
45.2182 -1.05931 -0.0103729 0.00933854 -0.0219107
44.8581 -0.918773 -0.0116141 0.0105394 -0.0226699
45.2181 -0.918043 -0.0105266 0.00958717 -0.0223664
45.5782 -1.05842 -0.00923282 0.00817436 -0.0213777
45.9383 -1.05749 -0.00805457 0.00686933 -0.0207744
45.5781 -0.917275 -0.00938295 0.00833904 -0.0218016
45.9382 -0.916471 -0.00808895 0.00705108 -0.0211514
44.858 -0.777396 -0.0118 0.0109689 -0.0232733
45.218 -0.776781 -0.0106769 0.00982392 -0.0227858
44.8579 -0.636021 -0.012049 0.0112829 -0.0238277
45.2179 -0.635524 -0.0108997 0.0100106 -0.023289
45.578 -0.776136 -0.00946464 0.00855731 -0.0222033
45.9381 -0.775459 -0.00817389 0.00719134 -0.0214932
45.5779 -0.635001 -0.00958231 0.00869281 -0.0225344
45.938 -0.634452 -0.00827634 0.00732289 -0.0217952
43.4184 -0.495989 -0.0159059 0.0152609 -0.0240144
43.7782 -0.495689 -0.0151877 0.0147487 -0.0248259
43.4183 -0.354245 -0.0168115 0.0151572 -0.0246074
43.778 -0.35404 -0.0156829 0.0151282 -0.0256746
44.138 -0.495369 -0.0141052 0.0139428 -0.0251858
44.4978 -0.495028 -0.0134172 0.0127633 -0.0248424
44.1378 -0.353819 -0.0146396 0.0142596 -0.0256715
44.4977 -0.353584 -0.0135928 0.0133441 -0.0254702
43.4182 -0.212529 -0.0176022 0.015398 -0.025511
43.7779 -0.212411 -0.0160751 0.0155639 -0.0263022
43.4181 -0.0708376 -0.0180175 0.0159383 -0.0263974
43.7778 -0.0707991 -0.0168227 0.0157982 -0.0268809
44.1377 -0.212283 -0.015097 0.0148015 -0.026263
44.4976 -0.212145 -0.0140959 0.0136352 -0.0259294
44.1376 -0.0707574 -0.0160181 0.0151162 -0.0269
44.4974 -0.0707132 -0.0146068 0.0140079 -0.0264305
44.8577 -0.494665 -0.0122995 0.0116454 -0.0243447
45.2177 -0.494281 -0.0109928 0.0103241 -0.023661
44.8576 -0.353327 -0.0125848 0.0119539 -0.0248099
45.2176 -0.353052 -0.0112755 0.0104501 -0.0240589
45.5778 -0.493877 -0.00963033 0.0089382 -0.0228875
45.9379 -0.493453 -0.00832255 0.00751804 -0.0220569
45.5777 -0.352763 -0.00982829 0.00900885 -0.023154
45.9378 -0.352459 -0.0084288 0.0076062 -0.0222545
44.8575 -0.211994 -0.0127562 0.0123699 -0.0252584
45.2175 -0.211829 -0.0113438 0.0109166 -0.0244228
44.8574 -0.070663 -0.0132603 0.0125773 -0.0257024
45.2174 -0.0706082 -0.0116627 0.011016 -0.0246522
45.5776 -0.211654 -0.00989271 0.00924902 -0.0234083
45.9377 -0.211472 -0.00848091 0.00781318 -0.0224962
45.5775 -0.0705506 -0.0100323 0.00947372 -0.0236645
45.9376 -0.0704891 -0.0086177 0.0079235 -0.022724
46.2984 -1.05651 -0.00663095 0.00559686 -0.0201014
46.6586 -1.0555 -0.00530564 0.00449433 -0.0195155
46.2983 -0.91563 -0.00677049 0.00574939 -0.0204817
46.6585 -0.914752 -0.00553488 0.00453162 -0.0197629
47.0188 -1.05444 -0.00424707 0.00347563 -0.0188433
47.379 -1.05334 -0.00321538 0.00249537 -0.0179715
47.0187 -0.913838 -0.00442113 0.0034924 -0.0191126
47.3789 -0.912888 -0.00334652 0.00257266 -0.0183003
46.2982 -0.774751 -0.00684753 0.00590075 -0.0207947
46.6584 -0.77401 -0.00560576 0.00471888 -0.0201096
46.2981 -0.633876 -0.00695678 0.00606873 -0.0210648
46.6583 -0.633271 -0.00576202 0.0049611 -0.020436
47.0186 -0.773238 -0.00451339 0.00368838 -0.0194723
47.3789 -0.772435 -0.00347724 0.0027367 -0.0186628
47.0185 -0.63264 -0.00467752 0.00391092 -0.0197982
47.3788 -0.631984 -0.00363047 0.00287837 -0.0190169
47.7392 -1.0522 -0.00216661 0.001544 -0.0168092
48.0994 -1.05102 -0.00116513 0.000639361 -0.0153636
47.7392 -0.9119 -0.00224601 0.0016109 -0.0171598
48.0994 -0.910876 -0.00129759 0.000779107 -0.0158627
48.4597 -1.04979 -0.000590031 0.000122724 -0.0143372
48.8199 -1.04852 -0.000248754 -0.000131726 -0.0138846
48.4596 -0.909816 -0.000618393 0.00024956 -0.014854
48.8199 -0.90872 -0.000242459 -3.69124e-05 -0.0144019
47.7391 -0.771601 -0.00238048 0.00179294 -0.0175505
48.0993 -0.770736 -0.00142904 0.000950326 -0.0163531
47.739 -0.631303 -0.00251437 0.00192751 -0.0179431
48.0993 -0.630597 -0.0015623 0.00110262 -0.0168509
48.4596 -0.769841 -0.000746857 0.000324159 -0.0154369
48.8199 -0.768915 -0.000290753 -4.55412e-05 -0.0150321
48.4596 -0.629866 -0.000848213 0.000491486 -0.0160735
48.8199 -0.62911 -0.000317758 2.15883e-05 -0.0157513
46.298 -0.493005 -0.00705718 0.00623217 -0.0212934
46.6582 -0.492536 -0.00592545 0.0051026 -0.0206335
46.2979 -0.35214 -0.00718379 0.00637576 -0.0215301
46.6581 -0.351805 -0.00607371 0.00530285 -0.0209227
47.0185 -0.492046 -0.00485022 0.0040742 -0.020086
47.3787 -0.491537 -0.0037849 0.00308357 -0.0193459
47.0184 -0.351457 -0.00500272 0.00433724 -0.0204019
47.3786 -0.351093 -0.00397126 0.00332731 -0.0197154
46.2978 -0.21128 -0.00727321 0.00656767 -0.0217584
46.658 -0.211079 -0.00625406 0.00548512 -0.0212328
46.2977 -0.0704248 -0.00744172 0.00665142 -0.0219979
46.658 -0.0703577 -0.00643587 0.00562789 -0.0214494
47.0183 -0.21087 -0.00522759 0.00448667 -0.0206492
47.3786 -0.210653 -0.00415781 0.00354731 -0.0200464
47.0182 -0.0702885 -0.00541226 0.00470167 -0.0209855
47.3785 -0.0702168 -0.00432397 0.00378987 -0.0204699
47.739 -0.491008 -0.00271742 0.00210535 -0.0183567
48.0993 -0.49046 -0.00176095 0.00126144 -0.01736
47.7389 -0.350717 -0.00281369 0.00237626 -0.0188152
48.0992 -0.350326 -0.00182189 0.00153709 -0.0179564
48.4596 -0.489893 -0.000912696 0.000581483 -0.0167164
48.8198 -0.489306 -0.000340006 6.06551e-05 -0.0164974
48.4595 -0.349921 -0.000978577 0.000698486 -0.0173097
48.8198 -0.349502 -0.000315922 0.000137576 -0.0171473
47.7389 -0.210428 -0.00310551 0.00255509 -0.0192638
48.0992 -0.210193 -0.00200326 0.00160394 -0.0184339
47.7388 -0.0701419 -0.00325548 0.00278589 -0.0197348
48.0991 -0.0700638 -0.00213122 0.00176861 -0.0189417
48.4595 -0.209951 -0.0010361 0.00078114 -0.0178655
48.8198 -0.2097 -0.000319912 0.000180204 -0.0177093
48.4595 -0.069983 -0.00109869 0.000849485 -0.0184145
48.8198 -0.0698993 -0.000360178 0.000175777 -0.018176
