37.6776 6.91485 -0.00962693 0.0142029 -0.00563701
38.037 6.91464 -0.010293 0.0142818 -0.00607647
37.6777 7.05728 -0.00941325 0.0144948 -0.00527052
38.0371 7.05706 -0.0103895 0.0142466 -0.00566661
38.3963 6.91415 -0.0102276 0.0150807 -0.00597087
38.7556 6.9134 -0.0105135 0.0156455 -0.00638744
38.3965 7.05656 -0.0108136 0.014705 -0.00584765
38.7558 7.05579 -0.010815 0.0154616 -0.00580402
37.6779 7.19973 -0.00974771 0.0140087 -0.00509748
38.0373 7.19948 -0.0107397 0.0139571 -0.00539826
37.678 7.34216 -0.00937292 0.0143469 -0.00478821
38.0374 7.34189 -0.0104295 0.0141829 -0.00530286
38.3966 7.19896 -0.0107218 0.0146911 -0.00552559
38.7559 7.19817 -0.0106122 0.0156761 -0.0053373
38.3967 7.34135 -0.0108143 0.014546 -0.00529725
38.756 7.34053 -0.0103979 0.0160644 -0.00506516
39.1149 6.91238 -0.0111699 0.0157781 -0.00589722
39.4742 6.91108 -0.0111676 0.01646 -0.00597531
39.115 7.05473 -0.0119871 0.0153382 -0.00587272
39.4743 7.05339 -0.0111734 0.0167292 -0.00549439
39.8334 6.90953 -0.0136219 0.015137 -0.00574652
40.1927 6.90767 -0.0131665 0.0158934 -0.00618616
39.8335 7.05178 -0.0132794 0.0155154 -0.0057295
40.1929 7.04989 -0.0131897 0.0161268 -0.00557522
39.1151 7.19708 -0.0122271 0.0154107 -0.00570488
39.4744 7.19569 -0.0118822 0.0163754 -0.00500442
39.1152 7.33944 -0.0120583 0.0158102 -0.00528247
39.4745 7.33799 -0.0129424 0.0157984 -0.00504519
39.8336 7.19403 -0.0129116 0.0160191 -0.00552735
40.193 7.1921 -0.0131995 0.0162977 -0.00512925
39.8338 7.33629 -0.0124699 0.0164301 -0.00496549
40.1932 7.33433 -0.0129535 0.0165395 -0.00481137
37.6782 7.48457 -0.00940504 0.014151 -0.00438936
38.0375 7.4843 -0.0105426 0.0140064 -0.00483238
37.6783 7.627 -0.00939372 0.0137887 -0.00378065
38.0376 7.62671 -0.0109163 0.0137178 -0.00440824
38.3968 7.48373 -0.0109872 0.014481 -0.00504739
38.7561 7.48288 -0.010502 0.0161322 -0.00466073
38.3969 7.62612 -0.0111016 0.0144392 -0.00453117
38.7562 7.62523 -0.0108231 0.0158624 -0.004445
37.6784 7.7694 -0.0095059 0.0136048 -0.00346304
38.0377 7.76912 -0.0107548 0.0140106 -0.00425617
37.6786 7.9118 -0.00964652 0.0135589 -0.0034844
38.0378 7.91155 -0.0104345 0.0142325 -0.00363403
38.397 7.76853 -0.01123 0.0143781 -0.00395143
38.7563 7.76762 -0.0111826 0.015515 -0.00396192
38.3971 7.91094 -0.0116163 0.0138641 -0.00331886
38.7564 7.91002 -0.011537 0.01529 -0.00375741
39.1153 7.48175 -0.0117643 0.0162415 -0.00487117
39.4746 7.48033 -0.0137724 0.0153122 -0.00497228
39.1155 7.62408 -0.011561 0.0165689 -0.00455376
39.4747 7.62263 -0.0136522 0.0158087 -0.00474803
39.834 7.47858 -0.0128478 0.0164211 -0.00481502
40.1933 7.47655 -0.0134411 0.0163207 -0.0046071
39.8341 7.62088 -0.0128682 0.0165741 -0.00419875
40.1935 7.61881 -0.0141682 0.0158261 -0.00438464
39.1156 7.76644 -0.0114981 0.0167142 -0.00413457
39.4749 7.76497 -0.0138099 0.0159781 -0.00448505
39.1158 7.90882 -0.0111635 0.0167949 -0.00350972
39.4751 7.90733 -0.0133257 0.0163938 -0.00415976
39.8343 7.76318 -0.0131971 0.0165623 -0.00390534
40.1936 7.76107 -0.0139613 0.0161255 -0.0039892
39.8344 7.90549 -0.0139345 0.0161093 -0.0036219
40.1938 7.90334 -0.0137054 0.0165357 -0.00365666
40.552 6.90554 -0.0136204 0.0159214 -0.00564772
40.9113 6.90315 -0.0137289 0.0162799 -0.00579284
40.5522 7.04772 -0.0136058 0.0160321 -0.00566276
40.9115 7.04529 -0.0139172 0.0162309 -0.00545098
41.2707 6.9005 -0.0138634 0.0166362 -0.00580766
41.6301 6.89757 -0.0142247 0.0167679 -0.00618211
41.2709 7.04258 -0.0140387 0.0165864 -0.00567742
41.6303 7.03959 -0.0142862 0.0167049 -0.00586341
40.5524 7.1899 -0.0135534 0.0163651 -0.00534478
40.9117 7.18742 -0.0142737 0.0161339 -0.00525889
40.5525 7.33208 -0.0133475 0.0167763 -0.0049674
40.9119 7.32955 -0.0139449 0.0165037 -0.00498433
41.2711 7.18466 -0.0142731 0.0165012 -0.00526973
41.6305 7.18161 -0.0142793 0.0167335 -0.00551204
41.2712 7.32673 -0.0142952 0.0166032 -0.00496733
41.6307 7.32363 -0.014348 0.0168132 -0.00503237
41.9896 6.89438 -0.0143417 0.0169191 -0.00663655
42.349 6.89092 -0.0140934 0.0172981 -0.00709845
41.9897 7.03634 -0.014388 0.016789 -0.00616733
42.3492 7.03281 -0.0139822 0.0172791 -0.00662264
42.7085 6.88719 -0.0146936 0.0166705 -0.00771528
43.068 6.88318 -0.014262 0.0164433 -0.00847878
42.7086 7.02899 -0.0145721 0.0165881 -0.00727018
43.0681 7.02491 -0.0141549 0.0163668 -0.00803761
41.9899 7.17829 -0.0144074 0.0168029 -0.00573411
42.3494 7.17467 -0.013868 0.0171774 -0.00598928
41.9901 7.32023 -0.0144719 0.0166704 -0.00535605
42.3496 7.31655 -0.0141309 0.0169848 -0.00553307
42.7088 7.17079 -0.0144285 0.0166157 -0.00685638
43.0683 7.16663 -0.0140718 0.0161915 -0.00729055
42.709 7.31259 -0.0140535 0.0167252 -0.00614395
43.0684 7.30835 -0.0139845 0.0161564 -0.00666752
40.5527 7.47426 -0.0132566 0.0169486 -0.00452826
40.9121 7.47169 -0.014157 0.01653 -0.00462425
40.5529 7.61645 -0.0132616 0.0170189 -0.00406272
40.9122 7.61384 -0.0140526 0.0168414 -0.00436787
41.2714 7.46881 -0.0142727 0.0167833 -0.00464982
41.6308 7.46565 -0.0143431 0.0167852 -0.00464077
41.2716 7.61091 -0.014433 0.0168496 -0.00408716
41.631 7.60768 -0.0147722 0.0167252 -0.00402882
40.5531 7.75868 -0.0137685 0.0168527 -0.00368392
40.9125 7.756 -0.0138892 0.017144 -0.00379528
40.5532 7.90091 -0.0136573 0.0169248 -0.00352227
40.9127 7.89816 -0.0141564 0.0169425 -0.00296954
41.2718 7.75301 -0.0145887 0.0168206 -0.00375978
41.6312 7.74971 -0.0145243 0.0171079 -0.00390743
41.272 7.89511 -0.0148176 0.0168986 -0.00339512
41.6314 7.89175 -0.0145456 0.0169389 -0.00321441
41.9903 7.46219 -0.0144758 0.0168323 -0.00468319
42.3497 7.45844 -0.0144383 0.0166825 -0.00498899
41.9905 7.60415 -0.0145558 0.0168567 -0.00420374
42.3499 7.60032 -0.0145416 0.0165639 -0.00446018
42.7092 7.45439 -0.0140424 0.0166453 -0.00537408
43.0686 7.45006 -0.0137959 0.0161409 -0.00602561
42.7093 7.5962 -0.0141869 0.0163963 -0.00471459
43.0687 7.59177 -0.0137319 0.0160614 -0.00531215
41.9906 7.74611 -0.014678 0.0168352 -0.00359665
42.35 7.74221 -0.0145641 0.0165811 -0.00390974
41.9908 7.88806 -0.0148171 0.0168315 -0.00328302
42.3502 7.88408 -0.0145729 0.0166772 -0.00333638
42.7095 7.73799 -0.0142389 0.0162844 -0.00410851
43.0689 7.73348 -0.0137491 0.0158546 -0.00457502
42.7096 7.87979 -0.0142651 0.0162106 -0.00350834
43.069 7.87519 -0.0137891 0.0156527 -0.00388404
37.6787 8.05419 -0.00952306 0.0136437 -0.00319244
38.038 8.05392 -0.00968302 0.0146281 -0.00291389
37.6789 8.19657 -0.00959608 0.013661 -0.00270213
38.0382 8.19629 -0.00962326 0.0147081 -0.00235684
38.3972 8.05332 -0.0118707 0.0135994 -0.00320641
38.7565 8.05239 -0.011776 0.0151193 -0.00324078
38.3973 8.19568 -0.011805 0.0141164 -0.00327946
38.7566 8.19474 -0.0119358 0.0149538 -0.00272207
37.679 8.33897 -0.00981784 0.0136264 -0.00215392
38.0383 8.33866 -0.00999591 0.0145871 -0.00222806
37.6792 8.48137 -0.0100197 0.0134661 -0.00176131
38.0384 8.48105 -0.0103484 0.0142283 -0.00191855
38.3975 8.33805 -0.0114359 0.014504 -0.00272002
38.7568 8.33708 -0.0122401 0.0147297 -0.00231288
38.3977 8.48041 -0.0111918 0.0145572 -0.00191288
38.7569 8.47942 -0.0121914 0.0147986 -0.00212145
39.1159 8.05117 -0.0117044 0.0164304 -0.00325796
39.4753 8.04964 -0.0127702 0.0168247 -0.00345866
39.116 8.19348 -0.0122298 0.0160385 -0.00280781
39.4754 8.19192 -0.012447 0.0170994 -0.00271235
39.8346 8.04777 -0.0141771 0.0160557 -0.00329302
40.1939 8.04559 -0.0141579 0.0164847 -0.00307187
39.8347 8.19004 -0.0138895 0.0162954 -0.00319727
40.1941 8.1878 -0.0142952 0.0163579 -0.00265101
39.1162 8.33579 -0.012467 0.0158465 -0.00239105
39.4756 8.33418 -0.0126782 0.0169988 -0.00216322
39.1163 8.4781 -0.0126602 0.0157766 -0.0019164
39.4757 8.47645 -0.0132994 0.0165955 -0.0020991
39.8349 8.33227 -0.0133843 0.0169436 -0.00234273
40.1943 8.33001 -0.0145915 0.0162221 -0.00242667
39.8351 8.47447 -0.0129756 0.0175111 -0.00179323
40.1945 8.47219 -0.0143098 0.0168482 -0.0025001
37.6793 8.62376 -0.0101222 0.0134662 -0.00152487
38.0386 8.62343 -0.0108699 0.0138114 -0.00154034
37.6795 8.76614 -0.00990695 0.0136117 -0.00103467
38.0387 8.76581 -0.0111526 0.0136987 -0.00132314
38.3978 8.62276 -0.0113013 0.0145542 -0.00152514
38.7571 8.62177 -0.012073 0.0151457 -0.00171028
38.398 8.76513 -0.0113898 0.0145993 -0.0011132
38.7573 8.76412 -0.0118718 0.0154973 -0.00103394
37.6796 8.90851 -0.0101491 0.0135883 -0.000593339
38.0389 8.90817 -0.010947 0.0138246 -0.000836391
37.6798 9.05086 -0.0104764 0.0130268 -6.21142e-05
38.0391 9.05053 -0.0105448 0.0142217 -0.000463896
38.3982 8.90748 -0.0112501 0.0147149 -0.000702616
38.7574 8.90644 -0.0120517 0.0154781 -0.000652368
38.3983 9.04983 -0.0113719 0.0146803 -0.000156046
38.7576 9.04877 -0.012338 0.0152384 -0.000496098
39.1164 8.62043 -0.0128863 0.0157019 -0.00137168
39.4758 8.61874 -0.0136851 0.0161916 -0.00129828
39.1166 8.76276 -0.0131274 0.0155647 -0.000962107
39.4759 8.76103 -0.0140499 0.0161393 -0.00117944
39.8353 8.61672 -0.013569 0.0169515 -0.00135507
40.1947 8.61439 -0.0135514 0.0172903 -0.00165589
39.8354 8.75896 -0.0139362 0.0166372 -0.00115589
40.1948 8.75657 -0.013322 0.0175358 -0.000922974
39.1167 8.90505 -0.013155 0.0157544 -0.000943113
39.476 8.90331 -0.0141707 0.0159232 -0.000737641
39.1168 9.04735 -0.0133185 0.0157073 -0.000301753
39.4762 9.04558 -0.0140043 0.0161657 -0.00074877
39.8355 8.90121 -0.0139353 0.0163846 -0.000851119
40.1949 8.89876 -0.0137584 0.0171683 -0.000556768
39.8356 9.04345 -0.0142568 0.0162537 -0.000279205
40.1951 9.04097 -0.0139304 0.0169862 -0.000471182
40.5534 8.04311 -0.0136496 0.0171566 -0.00296245
40.9128 8.0403 -0.0143545 0.0171638 -0.00308161
40.5536 8.18527 -0.0140527 0.0170011 -0.00251517
40.913 8.18241 -0.0145141 0.0171045 -0.00229598
41.2722 8.03718 -0.0146353 0.0171734 -0.00273941
41.6316 8.03375 -0.014777 0.0170218 -0.00282008
41.2723 8.17924 -0.0150367 0.0170989 -0.00249117
41.6318 8.17574 -0.0150047 0.017262 -0.00228943
40.5537 8.32742 -0.0142469 0.0169659 -0.00220703
40.9131 8.32451 -0.0144116 0.0172071 -0.00229229
40.5539 8.46957 -0.0145331 0.0169352 -0.00170224
40.9133 8.46662 -0.0148107 0.0171747 -0.00167523
41.2725 8.32128 -0.0149766 0.0172766 -0.00202695
41.6319 8.31772 -0.0151544 0.0173637 -0.00166118
41.2727 8.46332 -0.0149526 0.0174494 -0.00151608
41.6321 8.45971 -0.0154417 0.0173129 -0.00150957
41.991 8.03 -0.0148362 0.0169585 -0.00278129
42.3504 8.02595 -0.0146426 0.0167067 -0.00271258
41.9912 8.17193 -0.0150608 0.0170045 -0.00213668
42.3506 8.1678 -0.0146697 0.0167664 -0.00219029
42.7098 8.02158 -0.0143539 0.0161223 -0.00282864
43.0692 8.0169 -0.0139083 0.0154028 -0.00318471
42.7099 8.16335 -0.0143654 0.0160933 -0.00224939
43.0693 8.15859 -0.0140803 0.0152158 -0.00250849
41.9913 8.31384 -0.015278 0.0169475 -0.00179724
42.3507 8.30965 -0.0147149 0.0167802 -0.00164445
41.9915 8.45576 -0.0154247 0.0171207 -0.00136598
42.3509 8.45149 -0.0147886 0.0168976 -0.00118332
42.7101 8.30512 -0.0143799 0.0161248 -0.00178011
43.0695 8.30028 -0.0140839 0.0151693 -0.0019123
42.7103 8.44689 -0.0145284 0.0160256 -0.00127506
43.0696 8.44196 -0.0139307 0.0151475 -0.00150387
40.554 8.61171 -0.0144639 0.0168107 -0.00161953
40.9134 8.6087 -0.014927 0.0170998 -0.00150676
40.5542 8.75385 -0.0145334 0.0170529 -0.0015071
40.9136 8.75081 -0.0151733 0.0171539 -0.00121977
41.2728 8.60537 -0.015112 0.017577 -0.00129315
41.6323 8.6017 -0.0156394 0.0174276 -0.0010745
41.2731 8.74743 -0.0151915 0.0176875 -0.000891506
41.6325 8.7437 -0.0156695 0.0176215 -0.000809375
40.5544 8.89602 -0.0140312 0.0176616 -0.000804283
40.9138 8.89292 -0.0152534 0.0171797 -0.000689009
40.5546 9.03816 -0.0139312 0.0177442 -0.000244292
40.9141 9.03501 -0.0150465 0.0173607 -0.00050414
41.2733 8.88947 -0.0154586 0.0175199 -0.000620404
41.6327 8.88568 -0.0156472 0.0178503 -0.000583516
41.2735 9.0315 -0.0156456 0.0175039 -0.000545385
41.6329 9.02764 -0.0153011 0.0181253 -0.000378207
41.9917 8.59769 -0.015436 0.0173196 -0.000849541
42.3511 8.59334 -0.0150406 0.0167746 -0.000687165
41.9919 8.73962 -0.0155565 0.0174177 -0.000463273
42.3512 8.73519 -0.0153485 0.0165319 -0.000506982
42.7104 8.58865 -0.0145996 0.0159706 -0.000989983
43.0698 8.58363 -0.0138528 0.0151564 -0.00100417
42.7106 8.73042 -0.0146315 0.0161025 -0.00057724
43.0699 8.72531 -0.0138753 0.0152196 -0.0006144
41.992 8.88152 -0.0157734 0.0174281 -0.000369158
42.3513 8.87702 -0.0154884 0.0165926 -0.000370204
41.9922 9.02341 -0.0160859 0.0172281 -0.000256285
42.3515 9.01883 -0.0154056 0.0166651 -0.000398414
42.7107 8.87217 -0.0146066 0.0162336 -0.000382708
43.0701 8.86697 -0.0139586 0.0151266 -0.000431019
42.7109 9.0139 -0.0146045 0.0161127 -0.000324054
43.0702 9.00862 -0.0139531 0.0150799 -0.000406971
43.4275 6.8789 -0.0138069 0.0163164 -0.00959335
43.787 6.87435 -0.0134398 0.0158738 -0.0105883
43.4276 7.02054 -0.0136883 0.0160747 -0.00882958
43.7871 7.0159 -0.0132343 0.0156277 -0.0098015
44.1465 6.86954 -0.0131085 0.014989 -0.0115808
44.5061 6.86445 -0.0122349 0.0142535 -0.0123628
44.1467 7.01098 -0.0128188 0.0148464 -0.0107565
44.5062 7.00579 -0.0121977 0.0139825 -0.0114331
43.4277 7.16218 -0.0136122 0.0158496 -0.00808051
43.7873 7.15744 -0.0131887 0.0153229 -0.00895239
43.4279 7.30381 -0.0135497 0.0156774 -0.0073642
43.7874 7.29897 -0.0130973 0.0150884 -0.00810291
44.1468 7.15241 -0.0125252 0.0147782 -0.00988331
44.5063 7.14711 -0.0120092 0.0139595 -0.0104476
44.1469 7.29384 -0.0123624 0.0146824 -0.00896649
44.5064 7.28844 -0.0119239 0.0138346 -0.00948122
44.8656 6.85909 -0.0114836 0.0135201 -0.0129488
45.2251 6.85346 -0.0107013 0.0127441 -0.0135114
44.8657 7.00032 -0.0114737 0.0132406 -0.01195
45.2252 6.99456 -0.0106154 0.0124915 -0.0124885
45.5846 6.84756 -0.00981697 0.0119046 -0.014095
45.9442 6.8414 -0.00906905 0.0110823 -0.0146223
45.5847 6.98854 -0.00969828 0.0116615 -0.0129859
45.9442 6.98225 -0.00883957 0.0107649 -0.0134978
44.8658 7.14153 -0.0113487 0.0131094 -0.0109725
45.2253 7.13566 -0.0105266 0.0122884 -0.0114576
44.8659 7.28274 -0.0112264 0.0130015 -0.00998597
45.2254 7.27676 -0.0104239 0.0121119 -0.0104063
45.5848 7.12952 -0.00961699 0.011425 -0.0119336
45.9443 7.1231 -0.0086816 0.0104848 -0.0124191
45.5849 7.27049 -0.00952898 0.0112128 -0.0108951
45.9444 7.26394 -0.00857425 0.0102312 -0.0113558
43.428 7.44543 -0.0135677 0.0154352 -0.00659673
43.7875 7.44049 -0.013086 0.0148085 -0.00731163
43.4282 7.58705 -0.0135589 0.0152306 -0.00587129
43.7877 7.58202 -0.0128385 0.0147032 -0.00653578
44.147 7.43527 -0.0124268 0.0143437 -0.00798352
44.5065 7.42976 -0.0119974 0.0135248 -0.00848059
44.1472 7.5767 -0.0123416 0.0141352 -0.00703838
44.5066 7.57107 -0.0118773 0.0134057 -0.00760634
43.4283 7.72866 -0.0134861 0.015032 -0.00518416
43.7878 7.72354 -0.0127909 0.0145777 -0.00572555
43.4285 7.87028 -0.0134115 0.0148902 -0.00440264
43.7879 7.86506 -0.0128586 0.0143242 -0.0048369
44.1473 7.71811 -0.0123038 0.0139734 -0.00616283
44.5068 7.71239 -0.0118573 0.013242 -0.00662461
44.1474 7.85954 -0.0122805 0.013764 -0.00529572
44.5069 7.8537 -0.0118827 0.0130399 -0.00572699
44.866 7.42395 -0.0112364 0.0127756 -0.00897253
45.2255 7.41785 -0.0104139 0.0118552 -0.0093777
44.8661 7.56515 -0.0112011 0.012587 -0.00793971
45.2256 7.55894 -0.0103392 0.0116749 -0.00837498
45.585 7.41146 -0.00945194 0.0109726 -0.00986292
45.9445 7.40478 -0.00846859 0.0100004 -0.0103195
45.5851 7.55243 -0.00936864 0.0107386 -0.00882649
45.9446 7.54562 -0.00836762 0.00976616 -0.0093023
44.8662 7.70635 -0.011138 0.0124619 -0.00700897
45.2257 7.70002 -0.0102397 0.0114933 -0.00741821
44.8663 7.84756 -0.0111079 0.0122633 -0.00615591
45.2258 7.84111 -0.0102025 0.0112907 -0.00650959
45.5852 7.69339 -0.00928948 0.0104978 -0.00783377
45.9447 7.68646 -0.00824999 0.00950068 -0.0082921
45.5853 7.83435 -0.00919548 0.0102721 -0.00689659
45.9447 7.82729 -0.00815742 0.00924732 -0.00731069
46.3037 6.83496 -0.00841555 0.0104449 -0.0148311
46.6632 6.82826 -0.0078706 0.00983549 -0.0148288
46.3038 6.97568 -0.00812167 0.010032 -0.0137236
46.6633 6.96884 -0.00750389 0.00937231 -0.0138023
47.0227 6.82129 -0.00729954 0.00917437 -0.0147545
47.3822 6.81405 -0.00670059 0.00846108 -0.0146357
47.0228 6.96173 -0.00692158 0.00866381 -0.0137135
47.3823 6.95434 -0.00627865 0.00797036 -0.0136266
46.3038 7.11639 -0.00789386 0.00959998 -0.0126644
46.6633 7.10942 -0.00720799 0.0088625 -0.012753
46.3039 7.25711 -0.0076431 0.00926191 -0.0116285
46.6634 7.24999 -0.00685101 0.00842371 -0.0117332
47.0228 7.10216 -0.0065558 0.00815844 -0.0126912
47.3823 7.09462 -0.00586503 0.00749042 -0.0126247
47.0229 7.24258 -0.0061683 0.00770269 -0.011694
47.3824 7.2349 -0.00548392 0.00699542 -0.0116315
47.7417 6.80655 -0.00595309 0.00769122 -0.0145448
48.1012 6.79877 -0.00486844 0.00664949 -0.0145247
47.7418 6.94668 -0.00555761 0.00719148 -0.0135466
48.1013 6.93874 -0.0045621 0.00619964 -0.0134934
48.4608 6.79073 -0.00303953 0.00503992 -0.0146375
48.8203 6.78243 -0.000406274 0.00267449 -0.0145652
48.4608 6.93054 -0.00292411 0.00476034 -0.0135893
48.8203 6.92206 -0.000350302 0.00256605 -0.0136287
47.7418 7.0868 -0.00513451 0.006743 -0.0125604
48.1013 7.07871 -0.0042312 0.00581082 -0.0125037
47.7419 7.22693 -0.00479328 0.00626766 -0.0115964
48.1013 7.21867 -0.00390997 0.00537901 -0.0115743
48.4608 7.07034 -0.00279503 0.00443483 -0.0125485
48.8203 7.06169 -0.000420735 0.00235819 -0.0127011
48.4608 7.21014 -0.00259861 0.00411572 -0.0115876
48.8203 7.20132 -0.000422654 0.00219853 -0.0117573
46.304 7.39782 -0.00743669 0.00897925 -0.0106505
46.6635 7.39056 -0.00654575 0.00800172 -0.0107632
46.3041 7.53852 -0.00732093 0.00866395 -0.00966208
46.6635 7.53112 -0.00625351 0.00761778 -0.00986621
47.023 7.38301 -0.00583039 0.00719696 -0.0107214
47.3824 7.37517 -0.00513197 0.00649455 -0.0106541
47.023 7.52343 -0.00544571 0.00676556 -0.00980634
47.3825 7.51545 -0.00477812 0.00604383 -0.00971513
46.3041 7.67922 -0.00712623 0.00840244 -0.00871458
46.6636 7.67169 -0.00603538 0.00726906 -0.0089153
46.3042 7.81992 -0.0070218 0.00811117 -0.00771149
46.6637 7.81224 -0.00587712 0.00693787 -0.00795848
47.0231 7.66385 -0.00514846 0.00625876 -0.00895348
47.3825 7.65572 -0.00459152 0.00541188 -0.00874304
47.0231 7.80426 -0.00467179 0.00608325 -0.00811047
47.3826 7.79598 -0.00412531 0.00517044 -0.0079615
47.7419 7.36705 -0.00444061 0.00575428 -0.0106417
48.1014 7.35864 -0.00358967 0.00492438 -0.0106416
47.7419 7.50717 -0.00406499 0.00531291 -0.00970925
48.1014 7.49859 -0.00322059 0.00450674 -0.00970473
48.4608 7.34993 -0.00238793 0.00375113 -0.0106543
48.8203 7.34094 -0.00042275 0.00204152 -0.0108138
48.4608 7.48972 -0.00211466 0.00345159 -0.00971357
48.8203 7.48056 -0.000365299 0.00190236 -0.00982435
47.742 7.64728 -0.00373481 0.00489881 -0.00879594
48.1014 7.63854 -0.00290622 0.00410568 -0.00879175
47.742 7.78739 -0.00344567 0.00450815 -0.00784951
48.1015 7.77849 -0.00262047 0.00372695 -0.00783009
48.4609 7.62951 -0.00188116 0.00309353 -0.0087558
48.8203 7.62017 -0.000311218 0.00169118 -0.00880781
48.4609 7.76929 -0.00163342 0.00281593 -0.00780471
48.8203 7.75978 -0.000205495 0.00154124 -0.00779386
43.4286 8.01189 -0.0132522 0.0147991 -0.00368367
43.7881 8.00658 -0.0127598 0.0141858 -0.00403976
43.4287 8.1535 -0.0132353 0.0146817 -0.00291372
43.7882 8.14809 -0.0126649 0.0140554 -0.00327068
44.1475 8.00096 -0.0124163 0.0134488 -0.00440228
44.507 7.99501 -0.0118685 0.0128419 -0.00488664
44.1476 8.14236 -0.0123982 0.0132588 -0.0036697
44.5071 8.13631 -0.0117978 0.0126795 -0.00408483
43.4289 8.2951 -0.0132181 0.0145465 -0.0022018
43.7883 8.28959 -0.0127398 0.0137642 -0.00253712
43.429 8.43669 -0.0131451 0.0143651 -0.00167791
43.7884 8.43108 -0.0127403 0.0135434 -0.00198793
44.1478 8.28375 -0.0123268 0.0131054 -0.00295293
44.5072 8.2776 -0.0116795 0.0124927 -0.00339979
44.1479 8.42515 -0.0122117 0.0129574 -0.00235169
44.5073 8.41889 -0.0116353 0.0122904 -0.00271403
44.8664 7.98875 -0.0110801 0.0120652 -0.00531712
45.2259 7.98218 -0.0101274 0.011115 -0.00570756
44.8665 8.12994 -0.0110507 0.0118655 -0.0045369
45.226 8.12325 -0.0101141 0.0109324 -0.00490127
45.5854 7.9753 -0.00915803 0.010075 -0.00601092
45.9448 7.96811 -0.00803128 0.00899584 -0.00637994
45.5854 8.11624 -0.00909625 0.00989958 -0.00520058
45.9449 8.10892 -0.00798412 0.00876243 -0.00545475
44.8666 8.27112 -0.010982 0.011675 -0.00380533
45.2261 8.26431 -0.0100899 0.0107805 -0.00413985
44.8667 8.41229 -0.0109492 0.0115077 -0.00310143
45.2262 8.40537 -0.0100694 0.0106258 -0.00340284
45.5855 8.25718 -0.00907709 0.00974578 -0.00439105
45.945 8.24973 -0.00797132 0.008564 -0.00459521
45.5856 8.39812 -0.00910256 0.00958987 -0.00359765
45.9451 8.39054 -0.00791336 0.00841157 -0.00378749
43.4292 8.57828 -0.0131696 0.014182 -0.00118426
43.7886 8.57257 -0.0126954 0.0133994 -0.00142792
43.4293 8.71986 -0.013248 0.0140391 -0.00071985
43.7887 8.71406 -0.0125911 0.0132337 -0.000992572
44.148 8.56654 -0.0120977 0.0127939 -0.00174624
44.5074 8.56017 -0.011602 0.0121043 -0.0020848
44.1481 8.70792 -0.0120673 0.0125995 -0.00119357
44.5075 8.70144 -0.0115508 0.0119589 -0.00151324
43.4294 8.86143 -0.0132438 0.013922 -0.000521962
43.7888 8.85553 -0.012538 0.0131086 -0.000627365
43.4296 9.00299 -0.0132758 0.0138939 -0.000363347
43.7889 8.997 -0.0125778 0.0130077 -0.0004035
44.1482 8.84929 -0.0120791 0.0124298 -0.000752793
44.5076 8.84271 -0.0115051 0.0118562 -0.000972961
44.1483 8.99067 -0.01206 0.0123408 -0.000467318
44.5077 8.98398 -0.0115255 0.0117562 -0.000512396
44.8668 8.55346 -0.0109009 0.0113651 -0.00244356
45.2263 8.54642 -0.0100999 0.0104598 -0.00266712
44.8669 8.69462 -0.0109022 0.0112242 -0.00176752
45.2264 8.68747 -0.0101467 0.0103145 -0.0019642
45.5857 8.53905 -0.00909581 0.00944988 -0.00285676
45.9451 8.53135 -0.00793268 0.00828617 -0.00296017
45.5858 8.67998 -0.00910908 0.00936611 -0.00210676
45.9452 8.67215 -0.00793605 0.00817102 -0.00215732
44.867 8.83579 -0.0109443 0.0110765 -0.00116009
45.2265 8.82852 -0.0101653 0.0102377 -0.00129248
44.8671 8.97695 -0.0109823 0.0109958 -0.000610365
45.2266 8.96956 -0.0101786 0.0101918 -0.00062956
45.5859 8.82091 -0.00913133 0.00928454 -0.00135631
45.9453 8.81295 -0.00800878 0.0080598 -0.00139267
45.586 8.96183 -0.0091708 0.00922475 -0.000635834
45.9454 8.95375 -0.00815862 0.00796639 -0.00060097
46.3043 7.96061 -0.00689862 0.00787426 -0.00673707
46.6637 7.95279 -0.00570055 0.00670102 -0.00701265
46.3043 8.10128 -0.00682751 0.00762943 -0.00578393
46.6638 8.09333 -0.00562753 0.00643865 -0.00602606
47.0232 7.94467 -0.00454822 0.00573992 -0.00706389
47.3826 7.93623 -0.00385241 0.00491732 -0.00708208
47.0233 8.08507 -0.00450991 0.00536475 -0.00616776
47.3827 8.07648 -0.00373495 0.00451266 -0.00608176
46.3044 8.24196 -0.00674244 0.0073997 -0.0048606
46.6639 8.23387 -0.00554923 0.00624487 -0.0051134
46.3045 8.38264 -0.00670114 0.00718813 -0.00395139
46.6639 8.37441 -0.00551252 0.00602359 -0.00420305
47.0233 8.22546 -0.00438117 0.00511112 -0.0052842
47.3827 8.21673 -0.00351063 0.00423743 -0.00520253
47.0234 8.36586 -0.00429071 0.00484607 -0.00438479
47.3828 8.35697 -0.00340869 0.0040223 -0.00421238
47.7421 7.92749 -0.00318852 0.00413873 -0.00691808
48.1015 7.91843 -0.00242778 0.00335944 -0.00685416
47.7421 8.06758 -0.00303288 0.00376285 -0.00592768
48.1015 8.05836 -0.00219675 0.00306418 -0.00595079
48.4609 7.90906 -0.00149932 0.00250137 -0.00683979
48.8203 7.89938 -0.000175206 0.00136029 -0.00681267
48.4609 8.04883 -0.00132321 0.00228881 -0.00586378
48.8203 8.03898 -0.000168872 0.00121922 -0.00585142
47.7421 8.20767 -0.00278344 0.00353708 -0.0050895
48.1015 8.19829 -0.00201257 0.00285995 -0.00499951
47.7422 8.34776 -0.0026425 0.00328412 -0.00415634
48.1016 8.33822 -0.00190724 0.00255669 -0.00407412
48.4609 8.18859 -0.00115694 0.00210084 -0.0049685
48.8203 8.17857 -9.28299e-05 0.00115527 -0.0049085
48.4609 8.32836 -0.00108714 0.00180888 -0.00403916
48.8203 8.31817 -0.000109343 0.000951805 -0.00403371
46.3046 8.52331 -0.00668543 0.00700904 -0.00308423
46.664 8.51495 -0.00546488 0.00582622 -0.00327489
46.3046 8.66399 -0.00672019 0.00685857 -0.0022476
46.6641 8.65547 -0.00548967 0.00567742 -0.00239839
47.0234 8.50624 -0.00427938 0.00471373 -0.00340716
47.3828 8.49721 -0.00333729 0.00379957 -0.0033909
47.0235 8.64663 -0.00430191 0.00451202 -0.00249374
47.3829 8.63745 -0.00336893 0.00359377 -0.00243298
46.3047 8.80465 -0.00682527 0.00675093 -0.00145071
46.6641 8.796 -0.00554577 0.00551324 -0.00152212
46.3048 8.94532 -0.00690999 0.00663455 -0.000670471
46.6642 8.93653 -0.00564129 0.00539002 -0.000650706
47.0235 8.78701 -0.00435397 0.00436614 -0.00155557
47.3829 8.77768 -0.00340335 0.00343716 -0.00150491
47.0236 8.9274 -0.00444501 0.00425104 -0.000629389
47.383 8.91792 -0.00348068 0.00332722 -0.000582791
47.7422 8.48785 -0.00258954 0.00304303 -0.0032393
48.1016 8.47816 -0.00183934 0.00230575 -0.00316581
47.7423 8.62793 -0.00257264 0.00281655 -0.00233068
48.1016 8.61808 -0.00179352 0.00207694 -0.00228603
48.461 8.46813 -0.00103773 0.00154969 -0.00312415
48.8203 8.45778 -0.000162324 0.00075818 -0.00313986
48.461 8.6079 -0.00101325 0.00134756 -0.00225503
48.8203 8.59738 -0.000217632 0.000623066 -0.00223632
47.7423 8.76802 -0.00259036 0.00264642 -0.00143039
48.1017 8.75801 -0.00180153 0.00189674 -0.00139995
47.7423 8.9081 -0.00260385 0.00249604 -0.000637566
48.1017 8.89793 -0.00187745 0.00178844 -0.000548716
48.461 8.74766 -0.00104985 0.00118977 -0.00134636
48.8203 8.73697 -0.000298837 0.000510622 -0.00134937
48.461 8.88742 -0.00111424 0.00107717 -0.00046935
48.8204 8.87656 -0.000365408 0.000414919 -0.000464214
