26.1795 -6.63986 -0.000911625 0.000446289 -0.00526455
26.5385 -6.64803 -0.00160861 0.00178321 -0.0051576
26.1795 -6.50009 -0.000872353 0.000460321 -0.00512278
26.5386 -6.50809 -0.0015124 0.00181672 -0.00508676
26.8976 -6.65593 -0.00231892 0.00312684 -0.0050214
27.2567 -6.66358 -0.00303135 0.00462141 -0.00483456
26.8976 -6.51583 -0.00221307 0.0031879 -0.00491997
27.2567 -6.52332 -0.00296699 0.00458358 -0.00466435
26.1795 -6.36032 -0.000821078 0.000496657 -0.00492566
26.5386 -6.36815 -0.00150086 0.00179044 -0.00487159
26.1795 -6.22054 -0.000812339 0.000512375 -0.0047134
26.5386 -6.2282 -0.00146781 0.00179805 -0.00461892
26.8976 -6.37572 -0.00218462 0.00313687 -0.00473064
27.2567 -6.38306 -0.00290796 0.00455658 -0.00446069
26.8977 -6.23562 -0.00213936 0.00313826 -0.00441738
27.2568 -6.24279 -0.0028539 0.00452234 -0.00421831
27.6158 -6.67097 -0.00376769 0.00607206 -0.00442629
27.9749 -6.67809 -0.00444966 0.00740428 -0.00395533
27.6158 -6.53055 -0.00369778 0.00600041 -0.0043195
27.9749 -6.53753 -0.0043402 0.00734905 -0.00385036
28.334 -6.68496 -0.00495154 0.0085101 -0.00329936
28.693 -6.69157 -0.00526609 0.00914247 -0.00283819
28.334 -6.54425 -0.00486613 0.00838053 -0.00333613
28.693 -6.55072 -0.00534101 0.00904868 -0.00280614
27.6158 -6.39014 -0.00362131 0.0059315 -0.00415616
27.9749 -6.39697 -0.0042636 0.00725852 -0.00378008
27.6159 -6.24972 -0.0035609 0.0058728 -0.00393733
27.975 -6.2564 -0.00420008 0.0072033 -0.00367907
28.334 -6.40355 -0.00480027 0.00834282 -0.00334588
28.6931 -6.40988 -0.00533506 0.00901984 -0.00283876
28.334 -6.26284 -0.00475579 0.00827744 -0.00327206
28.6931 -6.26904 -0.00527926 0.0090557 -0.00275445
26.1795 -6.08076 -0.00077727 0.000516549 -0.00445768
26.5386 -6.08825 -0.00142988 0.00180452 -0.00437386
26.1795 -5.94098 -0.000749993 0.000532424 -0.00420454
26.5386 -5.9483 -0.00140012 0.00181975 -0.00414242
26.8977 -6.09551 -0.00209795 0.00313817 -0.00418313
27.2568 -6.10252 -0.00280158 0.00450199 -0.003958
26.8977 -5.95539 -0.00204602 0.00313507 -0.00393064
27.2568 -5.96225 -0.00274061 0.00450366 -0.00373891
26.1795 -5.80119 -0.000726679 0.000559367 -0.00394426
26.5386 -5.80835 -0.00136487 0.00186279 -0.00380992
26.1795 -5.66141 -0.000703439 0.000577588 -0.00367719
26.5386 -5.6684 -0.00134816 0.00188046 -0.00354808
26.8977 -5.81528 -0.00204585 0.00317419 -0.00360596
27.2568 -5.82198 -0.0027229 0.00448979 -0.0032458
26.8977 -5.67516 -0.00200008 0.00319229 -0.00334937
27.2568 -5.68171 -0.00265714 0.00458472 -0.00308018
27.6159 -6.1093 -0.00349603 0.00583615 -0.00369754
27.975 -6.11584 -0.00410889 0.00713006 -0.00344165
27.6159 -5.96888 -0.00342328 0.0058149 -0.00349248
27.975 -5.97527 -0.00406873 0.00710309 -0.00313806
28.3341 -6.12214 -0.0047139 0.00821869 -0.00310641
28.6931 -6.12819 -0.0051514 0.00906693 -0.00273796
28.3341 -5.98143 -0.00470169 0.00823035 -0.00291134
28.6932 -5.98735 -0.00507054 0.00912282 -0.00259036
27.6159 -5.82845 -0.00342193 0.00575398 -0.00313181
27.975 -5.8347 -0.00403873 0.00704643 -0.00288658
27.6159 -5.68803 -0.00334278 0.00579838 -0.00287633
27.975 -5.69413 -0.00402908 0.00701785 -0.00244328
28.3341 -5.84071 -0.00464501 0.00822897 -0.00267255
28.6932 -5.8465 -0.00513924 0.0091658 -0.00223242
28.3341 -5.7 -0.00460546 0.0083389 -0.00228762
28.6932 -5.70565 -0.00525485 0.0090745 -0.00208918
29.0521 -6.69791 -0.00530531 0.00932734 -0.00249054
29.4111 -6.70398 -0.00556214 0.0091413 -0.00193806
29.0521 -6.55694 -0.00533859 0.00943366 -0.00255822
29.4111 -6.56288 -0.00589525 0.0092881 -0.00211994
29.7702 -6.70979 -0.00547016 0.00898604 -0.00162633
30.1293 -6.71533 -0.00530715 0.00890546 -0.00100886
29.7702 -6.56857 -0.00555188 0.00930597 -0.00171262
30.1293 -6.57399 -0.00539082 0.00914066 -0.0011993
29.0521 -6.41596 -0.0054658 0.00950684 -0.0025871
29.4112 -6.42178 -0.00589328 0.00952511 -0.00226393
29.0521 -6.27499 -0.00561459 0.00944478 -0.00244709
29.4112 -6.28068 -0.00590407 0.00965867 -0.00219612
29.7703 -6.42735 -0.0056915 0.00957051 -0.00183367
30.1294 -6.43266 -0.00545489 0.00936349 -0.00143647
29.7703 -6.28613 -0.00567866 0.00990937 -0.00192075
30.1294 -6.29134 -0.00582086 0.00955079 -0.00121144
30.4884 -6.72062 -0.00507492 0.0086859 -0.000788173
30.8475 -6.72565 -0.00504712 0.00836668 -0.000470422
30.4884 -6.57918 -0.00523633 0.00881352 -0.000900264
30.8475 -6.58411 -0.00517739 0.00847641 -0.000544924
31.2066 -6.73042 -0.0049928 0.00819163 -0.000337476
31.5657 -6.73492 -0.00474516 0.00804217 -0.000286043
31.2066 -6.58878 -0.00503467 0.00828741 -0.000434415
31.5657 -6.5932 -0.00483269 0.00806617 -0.000353242
30.4884 -6.43774 -0.00531449 0.00894573 -0.000962019
30.8475 -6.44256 -0.00526584 0.00858836 -0.000611035
30.4885 -6.29631 -0.00546604 0.00918161 -0.00100692
30.8475 -6.30103 -0.00534328 0.0087035 -0.00077514
31.2066 -6.44714 -0.00513214 0.00835868 -0.000474232
31.5657 -6.45147 -0.0049978 0.00808441 -0.000457433
31.2066 -6.30551 -0.00517336 0.00845825 -0.00059805
31.5657 -6.30973 -0.00508786 0.00812133 -0.000546634
29.0522 -6.13401 -0.00571463 0.00945934 -0.00218978
29.4112 -6.13959 -0.00588123 0.00986319 -0.00217624
29.0522 -5.99304 -0.00587132 0.0095957 -0.00202646
29.4113 -5.99848 -0.00589306 0.0100514 -0.00185509
29.7704 -6.14493 -0.00549034 0.0100613 -0.00188469
30.1294 -6.15002 -0.00583031 0.00974919 -0.00142104
29.7704 -6.00371 -0.00580236 0.0102894 -0.00117801
30.1294 -6.00869 -0.00573256 0.0101474 -0.00122809
29.0522 -5.85206 -0.00579342 0.00965484 -0.00197055
29.4113 -5.85738 -0.00592005 0.0101664 -0.00150444
29.0522 -5.71108 -0.00574853 0.00979789 -0.00172395
29.4113 -5.71627 -0.00599787 0.0102345 -0.00116275
29.7704 -5.86248 -0.00603495 0.0104599 -0.00118437
30.1295 -5.86735 -0.00578841 0.0103303 -0.000933115
29.7704 -5.72125 -0.00606888 0.0105436 -0.000823583
30.1295 -5.726 -0.00586839 0.0103309 -0.000613115
30.4885 -6.15488 -0.00566141 0.009386 -0.000858302
30.8475 -6.15949 -0.00549061 0.00879311 -0.000706416
30.4885 -6.01344 -0.00558932 0.00941351 -0.000896361
30.8476 -6.01794 -0.00555615 0.00884553 -0.000697048
31.2066 -6.16386 -0.00523874 0.00852652 -0.000623906
31.5657 -6.16799 -0.005139 0.00819892 -0.000572419
31.2067 -6.02221 -0.00530496 0.00858409 -0.000681852
31.5658 -6.02625 -0.00516404 0.00824944 -0.000660314
30.4885 -5.87199 -0.00559479 0.00964143 -0.000684634
30.8476 -5.87639 -0.00566028 0.00896089 -0.000730582
30.4886 -5.73054 -0.00558032 0.00965462 -0.000620959
30.8476 -5.73483 -0.00565438 0.00902528 -0.000674477
31.2067 -5.88056 -0.00532505 0.00865769 -0.000664638
31.5658 -5.8845 -0.00514322 0.00828719 -0.000752007
31.2067 -5.7389 -0.00534545 0.00870904 -0.000684896
31.5658 -5.74275 -0.00517465 0.00832454 -0.000810474
26.1795 -5.52163 -0.000669514 0.000605335 -0.00339785
26.5386 -5.52844 -0.00136908 0.0019506 -0.00325455
26.1795 -5.38184 -0.000636121 0.000632162 -0.00314853
26.5386 -5.38849 -0.00129097 0.00199991 -0.00305891
26.8977 -5.53504 -0.00205148 0.00324614 -0.00305068
27.2568 -5.54143 -0.00268199 0.00459853 -0.00273457
26.8977 -5.39493 -0.0020517 0.00338852 -0.00280072
27.2569 -5.40115 -0.00262671 0.00473575 -0.00248938
26.1796 -5.24205 -0.000613096 0.000654756 -0.0028807
26.5387 -5.24853 -0.00126371 0.00203803 -0.00281896
26.1796 -5.10226 -0.000589912 0.000671384 -0.00264959
26.5387 -5.10857 -0.00130063 0.00208959 -0.00248868
26.8978 -5.2548 -0.00198375 0.00341607 -0.00244311
27.2569 -5.26087 -0.00265342 0.00480099 -0.0021321
26.8978 -5.11468 -0.00205059 0.00352686 -0.00219401
27.2569 -5.12059 -0.00270969 0.00486225 -0.00183517
27.6159 -5.5476 -0.00329823 0.00575338 -0.00231358
27.975 -5.55355 -0.0040654 0.00711164 -0.00232837
27.616 -5.40716 -0.00331083 0.00591843 -0.00211812
27.9751 -5.41297 -0.00403263 0.00709785 -0.00177833
28.3341 -5.55928 -0.00448142 0.00834043 -0.00198444
28.6932 -5.56479 -0.0052907 0.00925783 -0.0016455
28.3342 -5.41855 -0.00452639 0.00835457 -0.00167116
28.6932 -5.42393 -0.00517531 0.00939734 -0.00146878
27.616 -5.26673 -0.00331093 0.00605124 -0.00172896
27.9751 -5.27238 -0.00400074 0.00720611 -0.00147431
27.616 -5.1263 -0.00333538 0.00620297 -0.00142342
27.9751 -5.1318 -0.00395256 0.0073673 -0.00101688
28.3342 -5.27783 -0.00457718 0.00824751 -0.00126515
28.6932 -5.28307 -0.00504712 0.00945167 -0.00122674
28.3342 -5.1371 -0.00462078 0.00822903 -0.00101729
28.6933 -5.14221 -0.00501541 0.00939495 -0.000936605
26.1796 -4.96247 -0.000570187 0.000680327 -0.00244575
26.5387 -4.96862 -0.00128119 0.00215553 -0.00237931
26.1796 -4.82268 -0.00055515 0.000690956 -0.00230725
26.5387 -4.82866 -0.00130403 0.00220206 -0.00220554
26.8978 -4.97456 -0.0020006 0.00368162 -0.00210731
27.2569 -4.98031 -0.00275047 0.00497906 -0.00172198
26.8978 -4.83444 -0.00206487 0.00373559 -0.00186501
27.2569 -4.84003 -0.00278696 0.00522875 -0.00121465
26.1796 -4.6829 -0.000551959 0.000708224 -0.00221763
26.5387 -4.6887 -0.00132665 0.00227427 -0.00208109
26.1796 -4.5431 -0.000550849 0.00072311 -0.00215831
26.5387 -4.54874 -0.00136252 0.00234683 -0.0019078
26.8978 -4.69432 -0.00213519 0.00387893 -0.00185648
27.257 -4.69975 -0.0028437 0.00537203 -0.00104402
26.8978 -4.5542 -0.00207505 0.00394499 -0.00155834
27.257 -4.55948 -0.00298148 0.00554043 -0.00124364
27.616 -4.98586 -0.0033408 0.00634637 -0.00107529
27.9751 -4.99122 -0.00400146 0.00742458 -0.000621988
27.6161 -4.84543 -0.00345637 0.00652675 -0.000957029
27.9752 -4.85064 -0.00409515 0.0075623 -0.000528853
28.3342 -4.99638 -0.00465505 0.00837774 -0.000549946
28.6933 -5.00133 -0.00499213 0.00959821 -0.000496415
28.3343 -4.85565 -0.00469472 0.00846394 -0.000227438
28.6934 -4.86047 -0.00472804 0.00960574 -0.000430592
27.6161 -4.70501 -0.00348502 0.00673324 -0.000508808
27.9752 -4.71007 -0.00417948 0.00767876 -0.000123438
27.6161 -4.56458 -0.00350635 0.00697012 -0.000511759
27.9752 -4.56949 -0.00429414 0.00784305 -4.05808e-05
28.3343 -4.71494 -0.00470878 0.00857582 -0.000105891
28.6934 -4.71964 -0.00471998 0.00961067 -0.000404808
28.3343 -4.57422 -0.00471912 0.00886444 0.000119631
28.6934 -4.57879 -0.00501936 0.00967744 -0.000437039
29.0523 -5.57009 -0.00565966 0.00995638 -0.00156038
29.4113 -5.57516 -0.00619049 0.0101683 -0.000795955
29.0523 -5.4291 -0.0056046 0.00985791 -0.00136481
29.4113 -5.43404 -0.00609752 0.0102228 -0.00100771
29.7704 -5.58001 -0.00599595 0.0106325 -0.000630502
30.1295 -5.58465 -0.00591816 0.0103149 -0.000274819
29.7705 -5.43878 -0.005947 0.010639 -0.000457502
30.1295 -5.4433 -0.00579015 0.0101838 -0.000555157
29.0523 -5.28811 -0.00581461 0.00971529 -0.000961887
29.4114 -5.29292 -0.00593664 0.010378 -0.000772601
29.0523 -5.14712 -0.00585752 0.00998551 -0.00105732
29.4114 -5.1518 -0.00592966 0.0104077 -0.00060277
29.7705 -5.29754 -0.00591499 0.0105573 -0.000366963
30.1296 -5.30195 -0.00565407 0.010153 -0.000375603
29.7705 -5.1563 -0.00591947 0.0104665 -0.000460039
30.1296 -5.1606 -0.00566253 0.010057 -0.000552887
30.4886 -5.58907 -0.00559523 0.009715 -0.000535217
30.8476 -5.59327 -0.00572383 0.0090149 -0.000612342
30.4886 -5.44761 -0.0056014 0.00959331 -0.000469716
30.8477 -5.45171 -0.00571955 0.00898777 -0.000636071
31.2068 -5.59724 -0.00529705 0.00875819 -0.000740366
31.5659 -5.601 -0.00524795 0.00829659 -0.000834285
31.2068 -5.45558 -0.00526017 0.00880128 -0.000755769
31.5659 -5.45925 -0.00526114 0.00831433 -0.000911726
30.4886 -5.30615 -0.00576018 0.00954268 -0.000486852
30.8477 -5.31014 -0.00563346 0.0090959 -0.000711819
30.4886 -5.16469 -0.00571616 0.00948242 -0.000664452
30.8477 -5.16858 -0.00557241 0.00914358 -0.000814701
31.2068 -5.31392 -0.0053341 0.00878556 -0.000822827
31.5659 -5.3175 -0.00524765 0.00836856 -0.000976646
31.2068 -5.17226 -0.00540116 0.00879274 -0.000923676
31.5659 -5.17574 -0.00525185 0.00839742 -0.00100453
29.0523 -5.00611 -0.00598319 0.0101488 -0.000300797
29.4114 -5.01068 -0.00590832 0.0103682 -0.000607738
29.0523 -4.86511 -0.00610251 0.00994958 -0.000130176
29.4114 -4.86956 -0.00589896 0.0103563 -0.000604568
29.7705 -5.01506 -0.00591034 0.0104219 -0.000563237
30.1296 -5.01924 -0.0057497 0.0100219 -0.000647336
29.7706 -4.87383 -0.00584641 0.0103956 -0.000759045
30.1296 -4.87789 -0.00578483 0.00997995 -0.000899646
29.0524 -4.72414 -0.00610072 0.00984566 -0.000562219
29.4115 -4.72846 -0.00586473 0.0103367 -0.000585681
29.0524 -4.58317 -0.00594897 0.00992638 -0.000266629
29.4115 -4.58735 -0.0058507 0.0103187 -0.000574106
29.7706 -4.73259 -0.00583047 0.0104246 -0.000985995
30.1296 -4.73655 -0.00586641 0.00998815 -0.00108716
29.7706 -4.59137 -0.00580831 0.0105498 -0.00118629
30.1297 -4.59521 -0.00595312 0.0100992 -0.00110441
30.4887 -5.02323 -0.00568255 0.0094931 -0.000818505
30.8478 -5.02701 -0.00561312 0.00916446 -0.000884934
30.4887 -4.88177 -0.00571896 0.0095077 -0.000954806
30.8478 -4.88545 -0.00564812 0.00920296 -0.00103317
31.2069 -5.0306 -0.00542216 0.00882408 -0.00101982
31.566 -5.03399 -0.00530078 0.00842149 -0.00112024
31.2069 -4.88894 -0.00546771 0.00887098 -0.00112663
31.566 -4.89224 -0.00531001 0.00847048 -0.001199
30.4887 -4.74031 -0.0058109 0.00956778 -0.00115008
30.8478 -4.74389 -0.00568546 0.00925854 -0.00112932
30.4887 -4.59886 -0.00592293 0.00966602 -0.00123777
30.8478 -4.60233 -0.0057102 0.00934405 -0.00123212
31.2069 -4.74728 -0.00553094 0.00890867 -0.0012134
31.566 -4.75049 -0.0053513 0.00852602 -0.00125797
31.2069 -4.60562 -0.00559256 0.00896883 -0.00126613
31.566 -4.60874 -0.00539491 0.00859207 -0.0013087
31.9247 -6.73915 -0.00506635 0.0077696 -0.000264744
32.2837 -6.74312 -0.00493889 0.00774418 -0.000390982
31.9247 -6.59734 -0.00505709 0.00782789 -0.000375085
32.2838 -6.60122 -0.00496479 0.00776904 -0.000484111
32.6428 -6.74682 -0.00482753 0.00751824 -0.000498987
33.0019 -6.75026 -0.00479094 0.00717289 -0.000654889
32.6429 -6.60484 -0.00485834 0.0075444 -0.000592196
33.002 -6.60821 -0.00480615 0.00719505 -0.000758246
31.9248 -6.45552 -0.00503015 0.00789954 -0.00050759
32.2838 -6.45932 -0.00500266 0.00778027 -0.000616051
31.9248 -6.3137 -0.00502295 0.00794169 -0.000629399
32.2839 -6.31741 -0.00505159 0.00777871 -0.000727814
32.6429 -6.46286 -0.00492417 0.00756572 -0.000755937
33.002 -6.46615 -0.00479126 0.00722656 -0.00090576
32.643 -6.32088 -0.00497267 0.0075918 -0.000908086
33.0021 -6.3241 -0.00480412 0.00725722 -0.00102966
33.361 -6.75343 -0.00461394 0.00684381 -0.0008821
33.7202 -6.75634 -0.00444667 0.00652094 -0.00111344
33.3611 -6.61131 -0.00462303 0.00685662 -0.000992218
33.7202 -6.61416 -0.00446147 0.00653844 -0.00124082
34.0793 -6.75899 -0.00458373 0.00629491 -0.00142753
34.4384 -6.76137 -0.00469084 0.00634064 -0.00178622
34.0793 -6.61675 -0.00458069 0.00639472 -0.00156052
34.4384 -6.61908 -0.00471754 0.00635312 -0.00188803
33.3611 -6.46919 -0.00463292 0.00685306 -0.00113045
33.7202 -6.47198 -0.00451869 0.00652059 -0.00139473
33.3612 -6.32707 -0.00461484 0.00689282 -0.00126257
33.7203 -6.3298 -0.00457305 0.00656338 -0.00161376
34.0793 -6.47451 -0.00462284 0.00637264 -0.00165805
34.4385 -6.47679 -0.00474933 0.0063836 -0.00213485
34.0794 -6.33227 -0.00468803 0.0064085 -0.00195168
34.4385 -6.3345 -0.0048008 0.00644976 -0.00233629
31.9248 -6.17187 -0.00503982 0.0079872 -0.000720927
32.2839 -6.1755 -0.00509224 0.00777783 -0.000825367
31.9249 -6.03004 -0.00508046 0.00801138 -0.000788503
32.284 -6.03359 -0.00508529 0.00778502 -0.000953213
32.643 -6.17889 -0.00499339 0.00761124 -0.00103044
33.0021 -6.18204 -0.00484151 0.00726617 -0.00122221
32.643 -6.03691 -0.00502963 0.00761731 -0.00117124
33.0021 -6.03999 -0.0048649 0.00725586 -0.00137101
31.9249 -5.88821 -0.00515293 0.00801925 -0.000857997
32.284 -5.89168 -0.0050667 0.00782334 -0.00106948
31.9249 -5.74638 -0.00514849 0.00803758 -0.000929007
32.284 -5.74977 -0.00506533 0.00781841 -0.00113095
32.6431 -5.89492 -0.00500861 0.00758823 -0.00125937
33.0022 -5.89793 -0.00487649 0.00725917 -0.00156305
32.6431 -5.75293 -0.00499445 0.00756163 -0.00139289
33.0022 -5.75587 -0.00486216 0.00723882 -0.0017258
33.3612 -6.18495 -0.00458821 0.00693901 -0.00146571
33.7203 -6.18762 -0.0046323 0.00656293 -0.00172994
33.3613 -6.04283 -0.00460954 0.00695695 -0.00165116
33.7204 -6.04544 -0.00464122 0.00662425 -0.00196203
34.0794 -6.19004 -0.00475211 0.0064557 -0.00211708
34.4385 -6.19221 -0.00487427 0.00651573 -0.00257794
34.0794 -6.0478 -0.00478972 0.00648206 -0.00238534
34.4386 -6.04993 -0.00494401 0.00656888 -0.0028344
33.3613 -5.90071 -0.00468275 0.00692893 -0.00185067
33.7204 -5.90326 -0.00465613 0.00664408 -0.00218994
33.3613 -5.75859 -0.00472813 0.00692454 -0.00200836
33.7204 -5.76108 -0.00469887 0.00670359 -0.00237381
34.0795 -5.90557 -0.00479586 0.00654189 -0.00257624
34.4386 -5.90765 -0.00496682 0.00665556 -0.00308077
34.0795 -5.76334 -0.00478858 0.00661634 -0.00282273
34.4386 -5.76537 -0.00501055 0.00672144 -0.00331408
34.7976 -6.76348 -0.004884 0.00652065 -0.00222832
35.1567 -6.76533 -0.00530378 0.00688266 -0.00261416
34.7976 -6.62115 -0.00493783 0.0065704 -0.00236754
35.1568 -6.62296 -0.00536767 0.00694374 -0.00284611
35.5159 -6.76692 -0.00568896 0.00734133 -0.00294783
35.8751 -6.76824 -0.00629991 0.00795316 -0.00326432
35.5159 -6.62451 -0.00573632 0.00739917 -0.00318803
35.8751 -6.6258 -0.00633779 0.00789276 -0.0034611
34.7976 -6.47881 -0.00499902 0.00659092 -0.00259542
35.1568 -6.48059 -0.0054537 0.00701965 -0.00303365
34.7976 -6.33648 -0.0050587 0.00665331 -0.00283416
35.1568 -6.33821 -0.00557033 0.00710195 -0.00322599
35.516 -6.48211 -0.00574441 0.00747851 -0.00340848
35.8751 -6.48337 -0.00628944 0.00782549 -0.00375882
35.516 -6.3397 -0.0058341 0.00758871 -0.00372203
35.8752 -6.34094 -0.00623248 0.00788144 -0.00408379
36.2344 -6.7693 -0.00674194 0.00884803 -0.00376765
36.5936 -6.77009 -0.00780273 0.00953814 -0.00341619
36.2344 -6.62685 -0.0065645 0.00857378 -0.00387689
36.5936 -6.62762 -0.00751784 0.0092598 -0.00386463
36.9528 -6.77061 -0.00871246 0.0102297 -0.00411091
37.3121 -6.77087 -0.00940362 0.0115851 -0.00427399
36.9528 -6.62814 -0.00853446 0.0100932 -0.00453836
37.3121 -6.62839 -0.00917508 0.0111509 -0.00454538
36.2344 -6.48439 -0.00670375 0.00830919 -0.00360238
36.5936 -6.48513 -0.00737445 0.0090144 -0.00433484
36.2344 -6.34193 -0.00666218 0.00829473 -0.00419155
36.5936 -6.34266 -0.00714437 0.00897216 -0.0046899
36.9528 -6.48564 -0.00843363 0.00965489 -0.00453809
37.312 -6.48589 -0.00893998 0.0106613 -0.00481525
36.9527 -6.34317 -0.00846449 0.00925437 -0.00448613
37.312 -6.3434 -0.00885401 0.0101509 -0.00511779
34.7976 -6.19415 -0.00514828 0.00675478 -0.00310261
35.1568 -6.19584 -0.00567894 0.00719124 -0.00343048
34.7977 -6.05182 -0.00525554 0.00677563 -0.00333375
35.1568 -6.05348 -0.00562368 0.00725899 -0.00391392
35.516 -6.1973 -0.00582184 0.00771763 -0.00399342
35.8752 -6.19851 -0.00640796 0.00778292 -0.00432072
35.516 -6.0549 -0.00584938 0.00776224 -0.00436258
35.8752 -6.05609 -0.00636813 0.00782124 -0.00475792
34.7977 -5.9095 -0.00544549 0.00678796 -0.00356848
35.1568 -5.91111 -0.00571041 0.00734895 -0.00412827
34.7977 -5.76718 -0.00547777 0.00683858 -0.0038242
35.1568 -5.76875 -0.00579905 0.00732368 -0.00436667
35.516 -5.9125 -0.0060165 0.00776879 -0.00460309
35.8752 -5.91366 -0.00652574 0.00788687 -0.0051072
35.516 -5.77011 -0.00607248 0.00779377 -0.00502825
35.8752 -5.77124 -0.00640203 0.00790989 -0.00558582
36.2344 -6.19948 -0.00667869 0.00823794 -0.00474457
36.5936 -6.20021 -0.00686747 0.00896594 -0.00499283
36.2344 -6.05703 -0.0065948 0.00825077 -0.00512185
36.5936 -6.05774 -0.00695183 0.00849743 -0.00544169
36.9527 -6.20069 -0.00787962 0.00921975 -0.00503664
37.312 -6.2009 -0.00871743 0.00977494 -0.00553465
36.9527 -6.0582 -0.00779613 0.0088595 -0.0055716
37.312 -6.05842 -0.00801061 0.00976535 -0.00600337
36.2344 -5.91458 -0.00681239 0.00810913 -0.00546272
36.5936 -5.91528 -0.00681789 0.0084475 -0.0058824
36.2343 -5.77214 -0.00668983 0.00817382 -0.00589849
36.5935 -5.77282 -0.00703613 0.00837754 -0.00618625
36.9527 -5.91574 -0.00756973 0.00862365 -0.00622441
37.312 -5.91597 -0.00781703 0.00965933 -0.00654361
36.9527 -5.77327 -0.00746817 0.00847801 -0.00654878
37.3119 -5.7735 -0.00780671 0.00946514 -0.00683288
31.925 -5.60453 -0.00514328 0.00803255 -0.000997433
32.2841 -5.60785 -0.00505841 0.0077983 -0.00121267
31.925 -5.4627 -0.00516681 0.00803046 -0.00105132
32.2841 -5.46593 -0.00505104 0.00778328 -0.00128642
32.6432 -5.61094 -0.00497708 0.00752354 -0.00149025
33.0023 -5.61381 -0.00485895 0.0071931 -0.00183182
32.6432 -5.46894 -0.00493133 0.00748058 -0.00158641
33.0023 -5.47174 -0.00487682 0.00712859 -0.00189129
31.925 -5.32086 -0.00517342 0.00803668 -0.00109179
32.2841 -5.32401 -0.00503894 0.00775644 -0.0013434
31.925 -5.17902 -0.00515499 0.0080616 -0.00118246
32.2842 -5.18209 -0.00501171 0.0077278 -0.00138273
32.6432 -5.32695 -0.00488972 0.00742977 -0.00165079
33.0023 -5.32968 -0.00482179 0.00709996 -0.00198769
32.6433 -5.18495 -0.00490325 0.00737409 -0.00167802
33.0024 -5.18761 -0.00477403 0.00706623 -0.00202841
33.3614 -5.61646 -0.00475449 0.00690226 -0.0021473
33.7205 -5.61889 -0.00474033 0.00667877 -0.00256574
33.3614 -5.47433 -0.00475734 0.00686343 -0.00227469
33.7205 -5.4767 -0.00474467 0.00668326 -0.00271677
34.0796 -5.6211 -0.00483131 0.00664566 -0.00300394
34.4386 -5.62308 -0.00504744 0.00673527 -0.00354808
34.0796 -5.47885 -0.0048709 0.00666186 -0.0031475
34.4387 -5.48079 -0.00501789 0.00676947 -0.00374735
33.3614 -5.3322 -0.00475653 0.00682949 -0.00236252
33.7205 -5.33451 -0.00473711 0.00667621 -0.00285654
33.3614 -5.19007 -0.00476823 0.00677542 -0.002429
33.7205 -5.19233 -0.00474444 0.00664661 -0.00290817
34.0796 -5.33661 -0.00484866 0.00663572 -0.0033021
34.4387 -5.3385 -0.0049955 0.00677417 -0.00387311
34.0796 -5.19437 -0.00478998 0.00664569 -0.00344377
34.4387 -5.19622 -0.00494862 0.00672144 -0.00405919
31.9251 -5.03718 -0.00515325 0.00807396 -0.00123775
32.2842 -5.04017 -0.00500752 0.00771506 -0.00143329
31.9251 -4.89534 -0.00515171 0.0080931 -0.00130185
32.2842 -4.89825 -0.00500202 0.00772095 -0.00145208
32.6433 -5.04296 -0.00488822 0.00735367 -0.00169397
33.0024 -5.04555 -0.00475427 0.0070581 -0.00204045
32.6433 -4.90097 -0.00487979 0.00736807 -0.00167012
33.0024 -4.90349 -0.00476949 0.00702903 -0.00203202
31.9251 -4.7535 -0.00517169 0.00813456 -0.00134227
32.2843 -4.75633 -0.00500859 0.00772967 -0.0014825
31.9252 -4.61167 -0.00519939 0.00818601 -0.00135995
32.2843 -4.61441 -0.00503073 0.00777037 -0.00144114
32.6434 -4.75897 -0.00487374 0.00738454 -0.00169684
33.0025 -4.76143 -0.00473952 0.00704565 -0.00203398
32.6434 -4.61698 -0.0049261 0.00740955 -0.00165361
33.0025 -4.61936 -0.00475388 0.00708854 -0.00203871
33.3615 -5.04794 -0.0047238 0.00675149 -0.00248213
33.7206 -5.05014 -0.00481767 0.0065929 -0.00291411
33.3615 -4.90582 -0.00469194 0.00674763 -0.00248146
33.7206 -4.90795 -0.00481609 0.0066229 -0.00300827
34.0797 -5.05213 -0.00478376 0.00662593 -0.00355316
34.4388 -5.05393 -0.0048838 0.00667004 -0.0041457
34.0797 -4.90989 -0.00477978 0.00659016 -0.00359498
34.4388 -4.91165 -0.00483983 0.00661838 -0.00427103
33.3615 -4.76369 -0.00472298 0.00674332 -0.00250021
33.7206 -4.76577 -0.00481701 0.0066186 -0.00303637
33.3616 -4.62156 -0.0047183 0.00678462 -0.00252555
33.7207 -4.62358 -0.0048238 0.00663722 -0.00316008
34.0797 -4.76766 -0.00473886 0.00658428 -0.00368065
34.4388 -4.76936 -0.00483428 0.00652044 -0.00436123
34.0798 -4.62542 -0.00472079 0.00661414 -0.00377295
34.4388 -4.62708 -0.00483166 0.00647913 -0.00447358
34.7977 -5.62485 -0.00545152 0.00689932 -0.00405515
35.1569 -5.62639 -0.00586042 0.00728839 -0.00465957
34.7978 -5.48251 -0.00543043 0.0069077 -0.00426856
35.1569 -5.48401 -0.00590897 0.00724149 -0.00491742
35.516 -5.62771 -0.00604459 0.00782391 -0.00534084
35.8752 -5.62882 -0.00653935 0.00798418 -0.00574023
35.516 -5.48531 -0.0060679 0.00771888 -0.00564729
35.8752 -5.48638 -0.00662153 0.00805816 -0.00606144
34.7978 -5.34018 -0.00540013 0.00690499 -0.0044798
35.1569 -5.34164 -0.00586954 0.00713186 -0.00515003
34.7978 -5.19786 -0.00530776 0.00684264 -0.00468154
35.1569 -5.19928 -0.00570745 0.00699478 -0.00531801
35.5161 -5.34291 -0.00610781 0.00759537 -0.00574401
35.8752 -5.34396 -0.0065259 0.00805545 -0.00649473
35.5161 -5.20051 -0.00621377 0.00735795 -0.0059505
35.8752 -5.20154 -0.00657827 0.00793571 -0.00671448
36.2344 -5.6297 -0.00672626 0.00827203 -0.00632742
36.5935 -5.63037 -0.00701032 0.00848983 -0.00655925
36.2343 -5.48725 -0.00680653 0.00845153 -0.00673116
36.5935 -5.4879 -0.00717676 0.0085063 -0.00703355
36.9527 -5.63081 -0.00765267 0.00854755 -0.00695574
37.3119 -5.63101 -0.00807358 0.00910795 -0.00736465
36.9527 -5.48833 -0.00761393 0.00870078 -0.00739248
37.3119 -5.48854 -0.00813524 0.00904824 -0.00756745
36.2343 -5.3448 -0.00686142 0.00849415 -0.00691023
36.5935 -5.34544 -0.0073733 0.00847742 -0.00723595
36.2343 -5.20237 -0.00703611 0.00834631 -0.00703822
36.5934 -5.20299 -0.007535 0.00852963 -0.00742315
36.9527 -5.34586 -0.00746886 0.00880379 -0.00751868
37.3119 -5.34608 -0.00801152 0.00909947 -0.00795322
36.9526 -5.20341 -0.00741403 0.00905437 -0.00802081
37.3118 -5.20362 -0.00803833 0.00930762 -0.00849699
34.7978 -5.05553 -0.00522962 0.00673351 -0.00485377
35.157 -5.05693 -0.00537252 0.00706722 -0.00555905
34.7979 -4.91321 -0.00519543 0.00660727 -0.00493146
35.157 -4.91457 -0.0054669 0.00682938 -0.00565605
35.5161 -5.05814 -0.00588343 0.00734288 -0.00635903
35.8752 -5.05914 -0.00630035 0.00803629 -0.00680148
35.5161 -4.91575 -0.00592204 0.00715216 -0.006274
35.8752 -4.91673 -0.00637953 0.00790153 -0.0070204
34.7979 -4.77088 -0.00514634 0.00649475 -0.0048982
35.157 -4.77221 -0.00545882 0.00666095 -0.00558691
34.7979 -4.62855 -0.00494524 0.0065598 -0.00512008
35.157 -4.62984 -0.00532453 0.00663237 -0.00572767
35.5161 -4.77335 -0.00588857 0.00707375 -0.00623681
35.8752 -4.77431 -0.00633367 0.00762881 -0.00693785
35.5161 -4.63095 -0.0057295 0.00699472 -0.00630692
35.8752 -4.63188 -0.00628622 0.00759714 -0.00671616
36.2343 -5.05994 -0.00679783 0.00858332 -0.00735812
36.5934 -5.06054 -0.00734237 0.00883559 -0.0078735
36.2343 -4.91751 -0.00700606 0.00838744 -0.00742943
36.5934 -4.9181 -0.00742342 0.00881109 -0.00803808
36.9526 -5.06095 -0.00772953 0.00899814 -0.00835798
37.3118 -5.06115 -0.00815584 0.00934176 -0.00887982
36.9526 -4.91849 -0.00774957 0.00916426 -0.00854678
37.3118 -4.91869 -0.00841097 0.00952653 -0.00918152
36.2343 -4.77507 -0.00689056 0.00825037 -0.00756438
36.5934 -4.77564 -0.00743895 0.00878155 -0.00818355
36.2343 -4.63262 -0.00677436 0.00823417 -0.00765226
36.5934 -4.63318 -0.00744156 0.00875632 -0.00824496
36.9526 -4.77603 -0.00787553 0.00922357 -0.00892127
37.3118 -4.77622 -0.00861653 0.00961828 -0.00963991
36.9526 -4.63356 -0.00786778 0.00931512 -0.00906481
37.3117 -4.63376 -0.00866221 0.00983255 -0.0098939
