37.6712 -6.77089 -0.0104205 0.0124084 -0.0042559
38.0303 -6.77066 -0.0113932 0.0130274 -0.00511292
37.6712 -6.62841 -0.0100378 0.0121847 -0.00502268
38.0302 -6.62819 -0.0111688 0.0127673 -0.00553797
38.3893 -6.77017 -0.0119419 0.0138899 -0.00541724
38.7484 -6.76942 -0.0123743 0.0144743 -0.0055095
38.3893 -6.62771 -0.0118648 0.0136603 -0.00582397
38.7483 -6.62697 -0.0124472 0.014458 -0.00596595
37.6712 -6.48591 -0.00968721 0.0116679 -0.00531439
38.0302 -6.4857 -0.0107487 0.0125056 -0.00595112
37.6712 -6.34342 -0.00950888 0.0111431 -0.00552978
38.0301 -6.34322 -0.0105091 0.0122905 -0.00620936
38.3892 -6.48524 -0.0118334 0.0134955 -0.00622416
38.7483 -6.48452 -0.0125985 0.0144627 -0.00638379
38.3891 -6.34276 -0.0118735 0.0132763 -0.00654824
38.7482 -6.34207 -0.0128185 0.0145104 -0.00675804
39.1075 -6.76841 -0.012967 0.0146729 -0.00557062
39.4667 -6.76712 -0.0135878 0.0147583 -0.00591506
39.1074 -6.62598 -0.0131712 0.0149631 -0.00599911
39.4666 -6.62472 -0.0140851 0.0150913 -0.00651981
39.8259 -6.76558 -0.0132086 0.0150261 -0.00649514
40.1853 -6.76375 -0.0139357 0.0145074 -0.00681028
39.8258 -6.62321 -0.0142568 0.0151893 -0.00647954
40.1852 -6.62143 -0.0139696 0.01523 -0.00723544
39.1074 -6.48355 -0.0134101 0.0152913 -0.00649869
39.4665 -6.48232 -0.0145524 0.0155239 -0.00708831
39.1073 -6.34112 -0.0137313 0.015569 -0.0069168
39.4665 -6.33992 -0.0146604 0.0161128 -0.00737194
39.8257 -6.48083 -0.0153787 0.015121 -0.00699471
40.1851 -6.47909 -0.0142216 0.015643 -0.0073144
39.8257 -6.33846 -0.0159689 0.0153226 -0.00738832
40.185 -6.33676 -0.0145974 0.0158757 -0.00753593
37.6711 -6.20092 -0.00968676 0.0103162 -0.00554047
38.0301 -6.20073 -0.0103489 0.0120134 -0.0065491
37.671 -6.05844 -0.00950617 0.00984997 -0.00628762
38.03 -6.05825 -0.01026 0.0118569 -0.0068168
38.3891 -6.2003 -0.0116936 0.013338 -0.00689711
38.7481 -6.19961 -0.012938 0.0146223 -0.00701839
38.389 -6.05783 -0.0117161 0.0132451 -0.00711301
38.748 -6.05716 -0.0130666 0.0147839 -0.00723444
37.671 -5.916 -0.00919456 0.00996998 -0.0072382
38.03 -5.91578 -0.0101552 0.0117224 -0.00709164
37.671 -5.77351 -0.00899833 0.0100361 -0.00704934
38.0299 -5.77331 -0.0102543 0.011538 -0.00737387
38.389 -5.91536 -0.011718 0.0133033 -0.00731475
38.748 -5.9147 -0.0132051 0.0149004 -0.00735209
38.3889 -5.7729 -0.0118052 0.0133126 -0.00739072
38.7479 -5.77225 -0.0133507 0.0150463 -0.00747199
39.1072 -6.19869 -0.0139183 0.0158625 -0.0072107
39.4664 -6.19752 -0.0149178 0.016453 -0.00762277
39.1071 -6.05625 -0.0140459 0.0161503 -0.00745724
39.4663 -6.05511 -0.015268 0.016579 -0.00771285
39.8256 -6.19609 -0.0160448 0.0157918 -0.00765665
40.185 -6.19442 -0.0150564 0.0162223 -0.00786951
39.8255 -6.05371 -0.0159544 0.0164727 -0.00823459
40.1849 -6.05208 -0.0154782 0.0164423 -0.00806035
39.1071 -5.91382 -0.0142098 0.01639 -0.00752607
39.4662 -5.9127 -0.0158518 0.0165093 -0.00766825
39.107 -5.77138 -0.014388 0.0165131 -0.0075577
39.4661 -5.77029 -0.0162205 0.0166797 -0.00763425
39.8255 -5.91133 -0.0158437 0.0169557 -0.00838021
40.1848 -5.90974 -0.015795 0.0166581 -0.00819349
39.8254 -5.76895 -0.0160307 0.0171616 -0.00827512
40.1847 -5.7674 -0.0160555 0.0168464 -0.00841197
40.5447 -6.76166 -0.0140547 0.0143032 -0.00656239
40.9041 -6.7593 -0.013828 0.0139844 -0.00694766
40.5446 -6.61938 -0.0142689 0.0146782 -0.0069421
40.904 -6.61707 -0.014186 0.0142036 -0.00728427
41.2636 -6.75668 -0.0137901 0.013866 -0.00766481
41.6232 -6.7538 -0.0140549 0.0137614 -0.00854078
41.2635 -6.6145 -0.0139772 0.0140605 -0.00802487
41.6231 -6.61167 -0.0140999 0.0139264 -0.0089348
40.5445 -6.47709 -0.0145262 0.0150328 -0.00728808
40.9039 -6.47483 -0.0144108 0.0144178 -0.00766315
40.5444 -6.33481 -0.014754 0.015419 -0.00769945
40.9039 -6.3326 -0.0147069 0.0146956 -0.00784906
41.2635 -6.47232 -0.0142006 0.014223 -0.00835714
41.6231 -6.46955 -0.014196 0.0139613 -0.00917631
41.2634 -6.33013 -0.0144057 0.0143926 -0.00860423
41.623 -6.32743 -0.0143123 0.0141204 -0.00936425
41.9829 -6.75065 -0.0140342 0.0136137 -0.00885114
42.3426 -6.74723 -0.0139857 0.0133962 -0.00909791
41.9828 -6.60859 -0.014067 0.0137562 -0.009134
42.3425 -6.60524 -0.0140591 0.0135342 -0.00932996
42.7024 -6.74355 -0.0139432 0.0132515 -0.00917628
43.0622 -6.73961 -0.0138397 0.0130033 -0.00925451
42.7023 -6.60164 -0.0140179 0.0133455 -0.00941562
43.0621 -6.59778 -0.013902 0.0130952 -0.00945082
41.9827 -6.46653 -0.0141402 0.0138266 -0.00941458
42.3425 -6.46326 -0.0141422 0.0136652 -0.00959512
41.9826 -6.32447 -0.0142943 0.0138666 -0.00958682
42.3424 -6.32127 -0.0142973 0.0137566 -0.00985917
42.7022 -6.45973 -0.0141211 0.0134314 -0.00962361
43.062 -6.45595 -0.0140023 0.0131643 -0.00964617
42.7021 -6.31781 -0.0142306 0.0135424 -0.00990087
43.0619 -6.31411 -0.0140882 0.0132779 -0.00990081
40.5444 -6.19251 -0.0149529 0.0157395 -0.00797289
40.9038 -6.19035 -0.0149414 0.0149315 -0.0081922
40.5443 -6.05022 -0.0152023 0.0159972 -0.00820771
40.9037 -6.04811 -0.0151642 0.0151975 -0.00844185
41.2633 -6.18795 -0.0145737 0.0145813 -0.00881777
41.6229 -6.1853 -0.0143502 0.0142228 -0.00953167
41.2632 -6.04575 -0.0146767 0.0147725 -0.00907007
41.6228 -6.04317 -0.0144559 0.0143893 -0.00959837
40.5442 -5.90792 -0.0154882 0.0161675 -0.00835527
40.9036 -5.90585 -0.0154556 0.0153812 -0.00874061
40.5441 -5.76561 -0.0155443 0.0164813 -0.00863461
40.9036 -5.7636 -0.0155093 0.0156291 -0.00895879
41.2632 -5.90356 -0.0148604 0.0149719 -0.00911706
41.6228 -5.90103 -0.0146087 0.0145443 -0.00969036
41.2631 -5.76136 -0.0150725 0.015106 -0.00922719
41.6227 -5.7589 -0.014816 0.0147565 -0.00974272
41.9826 -6.18241 -0.0143305 0.0139481 -0.00985606
42.3423 -6.17928 -0.0144341 0.0139096 -0.0100898
41.9825 -6.04034 -0.0144529 0.0141074 -0.0100549
42.3422 -6.03728 -0.0146075 0.0140785 -0.010343
42.702 -6.1759 -0.0143997 0.0136328 -0.0102171
43.0618 -6.17228 -0.014253 0.0134231 -0.0101866
42.702 -6.03398 -0.014523 0.0138277 -0.0105162
43.0617 -6.03044 -0.0144232 0.0135348 -0.0104434
41.9824 -5.89827 -0.0145771 0.0143168 -0.0102528
42.3421 -5.89528 -0.0148095 0.0142482 -0.0106481
41.9823 -5.75621 -0.0148027 0.0144914 -0.0103558
42.342 -5.75329 -0.0149979 0.0144264 -0.0109101
42.7019 -5.89206 -0.0146767 0.0140494 -0.0108136
43.0617 -5.88861 -0.0145816 0.0137115 -0.0108382
42.7018 -5.75014 -0.0148923 0.0142405 -0.011052
43.0616 -5.74677 -0.0147856 0.0138918 -0.0111326
37.671 -5.63103 -0.00905758 0.00991585 -0.0075199
38.0299 -5.63085 -0.0102533 0.0115267 -0.00763651
37.6709 -5.48855 -0.00910193 0.00979106 -0.00794556
38.0298 -5.48837 -0.0102666 0.0116108 -0.00806056
38.3888 -5.63043 -0.0119208 0.0133623 -0.00760864
38.7478 -5.6298 -0.0134719 0.015226 -0.00753535
38.3888 -5.48797 -0.0119683 0.0135369 -0.00793464
38.7478 -5.48735 -0.0136721 0.0153246 -0.00769107
37.6709 -5.34609 -0.00903763 0.00999982 -0.00852642
38.0298 -5.3459 -0.0104148 0.011657 -0.00827244
37.6709 -5.20362 -0.00915967 0.0100812 -0.00886274
38.0298 -5.20344 -0.0104733 0.0118204 -0.00877196
38.3888 -5.34551 -0.0120772 0.0137562 -0.00819416
38.7478 -5.3449 -0.0138371 0.0155351 -0.00798385
38.3887 -5.20305 -0.0122216 0.0139727 -0.00856398
38.7477 -5.20246 -0.014197 0.0155657 -0.00830618
39.1069 -5.62895 -0.0146017 0.0166587 -0.00774328
39.4661 -5.62787 -0.0161461 0.017107 -0.00776846
39.1069 -5.48652 -0.0148844 0.0167246 -0.00785571
39.466 -5.48545 -0.0160577 0.0175521 -0.00799595
39.8253 -5.62657 -0.0161941 0.0174298 -0.00844085
40.1846 -5.62505 -0.0162539 0.0170164 -0.00865931
39.8252 -5.48419 -0.0172197 0.0169801 -0.00852043
40.1846 -5.4827 -0.0166563 0.016784 -0.00881876
39.1068 -5.34409 -0.0152366 0.0166914 -0.00810379
39.466 -5.34306 -0.0152468 0.0182678 -0.00848793
39.1068 -5.20166 -0.0154903 0.0167475 -0.00845743
39.4659 -5.20065 -0.0155628 0.0183345 -0.00875377
39.8251 -5.34183 -0.0171114 0.0173018 -0.00891057
40.1845 -5.34037 -0.0167769 0.0167947 -0.00910999
39.8251 -5.19945 -0.016961 0.0175348 -0.00938975
40.1844 -5.19803 -0.0168778 0.0167832 -0.00961218
37.6708 -5.06116 -0.00919983 0.0103635 -0.00928688
38.0297 -5.06098 -0.0106957 0.0120727 -0.00907907
37.6708 -4.9187 -0.00947779 0.0105391 -0.00968756
38.0297 -4.91852 -0.0107874 0.0123526 -0.00956553
38.3887 -5.06059 -0.0123162 0.0142019 -0.00932295
38.7477 -5.06002 -0.0145466 0.015691 -0.00885617
38.3887 -4.91815 -0.0122131 0.0146255 -0.00971001
38.7476 -4.91758 -0.0145119 0.0160695 -0.00957867
37.6708 -4.77623 -0.00976249 0.0107857 -0.0100301
38.0297 -4.77604 -0.0116137 0.012414 -0.00964874
37.6708 -4.63376 -0.00967285 0.0111526 -0.0102749
38.0297 -4.63358 -0.0104035 0.0137945 -0.0106315
38.3886 -4.77568 -0.0138522 0.0135805 -0.00954227
38.7476 -4.77514 -0.0148953 0.0160161 -0.0101359
38.3885 -4.63324 -0.0138034 0.01418 -0.0100058
38.7475 -4.63271 -0.0147661 0.0164379 -0.0105986
39.1068 -5.05923 -0.0155628 0.0171054 -0.00897171
39.4659 -5.05825 -0.0159629 0.0182185 -0.00915545
39.1067 -4.91682 -0.0154819 0.0175258 -0.00953305
39.4658 -4.91586 -0.0162697 0.0182137 -0.00983345
39.825 -5.05709 -0.0169023 0.0177378 -0.0098227
40.1843 -5.05569 -0.0170566 0.0167377 -0.0100648
39.825 -4.91472 -0.0167171 0.0180054 -0.0102542
40.1843 -4.91336 -0.0170432 0.0168166 -0.0105533
39.1067 -4.7744 -0.0156617 0.0176569 -0.0100727
39.4658 -4.77348 -0.0165551 0.0181583 -0.0104326
39.1066 -4.632 -0.0158105 0.0177716 -0.0105888
39.4657 -4.6311 -0.0167875 0.0180669 -0.0109308
39.825 -4.77236 -0.0165376 0.0182397 -0.010475
40.1842 -4.77105 -0.0171175 0.0166567 -0.0109466
39.8249 -4.63002 -0.0163526 0.0183071 -0.0107203
40.1841 -4.62874 -0.0166316 0.0170001 -0.011409
40.5441 -5.62331 -0.0157539 0.0166898 -0.00904482
40.9035 -5.62135 -0.0155859 0.0158736 -0.00909395
40.544 -5.48101 -0.0159776 0.0165433 -0.00928285
40.9034 -5.4791 -0.0158151 0.0159501 -0.00949843
41.263 -5.61916 -0.015266 0.0153053 -0.0094068
41.6226 -5.61676 -0.0149748 0.0150097 -0.00979491
41.2629 -5.47696 -0.0154653 0.0155076 -0.00959021
41.6225 -5.47462 -0.0152547 0.0152212 -0.00995001
40.5439 -5.33871 -0.0159981 0.0167348 -0.00958657
40.9033 -5.33684 -0.015988 0.0160588 -0.00968778
40.5438 -5.19641 -0.0159757 0.0169187 -0.00996134
40.9032 -5.1946 -0.016013 0.0162151 -0.0100721
41.2628 -5.33477 -0.0157247 0.0156305 -0.0098413
41.6224 -5.33248 -0.0154565 0.0154459 -0.0101918
41.2627 -5.19258 -0.0160247 0.0156363 -0.0100202
41.6223 -5.19035 -0.0157305 0.0155201 -0.010341
41.9822 -5.61414 -0.0150027 0.0147123 -0.0105467
42.3419 -5.61129 -0.0151878 0.0146312 -0.011086
41.9821 -5.47206 -0.0151926 0.0149744 -0.010758
42.3418 -5.46929 -0.0153801 0.0148113 -0.0112202
42.7017 -5.60822 -0.0150963 0.0144532 -0.0113982
43.0615 -5.60494 -0.0148852 0.014189 -0.0113721
42.7016 -5.4663 -0.0153455 0.0145754 -0.0115179
43.0614 -5.4631 -0.0150763 0.0143036 -0.0116338
41.982 -5.32999 -0.0154462 0.0152447 -0.0110554
42.3417 -5.32729 -0.015524 0.0150626 -0.011391
41.9819 -5.18793 -0.0158505 0.0151986 -0.0109645
42.3416 -5.1853 -0.0157671 0.0152481 -0.0116099
42.7015 -5.32438 -0.015391 0.014863 -0.0116706
43.0613 -5.32126 -0.0152375 0.0144885 -0.0117773
42.7014 -5.18246 -0.0156162 0.0149714 -0.0117301
43.0612 -5.17942 -0.0153535 0.0146303 -0.0118905
40.5437 -5.05412 -0.0161052 0.0169167 -0.010342
40.9032 -5.05236 -0.0159165 0.0164824 -0.0103672
40.5437 -4.91183 -0.0162034 0.0169056 -0.0106351
40.9031 -4.91012 -0.0160528 0.0165405 -0.0106983
41.2626 -5.05039 -0.0160655 0.015916 -0.0104452
41.6222 -5.04823 -0.0156629 0.0158472 -0.0105083
41.2625 -4.90821 -0.016255 0.0160248 -0.0107482
41.6221 -4.90611 -0.016002 0.0160095 -0.0108602
40.5436 -4.76956 -0.0163923 0.0168541 -0.0108819
40.903 -4.76789 -0.0160553 0.0166198 -0.0108682
40.5435 -4.62729 -0.0164827 0.0167568 -0.0111412
40.9029 -4.62567 -0.0159691 0.0167687 -0.0111526
41.2624 -4.76603 -0.0164452 0.0160257 -0.0109166
41.6219 -4.76399 -0.0162174 0.016084 -0.0110536
41.2623 -4.62386 -0.0164687 0.0160725 -0.0110971
41.6218 -4.62187 -0.0162983 0.0162126 -0.0113469
41.9818 -5.04587 -0.015905 0.0154152 -0.0111802
42.3415 -5.04331 -0.0159307 0.0154308 -0.0115933
41.9817 -4.90381 -0.0159208 0.0156661 -0.0113163
42.3414 -4.90132 -0.0160014 0.0155445 -0.0116804
42.7013 -5.04054 -0.0156777 0.0151679 -0.0118799
43.0611 -5.03759 -0.0154556 0.0147553 -0.0120426
42.7012 -4.89863 -0.0159144 0.015235 -0.0119454
43.061 -4.89575 -0.0155413 0.0148336 -0.0120907
41.9816 -4.76175 -0.0160792 0.0157553 -0.0113287
42.3413 -4.75932 -0.0162035 0.0154702 -0.0116305
41.9815 -4.61969 -0.015984 0.0161503 -0.0114443
42.3412 -4.61733 -0.0161016 0.0156964 -0.0116536
42.7011 -4.75671 -0.0159917 0.0154212 -0.0120241
43.0609 -4.75391 -0.0155221 0.0149475 -0.012141
42.701 -4.61479 -0.0161785 0.015447 -0.0119726
43.0608 -4.61206 -0.0156247 0.0149573 -0.0122527
43.4221 -6.7354 -0.0137064 0.0127242 -0.00934037
43.7821 -6.73093 -0.0134933 0.0124335 -0.00937263
43.422 -6.59366 -0.0137724 0.0127795 -0.00947528
43.782 -6.58928 -0.0135214 0.0124149 -0.00949026
44.142 -6.72619 -0.01313 0.0119109 -0.00926377
44.502 -6.72118 -0.0123795 0.0109955 -0.00893677
44.1419 -6.58464 -0.0131056 0.0118557 -0.00937491
44.5019 -6.57974 -0.0122978 0.0109251 -0.00910609
43.4219 -6.45191 -0.013812 0.0128374 -0.00965755
43.7819 -6.44763 -0.0134809 0.0124768 -0.00966644
43.4218 -6.31017 -0.013929 0.0128854 -0.00985515
43.7818 -6.30598 -0.0135777 0.0124484 -0.00984828
44.1418 -6.44309 -0.0130481 0.0118741 -0.00958317
44.5018 -6.4383 -0.0122567 0.0108952 -0.00937178
44.1417 -6.30155 -0.013044 0.0117861 -0.00981345
44.5017 -6.29686 -0.0121196 0.0108227 -0.0096088
44.862 -6.71591 -0.0111577 0.00967328 -0.00863663
45.222 -6.71038 -0.00978049 0.0082414 -0.00849217
44.8619 -6.57459 -0.0110737 0.00963456 -0.00887228
45.2219 -6.56917 -0.00974785 0.00815838 -0.00876442
45.582 -6.70458 -0.0083998 0.00678217 -0.00849054
45.942 -6.69852 -0.00702242 0.00539723 -0.00868206
45.5819 -6.5635 -0.00844396 0.00668505 -0.00879091
45.9419 -6.55757 -0.00700097 0.00523403 -0.00899916
44.8618 -6.43326 -0.0110086 0.0095055 -0.00908444
45.2218 -6.42796 -0.00964093 0.00811206 -0.0090903
44.8617 -6.29193 -0.0110001 0.00937367 -0.00931241
45.2217 -6.28676 -0.00959123 0.0080145 -0.0093584
45.5818 -6.42241 -0.00828883 0.0066708 -0.00915286
45.9418 -6.41661 -0.00694267 0.00523422 -0.00935483
45.5816 -6.28133 -0.00821207 0.00658755 -0.00943209
45.9417 -6.27566 -0.00680624 0.00524328 -0.00963769
43.4217 -6.16842 -0.0140233 0.0130207 -0.010155
43.7817 -6.16433 -0.0135907 0.0125524 -0.0101465
43.4216 -6.02668 -0.01416 0.0131054 -0.0104415
43.7816 -6.02269 -0.013738 0.0125175 -0.0103475
44.1416 -6.16 -0.0129702 0.0117585 -0.00999727
44.5016 -6.15543 -0.0119481 0.0107317 -0.00988584
44.1415 -6.01846 -0.0129901 0.0117001 -0.0102783
44.5015 -6.01399 -0.0117534 0.0107763 -0.0101276
43.4215 -5.88493 -0.0142464 0.0133184 -0.0108058
43.7814 -5.88104 -0.0138092 0.0126229 -0.0107204
43.4214 -5.74319 -0.0144631 0.0134358 -0.0110589
43.7813 -5.73938 -0.0139107 0.0127031 -0.0109885
44.1414 -5.87691 -0.0130209 0.0116819 -0.0105653
44.5013 -5.87255 -0.0119635 0.010519 -0.0103265
44.1413 -5.73536 -0.0130232 0.01172 -0.0108437
44.5012 -5.7311 -0.0119309 0.0105616 -0.0106826
44.8615 -6.15061 -0.0109454 0.00923767 -0.00970782
45.2215 -6.14555 -0.00951021 0.00795954 -0.00966556
44.8614 -6.00929 -0.0106914 0.0093861 -0.0100976
45.2214 -6.00434 -0.00940217 0.0079062 -0.0099337
45.5815 -6.14024 -0.00824054 0.0064496 -0.00968794
45.9415 -6.1347 -0.00686023 0.00507663 -0.00982891
45.5814 -5.99916 -0.00808805 0.00646426 -0.0100045
45.9414 -5.99374 -0.00672153 0.00507871 -0.0101761
44.8613 -5.86796 -0.010704 0.00924277 -0.0102854
45.2213 -5.86313 -0.00936481 0.00782592 -0.010202
44.8612 -5.72662 -0.010624 0.00921643 -0.010546
45.2212 -5.72192 -0.00927938 0.00780435 -0.0104883
45.5813 -5.85807 -0.00810027 0.00636705 -0.0102743
45.9413 -5.85278 -0.0066866 0.0049379 -0.0103804
45.5812 -5.71698 -0.00798833 0.00636867 -0.0105627
45.9412 -5.71182 -0.00655652 0.00492264 -0.0108003
46.302 -6.6922 -0.00568468 0.00398807 -0.00895328
46.6619 -6.68562 -0.00458771 0.00264901 -0.0093701
46.3019 -6.55138 -0.00570477 0.00390279 -0.00927047
46.6618 -6.54494 -0.00438167 0.00257641 -0.00987288
47.0218 -6.67877 -0.00353076 0.00124005 -0.0102388
47.3816 -6.67166 -0.00257756 0.000415605 -0.0107535
47.0216 -6.53825 -0.00337777 0.00160935 -0.00992618
47.3815 -6.5313 -0.00231421 0.000517105 -0.0112251
46.3017 -6.41057 -0.00563185 0.00387122 -0.0096126
46.6616 -6.40428 -0.00408974 0.002584 -0.0102069
46.3016 -6.26975 -0.00552271 0.0038434 -0.00993659
46.6615 -6.26361 -0.00425108 0.00248932 -0.0102172
47.0215 -6.39774 -0.0030591 0.00153805 -0.0106933
47.3814 -6.39094 -0.0022907 0.000448199 -0.0113276
47.0213 -6.25722 -0.00318816 0.00132578 -0.0108955
47.3812 -6.25058 -0.00218862 0.000454028 -0.011559
47.7414 -6.66429 -0.00171015 -0.000369283 -0.0116128
48.1012 -6.65667 -0.00115178 -0.0007686 -0.0121177
47.7413 -6.5241 -0.0016115 -0.000313732 -0.0117911
48.101 -6.51666 -0.00125925 -0.000759014 -0.0122503
48.4608 -6.64879 -0.000535372 -0.0008693 -0.0124292
48.8204 -6.64067 -0.000307844 -0.000487509 -0.01228
48.4607 -6.50897 -0.000783808 -0.00122133 -0.0125403
48.8203 -6.50104 -0.00042306 -4.01204e-05 -0.0129912
47.7412 -6.3839 -0.00163748 -0.000377081 -0.0119098
48.1009 -6.37663 -0.0012845 -0.000672677 -0.0122736
47.741 -6.2437 -0.00152065 -0.000217434 -0.0120489
48.1008 -6.23658 -0.00123304 -0.00070851 -0.0123355
48.4606 -6.3691 -0.000852449 -0.00125927 -0.012247
48.8202 -6.36134 -0.00109225 -0.000730582 -0.0128872
48.4605 -6.22922 -0.0009481 -0.00100572 -0.0128371
48.8202 -6.22161 -0.00066752 -0.00102392 -0.0127265
46.3015 -6.12892 -0.00549273 0.00371787 -0.0102067
46.6613 -6.12292 -0.00418209 0.00243688 -0.0106381
46.3013 -5.9881 -0.00543785 0.00362311 -0.0104996
46.6612 -5.98223 -0.00416042 0.00230956 -0.0108841
47.0212 -6.11668 -0.00315222 0.00126592 -0.0111556
47.3811 -6.11019 -0.00219509 0.000316135 -0.0117046
47.0211 -5.97612 -0.00307729 0.00114363 -0.0114276
47.3809 -5.96978 -0.00217429 0.000219934 -0.0119687
46.3012 -5.84727 -0.00531845 0.00356513 -0.0107949
46.6611 -5.84153 -0.00400572 0.00233499 -0.0112142
46.3011 -5.70644 -0.00522864 0.00352124 -0.0110448
46.6609 -5.70084 -0.00397184 0.00215985 -0.0114069
47.0209 -5.83557 -0.00285848 0.00123248 -0.0116779
47.3808 -5.82937 -0.00200746 0.000258666 -0.0121843
47.0208 -5.69501 -0.00287031 0.00103293 -0.0118445
47.3807 -5.68895 -0.00198613 0.000152891 -0.0122683
47.7409 -6.10346 -0.00150042 -0.000368408 -0.0123198
48.1007 -6.09649 -0.00155821 -0.000911026 -0.01246
47.7408 -5.9632 -0.00192078 -0.000826219 -0.0123783
48.1006 -5.95638 -0.00158822 -0.00129588 -0.0126031
48.4604 -6.08929 -0.00130549 -0.00123705 -0.0125494
48.8201 -6.08184 -0.000955538 -0.00115489 -0.01264
48.4603 -5.94934 -0.00129441 -0.00110961 -0.0125247
48.8201 -5.94206 -0.0010234 -0.00114507 -0.0127525
47.7407 -5.82295 -0.000970137 -5.27495e-05 -0.0125144
48.1005 -5.81629 -0.00089119 -0.000273306 -0.012778
47.7406 -5.68267 -0.00140267 -0.000385362 -0.0127488
48.1004 -5.67617 -0.000896888 -0.000551753 -0.0130707
48.4602 -5.8094 -0.000928317 -0.000716833 -0.0129422
48.8201 -5.80228 -0.000657632 -0.000727509 -0.0131846
48.4602 -5.66945 -0.000832103 -0.000706186 -0.0131495
48.8201 -5.66249 -0.000823635 -0.0011905 -0.0131247
43.4213 -5.60144 -0.0146138 0.0135983 -0.0113274
43.7812 -5.59773 -0.0139517 0.0128489 -0.0112722
43.4212 -5.45969 -0.0146955 0.0137711 -0.0115898
43.7811 -5.45607 -0.0140854 0.0128934 -0.0114578
44.1412 -5.5938 -0.0131022 0.0117729 -0.0111044
44.5011 -5.58965 -0.0119726 0.0104758 -0.0108883
44.1411 -5.45223 -0.0131439 0.0117835 -0.0112926
44.501 -5.44818 -0.0119169 0.0105021 -0.0111652
43.4211 -5.31793 -0.0148236 0.0139055 -0.011779
43.781 -5.3144 -0.0140716 0.0130313 -0.011656
43.421 -5.17618 -0.0149099 0.0140319 -0.0118937
43.7809 -5.17274 -0.0141474 0.0130916 -0.0118111
44.141 -5.31066 -0.013105 0.0118795 -0.0115294
44.5009 -5.30671 -0.011976 0.0104482 -0.0113728
44.1409 -5.16909 -0.0131 0.0118962 -0.011718
44.5008 -5.16524 -0.0118875 0.0105175 -0.0115855
44.8611 -5.58527 -0.0106676 0.00908794 -0.0107671
45.2211 -5.58068 -0.00928678 0.00770117 -0.0107689
44.861 -5.44391 -0.0105628 0.00918348 -0.0110977
45.221 -5.43943 -0.00923739 0.00771739 -0.0110089
45.581 -5.57587 -0.00794613 0.00627598 -0.0108113
45.941 -5.57083 -0.00654853 0.00484053 -0.0109794
45.5809 -5.43473 -0.00789469 0.00623132 -0.011052
45.9409 -5.42982 -0.00648202 0.00476714 -0.0112374
44.8609 -5.30255 -0.0105999 0.00904881 -0.0112584
45.2208 -5.29818 -0.00920421 0.00767095 -0.0112771
44.8607 -5.16118 -0.0105929 0.00909961 -0.0115123
45.2207 -5.15692 -0.0091655 0.00765188 -0.0115365
45.5808 -5.2936 -0.00787039 0.00620302 -0.011313
45.9408 -5.28881 -0.00644962 0.00476337 -0.0114745
45.5807 -5.15246 -0.00782923 0.00619469 -0.0115814
45.9407 -5.14779 -0.00641292 0.0047376 -0.011693
43.4209 -5.03443 -0.0149576 0.0141188 -0.0120432
43.7808 -5.03107 -0.0141243 0.013183 -0.0119638
43.4208 -4.89267 -0.0150012 0.0141727 -0.0121524
43.7807 -4.88941 -0.0142399 0.0130461 -0.0120666
44.1407 -5.02752 -0.0130035 0.0119651 -0.0119023
44.5007 -5.02377 -0.0118532 0.0105156 -0.0117825
44.1406 -4.88595 -0.0130507 0.011895 -0.0119886
44.5006 -4.8823 -0.0118111 0.0104832 -0.0119625
43.4207 -4.75092 -0.0149238 0.0141806 -0.0122196
43.7806 -4.74774 -0.0141152 0.0130548 -0.0121761
43.4207 -4.60916 -0.0149111 0.0141293 -0.012303
43.7805 -4.60607 -0.013962 0.0130188 -0.0123247
44.1405 -4.74438 -0.0129861 0.0118166 -0.0121111
44.5005 -4.74082 -0.0117261 0.0104265 -0.0122018
44.1404 -4.6028 -0.012879 0.0117282 -0.0123148
44.5003 -4.59935 -0.0116505 0.01034 -0.0123571
44.8606 -5.01982 -0.0105519 0.00906905 -0.0117097
45.2206 -5.01567 -0.00911014 0.0076341 -0.0117214
44.8605 -4.87845 -0.0105184 0.00905618 -0.0120316
45.2205 -4.87441 -0.00909918 0.0076135 -0.012014
45.5806 -5.01132 -0.00779211 0.00615626 -0.0118079
45.9405 -5.00678 -0.00641357 0.0047152 -0.0118895
45.5804 -4.87018 -0.00772366 0.00620328 -0.0120331
45.9404 -4.86576 -0.00634078 0.0048108 -0.0120678
44.8604 -4.73708 -0.0104122 0.00900514 -0.0122053
45.2204 -4.73316 -0.00904923 0.00759769 -0.0122255
44.8603 -4.59572 -0.0103937 0.00894354 -0.0124348
45.2202 -4.5919 -0.00907289 0.00756054 -0.0124993
45.5803 -4.72904 -0.00777025 0.00616888 -0.0122714
45.9403 -4.72474 -0.00644353 0.00477983 -0.0123142
45.5802 -4.5879 -0.00772625 0.00617447 -0.0125464
45.9401 -4.58372 -0.00646328 0.00481124 -0.0125574
46.301 -5.56558 -0.00511733 0.00341992 -0.0112573
46.6608 -5.56011 -0.00388572 0.00209839 -0.0116437
46.3008 -5.4247 -0.00509412 0.00334568 -0.0114857
46.6607 -5.41936 -0.00380714 0.00209716 -0.0118225
47.0207 -5.55442 -0.00279902 0.000988125 -0.0120045
47.3806 -5.54851 -0.00189493 0.000132821 -0.0124403
47.0206 -5.41381 -0.00269449 0.000988723 -0.0122676
47.3805 -5.40804 -0.00186264 0.000115137 -0.012541
46.3007 -5.28381 -0.00504362 0.00332767 -0.0116912
46.6606 -5.2786 -0.00378234 0.00204989 -0.0119704
46.3006 -5.14292 -0.00501961 0.00332035 -0.0118586
46.6605 -5.13785 -0.00374033 0.00205628 -0.0121345
47.0205 -5.27319 -0.00270552 0.000920208 -0.0123106
47.3804 -5.26757 -0.00177662 0.000114183 -0.0126719
47.0204 -5.13257 -0.00262002 0.000937392 -0.0124556
47.3803 -5.1271 -0.0018079 4.09355e-05 -0.012738
47.7405 -5.54238 -0.0012561 -0.000511881 -0.0126544
48.1003 -5.53604 -0.000898163 -0.000449969 -0.0130879
47.7404 -5.40206 -0.00127297 -0.000520681 -0.0127681
48.1003 -5.39587 -0.000909009 -0.000729966 -0.0129574
48.4602 -5.52948 -0.00055595 -0.000496381 -0.0131806
48.8201 -5.52269 -0.000628729 -0.000801648 -0.0130943
48.4602 -5.38947 -0.000786736 -0.000741056 -0.0132738
48.8201 -5.38285 -0.000742102 -0.000796665 -0.0132271
47.7403 -5.26174 -0.00116335 -0.000395314 -0.0129464
48.1002 -5.2557 -0.000844317 -0.000728617 -0.0129757
47.7403 -5.12141 -0.00124183 -0.000495509 -0.0129623
48.1002 -5.11553 -0.000855937 -0.000800218 -0.0130431
48.4601 -5.24945 -0.000854378 -0.00085511 -0.0130464
48.82 -5.243 -0.000935996 -0.000890093 -0.013106
48.4601 -5.10944 -0.000818785 -0.000926844 -0.0129378
48.82 -5.10315 -0.000928876 -0.00084717 -0.012907
46.3005 -5.00203 -0.00503268 0.00335164 -0.0120254
46.6604 -4.99709 -0.00374085 0.00205967 -0.0122718
46.3004 -4.86115 -0.0050119 0.00341852 -0.0122383
46.6603 -4.85634 -0.00377981 0.00210669 -0.0123753
47.0203 -4.99196 -0.00265341 0.00095255 -0.0125201
47.3803 -4.98662 -0.00176975 7.03474e-05 -0.0128
47.0202 -4.85134 -0.0026421 0.0010011 -0.012621
47.3802 -4.84614 -0.00174761 0.000136884 -0.0128977
46.3002 -4.72025 -0.00507714 0.00346327 -0.0124085
46.6602 -4.71558 -0.00377839 0.00222729 -0.0125111
46.3001 -4.57936 -0.00513297 0.00349863 -0.0125939
46.6601 -4.57482 -0.0039007 0.00226843 -0.0126917
47.0202 -4.71072 -0.00266591 0.00112725 -0.0127551
47.3801 -4.70567 -0.00178492 0.000169115 -0.012904
47.0201 -4.5701 -0.00272807 0.00114465 -0.0128461
47.3801 -4.56519 -0.00173579 0.000260209 -0.0130632
47.7402 -4.98109 -0.00116099 -0.000481979 -0.0130044
48.1001 -4.97536 -0.000854758 -0.000727302 -0.0131023
47.7402 -4.84076 -0.00112867 -0.000467242 -0.0130752
48.1001 -4.83519 -0.000840478 -0.000730477 -0.0131616
48.4601 -4.96943 -0.000735023 -0.000826364 -0.0130391
48.82 -4.96331 -0.000746611 -0.000720494 -0.0130704
48.4601 -4.82942 -0.000757021 -0.000824165 -0.013134
48.82 -4.82346 -0.000790242 -0.000914792 -0.0131369
47.7401 -4.70043 -0.00111445 -0.000472665 -0.0130845
48.1001 -4.69501 -0.000816684 -0.000708867 -0.0131604
47.74 -4.56011 -0.00105508 -0.000395948 -0.0131515
48.1 -4.55484 -0.000811494 -0.000684417 -0.0130964
48.46 -4.68941 -0.00073009 -0.000776661 -0.0131592
48.82 -4.68362 -0.00065502 -0.000796673 -0.0131503
48.46 -4.5494 -0.000711029 -0.000797836 -0.0131394
48.82 -4.54377 -0.000708133 -0.00083059 -0.0131934
