26.1796 4.54317 0.000465783 0.000228552 -0.00653874
26.5388 4.54885 0.000472951 0.000212588 -0.00654799
26.1796 4.68295 0.000483548 0.000233947 -0.00650348
26.5388 4.6888 0.000491902 0.000213634 -0.00651149
26.898 4.55436 0.000510912 0.000148553 -0.00656905
27.2572 4.55969 0.000588941 1.40977e-06 -0.00656831
26.898 4.69447 0.000525956 0.000144631 -0.00651766
27.2572 4.69996 0.000604846 7.07603e-06 -0.00653228
26.1796 4.82273 0.000498468 0.000238991 -0.00646845
26.5388 4.82875 0.000515326 0.000217586 -0.00647098
26.1796 4.96251 0.000512251 0.000242652 -0.006436
26.5388 4.9687 0.000528177 0.000217189 -0.00643658
26.898 4.83458 0.000552405 0.000148305 -0.00647703
27.2572 4.84023 0.000619481 9.82735e-06 -0.00649009
26.898 4.9747 0.00056533 0.00014732 -0.00644013
27.2572 4.9805 0.000638057 1.00752e-05 -0.00644923
27.6164 4.56483 0.000723009 -0.000240162 -0.00657379
27.9756 4.5698 0.000907318 -0.000588759 -0.00649561
27.6164 4.70526 0.000732692 -0.000232264 -0.00653405
27.9756 4.71037 0.000916062 -0.000548521 -0.00647073
28.3349 4.57459 0.001093 -0.000899635 -0.00647175
28.6941 4.5792 0.0010818 -0.000815811 -0.00646659
28.3349 4.7153 0.00108069 -0.000831021 -0.00641194
28.6941 4.72004 0.00106378 -0.000803096 -0.0063928
27.6164 4.84568 0.000747923 -0.000210049 -0.00647178
27.9757 4.85094 0.000921321 -0.000487757 -0.00644779
27.6164 4.9861 0.000754855 -0.000187934 -0.00643019
27.9757 4.99151 0.000887966 -0.000447312 -0.00637699
28.3349 4.85601 0.00103856 -0.000764622 -0.00632275
28.6941 4.86089 0.00102306 -0.00077311 -0.00626847
28.3349 4.99672 0.000999352 -0.000681763 -0.00627228
28.6941 5.00173 0.00102186 -0.000711453 -0.00618109
26.1796 5.10229 0.000522662 0.000246894 -0.00641143
26.5388 5.10865 0.000538999 0.000216309 -0.00641348
26.1796 5.24207 0.000537485 0.000252446 -0.0064011
26.5388 5.2486 0.00055637 0.000220513 -0.00639869
26.898 5.11481 0.000583311 0.000146126 -0.0064208
27.2572 5.12077 0.000661542 2.13532e-05 -0.00642638
26.898 5.25492 0.000594245 0.000143382 -0.00640741
27.2572 5.26104 0.000671773 2.14786e-05 -0.00642612
26.1796 5.38186 0.000546628 0.000254191 -0.00640292
26.5388 5.38855 0.000569033 0.00021864 -0.00640298
26.1796 5.52164 0.000566081 0.000259137 -0.00642048
26.5388 5.52851 0.000591009 0.000222217 -0.00643633
26.898 5.39504 0.000618026 0.000144219 -0.00641917
27.2572 5.40131 0.000685648 2.47859e-05 -0.00644068
26.898 5.53516 0.000646155 0.000142472 -0.00646096
27.2573 5.54159 0.000709075 3.33656e-05 -0.00649577
27.6165 5.12652 0.000758513 -0.000164176 -0.00641065
27.9757 5.13208 0.000878008 -0.00039789 -0.00635058
27.6165 5.26695 0.000761083 -0.000143278 -0.00640386
27.9757 5.27265 0.000835257 -0.000347057 -0.0063296
28.3349 5.13743 0.000945712 -0.000601402 -0.00624196
28.6942 5.14258 0.000987404 -0.000657702 -0.00614161
28.3349 5.27814 0.000953654 -0.000523115 -0.00621784
28.6942 5.28343 0.00100365 -0.000567946 -0.00609179
27.6165 5.40737 0.000763175 -0.000115069 -0.00643842
27.9757 5.41322 0.000841502 -0.000262743 -0.00635322
27.6165 5.5478 0.000791929 -7.1593e-05 -0.00650984
27.9757 5.5538 0.000845449 -0.000194687 -0.00643366
28.335 5.41886 0.000909678 -0.000417329 -0.00622387
28.6942 5.42428 0.000951654 -0.000484122 -0.00614376
28.335 5.55957 0.000873325 -0.000322691 -0.00630764
28.6942 5.56513 0.000906284 -0.000409682 -0.00620335
29.0533 4.58362 0.000818757 -0.000318665 -0.00663699
29.4125 4.58787 0.000489025 0.00031478 -0.00684216
29.0533 4.7246 0.000818706 -0.000335768 -0.00647677
29.4126 4.72897 0.000531403 0.000263742 -0.00667799
29.7718 4.59194 4.21288e-05 0.00118222 -0.00705618
30.131 4.59582 -0.000574024 0.00223289 -0.00740646
29.7718 4.73315 0.000108103 0.0010797 -0.00690121
30.1311 4.73715 -0.000507863 0.0021594 -0.00719641
29.0534 4.86557 0.000822459 -0.000363591 -0.00634351
29.4126 4.87007 0.000565669 0.000169152 -0.00650235
29.0534 5.00655 0.000850968 -0.000376987 -0.00623572
29.4126 5.01117 0.000607594 0.000105868 -0.00638837
29.7719 4.87437 0.000118742 0.000956198 -0.00672126
30.1311 4.87849 -0.000524356 0.0020564 -0.0068879
29.7719 5.01559 0.000182994 0.000896695 -0.00654181
30.1312 5.01982 -0.000430382 0.00201653 -0.0066943
30.4903 4.59953 -0.00116002 0.00323256 -0.0075606
30.8495 4.60305 -0.00161765 0.0042156 -0.00786549
30.4903 4.74096 -0.00114454 0.00318845 -0.00733817
30.8496 4.74459 -0.00170486 0.00409139 -0.00749737
31.2088 4.60639 -0.00223255 0.00488921 -0.0082136
31.568 4.60955 -0.00275701 0.00572351 -0.0089115
31.2088 4.74803 -0.00217501 0.00474746 -0.00794724
31.5681 4.75128 -0.00261381 0.00560616 -0.00864944
30.4904 4.8824 -0.00108487 0.00311477 -0.00711668
30.8496 4.88613 -0.00143569 0.00408592 -0.00735749
30.4904 5.02385 -0.0010166 0.00308395 -0.0069026
30.8497 5.02768 -0.00155349 0.00389526 -0.00707849
31.2089 4.88966 -0.00185847 0.00480452 -0.00775215
31.5682 4.89301 -0.00239338 0.00553229 -0.0082569
31.209 5.03131 -0.00200703 0.00457412 -0.00738808
31.5683 5.03474 -0.00243473 0.00530479 -0.00785402
29.0534 5.14753 0.000895899 -0.000400313 -0.00618012
29.4127 5.15227 0.000668621 3.42789e-05 -0.00628586
29.0534 5.28851 0.000908335 -0.000410883 -0.00613876
29.4127 5.29338 0.000702679 -2.81876e-05 -0.00619903
29.7719 5.15682 0.00024419 0.000792205 -0.0063792
30.1312 5.16116 -0.000409793 0.00192861 -0.00649546
29.772 5.29804 0.000288444 0.000728357 -0.00625133
30.1312 5.30249 -0.000368795 0.00187016 -0.00630723
29.0535 5.42949 0.000913768 -0.000413796 -0.00612146
29.4127 5.43448 0.000734076 -7.714e-05 -0.00614252
29.0535 5.57047 0.000903486 -0.000385811 -0.00616659
29.4128 5.57559 0.000772953 -8.97374e-05 -0.00615213
29.772 5.43927 0.000334161 0.000690279 -0.00614929
30.1313 5.44383 -0.000344359 0.00183303 -0.00607457
29.7721 5.58049 0.000340009 0.000651757 -0.00602963
30.1313 5.58518 -0.00038098 0.00181697 -0.005855
30.4905 5.16529 -0.00103271 0.00302793 -0.00663855
30.8498 5.16923 -0.00152062 0.00384249 -0.00676693
30.4905 5.30674 -0.00103941 0.00296784 -0.00631117
30.8498 5.31078 -0.00155541 0.00377986 -0.00644292
31.2091 5.17296 -0.00197675 0.00450643 -0.00698898
31.5684 5.17648 -0.00241033 0.005182 -0.00733999
31.2091 5.31461 -0.00197991 0.00444395 -0.00663174
31.5684 5.31822 -0.00237947 0.00510009 -0.006928
30.4906 5.44819 -0.00103306 0.00296595 -0.0060553
30.8499 5.45233 -0.00151794 0.00377955 -0.00610594
30.4907 5.58964 -0.00107047 0.00292212 -0.005754
30.85 5.59388 -0.00156613 0.00373848 -0.00577405
31.2092 5.45625 -0.00195377 0.00442427 -0.00627675
31.5685 5.45997 -0.00237466 0.00504661 -0.00647407
31.2093 5.5979 -0.00196505 0.00438414 -0.0058915
31.5686 5.60171 -0.00237353 0.00501543 -0.00607631
26.1796 5.66142 0.000585932 0.000263342 -0.00646246
26.5388 5.66846 0.000614463 0.000215008 -0.00649176
26.1796 5.80121 0.000604106 0.000267606 -0.00652955
26.5388 5.80841 0.000640352 0.000205728 -0.00656989
26.898 5.67527 0.000666498 0.000128138 -0.00653334
27.2573 5.68186 0.000730496 3.18454e-05 -0.00659713
26.898 5.81539 0.000708021 0.00011161 -0.00664154
27.2573 5.82213 0.000761458 2.24149e-05 -0.00674025
26.1796 5.94099 0.000636354 0.000271277 -0.00662286
26.5388 5.94836 0.000681079 0.000188619 -0.00667663
26.1796 6.08077 0.000685643 0.000272312 -0.00674003
26.5388 6.08831 0.000734193 0.000164689 -0.00681392
26.898 5.9555 0.000756548 8.70013e-05 -0.00678892
27.2573 5.96241 0.000815431 1.41866e-05 -0.006932
26.898 6.09561 0.00082103 3.64103e-05 -0.00697372
27.2573 6.10268 0.00088291 -3.44115e-06 -0.00716469
27.6165 5.68823 0.000760196 -7.16429e-05 -0.00661249
27.9757 5.69437 0.000818608 -0.000174741 -0.00658
27.6165 5.82865 0.000790882 -3.32599e-05 -0.00678274
27.9757 5.83494 0.000836806 -0.000100017 -0.00676355
28.335 5.70029 0.000902559 -0.000227426 -0.0064877
28.6943 5.70598 0.000936928 -0.000320999 -0.00638964
28.335 5.841 0.000865686 -0.000153275 -0.00664987
28.6943 5.84683 0.000901448 -0.000217502 -0.00655915
27.6165 5.96908 0.000879971 3.66626e-05 -0.00705016
27.9758 5.97551 0.000854274 -2.48823e-05 -0.0069783
27.6165 6.1095 0.000874579 2.53658e-05 -0.00726149
27.9758 6.11608 0.000868999 7.37134e-05 -0.0071958
28.335 5.98171 0.000839387 -7.5151e-05 -0.00689665
28.6943 5.98768 0.00090134 -8.491e-05 -0.00676944
28.335 6.12242 0.000876615 8.18606e-05 -0.00714186
28.6943 6.12853 0.000854391 4.85482e-05 -0.00694825
26.1796 6.22055 0.000713672 0.000261377 -0.00688436
26.5388 6.22826 0.000818743 0.000123439 -0.00698285
26.1796 6.36034 0.000759698 0.000245561 -0.00703757
26.5388 6.36822 0.000867449 7.12322e-05 -0.00716277
26.898 6.23573 0.000901238 5.5457e-06 -0.00718226
27.2573 6.24295 0.000938949 -4.24628e-05 -0.00739307
26.898 6.37584 0.000966838 -7.27072e-05 -0.00738191
27.2573 6.38322 0.000987117 -6.42624e-05 -0.00753994
26.1796 6.50012 0.000797785 0.000224827 -0.00718854
26.5388 6.50817 0.000935624 -4.17459e-06 -0.00732258
26.1796 6.6399 0.00084914 0.000202996 -0.00730656
26.5388 6.64812 0.00102276 -5.19901e-05 -0.0074329
26.898 6.51596 0.00104779 -0.000123551 -0.0075137
27.2573 6.5235 0.00104208 -5.25379e-05 -0.00763414
26.898 6.65608 0.0010824 -0.000172629 -0.00754197
27.2573 6.66377 0.00104386 -8.39791e-05 -0.00753898
27.6165 6.24993 0.00089947 4.72534e-05 -0.00746741
27.9758 6.25665 0.000847946 0.000124472 -0.00738728
27.6165 6.39035 0.000920215 8.85748e-05 -0.00760997
27.9758 6.39723 0.000850735 0.0002415 -0.00750544
28.335 6.26314 0.000829231 0.000176907 -0.00727468
28.6943 6.26938 0.000767032 0.000223428 -0.00708782
28.3351 6.40386 0.000783437 0.00034526 -0.00737263
28.6944 6.41023 0.000696646 0.000448002 -0.00716128
27.6165 6.53078 0.000927424 0.000132053 -0.00761443
27.9758 6.5378 0.000818332 0.000331296 -0.00751026
27.6165 6.67121 0.00093067 0.000177638 -0.00748735
27.9758 6.67838 0.000772684 0.000449305 -0.00740612
28.3351 6.54457 0.000717868 0.00050609 -0.00735648
28.6944 6.55109 0.000582138 0.000684723 -0.00712656
28.3351 6.68529 0.000629314 0.000665475 -0.0072362
28.6944 6.69194 0.00044463 0.000929913 -0.00699271
29.0535 5.71145 0.00092095 -0.0003253 -0.0062846
29.4128 5.7167 0.000793744 -7.48225e-05 -0.00612673
29.0536 5.85243 0.00092301 -0.00025303 -0.00639176
29.4128 5.8578 0.000766255 -2.2656e-05 -0.00615791
29.7721 5.72172 0.000348968 0.00064924 -0.00590701
30.1314 5.72652 -0.000377267 0.00182241 -0.00563784
29.7721 5.86294 0.000312444 0.000680982 -0.00578463
30.1315 5.86786 -0.000435414 0.00185348 -0.00542308
29.0536 5.99341 0.000893887 -0.000138065 -0.00653328
29.4129 5.99891 0.000704861 7.46538e-05 -0.00616807
29.0536 6.13439 0.00082543 3.83607e-05 -0.00666468
29.4129 6.14001 0.00063604 0.000247542 -0.00617991
29.7722 6.00417 0.000247265 0.000769135 -0.00565449
30.1315 6.0092 -0.000455946 0.00190858 -0.00525554
29.7722 6.1454 0.000159421 0.000922338 -0.0055695
30.1316 6.15054 -0.000497108 0.0019567 -0.00509656
30.4907 5.73109 -0.00107074 0.00293791 -0.0054874
30.85 5.73544 -0.00157726 0.00373037 -0.00552496
30.4908 5.87254 -0.00108906 0.00291955 -0.00527899
30.8501 5.87699 -0.0015592 0.00373476 -0.0053486
31.2094 5.73956 -0.0019929 0.00438411 -0.00561739
31.5687 5.74345 -0.00239449 0.0050179 -0.00572215
31.2094 5.88121 -0.002002 0.00441725 -0.0054271
31.5688 5.8852 -0.00243842 0.0050526 -0.00544638
30.4908 6.01399 -0.00108343 0.0029205 -0.00510936
30.8502 6.01854 -0.00158709 0.00373087 -0.00517304
30.4909 6.15544 -0.00108175 0.00291416 -0.00495408
30.8502 6.1601 -0.00159381 0.00373042 -0.00501513
31.2095 6.02286 -0.00204364 0.00443931 -0.00523777
31.5689 6.02694 -0.00248424 0.00510993 -0.00524266
31.2096 6.16451 -0.00207021 0.00446436 -0.00505674
31.5689 6.16869 -0.00252919 0.00517375 -0.00506316
29.0537 6.27537 0.000695414 0.000268059 -0.00674943
29.413 6.28112 0.000517269 0.000486634 -0.00616978
29.0537 6.41636 0.000599453 0.000576544 -0.00678909
29.413 6.42223 0.000354973 0.000811981 -0.00609724
29.7723 6.28663 8.55968e-05 0.00112562 -0.00547456
30.1316 6.29188 -0.000528493 0.00204515 -0.00498034
29.7723 6.42785 -7.36651e-05 0.00138018 -0.00537935
30.1317 6.43323 -0.000600973 0.00216648 -0.00488144
29.0537 6.55734 0.000395348 0.000874751 -0.00670411
29.413 6.56334 0.000152253 0.0011502 -0.0060166
29.0537 6.69833 0.000218333 0.00124744 -0.00659391
29.4131 6.70446 -4.17148e-05 0.0015359 -0.00588482
29.7724 6.56909 -0.000218265 0.00163908 -0.00529151
30.1317 6.57457 -0.000702894 0.00232584 -0.00477332
29.7724 6.71032 -0.000391241 0.00194536 -0.00517008
30.1318 6.71592 -0.000819491 0.00251845 -0.00463511
30.491 6.29689 -0.00111773 0.00293868 -0.00482985
30.8503 6.30165 -0.00162028 0.00373368 -0.00485486
30.491 6.43834 -0.00113087 0.0029999 -0.00469998
30.8504 6.44321 -0.00162172 0.00376847 -0.00469652
31.2097 6.30617 -0.00209147 0.00449608 -0.00489553
31.569 6.31043 -0.00257231 0.00523799 -0.00489125
31.2097 6.44782 -0.00211642 0.00452849 -0.00472462
31.5691 6.45218 -0.00261893 0.00529863 -0.00473305
30.4911 6.5798 -0.00118193 0.00306249 -0.00455526
30.8504 6.58477 -0.00165408 0.00378766 -0.00450045
30.4911 6.72125 -0.00123947 0.00315823 -0.00436104
30.8505 6.72632 -0.0016704 0.00381951 -0.00432887
31.2098 6.58948 -0.00213551 0.00455468 -0.00457116
31.5692 6.59393 -0.00266025 0.00535461 -0.00458873
31.2099 6.73113 -0.00215562 0.00457411 -0.00442175
31.5693 6.73568 -0.00269437 0.00540687 -0.0044709
31.9273 4.61253 -0.00292233 0.00650584 -0.00967726
32.2865 4.61533 -0.00338805 0.00703806 -0.0103072
31.9274 4.75435 -0.00286607 0.00632279 -0.00926283
32.2866 4.75723 -0.00322957 0.00695623 -0.00995473
32.6458 4.61794 -0.00328329 0.00769827 -0.0109604
33.005 4.62037 -0.0038772 0.0079419 -0.0112108
32.6459 4.75992 -0.00344009 0.00743369 -0.0105224
33.0051 4.76243 -0.00384564 0.00783134 -0.0109921
31.9275 4.89616 -0.00280562 0.00618163 -0.00881647
32.2867 4.89913 -0.00326299 0.00679556 -0.00943373
31.9276 5.03799 -0.00281467 0.00602096 -0.00835024
32.2868 5.04104 -0.0032085 0.00667281 -0.00886406
32.646 4.90191 -0.00365524 0.00729627 -0.0098792
33.0053 4.90448 -0.00402582 0.00777467 -0.0103701
32.6461 5.04389 -0.00362664 0.00725859 -0.00920667
33.0054 5.04654 -0.00395714 0.00779241 -0.00977963
33.3643 4.62263 -0.00385099 0.00822384 -0.0114103
33.7235 4.6247 -0.00403288 0.00825976 -0.0115012
33.3644 4.76475 -0.00413937 0.00814964 -0.0110793
33.7237 4.76689 -0.00436832 0.00832326 -0.011114
34.0828 4.62659 -0.00456533 0.00833291 -0.0113568
34.442 4.62829 -0.00501029 0.00880749 -0.011037
34.0829 4.76883 -0.00478292 0.0085334 -0.0109678
34.4422 4.77059 -0.00515207 0.00910169 -0.0106639
33.3645 4.90687 -0.00420532 0.00816879 -0.01062
33.7238 4.90907 -0.00435713 0.00861402 -0.0106637
33.3647 5.04899 -0.00426958 0.00820299 -0.0100402
33.7239 5.05125 -0.00466297 0.00863409 -0.0101453
34.0831 4.91107 -0.00480119 0.00890356 -0.01056
34.4423 4.91289 -0.00533265 0.00933305 -0.0102582
34.0832 5.05331 -0.00502803 0.00899397 -0.0100117
34.4425 5.05517 -0.0056655 0.00940866 -0.0097624
31.9277 5.17981 -0.00279001 0.00589952 -0.00781711
32.2869 5.18294 -0.00315865 0.00654832 -0.00823797
31.9278 5.32164 -0.00278396 0.00578578 -0.00726516
32.287 5.32485 -0.0031643 0.00645234 -0.00761076
32.6462 5.18587 -0.00359287 0.0071599 -0.00864851
33.0055 5.1886 -0.00399578 0.00771896 -0.00904447
32.6463 5.32785 -0.00359358 0.00707221 -0.00796328
33.0056 5.33065 -0.00402054 0.0076632 -0.00830317
31.9278 5.46347 -0.00279379 0.00572433 -0.00673076
32.2871 5.46676 -0.00320717 0.00637019 -0.00697953
31.9279 5.6053 -0.00282324 0.00569671 -0.00623484
32.2872 5.60867 -0.00325461 0.00633239 -0.00638078
32.6464 5.46984 -0.00362499 0.00699461 -0.00725187
33.0057 5.4727 -0.0040557 0.00761563 -0.00753599
32.6465 5.61182 -0.0036678 0.00694823 -0.00656442
33.0059 5.61476 -0.00410205 0.00757845 -0.00677863
33.3648 5.19112 -0.00433497 0.00822362 -0.0093015
33.7241 5.19343 -0.00474837 0.00871086 -0.00948658
33.3649 5.33323 -0.00441957 0.00822944 -0.00856671
33.7242 5.33561 -0.0048397 0.00872521 -0.00874603
34.0834 5.19554 -0.00509222 0.00921288 -0.00939501
34.4426 5.19745 -0.00528665 0.00978567 -0.0093233
34.0835 5.33777 -0.00529539 0.00921346 -0.00882748
34.4428 5.33972 -0.00555267 0.00991673 -0.00884301
33.365 5.47535 -0.0044754 0.00819963 -0.00779104
33.7243 5.47778 -0.00487792 0.00875959 -0.00796323
33.3652 5.61747 -0.00453239 0.00815539 -0.00698766
33.7245 5.61996 -0.00501047 0.00871035 -0.00725025
34.0836 5.48 -0.00530511 0.00927771 -0.00822313
34.4429 5.482 -0.00566351 0.00998947 -0.00828046
34.0838 5.62223 -0.00535025 0.00928369 -0.00756425
34.443 5.62428 -0.00588943 0.00993273 -0.00782935
34.8013 4.62982 -0.00543191 0.00933602 -0.0107217
35.1605 4.63116 -0.00584842 0.00992038 -0.0104264
34.8014 4.77216 -0.00559982 0.00955552 -0.0103022
35.1607 4.77354 -0.00606412 0.0100189 -0.00999669
35.5198 4.63232 -0.00658216 0.0105016 -0.0102697
35.879 4.63329 -0.00711724 0.0109922 -0.0100521
35.5199 4.77473 -0.0069495 0.010573 -0.00984186
35.8791 4.77572 -0.00716782 0.0111423 -0.00979432
34.8016 4.9145 -0.00570948 0.00981058 -0.00998251
35.1608 4.9159 -0.00590283 0.0106221 -0.00949886
34.8017 5.05683 -0.00623225 0.00966862 -0.00950942
35.1609 5.05827 -0.00638557 0.0103704 -0.00924652
35.52 4.91712 -0.0066745 0.0109926 -0.00928676
35.8793 4.91815 -0.00724861 0.011232 -0.00941229
35.5202 5.05952 -0.0068163 0.0108987 -0.00900138
35.8794 5.06058 -0.0073243 0.0112316 -0.00890877
36.2383 4.63408 -0.00732143 0.0116414 -0.00990341
36.5975 4.63469 -0.00808856 0.012079 -0.00983075
36.2384 4.77653 -0.00740369 0.0118169 -0.0095427
36.5976 4.77716 -0.00820574 0.0120653 -0.00935969
36.9567 4.63511 -0.00811225 0.0130234 -0.00960306
37.3158 4.63537 -0.00930639 0.013385 -0.00992243
36.9569 4.77759 -0.00837407 0.0130344 -0.00911849
37.316 4.77785 -0.00962902 0.013232 -0.00930348
36.2386 4.91898 -0.00744913 0.0118854 -0.00915297
36.5978 4.91963 -0.00830741 0.0119835 -0.0089821
36.2387 5.06143 -0.00748618 0.0120708 -0.00868308
36.5979 5.06211 -0.00871104 0.0118511 -0.00855542
36.957 4.92007 -0.00807677 0.0132451 -0.0087972
37.3161 4.92032 -0.00918796 0.0135481 -0.00906711
36.9571 5.06255 -0.00910296 0.0125983 -0.00827337
37.3163 5.0628 -0.00928299 0.0136695 -0.0087845
34.8018 5.19915 -0.0060383 0.010014 -0.00934775
35.1611 5.20064 -0.00653598 0.0104943 -0.00874947
34.802 5.34147 -0.00622334 0.0101755 -0.00883868
35.1612 5.343 -0.00634465 0.0108665 -0.0086112
35.5203 5.20193 -0.00718583 0.0108357 -0.0086806
35.8796 5.20301 -0.00740929 0.0113226 -0.00847305
35.5204 5.34433 -0.00714736 0.0110364 -0.00798108
35.8797 5.34543 -0.0074742 0.0114303 -0.00802822
34.8021 5.4838 -0.0063376 0.0103713 -0.00831396
35.1614 5.48537 -0.00681396 0.010492 -0.00791268
34.8023 5.62612 -0.00618881 0.0105975 -0.00766494
35.1615 5.62773 -0.00675385 0.0107996 -0.00761444
35.5206 5.48671 -0.00720996 0.0110235 -0.00778814
35.8798 5.48786 -0.00758264 0.0113687 -0.00758885
35.5207 5.62911 -0.00734028 0.0110144 -0.00739262
35.88 5.63027 -0.00720268 0.0117797 -0.00721113
36.2389 5.20387 -0.00728234 0.012226 -0.00835447
36.5981 5.20455 -0.00770011 0.0127906 -0.00850573
36.239 5.34632 -0.00753623 0.0121746 -0.0080078
36.5982 5.34701 -0.00803717 0.0127098 -0.00819467
36.9572 5.205 -0.00862281 0.0131193 -0.00849543
37.3164 5.20528 -0.0092109 0.0138404 -0.00894553
36.9574 5.34748 -0.00885576 0.0132136 -0.00832046
37.3166 5.34776 -0.00945823 0.0137388 -0.00809483
36.2391 5.48878 -0.00795033 0.0117489 -0.00754407
36.5983 5.48949 -0.00824022 0.0123199 -0.00787997
36.2392 5.63121 -0.00777813 0.0121321 -0.00750057
36.5985 5.63194 -0.00820335 0.0126093 -0.00755972
36.9576 5.48997 -0.00876153 0.0132069 -0.00785056
37.3167 5.49024 -0.00977817 0.0138767 -0.00792518
36.9577 5.63243 -0.00891897 0.0130608 -0.00754193
37.3169 5.63272 -0.0090691 0.0142033 -0.00757151
31.928 5.74713 -0.00286029 0.00570416 -0.00579726
32.2873 5.75058 -0.00330789 0.0063366 -0.0058507
31.9281 5.88896 -0.00290183 0.00572884 -0.00545936
32.2874 5.89249 -0.00337003 0.00638383 -0.00543462
32.6466 5.75381 -0.00372961 0.00693744 -0.00592941
33.006 5.75681 -0.00416368 0.00755493 -0.00605739
32.6467 5.89579 -0.00380766 0.00697764 -0.0053953
33.0061 5.89887 -0.00422636 0.00755099 -0.00542317
31.9282 6.03079 -0.00295306 0.00579081 -0.00520474
32.2875 6.0344 -0.00344356 0.00646509 -0.00511137
31.9283 6.17262 -0.0030107 0.00586877 -0.00499609
32.2876 6.17632 -0.00352734 0.00657314 -0.00484279
32.6468 6.03778 -0.00389189 0.00705952 -0.00498442
33.0062 6.04092 -0.00428191 0.00756321 -0.00493568
32.6469 6.17977 -0.00398713 0.00715527 -0.0046369
33.0063 6.18297 -0.00433913 0.00758784 -0.00454004
33.3653 5.75959 -0.00455088 0.00814323 -0.00624918
33.7246 5.76214 -0.00501389 0.00867832 -0.00653033
33.3654 5.90171 -0.00460752 0.00808944 -0.00561362
33.7247 5.90431 -0.00488738 0.00866508 -0.00594296
34.0839 5.76447 -0.0054571 0.00918314 -0.0069142
34.4432 5.76657 -0.00578219 0.00995371 -0.00722134
34.084 5.90669 -0.00535081 0.00921059 -0.00625025
34.4433 5.90884 -0.00577979 0.0097775 -0.0066045
33.3655 6.04382 -0.00464 0.00802639 -0.0050946
33.7248 6.04649 -0.00497397 0.00852246 -0.00540744
33.3656 6.18594 -0.00464876 0.00798395 -0.00466781
33.7249 6.18866 -0.00497139 0.00843677 -0.00496971
34.0841 6.04892 -0.00533047 0.00914331 -0.00575054
34.4434 6.05112 -0.00582085 0.00966873 -0.00595647
34.0843 6.19114 -0.00528198 0.0091068 -0.00528428
34.4436 6.19338 -0.00561499 0.00986056 -0.00546354
31.9284 6.31445 -0.0030813 0.00596024 -0.00480355
32.2877 6.31823 -0.00362083 0.0066917 -0.00459638
31.9285 6.45629 -0.00315038 0.00605871 -0.00464217
32.2878 6.46014 -0.00371735 0.00683008 -0.00440671
32.647 6.32175 -0.00408039 0.00726357 -0.00432717
33.0064 6.32503 -0.00439477 0.00762023 -0.00418071
32.6471 6.46374 -0.00417934 0.00738859 -0.00408241
33.0065 6.46709 -0.00444856 0.00766673 -0.00388781
31.9285 6.59812 -0.00322042 0.0061592 -0.00451027
32.2879 6.60206 -0.00381889 0.00697325 -0.00426832
31.9286 6.73996 -0.00328123 0.00625956 -0.0044075
32.288 6.74397 -0.0039107 0.0071235 -0.0041984
32.6472 6.60573 -0.00428223 0.00752725 -0.0039261
33.0066 6.60915 -0.00450948 0.00773292 -0.00369284
32.6473 6.74772 -0.00437491 0.00768552 -0.00388479
33.0067 6.75121 -0.00456638 0.00783367 -0.00366981
33.3657 6.32806 -0.00465147 0.00793692 -0.00428425
33.7251 6.33084 -0.00494818 0.00836339 -0.00460001
33.3658 6.47018 -0.00465373 0.00789337 -0.00397113
33.7252 6.47302 -0.00492234 0.00828265 -0.00428118
34.0844 6.33337 -0.00528045 0.00900764 -0.0049244
34.4437 6.33565 -0.00572103 0.00970281 -0.00521961
34.0845 6.4756 -0.00527279 0.00891523 -0.00461549
34.4438 6.47793 -0.00581381 0.00957699 -0.00485397
33.3659 6.6123 -0.00465099 0.00785506 -0.00375425
33.7253 6.6152 -0.00490951 0.00820184 -0.00401277
33.366 6.75443 -0.00464087 0.00784538 -0.00366452
33.7254 6.75738 -0.0048716 0.00815776 -0.00386437
34.0846 6.61783 -0.0052554 0.00882061 -0.00435274
34.4439 6.62021 -0.00593425 0.00942781 -0.00437672
34.0848 6.76007 -0.00517726 0.00873789 -0.00417407
34.4441 6.7625 -0.00578859 0.0093995 -0.00429717
34.8024 5.76844 -0.00637735 0.010639 -0.0070126
35.1616 5.77008 -0.00674503 0.0108488 -0.00716897
34.8026 5.91075 -0.00629515 0.0104365 -0.00657926
35.1618 5.91244 -0.00704909 0.0108039 -0.00665098
35.5209 5.77149 -0.00725239 0.0112314 -0.00713471
35.8801 5.77268 -0.00742675 0.0116619 -0.00690773
35.521 5.91389 -0.00764655 0.0110742 -0.00681446
35.8803 5.91509 -0.00784846 0.0111887 -0.00647977
34.8027 6.05307 -0.00646202 0.0102955 -0.00605405
35.1619 6.05479 -0.00678317 0.010973 -0.0062542
34.8028 6.19538 -0.00631378 0.0103121 -0.00573822
35.1621 6.19713 -0.00631636 0.0111681 -0.00604174
35.5212 6.05628 -0.00755802 0.0112114 -0.00634973
35.8804 6.05751 -0.00815218 0.0107924 -0.00616826
35.5213 6.19866 -0.00666003 0.0116981 -0.00598617
35.8806 6.19991 -0.00767751 0.0113193 -0.00649901
36.2394 5.77365 -0.00783426 0.0119199 -0.0071395
36.5987 5.77441 -0.00823405 0.0124361 -0.00722852
36.2396 5.91608 -0.0074807 0.012165 -0.00681413
36.5989 5.91687 -0.00805738 0.0126305 -0.00708879
36.9578 5.77491 -0.00916649 0.0130284 -0.00738387
37.317 5.77521 -0.0096655 0.013861 -0.007114
36.9581 5.9174 -0.00929035 0.0129044 -0.00669863
37.3172 5.91772 -0.0102028 0.0136212 -0.00741137
36.2398 6.05852 -0.00770565 0.0119886 -0.00666684
36.5991 6.05933 -0.00780246 0.0124921 -0.00619655
36.24 6.20096 -0.00763148 0.0118104 -0.00617141
36.5993 6.20176 -0.00775181 0.0126943 -0.0060368
36.9582 6.05986 -0.00895168 0.0131716 -0.00657142
37.3174 6.06019 -0.00955483 0.0141294 -0.0067212
36.9584 6.2023 -0.00937278 0.0127183 -0.00655663
37.3176 6.20262 -0.00926169 0.0140223 -0.0060136
34.803 6.33769 -0.00631685 0.0102175 -0.00542762
35.1622 6.33949 -0.00665579 0.0109041 -0.00548884
34.8031 6.48001 -0.00628237 0.0101721 -0.00508219
35.1624 6.48185 -0.00676158 0.0108049 -0.00501956
35.5215 6.34104 -0.00708216 0.0113358 -0.00568848
35.8807 6.34234 -0.00783678 0.0113159 -0.00640848
35.5217 6.48345 -0.00713849 0.0113505 -0.00558618
35.8809 6.48477 -0.00787694 0.0113002 -0.00562303
34.8033 6.62234 -0.00638167 0.0102529 -0.00464169
35.1626 6.62421 -0.00725865 0.0105214 -0.00474153
34.8034 6.76466 -0.00588564 0.01051 -0.00428869
35.1627 6.76657 -0.00721119 0.0104307 -0.00459744
35.5218 6.62583 -0.00727931 0.0112922 -0.00491638
35.8811 6.62718 -0.00810714 0.0109818 -0.00542776
35.522 6.76821 -0.00683445 0.0113133 -0.00510715
35.8812 6.76958 -0.00814306 0.0110279 -0.00494777
36.2401 6.34338 -0.00772434 0.0118947 -0.00586762
36.5994 6.34418 -0.00748513 0.0130581 -0.00583389
36.2403 6.48583 -0.00785324 0.011905 -0.0057684
36.5996 6.48663 -0.00843657 0.0119143 -0.0050849
36.9586 6.34471 -0.00875014 0.0133678 -0.00637404
37.3177 6.34499 -0.00839894 0.0146372 -0.00597996
36.9587 6.48716 -0.00941007 0.0122977 -0.00521463
37.3178 6.48743 -0.00919001 0.0138536 -0.00609459
36.2404 6.62824 -0.00748946 0.0122198 -0.00536795
36.5996 6.62903 -0.00785189 0.0128767 -0.0053283
36.2405 6.77066 -0.00817157 0.011777 -0.00500883
36.5998 6.77149 -0.00846859 0.0125125 -0.0051321
36.9588 6.62958 -0.00889399 0.0130664 -0.00582246
37.3179 6.62989 -0.00949424 0.0136219 -0.00515518
36.959 6.77205 -0.00891159 0.0130429 -0.00529684
37.3181 6.77236 -0.00966888 0.013226 -0.00497473
