37.6726 2.35281 -0.00860194 0.0129021 -0.0122818
38.0319 2.35281 -0.00994022 0.0133391 -0.0126861
37.6727 2.49549 -0.00880689 0.0127889 -0.0123101
38.032 2.49548 -0.00967863 0.0133986 -0.0125445
38.3912 2.35271 -0.010561 0.0137769 -0.0128142
38.7505 2.35251 -0.010882 0.0143549 -0.0132345
38.3913 2.49537 -0.0104995 0.0138046 -0.0129342
38.7506 2.49516 -0.0108413 0.0143049 -0.0133117
37.6729 2.63818 -0.00885646 0.0127994 -0.0123592
38.0322 2.63816 -0.00958695 0.0135046 -0.0125232
37.6731 2.78087 -0.00893363 0.0128228 -0.0124497
38.0324 2.78084 -0.00959547 0.0135066 -0.0125793
38.3915 2.63803 -0.0103518 0.0139054 -0.0129933
38.7508 2.63781 -0.0107716 0.0142607 -0.0133412
38.3917 2.7807 -0.010257 0.0139345 -0.0129271
38.751 2.78045 -0.0106824 0.0142587 -0.0132998
39.1098 2.35223 -0.0111583 0.0145686 -0.0137239
39.4691 2.35185 -0.011537 0.014827 -0.0142807
39.1099 2.49485 -0.011072 0.0144743 -0.0137645
39.4692 2.49444 -0.011442 0.0147479 -0.0142591
39.8284 2.35138 -0.0120728 0.0153881 -0.0148118
40.1877 2.35081 -0.0127267 0.0160757 -0.01541
39.8286 2.49393 -0.0120015 0.0152683 -0.0147682
40.1879 2.49332 -0.0126176 0.0159983 -0.0152814
39.1101 2.63747 -0.0110039 0.0144185 -0.0137663
39.4694 2.63703 -0.0113254 0.0147214 -0.014184
39.1103 2.78009 -0.0109288 0.0144195 -0.0136997
39.4696 2.77962 -0.0112463 0.0147022 -0.0140131
39.8287 2.63649 -0.011931 0.0151893 -0.0146849
40.188 2.63584 -0.0124658 0.0159597 -0.0150949
39.8289 2.77904 -0.0118359 0.0151634 -0.0145464
40.1882 2.77835 -0.0124999 0.0158427 -0.0148951
37.6732 2.92356 -0.00912858 0.0128194 -0.0125301
38.0325 2.92352 -0.00970051 0.0134627 -0.0125743
37.6734 3.06624 -0.00926418 0.0128964 -0.0126273
38.0327 3.06619 -0.00979648 0.0134794 -0.0125327
38.3918 2.92336 -0.0102365 0.0138935 -0.0128367
38.7511 2.92309 -0.0106545 0.0141822 -0.0132096
38.392 3.06602 -0.0101938 0.0139105 -0.0127214
38.7513 3.06573 -0.0105576 0.0142367 -0.0130393
37.6735 3.20892 -0.00929205 0.0130816 -0.0127377
38.0328 3.20886 -0.00991201 0.0135023 -0.0124618
37.6737 3.35159 -0.0093131 0.0131637 -0.0125118
38.033 3.35152 -0.0100485 0.0135151 -0.0123965
38.3921 3.20868 -0.0102169 0.0139222 -0.0126184
38.7514 3.20837 -0.010527 0.0142328 -0.0128248
38.3923 3.35133 -0.0103165 0.0139549 -0.0124299
38.7516 3.351 -0.0105972 0.0141767 -0.0125474
39.1104 2.92271 -0.0109054 0.01439 -0.0135895
39.4698 2.92221 -0.0112328 0.014645 -0.0138601
39.1106 3.06533 -0.0108961 0.0144249 -0.0133656
39.4699 3.0648 -0.0114281 0.0144014 -0.0136046
39.8291 2.92159 -0.0117589 0.0151716 -0.0142112
40.1884 2.92086 -0.0124436 0.0158068 -0.0146294
39.8292 3.06415 -0.0119112 0.0149473 -0.0139783
40.1885 3.06337 -0.0124851 0.0157204 -0.0143846
39.1108 3.20794 -0.0105421 0.0145377 -0.0131585
39.4701 3.20738 -0.0110246 0.0146045 -0.0134831
39.1109 3.35055 -0.0107812 0.0144912 -0.0128218
39.4703 3.34996 -0.0111236 0.0145853 -0.0132353
39.8294 3.20669 -0.0118117 0.0149555 -0.0137451
40.1887 3.20588 -0.0123449 0.0157553 -0.0141353
39.8296 3.34924 -0.011842 0.014941 -0.0134852
40.1889 3.34838 -0.0123894 0.0156706 -0.0138647
40.547 2.35015 -0.013619 0.0166029 -0.0159648
40.9063 2.3494 -0.0142421 0.017311 -0.0166008
40.5472 2.49262 -0.0135601 0.0164992 -0.0158589
40.9065 2.49182 -0.0141281 0.0172852 -0.0164963
41.2656 2.34856 -0.0149082 0.0178808 -0.0171101
41.6249 2.34762 -0.0153622 0.0184278 -0.0179693
41.2658 2.49092 -0.0148844 0.0178616 -0.0170295
41.6251 2.48992 -0.0156374 0.0181022 -0.0178483
40.5473 2.63508 -0.0133491 0.016565 -0.0157049
40.9067 2.63423 -0.0141125 0.017194 -0.0161826
40.5475 2.77755 -0.0131804 0.0165423 -0.0154762
40.9068 2.77664 -0.0138914 0.017263 -0.0160189
41.266 2.63327 -0.0146856 0.0179203 -0.0169059
41.6253 2.63221 -0.0151027 0.0183672 -0.0175806
41.2662 2.77562 -0.0145453 0.0179051 -0.0167317
41.6255 2.77449 -0.0149009 0.018518 -0.0175038
41.9842 2.34659 -0.015972 0.0186412 -0.0187688
42.3436 2.34547 -0.0162409 0.0189136 -0.0198481
41.9844 2.48882 -0.0160708 0.0182718 -0.0186188
42.3438 2.48762 -0.0160087 0.0189054 -0.0197265
42.7029 2.34425 -0.0166406 0.0191735 -0.0211352
43.0623 2.34294 -0.0172036 0.01945 -0.0224429
42.7031 2.48632 -0.0162876 0.0191988 -0.020867
43.0625 2.48493 -0.0169544 0.0192534 -0.0220552
41.9846 2.63104 -0.0158658 0.0183331 -0.0184988
42.344 2.62977 -0.0160481 0.018629 -0.0194587
41.9848 2.77326 -0.0156271 0.0184754 -0.0182961
42.3442 2.77191 -0.0156686 0.0187803 -0.0192045
42.7033 2.62839 -0.0161383 0.0189766 -0.0205239
43.0627 2.62691 -0.0166423 0.0191619 -0.0217338
42.7035 2.77045 -0.0159203 0.0188856 -0.020185
43.0629 2.76889 -0.0164396 0.0189435 -0.0213522
40.5477 2.92001 -0.0131858 0.0164425 -0.0152041
40.907 2.91905 -0.0138337 0.0171695 -0.0157772
40.5479 3.06248 -0.0131727 0.0162998 -0.0149054
40.9072 3.06146 -0.0138607 0.0170116 -0.0155206
41.2664 2.91797 -0.0145286 0.0177971 -0.01652
41.6257 2.91678 -0.014877 0.0184148 -0.0171929
41.2666 3.06032 -0.0145247 0.0176275 -0.0162306
41.6259 3.05906 -0.0149563 0.0181687 -0.0169486
40.548 3.20494 -0.0130601 0.0163419 -0.0145971
40.9074 3.20387 -0.0137704 0.0168986 -0.015277
40.5482 3.34739 -0.0129992 0.0162901 -0.0143271
40.9076 3.34627 -0.0136299 0.0168999 -0.0149578
41.2667 3.20267 -0.0144376 0.0175364 -0.0159427
41.6261 3.20135 -0.0149701 0.0180111 -0.0167601
41.2669 3.34502 -0.0142843 0.0174887 -0.0157133
41.6263 3.34363 -0.0145582 0.0181687 -0.0166011
41.985 2.91547 -0.0155639 0.0183174 -0.0181069
42.3444 2.91405 -0.0156552 0.0185373 -0.0189262
41.9852 3.05768 -0.0153925 0.0182944 -0.017896
42.3446 3.05618 -0.0156194 0.0184005 -0.018635
42.7038 2.91251 -0.0156217 0.0188858 -0.0199332
43.0631 2.91086 -0.0160064 0.0189978 -0.0209501
42.704 3.05457 -0.0155651 0.0186756 -0.0196259
43.0633 3.05283 -0.0157946 0.0187682 -0.0205465
41.9854 3.1999 -0.0153792 0.0181844 -0.0174502
42.3448 3.19832 -0.0154813 0.0184333 -0.0184346
41.9856 3.34211 -0.0151943 0.0181844 -0.0173453
42.345 3.34046 -0.0153296 0.0183524 -0.0181566
42.7042 3.19663 -0.0153956 0.0185762 -0.0191969
43.0636 3.1948 -0.0156657 0.0185414 -0.0201845
42.7044 3.33868 -0.0152025 0.0185496 -0.0188937
43.0638 3.33677 -0.0153818 0.0184671 -0.0198342
37.6738 3.49425 -0.00918668 0.0133823 -0.0121927
38.0331 3.49419 -0.0101395 0.0135976 -0.0123391
37.674 3.63692 -0.0090568 0.013703 -0.0120877
38.0333 3.63685 -0.010044 0.0138491 -0.0121336
38.3925 3.49398 -0.0103315 0.0140388 -0.0122864
38.7518 3.49365 -0.0106876 0.0142101 -0.0123789
38.3927 3.63664 -0.0105032 0.0140302 -0.0121341
38.752 3.63629 -0.0108956 0.0139677 -0.0122577
37.6742 3.77959 -0.00924379 0.0137616 -0.0118799
38.0335 3.77952 -0.00999502 0.0141081 -0.0119636
37.6743 3.92225 -0.00954518 0.0137398 -0.0116523
38.0337 3.92217 -0.0102785 0.0141244 -0.0116787
38.3928 3.7793 -0.00997858 0.0144861 -0.012004
38.7521 3.77892 -0.0105044 0.0144224 -0.0120111
38.393 3.92194 -0.0108831 0.0140391 -0.0115269
38.7523 3.92153 -0.010748 0.0143488 -0.0119112
39.1111 3.49317 -0.0111148 0.0141991 -0.0125437
39.4704 3.49255 -0.0113326 0.014357 -0.0128907
39.1113 3.63579 -0.010771 0.0143769 -0.0123497
39.4706 3.63513 -0.0112112 0.0145649 -0.0127361
39.8297 3.49178 -0.011731 0.0150112 -0.01323
40.1891 3.49088 -0.0123185 0.0156636 -0.0135949
39.8299 3.63433 -0.0117762 0.0149578 -0.0129516
40.1892 3.63339 -0.0122663 0.0156606 -0.0133668
39.1114 3.77838 -0.0107757 0.0145418 -0.0122373
39.4707 3.7777 -0.0111447 0.0145698 -0.0124051
39.1116 3.92098 -0.0109504 0.0143407 -0.0120025
39.4709 3.92026 -0.0110726 0.0146669 -0.0122529
39.8301 3.77687 -0.0117828 0.0148763 -0.0127477
40.1894 3.77589 -0.0121826 0.0157114 -0.0131317
39.8302 3.9194 -0.0116499 0.015059 -0.012476
40.1896 3.91838 -0.0122436 0.0156474 -0.0128233
37.6745 4.06491 -0.00963836 0.0138055 -0.0114904
38.0339 4.06482 -0.00966827 0.0144489 -0.0115988
37.6746 4.20757 -0.00962891 0.0139666 -0.0110894
38.034 4.20747 -0.00982681 0.0145727 -0.0111058
38.3931 4.06456 -0.0108892 0.0142002 -0.0113351
38.7524 4.06414 -0.0107878 0.0144571 -0.0115776
38.3933 4.20719 -0.0104582 0.0145465 -0.0113336
38.7526 4.20675 -0.0105236 0.0147185 -0.011201
37.6748 4.35022 -0.00948193 0.0142265 -0.0108664
38.0341 4.35011 -0.0100596 0.0145866 -0.0106557
37.6749 4.49286 -0.00960812 0.0141474 -0.0102272
38.0343 4.49275 -0.00986151 0.0146814 -0.0104177
38.3934 4.34982 -0.0108114 0.0143946 -0.0109316
38.7527 4.34937 -0.0108284 0.0145414 -0.0109364
38.3936 4.49245 -0.0106353 0.0146513 -0.0105636
38.7529 4.49198 -0.0110037 0.0144688 -0.0106729
39.1117 4.06357 -0.010923 0.0143963 -0.0117241
39.471 4.06283 -0.0112406 0.0144948 -0.0121214
39.1119 4.20615 -0.0106757 0.0145714 -0.0114917
39.4712 4.20539 -0.0110177 0.0146741 -0.0117591
39.8304 4.06193 -0.011775 0.0149519 -0.0122762
40.1898 4.06087 -0.0122395 0.0156504 -0.0125576
39.8306 4.20446 -0.0116688 0.0150984 -0.012105
40.1899 4.20336 -0.0123403 0.0155498 -0.0123187
39.1121 4.34874 -0.0106441 0.0145783 -0.0112261
39.4714 4.34795 -0.0109972 0.0147518 -0.0114329
39.1122 4.49133 -0.0107559 0.014443 -0.0108624
39.4716 4.49051 -0.01097 0.0147431 -0.0111389
39.8308 4.34698 -0.0114553 0.0152781 -0.011847
40.1901 4.34585 -0.0122486 0.0156221 -0.012073
39.8309 4.48951 -0.0112725 0.0155287 -0.0114563
40.1903 4.48833 -0.012204 0.0155826 -0.0117848
40.5484 3.48985 -0.012947 0.0162567 -0.0140683
40.9077 3.48867 -0.0134744 0.0168446 -0.0146329
40.5486 3.6323 -0.0128815 0.0162241 -0.0138107
40.9079 3.63107 -0.0133354 0.016904 -0.0143327
41.2671 3.48736 -0.0142146 0.0173303 -0.015488
41.6265 3.48591 -0.0145037 0.0180393 -0.016283
41.2673 3.6297 -0.0139418 0.017349 -0.015194
41.6266 3.62818 -0.0144436 0.0178623 -0.0159075
40.5487 3.77476 -0.0128937 0.0161732 -0.0134739
40.9081 3.77347 -0.0134928 0.0166544 -0.0140148
40.5489 3.91721 -0.0129185 0.0160589 -0.0133022
40.9082 3.91587 -0.0133326 0.0166892 -0.0137571
41.2674 3.77204 -0.0138085 0.0171797 -0.0147301
41.6268 3.77046 -0.0143528 0.0177191 -0.0155879
41.2676 3.91438 -0.013644 0.017231 -0.0143887
41.627 3.91275 -0.0142086 0.0176352 -0.0151829
41.9858 3.48432 -0.0151039 0.0181127 -0.0171542
42.3452 3.4826 -0.0152847 0.0182668 -0.0178346
41.986 3.62653 -0.0149858 0.0181219 -0.0168386
42.3454 3.62473 -0.0150904 0.0183141 -0.0175227
42.7046 3.48074 -0.0152451 0.0183175 -0.0185714
43.064 3.47874 -0.0152559 0.0182921 -0.0194631
42.7048 3.62279 -0.0150929 0.0183363 -0.0182735
43.0642 3.62071 -0.0151594 0.0181312 -0.0190583
41.9862 3.76874 -0.0149067 0.0180385 -0.0164339
42.3456 3.76687 -0.0151351 0.0182152 -0.0171592
41.9864 3.91095 -0.0147423 0.0180554 -0.0160547
42.3458 3.90901 -0.0150895 0.0181493 -0.0167723
42.705 3.76485 -0.0150122 0.018263 -0.0178795
43.0644 3.76268 -0.0150148 0.0180496 -0.0187208
42.7052 3.90691 -0.014929 0.0182417 -0.0175385
43.0646 3.90465 -0.0148988 0.0179752 -0.0183699
40.5491 4.05966 -0.0130359 0.0159508 -0.0129646
40.9084 4.05827 -0.0136394 0.0164084 -0.0134341
40.5493 4.2021 -0.0128585 0.015979 -0.0127791
40.9086 4.20066 -0.0131448 0.0166578 -0.0133874
41.2678 4.05673 -0.0138986 0.0168498 -0.0142358
41.6272 4.05503 -0.0143737 0.0172932 -0.0148531
41.268 4.19907 -0.0137352 0.0168418 -0.0138824
41.6274 4.1973 -0.014203 0.0172961 -0.0145093
40.5494 4.34454 -0.0129597 0.015886 -0.0124543
40.9088 4.34305 -0.0129724 0.0167099 -0.0130628
40.5496 4.48698 -0.0129942 0.0158703 -0.0121252
40.909 4.48545 -0.0131095 0.0165566 -0.0126934
41.2681 4.3414 -0.0136905 0.0168464 -0.0135489
41.6276 4.33958 -0.0142554 0.0171658 -0.0141489
41.2683 4.48374 -0.0137285 0.0167926 -0.0132649
41.6277 4.48185 -0.0142343 0.0171723 -0.0138224
41.9866 4.05317 -0.0147295 0.0178895 -0.0156391
42.346 4.05114 -0.0149704 0.0181559 -0.0164428
41.9868 4.19537 -0.0146928 0.0178287 -0.0152525
42.3462 4.19328 -0.0150733 0.0179727 -0.0160142
42.7054 4.04896 -0.0149444 0.018115 -0.0171676
43.0648 4.04662 -0.0148264 0.0178955 -0.0179964
42.7056 4.19102 -0.0149774 0.0179913 -0.0168746
43.065 4.18859 -0.0147766 0.0178201 -0.0176468
41.987 4.33758 -0.0144275 0.0178933 -0.0149125
42.3464 4.33541 -0.0147494 0.0181374 -0.0156998
41.9872 4.47978 -0.0144937 0.0177437 -0.0145385
42.3466 4.47754 -0.0147476 0.0179909 -0.0153635
42.7058 4.33307 -0.0148947 0.0179686 -0.016507
43.0653 4.33056 -0.0147869 0.0177397 -0.017328
42.7061 4.47513 -0.01479 0.0180044 -0.0162113
43.0655 4.47254 -0.0148342 0.0176832 -0.0169855
43.4217 2.34154 -0.0176389 0.0197431 -0.0236528
43.7813 2.34005 -0.018119 0.0201026 -0.0246954
43.4219 2.48344 -0.017397 0.0195464 -0.0232426
43.7815 2.48185 -0.0178556 0.0198674 -0.0242448
44.1409 2.33846 -0.0185654 0.0204877 -0.0254998
44.5005 2.33679 -0.0187006 0.0204731 -0.0260044
44.1411 2.48017 -0.0182656 0.0202141 -0.0250231
44.5007 2.47839 -0.0184226 0.0202321 -0.0254836
43.4221 2.62533 -0.0171326 0.0193603 -0.0228308
43.7817 2.62365 -0.0175773 0.0196209 -0.0237974
43.4224 2.76722 -0.016952 0.019089 -0.022448
43.7819 2.76545 -0.0172839 0.0193913 -0.0233361
44.1413 2.62187 -0.0179675 0.0199325 -0.0245023
44.5009 2.61999 -0.0181476 0.0199333 -0.0248958
44.1415 2.76357 -0.0176737 0.0196586 -0.0239913
44.5011 2.76159 -0.0178651 0.0196351 -0.0242904
44.8601 2.33502 -0.0181996 0.0198103 -0.0261908
45.2197 2.33316 -0.0170887 0.018676 -0.0260137
44.8603 2.47651 -0.0180202 0.0197122 -0.0256401
45.2199 2.47454 -0.0171922 0.0186131 -0.0254263
45.5794 2.33121 -0.0160694 0.0171197 -0.0258982
45.9391 2.32917 -0.0156618 0.0141923 -0.0257396
45.5796 2.47248 -0.0162122 0.0170733 -0.0252523
45.9393 2.47032 -0.0152654 0.0152291 -0.0251871
44.8605 2.61801 -0.0178456 0.0195187 -0.0249821
45.2202 2.61592 -0.0171637 0.0186252 -0.0247571
44.8607 2.7595 -0.017611 0.0192593 -0.0242359
45.2204 2.75729 -0.0170448 0.0185634 -0.0240182
45.5798 2.61374 -0.0160307 0.0173965 -0.0244939
45.9395 2.61145 -0.0151796 0.0158101 -0.0246441
45.5801 2.75498 -0.0159963 0.0175623 -0.0237396
45.9397 2.75257 -0.0151045 0.016101 -0.0239573
43.4226 2.9091 -0.0167022 0.0188778 -0.0220505
43.7821 2.90724 -0.0170512 0.0191148 -0.0228997
43.4228 3.05098 -0.0163572 0.0187558 -0.0216507
43.7824 3.04903 -0.016891 0.0187788 -0.0224735
44.1417 2.90527 -0.0173908 0.0193718 -0.0234791
44.5013 2.90318 -0.0175817 0.0193346 -0.0237048
44.142 3.04695 -0.0171263 0.0190956 -0.0230258
44.5016 3.04476 -0.0173287 0.0190107 -0.0231633
43.423 3.19286 -0.0159709 0.0186705 -0.0212373
43.7826 3.19082 -0.0166181 0.0185921 -0.0221875
43.4232 3.33475 -0.0156702 0.0185324 -0.0208155
43.7828 3.3326 -0.0162227 0.0185153 -0.0217355
44.1422 3.18864 -0.0169761 0.018694 -0.0226135
44.5018 3.18634 -0.017038 0.0186669 -0.0227002
44.1424 3.33032 -0.0167035 0.0184394 -0.0222289
44.502 3.32791 -0.0166977 0.0183857 -0.0223146
44.861 2.90097 -0.0173738 0.0189491 -0.0235244
45.2206 2.89865 -0.016838 0.018357 -0.0231739
44.8612 3.04244 -0.0171297 0.0185944 -0.0228641
45.2208 3.04 -0.0165599 0.0180905 -0.0223787
45.5803 2.89622 -0.0160348 0.01745 -0.0229357
45.9399 2.89367 -0.0150334 0.0162406 -0.0230998
45.5804 3.03744 -0.0159185 0.0172427 -0.0221094
45.9401 3.03476 -0.0150222 0.0162289 -0.0222994
44.8614 3.1839 -0.0168108 0.0182802 -0.0223065
45.221 3.18134 -0.0162543 0.0177179 -0.0216739
44.8616 3.32536 -0.0164221 0.0179452 -0.0218092
45.2212 3.32269 -0.0158533 0.0173118 -0.0211463
45.5806 3.17866 -0.0156717 0.016986 -0.0214317
45.9403 3.17585 -0.0149318 0.0161039 -0.0216218
45.5808 3.31988 -0.0153035 0.0166635 -0.0209435
45.9404 3.31694 -0.0147463 0.015921 -0.0211451
46.2988 2.32703 -0.0145979 0.0113705 -0.0250103
46.6586 2.32479 -0.0120544 0.0103154 -0.0243393
46.299 2.46805 -0.0150406 0.0122482 -0.0252642
46.6588 2.46567 -0.0126123 0.0102721 -0.0241822
47.0186 2.32245 -0.00975197 0.00921432 -0.0239303
47.3787 2.32002 -0.00803071 0.00822488 -0.0241706
47.0187 2.46319 -0.0106605 0.00895112 -0.0239102
47.3788 2.46061 -0.00850899 0.00818221 -0.0242068
46.2992 2.60905 -0.0151999 0.0126739 -0.0248022
46.6589 2.60653 -0.0133075 0.0103197 -0.0243402
46.2993 2.75003 -0.0141996 0.0142875 -0.0241359
46.659 2.74738 -0.0138591 0.0112424 -0.0241549
47.0188 2.6039 -0.0104543 0.00994607 -0.0242928
47.3788 2.60117 -0.00850153 0.00859807 -0.02417
47.0189 2.74461 -0.0117229 0.00952774 -0.0239127
47.3789 2.74172 -0.00911132 0.00842128 -0.0241391
47.7389 2.31751 -0.00669717 0.00621572 -0.0242655
48.0992 2.3149 -0.00464511 0.00477343 -0.0242968
47.7389 2.45793 -0.00680596 0.00665 -0.0244493
48.0992 2.45515 -0.00446674 0.00501508 -0.024531
48.4595 2.3122 -0.00278296 0.00307787 -0.0242192
48.8198 2.3094 -0.000625343 0.00124562 -0.024295
48.4595 2.45228 -0.00241768 0.00325655 -0.0245072
48.8198 2.44932 -0.000610371 0.00114177 -0.0244968
47.739 2.59834 -0.00700763 0.00687771 -0.0245697
48.0992 2.5954 -0.00470089 0.00492691 -0.0245437
47.739 2.73873 -0.0071489 0.00697269 -0.0245096
48.0993 2.73563 -0.00471185 0.00510144 -0.0246929
48.4595 2.59236 -0.0023736 0.00308658 -0.0246312
48.8199 2.58922 -0.000130579 0.00158208 -0.0246791
48.4596 2.73243 -0.00223429 0.00339898 -0.0247547
48.8199 2.72912 -0.000355826 0.00140235 -0.0247367
46.2995 2.891 -0.014269 0.0147129 -0.023553
46.6592 2.88822 -0.0140297 0.0120231 -0.0241351
46.2997 3.03196 -0.0140982 0.0150529 -0.0227908
46.6594 3.02906 -0.0141545 0.0123172 -0.0235148
47.019 2.88531 -0.0122232 0.00996183 -0.0239328
47.379 2.88228 -0.00960455 0.0084915 -0.0241317
47.0191 3.02601 -0.0130191 0.009733 -0.0238951
47.3791 3.02284 -0.0108971 0.00838471 -0.0244198
46.2999 3.17292 -0.0141155 0.0150624 -0.0222359
46.6595 3.16986 -0.0131406 0.0137665 -0.0230695
46.3001 3.31387 -0.0140086 0.0150585 -0.0217564
46.6597 3.31067 -0.0132567 0.0139593 -0.0226347
47.0192 3.16668 -0.0122921 0.0117059 -0.0240818
47.3791 3.16336 -0.0103348 0.00973482 -0.0244618
47.0194 3.30735 -0.0129986 0.0113985 -0.0237427
47.3792 3.30388 -0.0116521 0.0085168 -0.0242906
47.7391 2.87913 -0.00664228 0.00753641 -0.0246961
48.0993 2.87587 -0.00469787 0.0052755 -0.0247438
47.7392 3.01953 -0.00743196 0.00706525 -0.0245694
48.0993 3.0161 -0.00460697 0.00550777 -0.0248495
48.4596 2.8725 -0.00242174 0.00319575 -0.0248936
48.8199 2.869 -8.60099e-05 0.00167927 -0.0248696
48.4596 3.01256 -0.0024601 0.00330136 -0.0250359
48.8198 3.00889 -0.000252567 0.00161658 -0.0250562
47.7392 3.15991 -0.00789803 0.00750522 -0.0243728
48.0993 3.15632 -0.00510639 0.00522414 -0.024937
47.7392 3.30027 -0.00835238 0.00726976 -0.024957
48.0993 3.29652 -0.00498211 0.00603744 -0.025208
48.4596 3.15261 -0.00246794 0.00348068 -0.0251879
48.8198 3.14877 -0.000283177 0.00173259 -0.0253168
48.4596 3.29265 -0.00255084 0.0039418 -0.0254643
48.8198 3.28865 -0.000173287 0.00202306 -0.0256462
43.4235 3.47662 -0.0154265 0.0183271 -0.0204324
43.783 3.47438 -0.015762 0.0185143 -0.0213326
43.4237 3.6185 -0.0152507 0.0181133 -0.0200148
43.7833 3.61616 -0.0155205 0.0183029 -0.0209066
44.1426 3.472 -0.0162683 0.0183611 -0.0219066
44.5022 3.46947 -0.0162901 0.0181333 -0.0219966
44.1428 3.61367 -0.0159652 0.0181683 -0.0215751
44.5024 3.61103 -0.0159075 0.0179097 -0.021683
43.4239 3.76038 -0.0150048 0.0180344 -0.0196186
43.7835 3.75793 -0.0152578 0.0181661 -0.0204914
43.4241 3.90225 -0.0148913 0.0178814 -0.0192285
43.7837 3.89971 -0.0151028 0.017972 -0.0200581
44.143 3.75534 -0.0156112 0.0180652 -0.0211939
44.5026 3.7526 -0.0156078 0.0177514 -0.0214349
44.1432 3.89701 -0.0153739 0.0178939 -0.020842
44.5028 3.89416 -0.0153511 0.017605 -0.0212962
44.8618 3.46681 -0.0160089 0.017578 -0.0214201
45.2214 3.46402 -0.0153943 0.0168656 -0.0208451
44.862 3.60826 -0.0155543 0.0172991 -0.0212165
45.2216 3.60534 -0.0149248 0.0164605 -0.0207588
45.581 3.46108 -0.0148164 0.0163258 -0.0206702
45.9406 3.45801 -0.014466 0.0157648 -0.0208895
45.5812 3.60228 -0.0143729 0.0159709 -0.0206115
45.9408 3.59908 -0.0141585 0.0155811 -0.0207914
44.8622 3.7497 -0.0152071 0.0170489 -0.0212192
45.2218 3.74666 -0.0145591 0.0161693 -0.0208851
44.8624 3.89115 -0.0149387 0.0169164 -0.0213888
45.222 3.88799 -0.0142649 0.0160748 -0.0212038
45.5814 3.74347 -0.0140727 0.0156081 -0.0207323
45.941 3.74014 -0.0139766 0.0153066 -0.0208518
45.5815 3.88467 -0.0137585 0.0154922 -0.0210234
45.9411 3.8812 -0.0138393 0.0151003 -0.0210255
43.4243 4.04413 -0.0147677 0.0178272 -0.0188709
43.7839 4.04149 -0.015021 0.0178341 -0.0196879
43.4245 4.18601 -0.0147684 0.0177128 -0.0184965
43.7841 4.18327 -0.0150947 0.0176105 -0.0193766
44.1434 4.03868 -0.0152229 0.0177281 -0.0205304
44.503 4.03572 -0.0151939 0.0174502 -0.0212847
44.1436 4.18036 -0.0152462 0.0174817 -0.0203161
44.5032 4.17728 -0.0150132 0.0173645 -0.0213016
43.4248 4.32789 -0.0146562 0.0177578 -0.018145
43.7843 4.32505 -0.0149834 0.0176401 -0.0190793
43.425 4.46977 -0.014648 0.0177638 -0.0177843
43.7845 4.46683 -0.0148046 0.0177711 -0.0187916
44.1438 4.32203 -0.0151859 0.0173504 -0.0201691
44.5034 4.31884 -0.0149739 0.0172411 -0.0213204
44.144 4.4637 -0.0149849 0.0174849 -0.0199899
44.5036 4.4604 -0.0147558 0.0172752 -0.0213414
44.8626 4.03259 -0.0147968 0.0167492 -0.0216543
45.2221 4.02931 -0.0140626 0.0160857 -0.0216672
44.8628 4.17404 -0.0146089 0.0167347 -0.0219739
45.2223 4.17063 -0.0139959 0.0160698 -0.0221096
45.5817 4.02586 -0.013493 0.015559 -0.0214231
45.9413 4.02226 -0.0136549 0.0151053 -0.0212952
45.5819 4.16706 -0.0134406 0.0156206 -0.0219136
45.9415 4.16333 -0.0135976 0.0151434 -0.0216544
44.863 4.31548 -0.0144843 0.0166636 -0.0222315
45.2225 4.31196 -0.0139849 0.0160457 -0.0224942
44.8632 4.45693 -0.0142652 0.0167488 -0.0224129
45.2227 4.45328 -0.0138429 0.0161691 -0.0227384
45.5821 4.30826 -0.0134884 0.0156621 -0.0223621
45.9417 4.30439 -0.0135931 0.0152598 -0.0220597
45.5823 4.44946 -0.0135154 0.0157032 -0.0226877
45.9418 4.44545 -0.0136443 0.0153548 -0.0225041
46.3002 3.45481 -0.0139507 0.0150048 -0.0214655
46.6599 3.45147 -0.0132671 0.0140764 -0.0222835
46.3004 3.59574 -0.0137372 0.0150493 -0.0212917
46.6601 3.59227 -0.0132402 0.014169 -0.0221334
47.0196 3.44801 -0.0123685 0.0124102 -0.0234137
47.3794 3.4444 -0.0115218 0.0096682 -0.0243013
47.0198 3.58867 -0.0121187 0.012893 -0.0232037
47.3796 3.58493 -0.01163 0.00999271 -0.0243421
46.3006 3.73667 -0.0135084 0.0150974 -0.0212534
46.6603 3.73306 -0.013027 0.0144016 -0.0219882
46.3008 3.87759 -0.0135847 0.0148972 -0.0213068
46.6605 3.87383 -0.0130603 0.0143696 -0.0219111
47.02 3.72931 -0.0120775 0.0130845 -0.0229467
47.3797 3.72541 -0.0107906 0.0111809 -0.0241357
47.0202 3.86992 -0.0120313 0.0133392 -0.0227666
47.3799 3.86587 -0.0107534 0.0117046 -0.0240354
47.7393 3.44064 -0.00904055 0.00753034 -0.0247213
48.0994 3.43673 -0.00541611 0.00596961 -0.0251018
47.7394 3.58102 -0.0100297 0.00692069 -0.0245254
48.0994 3.57694 -0.00622525 0.00590619 -0.0250178
48.4596 3.43269 -0.00278534 0.00418618 -0.0257975
48.8198 3.42853 -0.000388732 0.00200927 -0.0258255
48.4596 3.57274 -0.00313979 0.00437309 -0.0259586
48.8199 3.5684 -0.00109612 0.00154754 -0.026469
47.7395 3.72135 -0.0107013 0.00744135 -0.0254289
48.0995 3.71714 -0.00831564 0.00458093 -0.0257327
47.7397 3.86165 -0.00947736 0.00946081 -0.0255277
48.0996 3.85728 -0.00861386 0.00586968 -0.026899
48.4597 3.71276 -0.00465588 0.00340752 -0.0264833
48.8199 3.70824 -0.00131269 0.00106437 -0.0270508
48.4597 3.85275 -0.00597139 0.00281689 -0.0268579
48.8199 3.84805 -0.00164688 0.00119231 -0.0275834
46.301 4.01851 -0.0134992 0.0149521 -0.0214238
46.6606 4.01461 -0.0130757 0.014462 -0.0218417
46.3011 4.15943 -0.0134791 0.0150513 -0.0216345
46.6608 4.15538 -0.0131428 0.0146028 -0.0218364
47.0204 4.01054 -0.0121526 0.0135271 -0.0226162
47.3801 4.00633 -0.0109586 0.0119544 -0.0238049
47.0205 4.15117 -0.012367 0.0137598 -0.0224549
47.3802 4.14679 -0.0110456 0.0125265 -0.0236206
46.3013 4.30035 -0.0135257 0.015183 -0.0219532
46.661 4.29615 -0.0132811 0.0147686 -0.02195
46.3015 4.44128 -0.0135817 0.015341 -0.0223315
46.6611 4.43693 -0.0134029 0.0149931 -0.0222175
47.0207 4.29178 -0.012611 0.0140491 -0.0223491
47.3804 4.28724 -0.0114238 0.01293 -0.0234729
47.0208 4.4324 -0.0128449 0.0143477 -0.0224069
47.3805 4.4277 -0.0117804 0.0133276 -0.0233433
47.7398 4.00195 -0.00983338 0.00978733 -0.0252417
48.0997 3.99741 -0.00800023 0.00742815 -0.0267109
47.74 4.14224 -0.00959796 0.0108076 -0.0250886
48.0998 4.13754 -0.0080708 0.00837001 -0.0263569
48.4597 3.9927 -0.0048426 0.00500184 -0.0272319
48.8199 3.98783 -0.00107314 0.00242163 -0.0276376
48.4598 4.13265 -0.00491851 0.00562817 -0.0271022
48.8199 4.1276 -0.00107327 0.00287755 -0.0274875
47.7401 4.28253 -0.00991534 0.0113789 -0.0249893
48.0999 4.27765 -0.00805324 0.00917148 -0.0260826
47.7402 4.42283 -0.0104527 0.0116441 -0.0248205
48.1 4.41777 -0.00848019 0.00950469 -0.0259919
48.4598 4.2726 -0.00549213 0.00620456 -0.0270162
48.8199 4.26736 -0.00113636 0.00307791 -0.027242
48.4599 4.41254 -0.00575716 0.00678199 -0.0269751
48.8199 4.40712 -0.00111978 0.00340111 -0.0270772
