37.6751 4.63543 -0.00977964 0.0140674 -0.0097665
38.0344 4.6353 -0.0100545 0.0146699 -0.0100482
37.6752 4.77791 -0.0100744 0.01394 -0.00936972
38.0346 4.77778 -0.0100616 0.0145625 -0.00976627
38.3937 4.635 -0.0106976 0.0147045 -0.0102063
38.7531 4.63451 -0.0109194 0.0145319 -0.0104623
38.3939 4.77746 -0.0106154 0.0147158 -0.00974915
38.7532 4.77696 -0.0108527 0.0145638 -0.0101883
37.6754 4.92038 -0.00998529 0.0140155 -0.00903533
38.0347 4.92026 -0.0101269 0.0146878 -0.00921922
37.6755 5.06286 -0.00979698 0.0142456 -0.00883734
38.0349 5.06273 -0.0102495 0.0145821 -0.00882284
38.394 4.91993 -0.0108017 0.0145549 -0.00947831
38.7534 4.9194 -0.0107691 0.0145205 -0.00972842
38.3942 5.06239 -0.0107358 0.0146053 -0.00912966
38.7535 5.06185 -0.0106528 0.0145979 -0.00939433
39.1124 4.63384 -0.0106755 0.0145413 -0.0105455
39.4717 4.63299 -0.0109823 0.0147713 -0.0109123
39.1125 4.77626 -0.0110234 0.0142829 -0.0102396
39.4719 4.77539 -0.0108468 0.0147651 -0.0105957
39.8311 4.63196 -0.0113392 0.01543 -0.0109961
40.1904 4.63074 -0.0121378 0.0156969 -0.011497
39.8312 4.77433 -0.0116552 0.0150298 -0.0110626
40.1906 4.77307 -0.0122267 0.0154858 -0.0110512
39.1127 4.91868 -0.0109725 0.0142744 -0.0100217
39.4721 4.91779 -0.0108274 0.0148879 -0.0102255
39.1129 5.06111 -0.010709 0.0144683 -0.00973184
39.4723 5.06019 -0.0108847 0.0147332 -0.00989689
39.8314 4.91669 -0.0115088 0.0150386 -0.0105444
40.1907 4.9154 -0.0122138 0.0154317 -0.0111332
39.8316 5.05906 -0.0117267 0.0148214 -0.0103005
40.1909 5.05772 -0.0122067 0.0153923 -0.0106202
37.6757 5.20534 -0.00977763 0.0142153 -0.00834748
38.035 5.20521 -0.0101457 0.0147225 -0.0086171
37.6759 5.34782 -0.00984341 0.0143251 -0.00823062
38.0352 5.34768 -0.0103779 0.014648 -0.00814972
38.3943 5.20486 -0.0109571 0.0143856 -0.00878063
38.7537 5.20431 -0.0109045 0.0144818 -0.00918309
38.3945 5.34733 -0.0110399 0.0143247 -0.00857792
38.7538 5.34676 -0.0104252 0.0147505 -0.00879294
37.676 5.49029 -0.0100962 0.0142915 -0.00784125
38.0354 5.49015 -0.0105668 0.0145237 -0.00795375
37.6762 5.63276 -0.00951203 0.0148768 -0.00772263
38.0355 5.63261 -0.0106489 0.0143621 -0.00756694
38.3947 5.48978 -0.0109792 0.0143323 -0.00831947
38.754 5.4892 -0.0106939 0.0145662 -0.00853228
38.3948 5.63223 -0.0109371 0.0143797 -0.00830554
38.7542 5.63163 -0.0108228 0.0143989 -0.00818629
39.113 5.20355 -0.0110908 0.0142483 -0.00924696
39.4724 5.20258 -0.0107724 0.0148126 -0.00963585
39.1132 5.34598 -0.0108395 0.0145697 -0.00927697
39.4725 5.34498 -0.0108913 0.0148028 -0.00923491
39.8317 5.20141 -0.0116594 0.0148181 -0.00993534
40.191 5.20003 -0.011874 0.0156513 -0.0101955
39.8318 5.34377 -0.0116234 0.0148993 -0.00960954
40.1912 5.34234 -0.0120422 0.0154791 -0.0100532
39.1133 5.4884 -0.0108133 0.0145984 -0.00887367
39.4726 5.48736 -0.0109048 0.0147458 -0.00891339
39.1135 5.6308 -0.0109646 0.0144585 -0.008482
39.4728 5.62974 -0.0115053 0.0142334 -0.00853055
39.832 5.48611 -0.0112624 0.0151403 -0.00930209
40.1913 5.48467 -0.0123302 0.0151514 -0.00943637
39.8321 5.62847 -0.0113529 0.0152705 -0.0088072
40.1915 5.62698 -0.0119616 0.0154723 -0.0087772
40.5498 4.62934 -0.0128419 0.0159166 -0.011839
40.9091 4.62776 -0.0131602 0.0164891 -0.0122645
40.5499 4.77163 -0.0125392 0.0161827 -0.0118321
40.9093 4.76999 -0.0133164 0.0163815 -0.0119387
41.2685 4.62599 -0.0136803 0.0168091 -0.0128532
41.6279 4.62404 -0.0141934 0.0171221 -0.0135464
41.2686 4.76817 -0.0136218 0.016781 -0.0124602
41.628 4.76615 -0.0140395 0.0170695 -0.0132057
40.5501 4.91391 -0.0125783 0.0162334 -0.0113296
40.9094 4.91223 -0.0134615 0.0162336 -0.0116545
40.5502 5.05619 -0.0126464 0.0161266 -0.0109697
40.9095 5.05444 -0.0129128 0.0166885 -0.0113177
41.2687 4.91034 -0.0139691 0.0164384 -0.0119271
41.6282 4.90826 -0.0137174 0.0173609 -0.0128706
41.2689 5.0525 -0.0138475 0.0166418 -0.0118772
41.6283 5.05037 -0.0138588 0.0172161 -0.0122594
41.9874 4.62191 -0.0144189 0.0176837 -0.0141742
42.3468 4.6196 -0.014717 0.0179408 -0.0150497
41.9875 4.76395 -0.0143854 0.0176303 -0.013851
42.3469 4.76157 -0.0145641 0.0179265 -0.0147334
42.7062 4.6171 -0.0147447 0.0179503 -0.015844
43.0656 4.61442 -0.0148033 0.0177473 -0.0166732
42.7064 4.75899 -0.0146577 0.0180016 -0.0154623
43.0658 4.75623 -0.0148516 0.0177818 -0.0162614
41.9876 4.90599 -0.0142873 0.0175762 -0.0134226
42.3471 4.90354 -0.0145797 0.0178631 -0.0143011
41.9878 5.04803 -0.0142184 0.0174906 -0.0130864
42.3472 5.0455 -0.0145206 0.0178272 -0.0138295
42.7065 4.90088 -0.0146942 0.0179465 -0.0150801
43.0659 4.89804 -0.0148892 0.0178397 -0.015847
42.7067 5.04277 -0.0147729 0.017863 -0.0146439
43.0661 5.03984 -0.0149873 0.0178054 -0.0154375
40.5504 5.19845 -0.0124888 0.0163254 -0.0104629
40.9097 5.19667 -0.0136839 0.0161083 -0.0110954
40.5505 5.34071 -0.0119872 0.0166853 -0.00993982
40.9098 5.33888 -0.0132014 0.0164933 -0.0106941
41.269 5.19467 -0.0138303 0.0166027 -0.0114299
41.6285 5.19248 -0.0140881 0.016883 -0.0118822
41.2692 5.33683 -0.0134555 0.0168505 -0.0111514
41.6286 5.33458 -0.0140137 0.0169522 -0.0115812
40.5506 5.48299 -0.0128766 0.0160265 -0.00985121
40.91 5.4811 -0.0128707 0.0168105 -0.0102741
40.5508 5.62526 -0.0132441 0.0155577 -0.00924992
40.9101 5.62332 -0.013519 0.0160021 -0.00922176
41.2693 5.479 -0.0132922 0.0168915 -0.0107388
41.6287 5.47668 -0.0140727 0.016943 -0.0112115
41.2695 5.62116 -0.0134082 0.0168032 -0.0103514
41.6289 5.61878 -0.0140726 0.0169739 -0.0107727
41.9879 5.19008 -0.0142285 0.0174251 -0.0126367
42.3474 5.18747 -0.0145286 0.0178028 -0.0133291
41.9881 5.33211 -0.0141425 0.0174641 -0.0122009
42.3475 5.32944 -0.0142496 0.0179122 -0.0128859
42.7068 5.18467 -0.0149511 0.0176982 -0.0141398
43.0662 5.18165 -0.0150305 0.0178599 -0.0150444
42.7069 5.32655 -0.0148423 0.0177301 -0.0137156
43.0664 5.32345 -0.0149453 0.0179296 -0.0145909
41.9882 5.47415 -0.0141655 0.0174191 -0.0117528
42.3477 5.4714 -0.0142958 0.0177926 -0.0125088
41.9883 5.61618 -0.0142082 0.0174249 -0.0113519
42.3478 5.61336 -0.0146477 0.0174654 -0.0118778
42.7071 5.46843 -0.0147406 0.0177817 -0.0132855
43.0665 5.46525 -0.0148949 0.0179723 -0.0142089
42.7072 5.61032 -0.014687 0.0178059 -0.0128478
43.0667 5.60705 -0.0148293 0.0179692 -0.0137711
37.6764 5.77526 -0.00928414 0.0147059 -0.00729874
38.0357 5.77509 -0.0107625 0.0141767 -0.00757468
37.6765 5.91776 -0.00960012 0.014542 -0.00688671
38.0358 5.91757 -0.00992921 0.01486 -0.00779136
38.395 5.7747 -0.0110609 0.0144708 -0.00795469
38.7543 5.77406 -0.0109784 0.014294 -0.00808917
38.3951 5.91717 -0.0107881 0.0145735 -0.00785272
38.7544 5.91651 -0.0109702 0.0143964 -0.00793774
37.6766 6.06022 -0.0101734 0.0139852 -0.00693271
38.0359 6.06002 -0.00959036 0.0150824 -0.00749256
37.6767 6.20266 -0.0110358 0.0134423 -0.00702458
38.036 6.20246 -0.00965425 0.0150334 -0.00713165
38.3952 6.05961 -0.0106314 0.0147638 -0.00785277
38.7546 6.05895 -0.0113682 0.014132 -0.00770415
38.3954 6.20205 -0.0102141 0.0150591 -0.00755052
38.7547 6.20138 -0.0117303 0.0141189 -0.00749317
39.1136 5.77321 -0.0108087 0.0145797 -0.00822907
39.4729 5.77213 -0.0116012 0.0143051 -0.00834591
39.1138 5.91562 -0.0106127 0.0147867 -0.00778449
39.4731 5.91451 -0.0110889 0.0148253 -0.00807528
39.8323 5.77082 -0.0116218 0.0150938 -0.00826587
40.1916 5.76928 -0.0117541 0.0157758 -0.00845489
39.8324 5.91317 -0.0118743 0.0150947 -0.00771645
40.1917 5.91159 -0.0123994 0.0153868 -0.00789042
39.1139 6.05804 -0.0109163 0.0146432 -0.00771527
39.4732 6.0569 -0.0114694 0.0148695 -0.00760959
39.1141 6.20046 -0.0114366 0.0144276 -0.00736473
39.4733 6.19929 -0.0120316 0.0144723 -0.00714264
39.8325 6.05552 -0.011571 0.0152751 -0.00761061
40.1919 6.05391 -0.0124788 0.0154207 -0.00761247
39.8327 6.19787 -0.0117752 0.0153633 -0.00723364
40.192 6.19623 -0.0122515 0.0157038 -0.00726076
37.6768 6.34506 -0.0103918 0.01414 -0.00696872
38.0362 6.34488 -0.00985003 0.0147746 -0.00672123
37.677 6.48748 -0.010076 0.0141614 -0.00644493
38.0364 6.48731 -0.0101995 0.0144467 -0.00658341
38.3956 6.34447 -0.00963963 0.0154389 -0.0071501
38.7549 6.34379 -0.0114405 0.0146069 -0.00711291
38.3958 6.48689 -0.0098213 0.0153108 -0.00678345
38.7551 6.48621 -0.0108277 0.0150685 -0.00724909
37.6772 6.62995 -0.0101902 0.0138462 -0.00616066
38.0366 6.62976 -0.0103003 0.0142655 -0.00622355
37.6774 6.77241 -0.00990745 0.0141086 -0.00605404
38.0368 6.7722 -0.0103262 0.0142522 -0.00610482
38.396 6.62932 -0.010094 0.0151735 -0.00641214
38.7553 6.62862 -0.0112092 0.0148744 -0.00692761
38.3962 6.77174 -0.00982555 0.0154118 -0.00619213
38.7555 6.77101 -0.011082 0.0151143 -0.00670218
39.1142 6.34285 -0.01154 0.01455 -0.00706036
39.4735 6.34167 -0.0119849 0.0147934 -0.00710896
39.1144 6.48526 -0.0119419 0.0146041 -0.0070572
39.4736 6.48405 -0.0124338 0.0146649 -0.00689281
39.8328 6.34023 -0.0122942 0.0151905 -0.00682611
40.1922 6.33854 -0.01241 0.0157389 -0.00684006
39.8329 6.48258 -0.0124451 0.0152252 -0.00683309
40.1923 6.48085 -0.0126516 0.0157763 -0.00643038
39.1145 6.62764 -0.0114167 0.0152901 -0.00703639
39.4738 6.62642 -0.01254 0.0150604 -0.00650774
39.1147 6.77003 -0.0114663 0.0154137 -0.00651052
39.474 6.76878 -0.0126299 0.0152822 -0.00644708
39.8331 6.62493 -0.0128639 0.0152233 -0.00680507
40.1924 6.62315 -0.0130885 0.0155357 -0.00603069
39.8332 6.76726 -0.0135108 0.0148902 -0.00614108
40.1926 6.76541 -0.0131526 0.0155791 -0.00618249
40.5509 5.76752 -0.0123114 0.0161637 -0.00864753
40.9102 5.76553 -0.0128556 0.0165164 -0.00943304
40.5511 5.90979 -0.0128263 0.0158285 -0.00856509
40.9104 5.90776 -0.0135088 0.0160322 -0.00853573
41.2696 5.76333 -0.013414 0.0168406 -0.00970812
41.629 5.76089 -0.0140232 0.0170139 -0.0103266
41.2698 5.90549 -0.0136933 0.0166043 -0.00919771
41.6292 5.90299 -0.0139192 0.0170511 -0.00983875
40.5512 6.05207 -0.0124204 0.0161704 -0.00784005
40.9106 6.04998 -0.0129712 0.0163375 -0.00831266
40.5514 6.19434 -0.0128282 0.016035 -0.00730237
40.9107 6.1922 -0.0132584 0.0161732 -0.00761165
41.2699 6.04765 -0.0137189 0.0165569 -0.00857176
41.6293 6.0451 -0.0138679 0.0170909 -0.00923528
41.2701 6.18982 -0.0138496 0.0165049 -0.00808056
41.6294 6.18719 -0.0133502 0.0173348 -0.00858157
41.9885 5.75822 -0.0138803 0.0175475 -0.0109672
42.3479 5.75533 -0.0147477 0.0172221 -0.0115882
41.9886 5.90026 -0.0138372 0.0175424 -0.010452
42.348 5.89729 -0.0147489 0.0171122 -0.0111758
42.7073 5.7522 -0.0147289 0.0177272 -0.0124112
43.0668 5.74885 -0.0147603 0.0179303 -0.0132379
42.7075 5.89408 -0.0148248 0.0176372 -0.0118304
43.0669 5.89065 -0.014793 0.0178717 -0.0127102
41.9887 6.0423 -0.0144302 0.0170793 -0.00942413
42.3482 6.03925 -0.0144938 0.0174919 -0.0106255
41.9888 6.18432 -0.0142956 0.017211 -0.00927691
42.3483 6.18121 -0.0145039 0.0174369 -0.00970167
42.7076 6.03597 -0.0148953 0.0175312 -0.0111459
43.0671 6.03245 -0.014856 0.0177224 -0.0121142
42.7077 6.17785 -0.0147404 0.0175492 -0.0104682
43.0672 6.17425 -0.0148328 0.0175434 -0.0114087
40.5515 6.3366 -0.0126327 0.0162015 -0.00684974
40.9109 6.33441 -0.0131928 0.0163328 -0.00719736
40.5517 6.47887 -0.0128419 0.0162165 -0.00652707
40.911 6.47662 -0.0133304 0.0163091 -0.00662326
41.2702 6.33197 -0.0138614 0.0164526 -0.00745101
41.6296 6.32928 -0.0140988 0.0169907 -0.00785887
41.2703 6.47412 -0.0136748 0.0165933 -0.00715098
41.6297 6.47136 -0.0142594 0.0167484 -0.00717292
40.5518 6.62112 -0.013036 0.0163049 -0.00623567
40.9111 6.61882 -0.013525 0.0162753 -0.00632392
40.5519 6.76335 -0.013552 0.0159516 -0.00572015
40.9112 6.761 -0.0137789 0.0161785 -0.00604136
41.2704 6.61626 -0.0136486 0.0167053 -0.00664999
41.6298 6.61345 -0.0144133 0.0165166 -0.00682164
41.2706 6.75839 -0.0136386 0.0167626 -0.00614461
41.6299 6.75553 -0.0144244 0.0166383 -0.00682668
41.989 6.32634 -0.014226 0.0171737 -0.00847444
42.3484 6.32316 -0.0145584 0.0173207 -0.00902183
41.9891 6.46836 -0.0143729 0.0171295 -0.00784746
42.3486 6.46511 -0.0145182 0.0172897 -0.00842301
42.7079 6.31973 -0.014776 0.0173685 -0.00977695
43.0674 6.31605 -0.0147705 0.0173359 -0.0108164
42.708 6.46161 -0.0147005 0.0172784 -0.0092365
43.0675 6.45785 -0.0146733 0.0170981 -0.0102269
41.9893 6.61038 -0.0142852 0.0171546 -0.00740238
42.3487 6.60706 -0.014691 0.0169763 -0.00789252
41.9894 6.75239 -0.0141003 0.0172265 -0.00695452
42.3489 6.749 -0.0142001 0.0173696 -0.00769256
42.7082 6.60348 -0.0146879 0.0171174 -0.00870339
43.0677 6.59964 -0.0144343 0.0169898 -0.00980287
42.7083 6.74534 -0.0146725 0.0169061 -0.00819036
43.0678 6.74142 -0.0142926 0.0167913 -0.00912155
43.4251 4.61157 -0.0146099 0.0178747 -0.0174176
43.7847 4.60853 -0.0146703 0.0179074 -0.0184445
43.4253 4.75328 -0.0147417 0.0178272 -0.0170342
43.7848 4.75015 -0.0146884 0.0178922 -0.0180644
44.1442 4.6053 -0.0148962 0.017532 -0.0197971
44.5038 4.6019 -0.0147054 0.0171999 -0.0213112
44.1444 4.74683 -0.014776 0.0176244 -0.0195667
44.5039 4.74332 -0.0145051 0.0172477 -0.0212072
43.4254 4.895 -0.0148211 0.0178584 -0.0166457
43.785 4.89178 -0.0147249 0.0179483 -0.0177405
43.4256 5.03672 -0.0149933 0.017836 -0.0162985
43.7851 5.0334 -0.0149444 0.017808 -0.017386
44.1445 4.88836 -0.0146863 0.0177084 -0.0192825
44.5041 4.88475 -0.0143912 0.0172104 -0.0210402
44.1446 5.02989 -0.0146488 0.0176905 -0.0189797
44.5042 5.02618 -0.0143077 0.0171786 -0.0207962
44.8633 4.59831 -0.0142233 0.0166971 -0.0224843
45.2229 4.59454 -0.0136273 0.0163434 -0.0229276
44.8635 4.73963 -0.0140873 0.0167228 -0.0224542
45.223 4.73575 -0.0136428 0.0162503 -0.0230293
45.5824 4.5906 -0.0133686 0.0159238 -0.0229319
45.942 4.58647 -0.0136433 0.0154861 -0.0228211
45.5826 4.73169 -0.0134633 0.0158827 -0.0231089
45.9421 4.72743 -0.0136106 0.0155885 -0.023042
44.8636 4.88095 -0.0139301 0.0167639 -0.0223728
45.2232 4.87696 -0.0135589 0.0163033 -0.0229782
44.8638 5.02227 -0.0138931 0.0166358 -0.022208
45.2233 5.01816 -0.0133301 0.0164606 -0.0228602
45.5827 4.87277 -0.0135315 0.0158342 -0.0230979
45.9423 4.86839 -0.0135699 0.0156375 -0.0231417
45.5829 5.01386 -0.0133257 0.0159778 -0.0230468
45.9424 5.00936 -0.0134378 0.0157006 -0.0231373
43.4257 5.17844 -0.015095 0.017808 -0.0159513
43.7852 5.17503 -0.015023 0.0178117 -0.0170661
43.4259 5.32015 -0.0151088 0.0179125 -0.0156373
43.7854 5.31666 -0.0152811 0.0176287 -0.0168403
44.1448 5.17142 -0.0146692 0.0176113 -0.0187038
44.5043 5.16761 -0.0141193 0.0171411 -0.0204872
44.1449 5.31295 -0.0146367 0.0175417 -0.0183834
44.5045 5.30904 -0.0142159 0.0169179 -0.020138
43.426 5.46187 -0.0148988 0.0181401 -0.015168
43.7855 5.45828 -0.0151184 0.0177212 -0.0165528
43.4261 5.60358 -0.0148532 0.0181303 -0.0147985
43.7857 5.5999 -0.0148071 0.0179328 -0.0160985
44.1451 5.45448 -0.0145996 0.017425 -0.0180695
44.5046 5.45046 -0.0137008 0.0170481 -0.0197533
44.1452 5.596 -0.0145023 0.0173055 -0.0177228
44.5048 5.59188 -0.0140628 0.0165174 -0.0192238
44.8639 5.16359 -0.0137721 0.0166406 -0.021891
45.2235 5.15937 -0.0133828 0.0162784 -0.0226273
44.864 5.30491 -0.0138872 0.0162825 -0.0215005
45.2236 5.30058 -0.0133547 0.0161143 -0.022356
45.583 5.15495 -0.0132261 0.0159423 -0.0229352
45.9425 5.15032 -0.0133198 0.0156354 -0.0230659
45.5831 5.29603 -0.013116 0.0157963 -0.022703
45.9427 5.29128 -0.0131152 0.0155218 -0.0229081
44.8642 5.44623 -0.0134751 0.0164276 -0.0210529
45.2237 5.44178 -0.0133475 0.0157665 -0.0218831
44.8643 5.58754 -0.0130833 0.0163647 -0.0206058
45.2239 5.58298 -0.0128464 0.0158044 -0.0214435
45.5833 5.43712 -0.0129063 0.0156002 -0.02241
45.9428 5.43224 -0.0128335 0.0153134 -0.0226619
45.5834 5.5782 -0.0126264 0.0152964 -0.0219881
45.943 5.5732 -0.0124713 0.0149896 -0.0223435
46.3016 4.58216 -0.013621 0.0154906 -0.0226984
46.6613 4.57767 -0.013484 0.0152085 -0.0225779
46.3017 4.72299 -0.0136227 0.0155926 -0.0229856
46.6614 4.71837 -0.013514 0.0153681 -0.0229359
47.021 4.57299 -0.013033 0.0146182 -0.0226203
47.3806 4.56814 -0.012064 0.0136762 -0.0233371
47.0211 4.71356 -0.0131355 0.0148312 -0.022923
47.3807 4.70856 -0.0122488 0.0139328 -0.0234032
46.3019 4.86383 -0.0135713 0.0156333 -0.0231514
46.6615 4.85907 -0.0134789 0.0154526 -0.0232111
46.302 5.00466 -0.0134631 0.0156216 -0.02322
46.6617 4.99977 -0.0133664 0.0154492 -0.023359
47.0212 4.85412 -0.0131435 0.014954 -0.0232202
47.3808 4.84898 -0.0123273 0.0140971 -0.0234917
47.0213 4.99469 -0.013052 0.0149722 -0.0234233
47.381 4.98941 -0.0122923 0.0141529 -0.02355
47.7403 4.56311 -0.0105934 0.0122488 -0.0246901
48.1001 4.55789 -0.00855795 0.0100988 -0.0258676
47.7404 4.70338 -0.0108464 0.0125851 -0.0245504
48.1002 4.69801 -0.00882999 0.0103281 -0.0257114
48.4599 4.55249 -0.00576194 0.00716107 -0.02654
48.8199 4.5469 -0.00134647 0.00345692 -0.0267875
48.46 4.69246 -0.00604095 0.00700575 -0.026259
48.8199 4.68671 -0.00143965 0.00343619 -0.0265271
47.7405 4.84366 -0.0109764 0.0128371 -0.0243801
48.1003 4.83814 -0.00897113 0.0104999 -0.0254526
47.7406 4.98393 -0.0110003 0.0129307 -0.0241941
48.1003 4.97826 -0.00895991 0.0105092 -0.0251899
48.46 4.83243 -0.00600082 0.00716437 -0.0259908
48.8199 4.82651 -0.0018593 0.00307062 -0.0263998
48.4601 4.97238 -0.00566467 0.00734358 -0.0256464
48.82 4.9663 -0.00180383 0.00331482 -0.0260298
46.3021 5.14549 -0.0133256 0.0155095 -0.0232039
46.6618 5.14047 -0.0131805 0.0153468 -0.0233784
46.3023 5.28632 -0.0130973 0.0153376 -0.0230804
46.6619 5.28116 -0.0129224 0.0151269 -0.0232658
47.0214 5.13524 -0.0128547 0.0148674 -0.023484
47.3811 5.12982 -0.0121443 0.0140722 -0.0235273
47.0215 5.27579 -0.0125495 0.0146358 -0.0233762
47.3812 5.27021 -0.0118618 0.0138433 -0.0233628
46.3024 5.42715 -0.0127712 0.0150702 -0.0228718
46.662 5.42185 -0.0125782 0.0147894 -0.0230268
46.3025 5.56798 -0.0123543 0.0147159 -0.0225493
46.6622 5.56254 -0.0121243 0.0143741 -0.0226804
47.0217 5.41634 -0.0121507 0.0142767 -0.0230951
47.3813 5.41061 -0.0114558 0.013475 -0.02303
47.0218 5.55688 -0.0116867 0.0138108 -0.0226687
47.3814 5.551 -0.0109551 0.0129974 -0.0225573
47.7407 5.12419 -0.0108784 0.0128518 -0.0239373
48.1004 5.11836 -0.00860086 0.0105674 -0.0247873
47.7408 5.26443 -0.0106072 0.0126221 -0.023585
48.1005 5.25844 -0.00837626 0.0102935 -0.0242858
48.4602 5.11232 -0.00558133 0.00729878 -0.0252413
48.82 5.10608 -0.00129976 0.00368363 -0.025523
48.4602 5.25225 -0.00531127 0.0072026 -0.0247351
48.82 5.24583 -0.00168979 0.00342088 -0.0247677
47.7409 5.40467 -0.0102145 0.0122668 -0.0231561
48.1006 5.39852 -0.00774831 0.0103863 -0.0236008
47.741 5.54491 -0.00973506 0.0118331 -0.0225978
48.1007 5.53859 -0.00767125 0.00988101 -0.0228879
48.4603 5.39216 -0.00483679 0.00741936 -0.0240928
48.82 5.38558 -0.00115933 0.00376408 -0.0240982
48.4604 5.53206 -0.00486336 0.00692019 -0.0233519
48.8201 5.52531 -0.00186797 0.00274359 -0.0234325
43.4263 5.74529 -0.0150025 0.0179016 -0.0143644
43.7858 5.74152 -0.0148673 0.0176907 -0.0157052
43.4264 5.887 -0.0148925 0.0178279 -0.0138603
43.786 5.88313 -0.0145654 0.0175727 -0.0152607
44.1454 5.73753 -0.0142165 0.0171767 -0.0171964
44.5049 5.7333 -0.013581 0.016529 -0.0187676
44.1455 5.87904 -0.014281 0.0167936 -0.0166689
44.5051 5.8747 -0.013383 0.0162347 -0.0181907
43.4266 6.02871 -0.0148046 0.0176482 -0.0132954
43.7862 6.02475 -0.014258 0.0175285 -0.0146777
43.4267 6.17042 -0.0146818 0.0174614 -0.0127208
43.7863 6.16636 -0.0141019 0.0172701 -0.0140434
44.1457 6.02054 -0.0139924 0.0165673 -0.0161364
44.5052 6.0161 -0.0131519 0.0159383 -0.0174927
44.1458 6.16205 -0.0137009 0.0163679 -0.0155205
44.5054 6.1575 -0.0129059 0.0156576 -0.0167017
44.8645 5.72885 -0.0130535 0.0159501 -0.0200404
45.224 5.72417 -0.0127004 0.0153551 -0.0209252
44.8646 5.87014 -0.012753 0.0156499 -0.0193703
45.2242 5.86534 -0.0124413 0.0149763 -0.0202669
45.5836 5.71927 -0.0122668 0.0149168 -0.0215122
45.9431 5.71414 -0.012038 0.014583 -0.0218981
45.5837 5.86031 -0.0118528 0.014533 -0.0209368
45.9432 5.85505 -0.0115715 0.0141301 -0.0213113
44.8648 6.01143 -0.0123551 0.0154146 -0.0186317
45.2243 6.00651 -0.0120185 0.0147219 -0.0195464
44.8649 6.15271 -0.012203 0.0149994 -0.0177939
45.2244 6.14768 -0.0117327 0.0143147 -0.0186604
45.5838 6.00136 -0.0114995 0.0140769 -0.0202333
45.9434 5.99597 -0.0111384 0.0136283 -0.0205952
45.584 6.1424 -0.0111316 0.0136691 -0.019326
45.9435 6.13688 -0.0106991 0.0131557 -0.019773
43.4269 6.31213 -0.0145979 0.0171357 -0.0120614
43.7864 6.30797 -0.0140409 0.016939 -0.0134027
43.427 6.45384 -0.0143916 0.0169543 -0.0114788
43.7866 6.44958 -0.0139068 0.0166741 -0.012735
44.146 6.30356 -0.0135277 0.0161184 -0.0147496
44.5055 6.2989 -0.0126771 0.0153683 -0.0158772
44.1461 6.44507 -0.0133775 0.0158488 -0.0138979
44.5056 6.4403 -0.0124363 0.0151155 -0.0150237
43.4272 6.59554 -0.0142478 0.0167138 -0.0108528
43.7867 6.59118 -0.0138259 0.0163213 -0.0120845
43.4273 6.73723 -0.0140467 0.0164838 -0.0101808
43.7869 6.73278 -0.0136188 0.0161294 -0.0113891
44.1463 6.58657 -0.0132533 0.0155373 -0.0131687
44.5058 6.58169 -0.0122337 0.0149114 -0.0140877
44.1464 6.72807 -0.0131962 0.0152103 -0.0123795
44.5059 6.72308 -0.0122101 0.0145597 -0.0132566
44.865 6.294 -0.0120243 0.0146657 -0.0168407
45.2246 6.28884 -0.0114117 0.0139703 -0.017703
44.8652 6.43528 -0.0118462 0.0143551 -0.0159022
45.2247 6.43001 -0.0111824 0.013632 -0.016692
45.5841 6.28344 -0.0107838 0.013284 -0.0184069
45.9436 6.27779 -0.0102976 0.0126967 -0.0188575
45.5842 6.42448 -0.0104714 0.012899 -0.0173701
45.9438 6.4187 -0.00992909 0.0122447 -0.0178773
44.8653 6.57656 -0.0116217 0.0141531 -0.0149352
45.2248 6.57117 -0.0110089 0.0132869 -0.0156192
44.8655 6.71784 -0.0114758 0.01388 -0.0138875
45.225 6.71233 -0.0107951 0.0130505 -0.0145705
45.5844 6.56552 -0.0101884 0.0125532 -0.016296
45.9439 6.55961 -0.00956058 0.0118657 -0.0168512
45.5845 6.70656 -0.00997455 0.0122109 -0.0152164
45.944 6.70052 -0.00926217 0.0114771 -0.0157588
46.3027 5.70878 -0.0118772 0.0142751 -0.022108
46.6623 5.70321 -0.0116025 0.0138833 -0.0222233
46.3028 5.84957 -0.0113495 0.013792 -0.0215298
46.6624 5.84385 -0.0110251 0.0133636 -0.0216352
47.0219 5.6974 -0.0111554 0.0133049 -0.0221397
47.3815 5.69138 -0.0104037 0.0124906 -0.021975
47.022 5.8379 -0.0106204 0.0127733 -0.0215303
47.3816 5.83173 -0.0099013 0.0119496 -0.0213023
46.3029 5.99035 -0.0108405 0.0132689 -0.0208151
46.6625 5.98449 -0.0104698 0.0128081 -0.0209129
46.3031 6.13113 -0.010358 0.0127315 -0.0199825
46.6626 6.12513 -0.00993036 0.0122806 -0.0200599
47.0221 5.9784 -0.0100712 0.0122359 -0.0207996
47.3817 5.97207 -0.00942247 0.0114474 -0.0205916
47.0222 6.1189 -0.00955029 0.0116925 -0.0199474
47.3818 6.11242 -0.00900701 0.0109032 -0.019769
47.7411 5.68512 -0.00921296 0.0113643 -0.0219642
48.1008 5.67865 -0.00735211 0.00956818 -0.0221049
47.7412 5.82532 -0.00869314 0.0108747 -0.0212466
48.1008 5.81869 -0.00705042 0.00923908 -0.0213294
48.4604 5.67195 -0.00448686 0.00698363 -0.0225173
48.8201 5.66503 -0.00125682 0.00318104 -0.022754
48.4605 5.81183 -0.00436978 0.00681961 -0.021618
48.8201 5.80475 -0.000959651 0.00338468 -0.0219727
47.7413 5.96551 -0.00824497 0.0103878 -0.0204536
48.1009 5.95872 -0.00668152 0.00890836 -0.0204911
47.7414 6.1057 -0.00790794 0.00989328 -0.019585
48.101 6.09875 -0.00632663 0.00855345 -0.0195944
48.4605 5.9517 -0.0042524 0.00668349 -0.0205758
48.8202 5.94444 -0.000748268 0.00346027 -0.0208732
48.4606 6.09155 -0.00410892 0.00651922 -0.0195873
48.8202 6.08412 -0.000849626 0.00333884 -0.0198008
46.3032 6.2719 -0.00988497 0.0122327 -0.0190764
46.6628 6.26577 -0.00943691 0.0117678 -0.0191163
46.3033 6.41268 -0.00946139 0.0117511 -0.0180904
46.6629 6.4064 -0.00902071 0.0112421 -0.0180846
47.0223 6.25939 -0.0090099 0.0112009 -0.018984
47.3819 6.25276 -0.00849382 0.0104648 -0.0187866
47.0224 6.39987 -0.00855457 0.0106815 -0.0179486
47.382 6.39309 -0.00797553 0.0100276 -0.0177641
46.3034 6.55345 -0.00909504 0.0112784 -0.0170246
46.663 6.54703 -0.00862403 0.0107618 -0.017007
46.3036 6.69422 -0.00872402 0.0108683 -0.0159482
46.6631 6.68766 -0.00824666 0.0102886 -0.0159092
47.0225 6.54035 -0.00813091 0.0101638 -0.0168731
47.3821 6.53342 -0.00752777 0.00951958 -0.0167208
47.0226 6.68083 -0.0077047 0.0096756 -0.0158056
47.3822 6.67375 -0.00713537 0.00896491 -0.0156636
47.7414 6.24589 -0.00755856 0.00947918 -0.0186648
48.101 6.23876 -0.00603117 0.00816993 -0.0186558
47.7415 6.38606 -0.00717353 0.00908982 -0.0176593
48.1011 6.37877 -0.00578669 0.007778 -0.0176698
48.4606 6.2314 -0.00393953 0.00626228 -0.0186133
48.8202 6.22379 -0.000708719 0.00338966 -0.0186685
48.4607 6.37124 -0.00374126 0.00590618 -0.0176603
48.8202 6.36345 -0.000668805 0.00319502 -0.0175795
47.7416 6.52623 -0.00675277 0.00867074 -0.0166129
48.1012 6.51878 -0.00549344 0.00741332 -0.0166297
47.7417 6.6664 -0.00639494 0.00815797 -0.0155604
48.1012 6.65879 -0.00519073 0.00702354 -0.0155714
48.4607 6.51108 -0.00346501 0.00556044 -0.0166869
48.8202 6.50312 -0.000563728 0.00297643 -0.0165473
48.4607 6.65091 -0.00321752 0.0052864 -0.0156762
48.8202 6.64278 -0.000472909 0.00279771 -0.0155291
