26.1797 0.0698994 -0.000243323 0.000460721 -0.00579489
26.539 0.0699828 -0.000659487 0.00144158 -0.00583224
26.1796 0.209695 -0.000270924 0.000460207 -0.00566549
26.539 0.20995 -0.00072119 0.00137384 -0.00569647
26.8983 0.0700638 -0.00101665 0.00226625 -0.00572989
27.2575 0.0701433 -0.00145111 0.00291368 -0.0054223
26.8983 0.210195 -0.00101897 0.00212219 -0.00568921
27.2575 0.210432 -0.00126645 0.00278944 -0.00552325
26.1796 0.349484 -0.00012168 0.000435955 -0.00574717
26.5389 0.349913 -0.000620045 0.00127897 -0.00566906
26.1796 0.489274 -0.000170381 0.00039823 -0.00554484
26.5389 0.489876 -0.000504225 0.00122086 -0.00560883
26.8982 0.350327 -0.00100019 0.00202702 -0.00561961
27.2575 0.350728 -0.0013441 0.00265637 -0.00532297
26.8982 0.490459 -0.000880311 0.00190282 -0.00552987
27.2575 0.491023 -0.00120131 0.00249607 -0.00526781
27.6168 0.0702209 -0.00186204 0.00347339 -0.00504999
27.976 0.0702939 -0.00209232 0.0041797 -0.00465134
27.6168 0.210664 -0.00168832 0.00339721 -0.00514745
27.976 0.21089 -0.0021501 0.00408719 -0.0046163
28.3352 0.0703656 -0.0024518 0.00474809 -0.00410663
28.6944 0.0704336 -0.00274885 0.00529437 -0.00369491
28.3352 0.211106 -0.00244028 0.00460204 -0.00405793
28.6944 0.211313 -0.00281288 0.00518265 -0.00367844
27.6168 0.351115 -0.00165045 0.00324093 -0.00506237
27.976 0.351492 -0.00207121 0.0039711 -0.00455365
27.6168 0.491568 -0.00155804 0.00310065 -0.00493809
27.976 0.492095 -0.00190353 0.0038067 -0.00458185
28.3352 0.351853 -0.00243043 0.00452293 -0.00405037
28.6944 0.3522 -0.00274198 0.00506738 -0.00363642
28.3352 0.492602 -0.00232068 0.00438733 -0.00393231
28.6944 0.493088 -0.00266267 0.00497817 -0.00363749
26.1796 0.629061 -0.000117526 0.000389858 -0.00543556
26.5389 0.62984 -0.000512146 0.0010807 -0.00539764
26.1796 0.768849 -4.83709e-05 0.000339981 -0.0051687
26.5389 0.769803 -0.000390185 0.000981759 -0.00517762
26.8982 0.630592 -0.000817443 0.00176034 -0.00536419
27.2575 0.63132 -0.00112147 0.00233169 -0.00511843
26.8982 0.770726 -0.000730626 0.0016115 -0.00513206
27.2575 0.771617 -0.00102034 0.00214661 -0.00490965
26.1796 0.908644 -6.53119e-05 0.000287849 -0.00488286
26.5389 0.909771 -0.000347088 0.000856371 -0.00492421
26.1796 1.04844 -4.77875e-05 0.000296922 -0.00475963
26.5389 1.04974 -0.000284651 0.000750774 -0.00469351
26.8982 0.910862 -0.000642959 0.00144027 -0.00486316
27.2575 0.911916 -0.000904999 0.00192023 -0.00468769
26.8982 1.051 -0.000544051 0.00126877 -0.00458784
27.2574 1.05222 -0.000770483 0.00168071 -0.00448208
27.6167 0.632022 -0.00144367 0.00290518 -0.00479534
27.976 0.632698 -0.00177014 0.00358191 -0.00437355
27.6167 0.772477 -0.00132616 0.00266693 -0.00460546
27.976 0.773306 -0.00167912 0.00336397 -0.00432795
28.3352 0.63335 -0.00222722 0.0042366 -0.00392872
28.6944 0.633978 -0.00259338 0.00485106 -0.00360671
28.3352 0.774104 -0.00204511 0.00403112 -0.00393227
28.6944 0.774872 -0.00248872 0.00466942 -0.00363134
27.6167 0.912936 -0.00120406 0.0023919 -0.00440505
27.9759 0.913917 -0.0015969 0.00300054 -0.00406169
27.6167 1.05339 -0.000929893 0.00211063 -0.00426635
27.9759 1.05452 -0.00129315 0.00267597 -0.0038863
28.3352 0.914861 -0.00187916 0.00374266 -0.00385719
28.6943 0.915771 -0.00238423 0.00445243 -0.0036054
28.3351 1.05562 -0.00165156 0.00332918 -0.00379551
28.6943 1.05667 -0.00208133 0.00411886 -0.00384577
29.0536 0.0705018 -0.00292022 0.00575598 -0.00356026
29.4127 0.070573 -0.00358459 0.00576755 -0.00336384
29.0536 0.211515 -0.00287009 0.00564003 -0.00348199
29.4127 0.211714 -0.00332831 0.00577788 -0.00366524
29.772 0.070639 -0.00333146 0.00591866 -0.00399166
30.1311 0.070696 -0.00341224 0.00573335 -0.00377055
29.772 0.211912 -0.00301677 0.00564494 -0.00377936
30.1311 0.212093 -0.00364221 0.00520833 -0.00366857
29.0536 0.352535 -0.00285153 0.00541813 -0.00351446
29.4128 0.352863 -0.00327477 0.00573277 -0.00359142
29.0536 0.493559 -0.00293988 0.00534988 -0.0035162
29.4128 0.494012 -0.00309536 0.00555978 -0.00377041
29.772 0.353186 -0.00269349 0.00555512 -0.00362083
30.1311 0.353485 -0.00372365 0.00475251 -0.00390604
29.772 0.494439 -0.00215468 0.00589072 -0.00364005
30.1311 0.494858 -0.00320869 0.00522659 -0.00467125
30.4902 0.0707508 -0.0033206 0.0057647 -0.00427618
30.8494 0.0708051 -0.0034179 0.00572739 -0.00458582
30.4902 0.212257 -0.00320468 0.00547131 -0.00448243
30.8494 0.212416 -0.00322173 0.00540173 -0.00456077
31.2086 0.0708549 -0.00358803 0.00598045 -0.00505704
31.5677 0.070902 -0.00385305 0.00628268 -0.0055408
31.2086 0.212566 -0.00337882 0.00559889 -0.00503224
31.5677 0.212707 -0.00358488 0.00589237 -0.00554523
30.4903 0.353762 -0.00309285 0.00528076 -0.00440325
30.8494 0.354026 -0.00310279 0.00510152 -0.00469397
30.4902 0.495259 -0.00303015 0.00508275 -0.00448204
30.8494 0.49563 -0.00286254 0.00489549 -0.00487068
31.2086 0.354276 -0.00317872 0.00519863 -0.00503588
31.5678 0.354514 -0.00336079 0.00546431 -0.00554228
31.2086 0.495983 -0.00293853 0.00490627 -0.00522335
31.5678 0.496318 -0.0031017 0.00510033 -0.00567522
29.0536 0.634582 -0.00287203 0.00530822 -0.00364364
29.4128 0.635165 -0.00304648 0.00543354 -0.0040286
29.0536 0.775609 -0.00281154 0.00524979 -0.00378696
29.4128 0.776317 -0.00307199 0.00543169 -0.00401226
29.772 0.635708 -0.00255785 0.00586868 -0.00425668
30.1311 0.636232 -0.00270624 0.0056527 -0.00481164
29.7719 0.776984 -0.00321098 0.00545648 -0.00480653
30.1311 0.777614 -0.0025949 0.00551417 -0.00459367
29.0535 0.91664 -0.00272907 0.0050582 -0.00404541
29.4127 0.917467 -0.0028823 0.00563599 -0.0044398
29.0535 1.05767 -0.00271321 0.0048802 -0.00414099
29.4127 1.05863 -0.00287628 0.00553067 -0.00489705
29.7719 0.918264 -0.00338709 0.00537668 -0.00510338
30.1311 0.919018 -0.00311098 0.00524132 -0.00521331
29.7719 1.05955 -0.00297872 0.00556162 -0.0052322
30.1311 1.06043 -0.00307471 0.00532842 -0.00597795
30.4903 0.636744 -0.00293414 0.0049815 -0.00484906
30.8494 0.63723 -0.002832 0.00477427 -0.00509981
30.4903 0.77823 -0.00261745 0.00513704 -0.00526849
30.8494 0.778829 -0.00267918 0.00469724 -0.00550396
31.2086 0.637689 -0.00276286 0.00463371 -0.005453
31.5678 0.638122 -0.00291511 0.0047724 -0.00592004
31.2086 0.779394 -0.00257283 0.00457375 -0.00579385
31.5678 0.779928 -0.00273471 0.00462778 -0.00615321
30.4903 0.919745 -0.00261833 0.00508517 -0.0055148
30.8495 0.920447 -0.00264716 0.0046343 -0.00599948
30.4903 1.06127 -0.00250481 0.00522342 -0.00610266
30.8495 1.06208 -0.00237189 0.00478523 -0.00644515
31.2086 0.921111 -0.00249626 0.00444782 -0.0062759
31.5678 0.921738 -0.00256491 0.00445395 -0.0065208
31.2087 1.06284 -0.0023768 0.00444928 -0.0065835
31.5678 1.06355 -0.00243147 0.00449898 -0.00695062
26.1796 1.18824 -8.76467e-06 0.000239915 -0.00449758
26.5389 1.18971 -0.000204323 0.000674817 -0.00444873
26.1796 1.32803 -3.49504e-06 0.00023742 -0.00433764
26.5389 1.32968 -0.000212234 0.000570478 -0.00431437
26.8982 1.19114 -0.000434353 0.00109889 -0.00435779
27.2574 1.19252 -0.000640498 0.00142335 -0.00422454
26.8982 1.33127 -0.000405279 0.000932581 -0.00416836
27.2574 1.33281 -0.000487882 0.00117601 -0.00409216
26.1796 1.46782 1.04387e-06 0.000222612 -0.00426462
26.5389 1.46964 -0.000143383 0.000614794 -0.00417928
26.1796 1.60761 5.01129e-06 0.00020162 -0.00428395
26.5389 1.60961 -0.000143323 0.00049786 -0.00430434
26.8982 1.47141 -0.000269076 0.000860351 -0.00418116
27.2574 1.47311 -0.000361605 0.000969895 -0.00403287
26.8982 1.61154 -0.000169998 0.000735565 -0.00425414
27.2574 1.61341 -0.000272181 0.000800432 -0.00432148
27.6167 1.19385 -0.000780039 0.00172586 -0.00409978
27.9759 1.19513 -0.00102569 0.00216584 -0.00386735
27.6167 1.3343 -0.000601083 0.00136867 -0.0039419
27.9759 1.33574 -0.000755324 0.001624 -0.00387425
28.3351 1.19637 -0.0014101 0.00279057 -0.00367297
28.6943 1.19756 -0.00185147 0.00368609 -0.00405666
28.3351 1.33713 -0.00104407 0.00213128 -0.00391667
28.6943 1.33846 -0.00150314 0.00306368 -0.00432329
27.6167 1.47476 -0.000413232 0.00107717 -0.00408987
27.9759 1.47635 -0.000496766 0.00110737 -0.00405507
27.6167 1.61522 -0.000319429 0.000801642 -0.00430032
27.9759 1.61696 -0.000228924 0.000680839 -0.00441096
28.3351 1.47788 -0.000681622 0.00142987 -0.00418947
28.6943 1.47936 -0.00118595 0.00239672 -0.00465443
28.3351 1.61864 -0.000355165 0.000778618 -0.0045765
28.6943 1.62026 -0.000830832 0.00172329 -0.00512786
26.1796 1.7474 0.000142867 0.000246171 -0.00459726
26.5389 1.74958 -1.79425e-05 0.000540646 -0.00461506
26.1796 1.8872 8.00796e-05 0.000223316 -0.0048874
26.5389 1.88954 -5.70352e-05 0.000473579 -0.00492912
26.8982 1.75168 -0.000206128 0.000662161 -0.00458875
27.2574 1.75371 -0.000220314 0.000692059 -0.00466856
26.8982 1.89182 -0.000151824 0.000622476 -0.00496449
27.2574 1.89401 -0.000140511 0.000610809 -0.00504871
26.1796 2.02699 8.17801e-05 0.000209244 -0.00522143
26.5389 2.02951 -7.69734e-05 0.000448805 -0.00525015
26.1796 2.16678 6.65816e-05 0.000232541 -0.00559228
26.5389 2.16948 -3.30675e-05 0.000439365 -0.00565211
26.8982 2.03195 -0.000119263 0.000562368 -0.00535318
27.2574 2.03431 -5.70192e-05 0.000536802 -0.0054527
26.8981 2.17209 -1.74088e-05 0.000520543 -0.0057366
27.2574 2.17461 1.53231e-05 0.000451485 -0.00584194
27.6167 1.75568 -0.000155809 0.000606255 -0.00473438
27.9759 1.75757 -3.19565e-05 0.00033105 -0.00488821
27.6166 1.89614 -4.3712e-05 0.000441073 -0.00521066
27.9759 1.89819 0.000135484 6.37246e-05 -0.00543175
28.3351 1.7594 4.95869e-06 0.000281884 -0.00513326
28.6943 1.76116 -0.000448602 0.00116497 -0.00566358
28.3351 1.90016 0.000244036 -0.000104368 -0.00563963
28.6943 1.90206 -0.000135424 0.000651054 -0.00617715
27.6166 2.03659 6.4629e-05 0.000306196 -0.00565601
27.9759 2.03879 0.000290901 -0.000124463 -0.00588403
27.6166 2.17705 0.000161831 0.000171944 -0.0060675
27.9759 2.1794 0.000454577 -0.00028985 -0.00629583
28.3351 2.04091 0.00045911 -0.000396967 -0.00614505
28.6943 2.04295 0.000119479 0.000280289 -0.00666596
28.3351 2.18167 0.000638414 -0.000589101 -0.00658531
28.6943 2.18385 0.000308237 4.20868e-06 -0.00708377
29.0535 1.19871 -0.00245392 0.00463205 -0.00457716
29.4127 1.1998 -0.00287486 0.00542756 -0.00531893
29.0535 1.33974 -0.00222167 0.00431741 -0.00500339
29.4127 1.34097 -0.00283925 0.00521016 -0.00576175
29.7719 1.20086 -0.0029495 0.00567917 -0.00584103
30.1311 1.20187 -0.00317745 0.00521094 -0.00651898
29.7719 1.34216 -0.00295284 0.005582 -0.00627352
30.1311 1.34329 -0.00293536 0.00524238 -0.00654046
29.0535 1.48077 -0.00195311 0.00383611 -0.00547148
29.4127 1.48214 -0.00257444 0.00504245 -0.00621306
29.0535 1.62181 -0.00166803 0.00332712 -0.00597153
29.4127 1.62329 -0.00242886 0.00468669 -0.00663241
29.7719 1.48344 -0.00288132 0.00546776 -0.006658
30.1311 1.48469 -0.00286094 0.00524602 -0.00681151
29.7719 1.62472 -0.00276285 0.0053027 -0.00708534
30.1311 1.62608 -0.00262459 0.00540645 -0.00732029
30.4903 1.20282 -0.00287122 0.00489698 -0.00640447
30.8495 1.20372 -0.00257836 0.00479196 -0.00682599
30.4903 1.34436 -0.00295061 0.00484719 -0.00690746
30.8495 1.34536 -0.00251468 0.00478511 -0.00695615
31.2087 1.20457 -0.0025533 0.00439542 -0.00707153
31.5678 1.20538 -0.00251497 0.00451701 -0.00729563
31.2087 1.34631 -0.00259679 0.00437895 -0.00734673
31.5678 1.34721 -0.00269672 0.00450472 -0.00763183
30.4902 1.48587 -0.00308732 0.00486115 -0.0072995
30.8495 1.48697 -0.0024445 0.00498203 -0.00742122
30.4902 1.62737 -0.00306848 0.00492342 -0.00793196
30.8494 1.62858 -0.002762 0.00478585 -0.00761134
31.2086 1.48803 -0.00236943 0.00473177 -0.00771194
31.5678 1.48903 -0.00274691 0.004676 -0.0080343
31.2086 1.62974 -0.00233782 0.0048596 -0.00784462
31.5678 1.63084 -0.00268137 0.00493464 -0.00823497
29.0535 1.76284 -0.0013544 0.00277749 -0.00641343
29.4127 1.76445 -0.00218384 0.00426396 -0.00705796
29.0535 1.90388 -0.00101885 0.00228137 -0.00689455
29.4127 1.90562 -0.0018655 0.00381862 -0.00749397
29.7719 1.766 -0.00265347 0.005047 -0.00739875
30.1311 1.76747 -0.00257986 0.0052514 -0.00763509
29.7719 1.90729 -0.00247662 0.00474222 -0.00771716
30.1311 1.90889 -0.00254141 0.00505452 -0.00791343
29.0535 2.04491 -0.000713406 0.00182807 -0.00733078
29.4127 2.04679 -0.00155792 0.00333949 -0.00785676
29.0535 2.18594 -0.000454994 0.00142911 -0.00768249
29.4127 2.18795 -0.00126279 0.00286329 -0.00815489
29.7719 2.04858 -0.00221271 0.0044131 -0.00806142
30.1311 2.0503 -0.0023846 0.00480963 -0.00816881
29.7719 2.18987 -0.00177687 0.0040271 -0.00840326
30.1311 2.19171 -0.00204763 0.00460573 -0.00835971
30.4902 1.76889 -0.00308451 0.00457798 -0.00761315
30.8493 1.77021 -0.00329368 0.00434704 -0.00777394
30.4902 1.9104 -0.00234682 0.00505353 -0.00784354
30.8493 1.91184 -0.0029437 0.0050887 -0.0088112
31.2086 1.77147 -0.00253496 0.00508779 -0.00822234
31.5679 1.77266 -0.00265268 0.00527751 -0.00841336
31.2086 1.9132 -0.00272179 0.00522247 -0.00835987
31.5679 1.91449 -0.00280417 0.00552595 -0.00855297
30.4902 2.05193 -0.00247367 0.00499786 -0.00828934
30.8494 2.05349 -0.00325905 0.00484468 -0.00842196
30.4902 2.19346 -0.00237856 0.00490233 -0.00844573
30.8494 2.19512 -0.00281693 0.00508696 -0.00832873
31.2086 2.05495 -0.00327938 0.00502614 -0.00833267
31.5679 2.05632 -0.00292927 0.00582233 -0.00882621
31.2086 2.19669 -0.00329304 0.0054029 -0.00869193
31.5678 2.19817 -0.00321421 0.00594537 -0.0089511
31.9269 0.0709482 -0.00416178 0.00665804 -0.00605648
32.2859 0.0709932 -0.00450937 0.0070873 -0.00654503
31.9269 0.212845 -0.00391133 0.0063436 -0.00605862
32.2859 0.212978 -0.00429891 0.00678 -0.00660609
32.645 0.0710344 -0.0046936 0.00729781 -0.00704103
33.004 0.071072 -0.00476221 0.00735025 -0.00759543
32.645 0.213102 -0.00453286 0.00700559 -0.00714228
33.0041 0.213216 -0.00462323 0.00709018 -0.00772162
31.9269 0.354742 -0.00368564 0.00595051 -0.00610265
32.286 0.354962 -0.00405054 0.00649282 -0.00670025
31.9269 0.496639 -0.00342816 0.00561681 -0.00630224
32.286 0.496946 -0.00384543 0.00620203 -0.00678748
32.6451 0.355167 -0.00425373 0.00676991 -0.00728253
33.0042 0.355359 -0.00438001 0.00687464 -0.00783456
32.6451 0.497234 -0.00409992 0.00647294 -0.00740906
33.0042 0.497503 -0.00417878 0.00665324 -0.00789149
33.3631 0.0711073 -0.00484908 0.00737294 -0.00809121
33.7221 0.0711399 -0.00491505 0.00736097 -0.00857869
33.3631 0.213322 -0.00469434 0.00717647 -0.00821869
33.7222 0.21342 -0.00479625 0.00714499 -0.0087083
34.0811 0.071169 -0.00496144 0.0074276 -0.00899454
34.4401 0.0711946 -0.00506111 0.00768788 -0.00916583
34.0812 0.213508 -0.00486438 0.00727754 -0.00907574
34.4401 0.213587 -0.00501912 0.00761032 -0.00916318
33.3632 0.355536 -0.00449498 0.00693198 -0.00836316
33.7222 0.355698 -0.00460532 0.00698797 -0.00887068
33.3633 0.497751 -0.00427911 0.00673726 -0.00845467
33.7223 0.497979 -0.00442019 0.00682625 -0.00889108
34.0812 0.355847 -0.00473059 0.00718336 -0.00910466
34.4402 0.355983 -0.0050209 0.00753937 -0.00917786
34.0813 0.498189 -0.00461637 0.00711456 -0.00914831
34.4402 0.49838 -0.00497166 0.00750389 -0.00917563
31.9269 0.638533 -0.00323363 0.00531193 -0.00646088
32.286 0.638923 -0.00361795 0.00590613 -0.00704282
31.9269 0.780427 -0.00305237 0.00512788 -0.00654353
32.2861 0.780893 -0.00343562 0.00572288 -0.00724425
32.6452 0.639287 -0.00391555 0.00627767 -0.00757493
33.0043 0.639628 -0.00401011 0.00642233 -0.00808301
32.6452 0.78133 -0.0037542 0.00607174 -0.00777528
33.0044 0.781736 -0.00389456 0.00622626 -0.00820133
31.927 0.922324 -0.00294719 0.00491013 -0.00696985
32.2861 0.922868 -0.00335244 0.0055746 -0.00749401
31.927 1.06422 -0.002837 0.0048959 -0.00732509
32.2862 1.06484 -0.00330123 0.00547663 -0.00778177
32.6453 0.923375 -0.00364114 0.00594316 -0.00799278
33.0044 0.923846 -0.00377167 0.0060597 -0.00837296
32.6453 1.06542 -0.00354771 0.00580655 -0.00820403
33.0045 1.06596 -0.00367171 0.00595842 -0.0085419
33.3634 0.639945 -0.00410334 0.00653895 -0.00856141
33.7223 0.64024 -0.00428761 0.00667036 -0.00896278
33.3634 0.782119 -0.00402079 0.00630693 -0.00859867
33.7225 0.78248 -0.00417927 0.00649745 -0.00897687
34.0813 0.640512 -0.0045604 0.00700594 -0.0091282
34.4403 0.640761 -0.00493912 0.00742466 -0.00918187
34.0814 0.782811 -0.00447037 0.00693854 -0.00906744
34.4403 0.783117 -0.00500408 0.00732014 -0.00922397
33.3635 0.924288 -0.00388481 0.0061751 -0.00870874
33.7226 0.924703 -0.00405283 0.00637601 -0.00895334
33.3636 1.06645 -0.00381675 0.00605792 -0.00878251
33.7227 1.06691 -0.00398332 0.00623491 -0.00893459
34.0815 0.925084 -0.00437423 0.00690009 -0.00904841
34.4404 0.92544 -0.00475776 0.00729689 -0.00938761
34.0817 1.06733 -0.0043761 0.00675957 -0.00901822
34.4405 1.06771 -0.00432094 0.00729171 -0.00914076
34.7991 0.0712158 -0.00553546 0.00779534 -0.00910919
35.158 0.0712302 -0.00570298 0.00809115 -0.00903472
34.7991 0.213645 -0.00530353 0.0080029 -0.00909384
35.158 0.213679 -0.00540757 0.00823273 -0.00896767
35.5169 0.0712339 -0.00587044 0.00797872 -0.00875928
35.8758 0.0712316 -0.00589338 0.00820961 -0.0088985
35.5169 0.2137 -0.00561268 0.00814172 -0.00878585
35.8757 0.213712 -0.00578289 0.00828791 -0.0088928
34.7991 0.356081 -0.00517162 0.00808106 -0.00906518
35.158 0.356141 -0.00548914 0.00812171 -0.00898395
34.7992 0.498519 -0.00505507 0.00802352 -0.00906779
35.158 0.498609 -0.00531683 0.00814939 -0.0090084
35.5168 0.356186 -0.00593309 0.00809136 -0.00882534
35.8757 0.356218 -0.00602431 0.00818163 -0.00883499
35.5168 0.498684 -0.00623967 0.00801048 -0.00858121
35.8757 0.498734 -0.00628713 0.00786972 -0.00883563
36.2347 0.0712327 -0.00579891 0.00910609 -0.00894687
36.5936 0.0712354 -0.0068889 0.00946334 -0.00914784
36.2347 0.21372 -0.00574678 0.00908831 -0.00905185
36.5936 0.213722 -0.00699065 0.0093171 -0.00897412
36.9524 0.0712308 -0.00753995 0.0106548 -0.00969421
37.3112 0.0712159 -0.00808612 0.0119197 -0.00983498
36.9524 0.213708 -0.00754213 0.010376 -0.00942378
37.3112 0.21368 -0.00844748 0.0116579 -0.00969052
36.2347 0.356236 -0.00586543 0.00898465 -0.00876276
36.5936 0.356235 -0.00693397 0.0092734 -0.00895194
36.2347 0.498763 -0.00576001 0.00889201 -0.00870968
36.5936 0.498772 -0.00693558 0.00926023 -0.00917974
36.9525 0.35622 -0.00749911 0.0103326 -0.00922993
37.3113 0.356188 -0.00867452 0.0112856 -0.00954221
36.9525 0.498758 -0.00732768 0.0102624 -0.00922513
37.3115 0.498723 -0.00819997 0.0114072 -0.00975865
34.7991 0.640945 -0.00523242 0.00786583 -0.00904569
35.158 0.641063 -0.00529279 0.00804638 -0.00912161
34.7991 0.783345 -0.00545852 0.00756823 -0.00898536
35.1579 0.783496 -0.00524797 0.00797301 -0.00914958
35.5168 0.641155 -0.00567398 0.00822906 -0.00912179
35.8757 0.641226 -0.0058777 0.00821687 -0.00917426
35.5167 0.78362 -0.00591955 0.00797023 -0.00945589
35.8757 0.783713 -0.00579967 0.00813558 -0.00933664
34.7991 0.925714 -0.00580949 0.00719491 -0.00893832
35.1579 0.925912 -0.00528758 0.00788927 -0.00926301
34.7991 1.06803 -0.00570127 0.0068947 -0.00900272
35.1578 1.06829 -0.00529961 0.00784934 -0.00945167
35.5167 0.926077 -0.00600142 0.00785642 -0.00946729
35.8756 0.926201 -0.0057853 0.00812896 -0.00956456
35.5166 1.06851 -0.00618047 0.00751131 -0.00971568
35.8756 1.06869 -0.00561183 0.00804318 -0.010013
36.2347 0.64128 -0.00577878 0.00882571 -0.00899914
36.5937 0.64131 -0.00691257 0.00915367 -0.00920147
36.2347 0.783788 -0.00548343 0.00896489 -0.00938982
36.5937 0.783845 -0.00669514 0.00941914 -0.00968429
36.9526 0.641313 -0.0076788 0.0099379 -0.00930864
37.3116 0.641293 -0.00840775 0.0110292 -0.00985614
36.9527 0.783871 -0.0077101 0.00994083 -0.00971362
37.3117 0.783869 -0.00831963 0.0109352 -0.0100811
36.2347 0.926307 -0.00553851 0.00896066 -0.0097396
36.5938 0.926394 -0.00666412 0.00944812 -0.0100572
36.2348 1.06883 -0.00565053 0.00878151 -0.0100051
36.5939 1.06894 -0.00654042 0.00956228 -0.0104411
36.9528 0.926438 -0.00787685 0.00988003 -0.0101245
37.3119 0.926437 -0.00802416 0.0110016 -0.0105234
36.9529 1.069 -0.0079452 0.00968924 -0.0102735
37.312 1.06902 -0.00824002 0.0109593 -0.0108694
31.927 1.20613 -0.00285514 0.00493339 -0.00767452
32.2862 1.20683 -0.00327438 0.00547327 -0.00805915
31.927 1.34804 -0.00288262 0.00505362 -0.0080067
32.2862 1.34882 -0.00325039 0.00555038 -0.00839246
32.6453 1.20748 -0.00349887 0.00577053 -0.00844046
33.0045 1.20808 -0.00360468 0.00590867 -0.00872592
32.6453 1.34955 -0.00345577 0.00581591 -0.00867815
33.0045 1.35022 -0.00356736 0.00592897 -0.00889726
31.927 1.48995 -0.00299472 0.00522123 -0.00829347
32.2862 1.49081 -0.00330059 0.005707 -0.00865676
31.927 1.63186 -0.0031497 0.00538294 -0.00854881
32.2861 1.63281 -0.00342324 0.00586242 -0.00892813
32.6453 1.49162 -0.00349719 0.00590771 -0.00894543
33.0045 1.49236 -0.00359059 0.00596001 -0.00907123
32.6453 1.63369 -0.00356277 0.00604464 -0.00913662
33.0044 1.6345 -0.0036296 0.00605158 -0.00926549
33.3636 1.20863 -0.00371426 0.00601146 -0.0088902
33.7227 1.20913 -0.00383941 0.00619457 -0.00899197
33.3636 1.35083 -0.00367575 0.00597731 -0.00901626
33.7226 1.35138 -0.00383608 0.00613154 -0.00903638
34.0817 1.20958 -0.00409713 0.00677817 -0.00912164
34.4405 1.20998 -0.00339692 0.00762482 -0.00909122
34.0816 1.35187 -0.00407949 0.00659671 -0.00917353
34.4405 1.35231 -0.0037184 0.00736925 -0.00898421
33.3636 1.49304 -0.00365969 0.00598127 -0.00915755
33.7226 1.49365 -0.00378323 0.00609888 -0.00916629
33.3635 1.63525 -0.00364448 0.00604147 -0.00931046
33.7225 1.63593 -0.00374905 0.00611362 -0.00939145
34.0815 1.4942 -0.00401167 0.0064421 -0.00927021
34.4404 1.49468 -0.00394015 0.00712098 -0.00912848
34.0815 1.63654 -0.0039502 0.00634128 -0.00943603
34.4404 1.6371 -0.00431642 0.00668111 -0.00953718
31.927 1.77378 -0.00319159 0.00567182 -0.00879381
32.2861 1.77481 -0.00352699 0.00605895 -0.0090868
31.927 1.9157 -0.003286 0.00590482 -0.00901925
32.2861 1.91683 -0.00362644 0.00628296 -0.00935851
32.6453 1.77578 -0.00365054 0.00623193 -0.00936927
33.0044 1.77667 -0.00367727 0.00616949 -0.00945898
32.6453 1.91788 -0.00375841 0.00640549 -0.00958814
33.0044 1.91886 -0.00372387 0.00630537 -0.00969593
31.927 2.05763 -0.00320634 0.00623456 -0.00922697
32.2862 2.05885 -0.00368343 0.00650286 -0.00955024
31.927 2.19956 -0.00339268 0.00638464 -0.00926135
32.2862 2.20088 -0.00372887 0.00670799 -0.00977502
32.6453 2.05999 -0.00379937 0.0066259 -0.00980806
33.0044 2.06105 -0.00375542 0.00646009 -0.00998838
32.6453 2.2021 -0.0038929 0.00677804 -0.01
33.0043 2.20324 -0.00379572 0.00659801 -0.0102513
33.3635 1.77749 -0.00369486 0.00605897 -0.0095585
33.7225 1.77824 -0.00374863 0.00611556 -0.00964399
33.3635 1.91976 -0.00368528 0.00615107 -0.00983253
33.7225 1.92058 -0.00370088 0.0061146 -0.0099642
34.0815 1.77892 -0.00389412 0.00627522 -0.00974017
34.4405 1.77953 -0.00405018 0.00669232 -0.0098209
34.0815 1.92132 -0.0038431 0.00623674 -0.0100606
34.4405 1.92199 -0.00401143 0.00654061 -0.0102136
33.3634 2.06202 -0.00364309 0.00624117 -0.0101704
33.7225 2.06291 -0.00365654 0.00616118 -0.010289
33.3634 2.20429 -0.00369093 0.00630991 -0.010383
33.7224 2.20525 -0.00365362 0.00619536 -0.0105557
34.0815 2.06372 -0.00372664 0.0062375 -0.0103973
34.4405 2.06445 -0.00400549 0.00647152 -0.0105677
34.0815 2.20612 -0.00363658 0.00630075 -0.0107148
34.4405 2.20691 -0.00387595 0.00647401 -0.0108905
34.7991 1.21034 -0.0047486 0.0074165 -0.00947645
35.1579 1.21067 -0.00463392 0.0081407 -0.0096102
34.7992 1.35271 -0.00445937 0.0075042 -0.00968854
35.158 1.3531 -0.00435446 0.00824449 -0.00972426
35.5166 1.21096 -0.00589841 0.00762796 -0.00980308
35.8757 1.2112 -0.00562764 0.00782499 -0.0102367
35.5168 1.35344 -0.00540258 0.00792625 -0.00962178
35.8758 1.35373 -0.00543815 0.00808427 -0.0103619
34.7993 1.49515 -0.00439646 0.00737469 -0.00982819
35.1581 1.49558 -0.00474167 0.00756828 -0.00988185
34.7993 1.63761 -0.00460717 0.0069886 -0.00991443
35.1583 1.63808 -0.00480068 0.0072428 -0.0101391
35.517 1.49596 -0.00537647 0.00765609 -0.0102357
35.876 1.49627 -0.0054036 0.00813702 -0.0106043
35.5171 1.63848 -0.0055061 0.00740045 -0.0105673
35.8761 1.63881 -0.00545611 0.00810484 -0.0110589
36.2348 1.21138 -0.00608439 0.00859993 -0.0102138
36.594 1.2115 -0.00605825 0.00981513 -0.0107723
36.2349 1.35395 -0.00580051 0.00857398 -0.0105438
36.5941 1.3541 -0.00630421 0.00963978 -0.0108655
36.953 1.21158 -0.00739574 0.0101715 -0.0109606
37.3121 1.21162 -0.00835923 0.0108907 -0.0108564
36.9531 1.35419 -0.00747014 0.0101325 -0.0110897
37.3123 1.35424 -0.00829661 0.0110342 -0.0111701
36.2351 1.49652 -0.00586639 0.00875977 -0.0111938
36.5942 1.49669 -0.00622852 0.0096955 -0.0111052
36.2352 1.63908 -0.00590781 0.00886529 -0.0110633
36.5943 1.63929 -0.00623715 0.0099038 -0.0114636
36.9533 1.49681 -0.00750395 0.0102796 -0.0115944
37.3124 1.49687 -0.00841244 0.0110537 -0.0113041
36.9534 1.63943 -0.00765083 0.0101868 -0.0117763
37.3126 1.6395 -0.00873428 0.0106556 -0.0116572
34.7994 1.78008 -0.00450369 0.00701395 -0.0102734
35.1583 1.78058 -0.00439406 0.00752559 -0.010521
34.7994 1.92259 -0.00433088 0.00685452 -0.0103515
35.1584 1.92312 -0.00437008 0.00736079 -0.0109688
35.5173 1.78101 -0.00505704 0.00764983 -0.0109567
35.8762 1.78138 -0.00549362 0.00810998 -0.0112664
35.5174 1.92358 -0.00464488 0.00788971 -0.0113437
35.8764 1.92398 -0.00558516 0.00829404 -0.0115601
34.7995 2.0651 -0.00438011 0.00672511 -0.010732
35.1584 2.06568 -0.00495874 0.00687775 -0.0109402
34.7995 2.20761 -0.00410776 0.00681864 -0.0110397
35.1585 2.20822 -0.00487382 0.00708592 -0.0112392
35.5175 2.06617 -0.00486488 0.0077425 -0.0115665
35.8765 2.06659 -0.00573111 0.0081505 -0.0117048
35.5176 2.20875 -0.00458374 0.00795112 -0.0117711
35.8766 2.20919 -0.00538747 0.00850199 -0.0119624
36.2353 1.78168 -0.00577494 0.00900465 -0.0118985
36.5945 1.7819 -0.00605326 0.0102836 -0.0117327
36.2355 1.9243 -0.00621503 0.00872089 -0.0116722
36.5947 1.92454 -0.00638394 0.00995497 -0.011502
36.9536 1.78206 -0.00709053 0.0107065 -0.0118646
37.3127 1.78214 -0.00867176 0.0109604 -0.0117961
36.9537 1.9247 -0.00702311 0.0109198 -0.0118102
37.3129 1.92478 -0.00805967 0.0114479 -0.0122002
36.2356 2.06692 -0.00608454 0.00895692 -0.011869
36.5948 2.06718 -0.00625096 0.0101837 -0.0115493
36.2358 2.20956 -0.00648058 0.00890914 -0.0119093
36.595 2.20982 -0.00673522 0.0100059 -0.0119657
36.9539 2.06735 -0.00787068 0.0105243 -0.0120813
37.313 2.06744 -0.00828144 0.0114567 -0.0121087
36.954 2.21001 -0.00782428 0.0105936 -0.0119534
37.3132 2.2101 -0.00830065 0.0115742 -0.0121175
