37.6708 -4.49123 -0.0100301 0.011312 -0.0106785
38.0297 -4.49107 -0.0105388 0.0140937 -0.0110206
37.6707 -4.34861 -0.0101377 0.0116733 -0.0108986
38.0296 -4.34845 -0.0115932 0.0137815 -0.0110673
38.3885 -4.49073 -0.0134688 0.014859 -0.0108508
38.7475 -4.4902 -0.0148283 0.0167397 -0.0111833
38.3886 -4.34811 -0.0133943 0.0152344 -0.0114755
38.7475 -4.3476 -0.0150313 0.0168209 -0.011562
37.6707 -4.20597 -0.0103209 0.0119779 -0.0108929
38.0296 -4.20581 -0.0125421 0.0132035 -0.011167
37.6707 -4.06335 -0.00963588 0.0124415 -0.0111651
38.0296 -4.0632 -0.0119892 0.0137926 -0.0117663
38.3886 -4.20549 -0.0134877 0.0155348 -0.0117645
38.7475 -4.205 -0.0150713 0.0169466 -0.0119518
38.3886 -4.06288 -0.0139335 0.0153397 -0.0117348
38.7475 -4.06241 -0.0153949 0.0168621 -0.0122091
39.1066 -4.4895 -0.0159866 0.0178446 -0.0111277
39.4657 -4.48863 -0.0168033 0.0179861 -0.0111757
39.1066 -4.34692 -0.0161066 0.0179087 -0.011548
39.4657 -4.34607 -0.0168545 0.0180016 -0.01152
39.8249 -4.48757 -0.0166686 0.0179891 -0.0111152
40.1841 -4.48635 -0.0164851 0.0172215 -0.0115622
39.8248 -4.34505 -0.016851 0.017744 -0.0114815
40.1841 -4.34386 -0.0163863 0.017273 -0.0115796
39.1066 -4.20434 -0.0161235 0.0180893 -0.0119828
39.4657 -4.20352 -0.0168026 0.0181549 -0.0118868
39.1066 -4.06177 -0.0161937 0.0181083 -0.0122437
39.4656 -4.06098 -0.0165786 0.0183619 -0.0120592
39.8248 -4.20253 -0.016962 0.0175901 -0.0117506
40.184 -4.20138 -0.0162801 0.0173452 -0.0116348
39.8248 -4.06002 -0.0168709 0.0176627 -0.0120795
40.184 -4.05891 -0.0162498 0.0175276 -0.0118539
37.6707 -3.92073 -0.0104287 0.0120133 -0.0112042
38.0296 -3.92058 -0.0119749 0.0139923 -0.0118529
37.6706 -3.7781 -0.0103913 0.0122375 -0.0109799
38.0296 -3.77796 -0.0121995 0.0140745 -0.0117684
38.3885 -3.92028 -0.0136357 0.0158059 -0.0120951
38.7475 -3.91982 -0.0152062 0.0172514 -0.0124201
38.3885 -3.77768 -0.0138725 0.0157742 -0.0123079
38.7475 -3.77724 -0.0151803 0.0173657 -0.0125121
37.6706 -3.63548 -0.0103414 0.0124097 -0.0109929
38.0295 -3.63535 -0.0121218 0.0141892 -0.0118984
37.6706 -3.49286 -0.010308 0.0123233 -0.0107345
38.0295 -3.49273 -0.0121222 0.0142333 -0.0119471
38.3885 -3.63507 -0.0139865 0.0158163 -0.0124353
38.7475 -3.63466 -0.0151472 0.0174971 -0.0126215
38.3885 -3.49247 -0.0142642 0.0157207 -0.0124025
38.7475 -3.49208 -0.0156727 0.0169801 -0.0124839
39.1065 -3.91921 -0.0162847 0.018116 -0.012414
39.4656 -3.91844 -0.0166066 0.0183946 -0.0123023
39.1065 -3.77665 -0.0163383 0.018109 -0.012634
39.4656 -3.77591 -0.0165897 0.0184634 -0.0123893
39.8247 -3.91752 -0.0169697 0.0175385 -0.0122383
40.184 -3.91645 -0.0164051 0.0175023 -0.0121084
39.8247 -3.77503 -0.0169378 0.017525 -0.0122735
40.1839 -3.77399 -0.0168063 0.0172884 -0.012196
39.1065 -3.6341 -0.0161688 0.0183636 -0.0127242
39.4656 -3.63339 -0.0164618 0.0186576 -0.0124708
39.1065 -3.49154 -0.0161626 0.0183793 -0.0127665
39.4656 -3.49087 -0.0165255 0.018643 -0.0125343
39.8247 -3.63254 -0.0166575 0.0177456 -0.0123045
40.1839 -3.63154 -0.0167133 0.0172775 -0.0122194
39.8247 -3.49006 -0.0164808 0.0180177 -0.0123497
40.1839 -3.4891 -0.0167494 0.0171563 -0.0121682
40.5434 -4.48494 -0.0165187 0.0167302 -0.0113519
40.9028 -4.48337 -0.0160108 0.016764 -0.0113205
40.5434 -4.3425 -0.0165257 0.0167274 -0.0115065
40.9027 -4.34098 -0.016106 0.0167424 -0.0114565
41.2622 -4.48161 -0.016535 0.0160472 -0.0112934
41.6218 -4.47967 -0.016392 0.0161553 -0.0114784
41.2621 -4.33928 -0.0164804 0.0160154 -0.0115004
41.6217 -4.33741 -0.016388 0.0161497 -0.0115571
40.5433 -4.20007 -0.0165008 0.016753 -0.0116054
40.9027 -4.19859 -0.016184 0.0166608 -0.0115302
40.5433 -4.05764 -0.0162707 0.0168964 -0.0117064
40.9026 -4.05622 -0.0161116 0.0166146 -0.0116679
41.2621 -4.19696 -0.016424 0.0159815 -0.0115596
41.6216 -4.19515 -0.0163564 0.0162367 -0.0116524
41.262 -4.05463 -0.0163017 0.0161377 -0.0117868
41.6216 -4.05288 -0.0163432 0.0162398 -0.0117226
41.9814 -4.47756 -0.0162393 0.0161193 -0.0116731
42.3411 -4.47527 -0.0161688 0.0158658 -0.0118043
41.9813 -4.33537 -0.0163261 0.0161593 -0.0116738
42.341 -4.33315 -0.0162024 0.01608 -0.0118641
42.7009 -4.47281 -0.0161824 0.0155589 -0.0119428
43.0607 -4.47016 -0.0156508 0.0149828 -0.012195
42.7008 -4.33076 -0.0161491 0.0156587 -0.0120099
43.0606 -4.3282 -0.0156 0.0149348 -0.0124055
41.9813 -4.19317 -0.0163092 0.0162276 -0.0116694
42.341 -4.19103 -0.0163474 0.0160848 -0.0117645
41.9812 -4.05098 -0.0162139 0.0162811 -0.011718
42.3409 -4.04891 -0.016252 0.0162266 -0.0118241
42.7008 -4.18872 -0.0161492 0.0156627 -0.0120749
43.0606 -4.18625 -0.0155056 0.0148757 -0.0124118
42.7007 -4.04668 -0.0160539 0.0157481 -0.0121037
43.0605 -4.04429 -0.0153969 0.0147717 -0.0124709
40.5432 -3.91522 -0.0159982 0.0171708 -0.011888
40.9025 -3.91385 -0.0162539 0.0163472 -0.011727
40.5432 -3.77281 -0.0162036 0.017134 -0.0118584
40.9025 -3.77149 -0.0162877 0.0161235 -0.0116829
41.2619 -3.91232 -0.0165515 0.0158862 -0.0117663
41.6215 -3.91063 -0.0163869 0.0162008 -0.0116993
41.2619 -3.77002 -0.0164865 0.0159233 -0.0116838
41.6214 -3.7684 -0.0162934 0.0163215 -0.0116835
40.5432 -3.63041 -0.0159273 0.0175601 -0.012046
40.9024 -3.62914 -0.0160421 0.0163245 -0.0118112
40.5431 -3.48801 -0.0163838 0.0172729 -0.0121322
40.9024 -3.48679 -0.0160558 0.0163847 -0.0120521
41.2618 -3.62772 -0.0165402 0.0159408 -0.0117434
41.6214 -3.62616 -0.0162735 0.01639 -0.0116405
41.2617 -3.48543 -0.0165142 0.015836 -0.0117331
41.6213 -3.48393 -0.0162843 0.0163993 -0.011689
41.9811 -3.90879 -0.016258 0.0161534 -0.0116108
42.3409 -3.9068 -0.0163714 0.0161276 -0.011804
41.9811 -3.76662 -0.0160697 0.0162192 -0.0116137
42.3408 -3.7647 -0.0162222 0.0162116 -0.011753
42.7006 -3.90465 -0.0160319 0.015766 -0.0120488
43.0604 -3.90235 -0.0152339 0.0147674 -0.0125586
42.7006 -3.76263 -0.0160003 0.015733 -0.0119957
43.0604 -3.76041 -0.0150634 0.0147895 -0.0126666
41.981 -3.62446 -0.0160161 0.0161794 -0.0116645
42.3407 -3.62261 -0.0161753 0.0162092 -0.0117204
41.9809 -3.48229 -0.0159326 0.0161409 -0.0116121
42.3407 -3.48051 -0.0161037 0.016229 -0.0117495
42.7005 -3.62061 -0.0159373 0.01573 -0.0120252
43.0603 -3.61847 -0.0150366 0.014716 -0.0127013
42.7004 -3.4786 -0.0158449 0.0157909 -0.0120394
43.0602 -3.47654 -0.0149801 0.0147187 -0.0127948
37.6705 -3.35021 -0.010641 0.0120391 -0.01089
38.0295 -3.35011 -0.0119451 0.0143446 -0.012032
37.6705 -3.20757 -0.0116205 0.0110208 -0.0105602
38.0294 -3.20749 -0.0118276 0.014441 -0.0121541
38.3884 -3.34988 -0.0136927 0.0162799 -0.0126712
38.7474 -3.3495 -0.0151427 0.0175217 -0.0129019
38.3884 -3.20727 -0.0137379 0.0161858 -0.0125362
38.7474 -3.20691 -0.0151775 0.0175352 -0.0128498
37.6704 -3.06498 -0.011085 0.0113442 -0.0113627
38.0293 -3.06488 -0.0121546 0.0142921 -0.0119128
37.6704 -2.92238 -0.0105649 0.0121469 -0.0120582
38.0293 -2.92227 -0.012131 0.0142698 -0.0119843
38.3884 -3.06466 -0.0138399 0.0159593 -0.0124719
38.7474 -3.06432 -0.0150878 0.0176656 -0.0127895
38.3883 -2.92206 -0.0140769 0.0158401 -0.0124614
38.7474 -2.92173 -0.0153613 0.0174425 -0.0127201
39.1065 -3.34898 -0.0160901 0.0184612 -0.0127606
39.4656 -3.34834 -0.0165316 0.0186738 -0.0125677
39.1065 -3.20642 -0.0160518 0.0185035 -0.0127504
39.4656 -3.2058 -0.0165064 0.0187806 -0.0125982
39.8247 -3.34756 -0.0163987 0.0182537 -0.0123062
40.1838 -3.34665 -0.016422 0.0174575 -0.0121539
39.8247 -3.20505 -0.0165803 0.018137 -0.012218
40.1838 -3.20418 -0.0163474 0.0175979 -0.0121452
39.1065 -3.06386 -0.016023 0.0185382 -0.0127441
39.4656 -3.06327 -0.0162371 0.0189493 -0.012506
39.1064 -2.92129 -0.0160286 0.0184457 -0.0127436
39.4655 -2.92074 -0.0166028 0.0186126 -0.012498
39.8247 -3.06256 -0.016271 0.018399 -0.012368
40.1838 -3.06172 -0.0162855 0.0177121 -0.0120875
39.8246 -2.92006 -0.0163664 0.0183558 -0.0123369
40.1838 -2.91927 -0.0162272 0.0178036 -0.0121044
37.6704 -2.77976 -0.0106584 0.0124698 -0.0117768
38.0293 -2.77967 -0.012319 0.0143683 -0.0120706
37.6704 -2.63716 -0.0106863 0.0125484 -0.0117284
38.0293 -2.63707 -0.0128185 0.0139256 -0.0118572
38.3883 -2.77947 -0.0137404 0.0161535 -0.0125272
38.7473 -2.77916 -0.0152405 0.0175365 -0.012659
38.3883 -2.63688 -0.0137405 0.0162445 -0.0126368
38.7473 -2.63659 -0.0151542 0.0175454 -0.0126996
37.6704 -2.49455 -0.00998197 0.0130217 -0.0118461
38.0293 -2.49447 -0.0123224 0.0143182 -0.012274
37.6703 -2.35192 -0.0103278 0.012899 -0.0118342
38.0293 -2.35185 -0.012405 0.0143875 -0.0122432
38.3883 -2.49429 -0.013747 0.0163271 -0.0124976
38.7473 -2.49401 -0.0150452 0.0176052 -0.0127576
38.3882 -2.35169 -0.0140544 0.0160519 -0.0125146
38.7473 -2.35144 -0.0150205 0.0175851 -0.0127931
39.1064 -2.77874 -0.0158366 0.0186111 -0.0127248
39.4655 -2.77821 -0.0163582 0.0187371 -0.0125871
39.1064 -2.63619 -0.0158732 0.0185578 -0.0127243
39.4655 -2.63569 -0.0163129 0.0186844 -0.0126003
39.8246 -2.77757 -0.016249 0.0184209 -0.0123653
40.1837 -2.77683 -0.0160982 0.0179975 -0.0122011
39.8246 -2.63509 -0.0162205 0.0184003 -0.0124421
40.1837 -2.63439 -0.0161124 0.0180187 -0.0123195
39.1064 -2.49364 -0.0158193 0.0185292 -0.012762
39.4655 -2.49318 -0.0162102 0.0186941 -0.0126665
39.1063 -2.3511 -0.0157875 0.0184722 -0.0128658
39.4654 -2.35066 -0.0161483 0.0186328 -0.0127557
39.8246 -2.49261 -0.0161826 0.018369 -0.0125176
40.1837 -2.49195 -0.0160399 0.0180972 -0.0124296
39.8245 -2.35013 -0.0161301 0.018304 -0.0126177
40.1836 -2.34951 -0.0160446 0.0180912 -0.0125706
40.5431 -3.34561 -0.0164063 0.017182 -0.0121436
40.9023 -3.34444 -0.0161436 0.0163378 -0.0120488
40.543 -3.20319 -0.0162949 0.0171286 -0.012172
40.9022 -3.20207 -0.0160907 0.0163645 -0.0121905
41.2617 -3.34313 -0.0166423 0.0157436 -0.0116926
41.6212 -3.34169 -0.0163243 0.0164217 -0.0115797
41.2616 -3.20082 -0.0165589 0.0159084 -0.0117752
41.6212 -3.19945 -0.0162653 0.0165123 -0.0115926
40.543 -3.06077 -0.0162382 0.017048 -0.012077
40.9022 -3.05971 -0.0163075 0.0160712 -0.0121547
40.5429 -2.91837 -0.0160419 0.0171431 -0.0120213
40.9021 -2.91736 -0.0160672 0.0160368 -0.0122382
41.2615 -3.05852 -0.0167441 0.0157699 -0.0119158
41.6211 -3.05721 -0.0162135 0.0166403 -0.0117955
41.2615 -2.91622 -0.0167364 0.0158156 -0.0122184
41.621 -2.91498 -0.0164542 0.0165596 -0.0119697
41.9809 -3.34012 -0.0158613 0.0160554 -0.0116463
42.3406 -3.33842 -0.0160708 0.0162412 -0.0117947
41.9808 -3.19795 -0.0158166 0.015926 -0.0115557
42.3405 -3.19632 -0.0161037 0.0161187 -0.0117355
42.7004 -3.33658 -0.0157966 0.0158104 -0.0120802
43.0602 -3.33462 -0.0149386 0.0147136 -0.0129335
42.7003 -3.19457 -0.0157393 0.0158 -0.0121592
43.0601 -3.19269 -0.0148805 0.0146519 -0.0130492
41.9808 -3.05578 -0.0156215 0.0160224 -0.0116601
42.3405 -3.05423 -0.0159839 0.0161395 -0.0116933
41.9807 -2.91362 -0.0156926 0.0159515 -0.0118118
42.3404 -2.91214 -0.0159497 0.0161405 -0.0118794
42.7002 -3.05256 -0.0157051 0.0158017 -0.0122117
43.06 -3.05077 -0.0148562 0.0146447 -0.0131989
42.7002 -2.91055 -0.0156422 0.0157859 -0.0123521
43.0599 -2.90885 -0.0148282 0.0146188 -0.0133856
40.5429 -2.77597 -0.0159157 0.0173493 -0.0120592
40.9021 -2.775 -0.0160498 0.0156843 -0.0119737
40.5429 -2.63358 -0.015956 0.0174273 -0.0121186
40.9021 -2.63265 -0.0155584 0.0160293 -0.0117813
41.2614 -2.77392 -0.0170606 0.0153168 -0.0119333
41.621 -2.77274 -0.0165778 0.0165255 -0.0120929
41.2613 -2.63163 -0.0172771 0.015165 -0.0116392
41.6209 -2.63051 -0.0166992 0.016542 -0.0120529
40.5428 -2.49119 -0.0159203 0.0176236 -0.0123488
40.902 -2.49033 -0.0152035 0.0166083 -0.011854
40.5428 -2.3488 -0.0159323 0.0177252 -0.0126028
40.902 -2.34799 -0.0154137 0.0168521 -0.0121028
41.2613 -2.48936 -0.0170202 0.0153093 -0.0117204
41.6208 -2.4883 -0.0168172 0.0165123 -0.0118815
41.2612 -2.34709 -0.0168938 0.0153989 -0.0119687
41.6208 -2.34608 -0.017177 0.0160318 -0.0118922
41.9806 -2.77146 -0.0157315 0.0159831 -0.0120801
42.3403 -2.77006 -0.0159901 0.0160506 -0.0120277
41.9805 -2.6293 -0.0156525 0.0159663 -0.012152
42.3402 -2.62797 -0.0158243 0.0160761 -0.0121996
42.7001 -2.76855 -0.0156808 0.0157486 -0.0124983
43.0599 -2.76693 -0.0148272 0.0146008 -0.0136347
42.7 -2.62654 -0.015647 0.0157229 -0.0127143
43.0598 -2.62501 -0.0147831 0.0146027 -0.0139053
41.9805 -2.48714 -0.0156899 0.0158215 -0.0122461
42.3402 -2.48589 -0.0157245 0.0158807 -0.0123961
41.9804 -2.345 -0.0157591 0.0158013 -0.0123481
42.3401 -2.34382 -0.0156036 0.0156641 -0.012596
42.6999 -2.48454 -0.0155596 0.0155792 -0.0130211
43.0597 -2.4831 -0.0147021 0.0146117 -0.0143051
42.6998 -2.34255 -0.015449 0.0154531 -0.0133981
43.0596 -2.34119 -0.0147334 0.0145283 -0.0146468
43.4206 -4.46735 -0.0148121 0.0140186 -0.0123732
43.7804 -4.46435 -0.0137923 0.0129139 -0.0124424
43.4205 -4.32548 -0.0147502 0.0138527 -0.0124867
43.7804 -4.32258 -0.0136793 0.0126837 -0.0125666
44.1403 -4.46118 -0.0127371 0.0115904 -0.012501
44.5003 -4.45783 -0.0115705 0.0102483 -0.0126038
44.1403 -4.31952 -0.0125973 0.0114488 -0.0127468
44.5002 -4.31628 -0.0114624 0.010134 -0.0128438
43.4204 -4.18361 -0.0146018 0.0136952 -0.0126196
43.7803 -4.18081 -0.0135633 0.0124803 -0.0128154
43.4203 -4.04175 -0.0144685 0.0135216 -0.0128132
43.7802 -4.03905 -0.013384 0.0122903 -0.0130567
44.1402 -4.17785 -0.0124562 0.0112733 -0.012972
44.5001 -4.17473 -0.0113324 0.0100213 -0.0131606
44.1401 -4.03619 -0.0123237 0.0111041 -0.0132533
44.5 -4.03317 -0.0112245 0.00992869 -0.0134823
44.8602 -4.45431 -0.0102919 0.00889612 -0.0126894
45.2201 -4.45061 -0.00899837 0.0075822 -0.0128012
44.8601 -4.31287 -0.0102699 0.00879826 -0.0129972
45.2201 -4.30929 -0.00898806 0.00749467 -0.0130645
45.5801 -4.44674 -0.00772088 0.00622853 -0.012833
45.9401 -4.44268 -0.00645999 0.00488742 -0.0128342
45.58 -4.30554 -0.0077259 0.00624581 -0.0131051
45.94 -4.30162 -0.00652202 0.00487858 -0.0131202
44.86 -4.17143 -0.0101754 0.00875533 -0.0132429
45.22 -4.16797 -0.00901884 0.00744405 -0.0133808
44.86 -4.03 -0.010105 0.0086829 -0.0136452
45.2199 -4.02666 -0.00894591 0.00742954 -0.0137278
45.58 -4.16435 -0.00775533 0.00619724 -0.0134259
45.94 -4.16056 -0.00650752 0.00494483 -0.0134455
45.5799 -4.02316 -0.00771153 0.00619806 -0.0137791
45.9399 -4.0195 -0.00648663 0.00498631 -0.0137848
43.4203 -3.89989 -0.014388 0.0133495 -0.013023
43.7801 -3.89729 -0.0133046 0.0120951 -0.0133524
43.4202 -3.75804 -0.0141544 0.0133248 -0.0132577
43.78 -3.75554 -0.0131986 0.0119794 -0.0136433
44.14 -3.89454 -0.0122348 0.0109625 -0.0135962
44.4999 -3.89162 -0.0111824 0.00978527 -0.0137725
44.1399 -3.75288 -0.0121565 0.0108096 -0.0138937
44.4999 -3.75008 -0.0110285 0.00970504 -0.0141649
43.4201 -3.6162 -0.0140772 0.0132212 -0.0134484
43.78 -3.61379 -0.0130812 0.0118847 -0.0139344
43.42 -3.47436 -0.0139669 0.0132467 -0.0136745
43.7799 -3.47204 -0.0129483 0.011838 -0.0142622
44.1399 -3.61123 -0.0120379 0.0107154 -0.0142677
44.4998 -3.60853 -0.0110445 0.00958593 -0.0144904
44.1398 -3.46959 -0.012027 0.0106126 -0.0146207
44.4997 -3.467 -0.0109719 0.00952232 -0.0148594
44.8599 -3.88856 -0.0100914 0.00856966 -0.0139553
45.2199 -3.88534 -0.00890795 0.00739261 -0.0140663
44.8598 -3.74713 -0.00996973 0.00858471 -0.0143203
45.2198 -3.74402 -0.00889051 0.007352 -0.014425
45.5798 -3.88197 -0.00771284 0.00620522 -0.0141211
45.9398 -3.87844 -0.00651142 0.00498438 -0.0140516
45.5798 -3.74078 -0.00771389 0.00616896 -0.01447
45.9398 -3.73738 -0.00649658 0.00499971 -0.0144327
44.8597 -3.60569 -0.0100181 0.00843095 -0.014664
45.2197 -3.60271 -0.00888292 0.00731112 -0.0147947
44.8597 -3.46427 -0.00993323 0.00844898 -0.0150996
45.2196 -3.4614 -0.00887611 0.00728885 -0.0151838
45.5797 -3.59959 -0.00775014 0.00611145 -0.0148264
45.9397 -3.59632 -0.00655089 0.00492444 -0.0147574
45.5796 -3.4584 -0.00771345 0.00613782 -0.0151853
45.9397 -3.45526 -0.00651769 0.00500017 -0.0151052
46.3 -4.43845 -0.00518785 0.00357736 -0.0128505
46.66 -4.43405 -0.00396771 0.00234865 -0.0128829
46.3 -4.29753 -0.00523497 0.00361492 -0.0131042
46.66 -4.29327 -0.00401271 0.00243121 -0.0131293
47.02 -4.42947 -0.0028051 0.00123948 -0.0129534
47.38 -4.42471 -0.00179841 0.000275032 -0.0130813
47.02 -4.28883 -0.00283409 0.00132045 -0.0131361
47.38 -4.28423 -0.0017881 0.000369873 -0.0131481
46.2999 -4.15661 -0.00525965 0.00367149 -0.0134236
46.6599 -4.15248 -0.00402603 0.00249483 -0.0133675
46.2999 -4.01568 -0.00525153 0.00374032 -0.0136993
46.6599 -4.0117 -0.00405588 0.00253567 -0.013613
47.0199 -4.1482 -0.00288204 0.00135066 -0.0132784
47.3799 -4.14374 -0.00184941 0.000346359 -0.0132387
47.0199 -4.00756 -0.00285369 0.00139016 -0.0134993
47.3799 -4.00326 -0.00177689 0.000372022 -0.0133231
47.74 -4.41978 -0.00107257 -0.000383942 -0.0131308
48.1 -4.41467 -0.000734571 -0.00060096 -0.0132031
47.74 -4.27945 -0.00106813 -0.000345558 -0.0131348
48.1 -4.27451 -0.000748435 -0.000702673 -0.0131825
48.46 -4.40939 -0.000623072 -0.000723048 -0.0132065
48.82 -4.40394 -0.000659991 -0.000781103 -0.0131986
48.46 -4.2694 -0.000649484 -0.000782352 -0.0132933
48.82 -4.26412 -0.000646755 -0.00072337 -0.0132573
47.7399 -4.13913 -0.0010821 -0.000313784 -0.0131939
48.1 -4.13435 -0.000657995 -0.00070502 -0.0132374
47.7399 -3.9988 -0.00104882 -0.000317274 -0.0131706
48.0999 -3.99419 -0.00049942 -0.000815472 -0.0133965
48.46 -4.1294 -0.00066181 -0.000748127 -0.0132933
48.82 -4.1243 -0.00067621 -0.000747016 -0.0132179
48.46 -3.98941 -0.000668078 -0.000609236 -0.0134221
48.82 -3.98448 -0.000585199 -0.000653325 -0.0132389
46.2998 -3.87476 -0.00528456 0.00372598 -0.0140018
46.6599 -3.87092 -0.00406117 0.00252138 -0.0138581
46.2998 -3.73383 -0.00527031 0.00374512 -0.0143086
46.6598 -3.73013 -0.00401815 0.00251133 -0.0141317
47.0199 -3.86692 -0.00282423 0.0013618 -0.0136639
47.3799 -3.86278 -0.00167782 0.000355728 -0.0133937
47.0198 -3.72629 -0.00273594 0.00131175 -0.0138371
47.3799 -3.72229 -0.00156313 0.00027823 -0.0134724
46.2997 -3.59291 -0.00526216 0.00373107 -0.0146391
46.6598 -3.58935 -0.00394523 0.00249785 -0.0143743
46.2997 -3.45198 -0.00520665 0.00376306 -0.0149296
46.6597 -3.44856 -0.00386149 0.00248135 -0.0145811
47.0198 -3.58565 -0.00263669 0.00124878 -0.0139743
47.3798 -3.58181 -0.00147298 0.000170367 -0.013478
47.0198 -3.44501 -0.00251465 0.0012054 -0.0140988
47.3798 -3.44132 -0.0013302 0.00012405 -0.0135323
47.7399 -3.85847 -0.000944925 -0.00031107 -0.0132103
48.0999 -3.85401 -0.000602141 -0.00110752 -0.0131441
47.7399 -3.71815 -0.000843844 -0.000349595 -0.0132348
48.1 -3.71385 -0.000748466 -0.000926219 -0.0123854
48.4599 -3.84941 -0.000960279 -0.000812475 -0.0131067
48.82 -3.84466 -0.000721039 -0.000686565 -0.0131029
48.4599 -3.70941 -0.000872428 -0.000919473 -0.0120482
48.82 -3.70484 -0.000587666 -0.000616466 -0.0127607
47.7399 -3.57782 -0.000784844 -0.000428597 -0.013229
48.0999 -3.57371 -0.000301958 0.000149682 -0.0129275
47.7398 -3.4375 -0.000702514 -0.000452098 -0.0132267
48.0999 -3.43354 -0.000872611 -0.000275406 -0.0134998
48.4599 -3.56944 0.000155461 -0.000109377 -0.012726
48.82 -3.56502 -0.000438734 -0.000544158 -0.01306
48.4599 -3.42944 -0.000380547 -0.000707821 -0.0135483
48.82 -3.4252 -0.000423928 -0.000670501 -0.0132672
43.42 -3.33252 -0.0138309 0.0132047 -0.0139002
43.7798 -3.3303 -0.0128073 0.0118049 -0.0145688
43.4199 -3.19069 -0.0137867 0.0131392 -0.0141263
43.7798 -3.18856 -0.012692 0.0117498 -0.0148633
44.1397 -3.32795 -0.0119 0.0105969 -0.0149794
44.4996 -3.32546 -0.0109544 0.0094752 -0.0152962
44.1396 -3.18631 -0.0117722 0.0106242 -0.0153637
44.4996 -3.18393 -0.0108795 0.0094811 -0.015671
43.4198 -3.04886 -0.0136689 0.0131333 -0.0143568
43.7797 -3.04683 -0.0126625 0.0117059 -0.0151718
43.4198 -2.90703 -0.0136317 0.0131167 -0.0146566
43.7796 -2.90509 -0.0126018 0.0117126 -0.0154975
44.1396 -3.04468 -0.0117344 0.0105624 -0.0156752
44.4995 -3.0424 -0.0108228 0.00949151 -0.0160605
44.1395 -2.90304 -0.0116844 0.0105546 -0.0160597
44.4994 -2.90088 -0.0107737 0.00951431 -0.0164369
44.8596 -3.32284 -0.00993657 0.00838886 -0.0154651
45.2196 -3.3201 -0.00887384 0.00726973 -0.0155697
44.8595 -3.18142 -0.00990083 0.0084046 -0.0158705
45.2195 -3.1788 -0.00884422 0.00731827 -0.0159613
45.5796 -3.31722 -0.00774682 0.00611711 -0.0155447
45.9396 -3.3142 -0.00657269 0.00494974 -0.0154205
45.5795 -3.17604 -0.00777579 0.00614745 -0.0159214
45.9395 -3.17316 -0.00655335 0.00496845 -0.0157172
44.8595 -3.04001 -0.00988145 0.00839941 -0.0162647
45.2194 -3.0375 -0.00889131 0.00729959 -0.0163538
44.8594 -2.8986 -0.00987897 0.00843866 -0.0166704
45.2194 -2.89621 -0.00889168 0.00740349 -0.0167369
45.5795 -3.03487 -0.0077719 0.00621584 -0.0162856
45.9395 -3.03212 -0.00660905 0.0050345 -0.0160088
45.5794 -2.8937 -0.00782523 0.00630987 -0.0166056
45.9394 -2.89107 -0.00661525 0.00514817 -0.0163155
43.4197 -2.7652 -0.0136051 0.0131158 -0.0149048
43.7796 -2.76336 -0.0125001 0.011762 -0.0158401
43.4196 -2.62338 -0.0135891 0.0131364 -0.0151898
43.7795 -2.62163 -0.0124982 0.0117532 -0.0161731
44.1394 -2.76142 -0.0116409 0.0106047 -0.0164389
44.4994 -2.75936 -0.0107407 0.00949688 -0.0168162
44.1394 -2.61979 -0.0115402 0.0106397 -0.0168035
44.4993 -2.61784 -0.0107077 0.00957278 -0.0172781
43.4195 -2.48155 -0.0135861 0.0131717 -0.0156025
43.7794 -2.4799 -0.0125242 0.0117481 -0.01654
43.4195 -2.33973 -0.0135617 0.01321 -0.0160232
43.7793 -2.33818 -0.0124831 0.0118624 -0.0169743
44.1393 -2.47816 -0.0115767 0.0106135 -0.0171847
44.4992 -2.47632 -0.0106858 0.00960621 -0.017618
44.1392 -2.33653 -0.0115788 0.0106145 -0.0176012
44.4992 -2.3348 -0.0107214 0.00961948 -0.0180105
44.8593 -2.75719 -0.0098457 0.00853105 -0.0170936
45.2193 -2.75492 -0.00891192 0.00750965 -0.0171288
44.8593 -2.61578 -0.00988133 0.00856307 -0.0174771
45.2193 -2.61362 -0.00897445 0.00761817 -0.0174919
45.5793 -2.75253 -0.00787251 0.00643936 -0.016946
45.9394 -2.75003 -0.00671803 0.00524227 -0.0166091
45.5793 -2.61136 -0.00796997 0.00655587 -0.0172919
45.9393 -2.60899 -0.00682255 0.00535272 -0.0168893
44.8592 -2.47437 -0.00988561 0.00865908 -0.0178733
45.2192 -2.47233 -0.00909097 0.00772098 -0.0178879
44.8591 -2.33297 -0.00994799 0.00874006 -0.018244
45.2191 -2.33104 -0.0091717 0.00785961 -0.0182542
45.5792 -2.47019 -0.0080761 0.00667472 -0.0176195
45.9393 -2.46796 -0.00688484 0.005521 -0.017195
45.5792 -2.32903 -0.00822232 0.00680705 -0.0179404
45.9392 -2.32692 -0.00701402 0.00563202 -0.0175067
46.2996 -3.31106 -0.00527592 0.00369111 -0.0151269
46.6597 -3.30779 -0.00384688 0.00240518 -0.0147469
46.2996 -3.17015 -0.00522057 0.00379188 -0.0154115
46.6596 -3.16702 -0.00383439 0.00241096 -0.0149145
47.0197 -3.30438 -0.00243107 0.00113302 -0.0141872
47.3798 -3.30084 -0.00126312 6.11552e-05 -0.0135568
47.0197 -3.16375 -0.00236766 0.00106474 -0.0142595
47.3797 -3.16037 -0.00115918 5.53254e-05 -0.0135915
46.2995 -3.02924 -0.00525891 0.0037873 -0.0156177
46.6596 -3.02625 -0.00377555 0.00247135 -0.0150982
46.2995 -2.88833 -0.00526126 0.00388096 -0.0158542
46.6596 -2.88548 -0.0038168 0.00247536 -0.0152442
47.0196 -3.02313 -0.00229306 0.00110347 -0.0143963
47.3797 -3.0199 -0.00116102 5.59999e-05 -0.0136497
47.0196 -2.88251 -0.00233299 0.00113236 -0.0144787
47.3797 -2.87942 -0.00114437 0.000111098 -0.0137068
47.7398 -3.29717 -0.000661132 -0.000472817 -0.013224
48.0999 -3.29337 -0.000695969 -0.000435834 -0.0133355
47.7398 -3.15686 -0.000594829 -0.000403777 -0.0132719
48.0998 -3.15322 -0.000572371 -0.000438806 -0.013303
48.4599 -3.28944 -0.000504256 -0.000605851 -0.0133927
48.82 -3.28538 -0.000481201 -0.000693817 -0.0132325
48.4599 -3.14946 -0.000473362 -0.000513358 -0.013365
48.82 -3.14557 -0.000414786 -0.000523848 -0.0132181
47.7398 -3.01654 -0.000603359 -0.000445885 -0.0132686
48.0998 -3.01307 -0.000539071 -0.000482969 -0.0132527
47.7397 -2.87623 -0.000583417 -0.000382503 -0.0132493
48.0998 -2.87291 -0.000469373 -0.000493762 -0.0131921
48.4599 -3.00947 -0.000460936 -0.000541225 -0.0133968
48.82 -3.00576 -0.000506725 -0.000443814 -0.0133471
48.4599 -2.86949 -0.000471667 -0.000649676 -0.0131445
48.82 -2.86594 -0.000558842 -0.000546359 -0.0131896
46.2994 -2.74743 -0.00534833 0.00393787 -0.0160978
46.6595 -2.74471 -0.00383902 0.0025782 -0.015427
46.2994 -2.60652 -0.00540262 0.00406079 -0.016314
46.6595 -2.60395 -0.00393762 0.00268701 -0.0156099
47.0196 -2.74189 -0.00235674 0.00123579 -0.014592
47.3797 -2.73896 -0.00120025 0.000167044 -0.0138025
47.0195 -2.60127 -0.00247694 0.00132728 -0.0147239
47.3796 -2.59849 -0.00128853 0.000280752 -0.0139252
46.2993 -2.46562 -0.00550246 0.00418895 -0.0166234
46.6594 -2.46319 -0.00403329 0.00283769 -0.0158492
46.2993 -2.32472 -0.00560594 0.00429259 -0.0168695
46.6594 -2.32243 -0.00418246 0.00296225 -0.016097
47.0195 -2.46066 -0.00260263 0.00151404 -0.0149939
47.3796 -2.45803 -0.00141055 0.000472238 -0.0140955
47.0195 -2.32004 -0.00281472 0.0017018 -0.0152251
47.3796 -2.31757 -0.0016134 0.00064162 -0.0143144
47.7397 -2.73591 -0.000594974 -0.000324829 -0.0133258
48.0998 -2.73276 -0.000366911 -0.000484033 -0.0132564
47.7397 -2.59561 -0.000632714 -0.000273619 -0.0133863
48.0998 -2.59262 -0.000443123 -0.00053731 -0.013262
48.4599 -2.7295 -0.000382352 -0.000403634 -0.0131697
48.8199 -2.72614 -0.000351349 -0.000405492 -0.0133046
48.4599 -2.58953 -0.000469649 -0.000396383 -0.0133158
48.82 -2.58633 -0.000205658 -0.000599597 -0.0135417
47.7397 -2.4553 -0.000717543 -0.000210833 -0.0134949
48.0998 -2.45248 -0.000470358 -0.000464988 -0.013154
47.7397 -2.315 -0.000799731 -5.99037e-05 -0.0136037
48.0998 -2.31234 -0.000437951 -0.000269013 -0.0132695
48.4599 -2.44955 -0.000397271 -0.000477458 -0.0131951
48.82 -2.44653 -0.000249446 -0.000840053 -0.0132621
48.4599 -2.30958 -0.000264836 -0.000433158 -0.0131785
48.82 -2.30674 -0.000205527 -0.000644943 -0.0130504
