26.1796 -2.16674 -0.000374706 0.000555241 -0.00449153
26.5389 -2.1694 -0.00115388 0.00204752 -0.00452961
26.1796 -2.02695 -0.000469399 0.000563213 -0.00452523
26.5389 -2.02944 -0.00122301 0.00191422 -0.00475191
26.8981 -2.17199 -0.00194873 0.00357883 -0.00431535
27.2573 -2.17448 -0.00286852 0.00500765 -0.00472383
26.8981 -2.03185 -0.0020688 0.00334305 -0.00471224
27.2574 -2.03418 -0.00268965 0.00489109 -0.00470798
26.1796 -1.88716 -0.000429873 0.000574886 -0.00479115
26.5389 -1.88948 -0.00111929 0.00198717 -0.00483877
26.1797 -1.74738 -0.00041413 0.000535043 -0.00505348
26.539 -1.74953 -0.00110081 0.00189801 -0.00504152
26.8982 -1.89173 -0.00180166 0.00322927 -0.00490167
27.2574 -1.89389 -0.00252402 0.00459619 -0.00499538
26.8982 -1.75161 -0.00173568 0.00312306 -0.00495327
27.2574 -1.75362 -0.00231478 0.00445939 -0.00514738
27.6165 -2.1769 -0.00362115 0.0064477 -0.00467669
27.9757 -2.17923 -0.00420668 0.00747902 -0.00472873
27.6166 -2.03644 -0.00338151 0.00620244 -0.00488478
27.9757 -2.03862 -0.00409033 0.00711795 -0.00483252
28.3349 -2.18147 -0.00439871 0.00853615 -0.00460382
28.6939 -2.18363 -0.00493643 0.00876767 -0.00423846
28.3349 -2.04071 -0.00421926 0.00807361 -0.00475499
28.694 -2.04272 -0.00454626 0.00823723 -0.00418561
27.6166 -1.89599 -0.00329919 0.0058855 -0.0049265
27.9758 -1.89801 -0.00395265 0.00678527 -0.00490655
27.6166 -1.75556 -0.00313206 0.00567037 -0.00495711
27.9758 -1.75743 -0.00378019 0.00649011 -0.00481727
28.3349 -1.89996 -0.00422686 0.00769423 -0.00472249
28.6941 -1.90184 -0.0041222 0.00811428 -0.00430474
28.335 -1.75923 -0.0041377 0.0073273 -0.00472278
28.6941 -1.76097 -0.00384433 0.00790194 -0.00439178
26.1797 -1.60759 -0.000471312 0.000542072 -0.0051902
26.539 -1.60957 -0.00108564 0.00181038 -0.00510378
26.1797 -1.46781 -0.000329188 0.000541885 -0.00539409
26.539 -1.46962 -0.000888176 0.00180003 -0.00528654
26.8982 -1.61149 -0.00169547 0.00300572 -0.00508848
27.2575 -1.61335 -0.00215865 0.00431151 -0.00513499
26.8982 -1.47137 -0.00164339 0.00291751 -0.00522603
27.2575 -1.47307 -0.00222261 0.00411909 -0.00510314
26.1797 -1.32802 -0.000414299 0.000478067 -0.00545768
26.5389 -1.32966 -0.000980243 0.00173481 -0.00557115
26.1797 -1.18823 -0.000433945 0.000480827 -0.00555883
26.5389 -1.1897 -0.00109567 0.00164326 -0.00539259
26.8982 -1.33125 -0.00150253 0.00290282 -0.00535137
27.2575 -1.33279 -0.00202333 0.00392992 -0.00510857
26.8982 -1.19111 -0.00160179 0.00273386 -0.00539335
27.2575 -1.19249 -0.00202163 0.00376351 -0.00504485
27.6166 -1.61513 -0.00276497 0.00539232 -0.00525471
27.9758 -1.61686 -0.0032667 0.00634014 -0.00493803
27.6167 -1.47471 -0.00274045 0.00511537 -0.00506055
27.9759 -1.47627 -0.00322318 0.00602455 -0.00505589
28.335 -1.61851 -0.00364555 0.00714458 -0.0049019
28.6941 -1.62011 -0.00388993 0.0073992 -0.00475868
28.3351 -1.47779 -0.00353768 0.00687954 -0.00480432
28.6941 -1.47925 -0.00360632 0.00718318 -0.00470034
27.6167 -1.33426 -0.00264348 0.00490911 -0.00489217
27.9759 -1.33568 -0.00313919 0.00576539 -0.00495243
27.6168 -1.19381 -0.00263898 0.00468896 -0.00498239
27.976 -1.19508 -0.0029461 0.00546869 -0.00483545
28.3351 -1.33704 -0.00351978 0.00628986 -0.00478664
28.6942 -1.33837 -0.00383213 0.00683994 -0.0043961
28.3351 -1.19631 -0.00314568 0.00607236 -0.0048751
28.6942 -1.19748 -0.00375969 0.00659084 -0.00433742
29.053 -2.18569 -0.00485805 0.00884117 -0.00381587
29.4121 -2.18768 -0.00503803 0.00876504 -0.00362897
29.053 -2.04465 -0.00514159 0.0082263 -0.00363327
29.4121 -2.04652 -0.00482974 0.00848113 -0.0037807
29.7712 -2.18957 -0.005275 0.00868211 -0.00326536
30.1303 -2.19138 -0.00538208 0.00891498 -0.0030927
29.7712 -2.0483 -0.00518448 0.00860834 -0.00345626
30.1303 -2.04999 -0.00534831 0.008842 -0.00335953
29.053 -1.90364 -0.00518788 0.00776534 -0.00383223
29.4121 -1.90537 -0.00471427 0.0082758 -0.00409161
29.0531 -1.76264 -0.00487597 0.00775697 -0.00435143
29.4122 -1.76424 -0.0046118 0.00820622 -0.00395592
29.7712 -1.90702 -0.00510939 0.0084581 -0.00348276
30.1304 -1.9086 -0.00532106 0.00872802 -0.00360216
29.7713 -1.76577 -0.00494509 0.00840432 -0.00380903
30.1304 -1.76723 -0.00539528 0.00861416 -0.00360965
30.4894 -2.19311 -0.00534836 0.0091075 -0.00293933
30.8486 -2.19474 -0.00572743 0.00895324 -0.00279413
30.4895 -2.05161 -0.00530118 0.00905253 -0.00322205
30.8486 -2.05314 -0.00548846 0.00904156 -0.00323063
31.2077 -2.1963 -0.00566735 0.00905051 -0.00293822
31.5669 -2.19776 -0.00577922 0.00905311 -0.00325456
31.2078 -2.05459 -0.00574998 0.00894953 -0.00317846
31.567 -2.05596 -0.00575156 0.00907391 -0.00345002
30.4895 -1.91011 -0.00544971 0.00891703 -0.00340006
30.8487 -1.91154 -0.00541409 0.00904448 -0.00338371
30.4895 -1.76862 -0.00546469 0.0087708 -0.00349185
30.8487 -1.76994 -0.00544108 0.00889136 -0.00352221
31.2078 -1.91289 -0.00570187 0.0089221 -0.00339726
31.567 -1.91417 -0.00576263 0.00906987 -0.00363523
31.2078 -1.77119 -0.00571467 0.00890174 -0.00355426
31.567 -1.77238 -0.00573624 0.00902451 -0.00379775
29.0531 -1.62163 -0.00481348 0.00754799 -0.00428668
29.4122 -1.6231 -0.00470602 0.00782458 -0.0039116
29.0532 -1.48064 -0.00420835 0.00756067 -0.00464249
29.4122 -1.48198 -0.00465387 0.00756106 -0.00395235
29.7713 -1.62451 -0.0047678 0.00834854 -0.00393832
30.1304 -1.62586 -0.00535125 0.00845936 -0.00362956
29.7713 -1.48326 -0.00472702 0.0080496 -0.0038433
30.1304 -1.48449 -0.00527866 0.00840137 -0.00377281
29.0532 -1.33964 -0.00380993 0.0073916 -0.0044512
29.4123 -1.34085 -0.00407325 0.00766225 -0.00383403
29.0532 -1.19862 -0.00414847 0.00690138 -0.0041163
29.4123 -1.19971 -0.00418363 0.007418 -0.00395124
29.7713 -1.34201 -0.00472293 0.00809244 -0.00409851
30.1305 -1.34311 -0.00522197 0.00820019 -0.00387327
29.7714 -1.20075 -0.00442176 0.00790596 -0.0040715
30.1305 -1.20173 -0.00509938 0.00796818 -0.00396062
30.4896 -1.62714 -0.00531136 0.00881382 -0.00366835
30.8487 -1.62835 -0.00538769 0.0087652 -0.00366791
30.4896 -1.48566 -0.00512835 0.0086764 -0.00384805
30.8488 -1.48676 -0.00520878 0.00878639 -0.0039964
31.2079 -1.6295 -0.00567093 0.00883448 -0.00382142
31.5671 -1.63058 -0.00567112 0.00892035 -0.00402156
31.2079 -1.4878 -0.00559843 0.00878603 -0.00401805
31.5672 -1.48879 -0.00560542 0.0088401 -0.00421859
30.4897 -1.34417 -0.00516484 0.00844018 -0.00401273
30.8489 -1.34516 -0.00517302 0.0086318 -0.00420478
30.4897 -1.20267 -0.00499213 0.00826324 -0.00405618
30.8489 -1.20357 -0.00514779 0.00828135 -0.00420337
31.208 -1.34611 -0.00552153 0.00862002 -0.0042606
31.5672 -1.347 -0.00553103 0.00875314 -0.00449319
31.2081 -1.20441 -0.00527395 0.00854987 -0.00462376
31.5673 -1.20521 -0.00540409 0.00863495 -0.00475455
26.1797 -1.04845 -0.000304339 0.00053246 -0.0056926
26.5389 -1.04974 -0.000831814 0.00171909 -0.0054658
26.1797 -0.908662 -0.000337754 0.000486114 -0.00566429
26.5389 -0.909781 -0.000896078 0.00169138 -0.00553986
26.8982 -1.05099 -0.00158639 0.00268054 -0.0053317
27.2575 -1.05219 -0.00221159 0.00353737 -0.00497688
26.8982 -0.910863 -0.0013695 0.00274386 -0.00536633
27.2575 -0.911906 -0.001877 0.0036231 -0.0052885
26.1797 -0.768872 -0.000316586 0.00049531 -0.00568485
26.539 -0.769816 -0.00097973 0.00159059 -0.00552458
26.1797 -0.629084 -0.000324503 0.00049353 -0.00569856
26.539 -0.629861 -0.000848376 0.00168203 -0.00561677
26.8982 -0.770733 -0.00150452 0.00260485 -0.00535172
27.2575 -0.771621 -0.00189878 0.00343505 -0.00514921
26.8983 -0.630615 -0.00135035 0.00261161 -0.00540507
27.2575 -0.631343 -0.0017928 0.0033623 -0.00518403
27.6168 -1.05336 -0.00250995 0.00447707 -0.0049199
27.976 -1.05449 -0.00267814 0.00529759 -0.00491457
27.6168 -0.912917 -0.00238649 0.00437255 -0.00493182
27.976 -0.913899 -0.00275341 0.00497481 -0.00479641
28.3352 -1.05558 -0.00293473 0.00590549 -0.0046909
28.6942 -1.05662 -0.00323284 0.00647984 -0.00455686
28.3352 -0.914845 -0.00303241 0.00565847 -0.00456498
28.6943 -0.915752 -0.00340732 0.00620609 -0.00447146
27.6168 -0.772479 -0.00229211 0.00421999 -0.0049754
27.976 -0.77331 -0.00263648 0.00482078 -0.00471773
27.6168 -0.632047 -0.00220137 0.00405932 -0.00494176
27.976 -0.632727 -0.00252675 0.00464911 -0.00462855
28.3352 -0.774109 -0.00294638 0.00543629 -0.00449707
28.6943 -0.774878 -0.00331842 0.00598061 -0.00417263
28.3352 -0.633381 -0.00281703 0.00527666 -0.00440629
28.6943 -0.63401 -0.00323306 0.00575243 -0.00396828
26.1797 -0.489295 -0.000294204 0.000501162 -0.00573304
26.539 -0.489904 -0.000762433 0.00165959 -0.00564529
26.1797 -0.349501 -0.000211448 0.000534349 -0.00576741
26.539 -0.349935 -0.000778244 0.00160751 -0.00568403
26.8983 -0.490492 -0.00120769 0.0026272 -0.00539449
27.2575 -0.491058 -0.00168211 0.00332439 -0.0052396
26.8983 -0.350352 -0.00132858 0.00250878 -0.00540328
27.2575 -0.350756 -0.00173309 0.00318326 -0.00522184
26.1797 -0.2097 -0.000303098 0.000496961 -0.00573653
26.539 -0.209959 -0.000828554 0.00154167 -0.00571525
26.1797 -0.0699007 -0.000220227 0.000513439 -0.00579766
26.539 -0.0699865 -0.000758268 0.00152229 -0.00571986
26.8983 -0.210211 -0.00121358 0.00244165 -0.00553458
27.2575 -0.210455 -0.00162821 0.00309842 -0.00531508
26.8983 -0.0700702 -0.00117205 0.00237103 -0.00562286
27.2575 -0.0701527 -0.00152865 0.00299752 -0.00542959
27.6168 -0.491606 -0.00210665 0.00393257 -0.00493759
27.976 -0.492138 -0.00240991 0.00456089 -0.00463349
27.6168 -0.351151 -0.00202462 0.00381506 -0.0049757
27.976 -0.351534 -0.00236162 0.00441585 -0.00457666
28.3352 -0.492651 -0.00262148 0.00523613 -0.00426112
28.6944 -0.493142 -0.00300052 0.00579367 -0.0039393
28.3352 -0.351901 -0.00264823 0.00501267 -0.00429769
28.6944 -0.352255 -0.00306559 0.00565667 -0.00370833
27.6168 -0.210693 -0.00195309 0.00370383 -0.00499073
27.976 -0.210924 -0.00228093 0.00432965 -0.00462231
27.6168 -0.0702323 -0.00185396 0.0036236 -0.0050389
27.976 -0.0703078 -0.00221682 0.00424124 -0.00459492
28.3352 -0.21115 -0.00240541 0.00499245 -0.00414902
28.6944 -0.211368 -0.00280347 0.00560893 -0.00388385
28.3352 -0.0703838 -0.00253841 0.00483462 -0.00411216
28.6944 -0.0704614 -0.00271624 0.00554178 -0.00374264
29.0533 -1.05762 -0.00370271 0.00687613 -0.00429866
29.4124 -1.05857 -0.00405693 0.00731657 -0.00398158
29.0533 -0.916621 -0.00374085 0.00657754 -0.0040167
29.4124 -0.917446 -0.00383348 0.007216 -0.00393942
29.7715 -1.05949 -0.00433049 0.00785426 -0.00392168
30.1306 -1.06035 -0.0049322 0.00784321 -0.00391299
29.7715 -0.918234 -0.00403374 0.00757207 -0.00372221
30.1307 -0.918979 -0.0045628 0.00765127 -0.00396842
29.0533 -0.775611 -0.00374182 0.00624638 -0.0038174
29.4125 -0.776308 -0.00390927 0.00684671 -0.00360576
29.0534 -0.634607 -0.00376156 0.00612282 -0.00364823
29.4125 -0.635177 -0.00393902 0.00645371 -0.00329716
29.7716 -0.776973 -0.00402263 0.00726484 -0.0035561
30.1307 -0.777604 -0.00448579 0.00738756 -0.00389235
29.7717 -0.635724 -0.00377514 0.00711888 -0.00363148
30.1308 -0.63624 -0.00411455 0.00728723 -0.00395268
30.4898 -1.06118 -0.0047456 0.00819137 -0.00416517
30.8489 -1.06197 -0.00500624 0.00818968 -0.00444787
30.4898 -0.919689 -0.0048084 0.0078081 -0.00423167
30.849 -0.92037 -0.00499419 0.00776509 -0.00457364
31.2081 -1.06271 -0.0051779 0.00834588 -0.00479903
31.5673 -1.06342 -0.0053388 0.00844456 -0.00506532
31.2082 -0.92102 -0.0050946 0.0080709 -0.00505523
31.5674 -0.921632 -0.00522023 0.0082734 -0.00529924
30.4899 -0.77821 -0.00449632 0.00754466 -0.00430344
30.8491 -0.778788 -0.00463623 0.00768803 -0.00473245
30.4899 -0.63673 -0.00434833 0.00724926 -0.00423951
30.8491 -0.637198 -0.00447662 0.00739473 -0.00489961
31.2082 -0.779331 -0.00492724 0.00785698 -0.00513554
31.5674 -0.779843 -0.00515082 0.00800811 -0.00545608
31.2083 -0.63764 -0.00463269 0.00763743 -0.00521192
31.5675 -0.638055 -0.00491295 0.00780872 -0.00567188
29.0534 -0.493607 -0.00346734 0.00608031 -0.00365395
29.4125 -0.494048 -0.00385004 0.0062966 -0.00333911
29.0535 -0.352587 -0.00344774 0.00601781 -0.00353125
29.4125 -0.352902 -0.00415957 0.0062136 -0.00357665
29.7717 -0.494468 -0.00371461 0.00677868 -0.003566
30.1309 -0.494862 -0.00396564 0.00698439 -0.00379502
29.7718 -0.353204 -0.00344743 0.00663468 -0.00360047
30.131 -0.353482 -0.0036205 0.00678438 -0.00375489
29.0535 -0.211565 -0.00308844 0.00602213 -0.00327316
29.4126 -0.211744 -0.00427618 0.00609176 -0.00390988
29.0536 -0.0705306 -0.00284991 0.00602478 -0.00349695
29.4127 -0.0705857 -0.00375629 0.00607069 -0.00358966
29.7719 -0.21192 -0.00349207 0.00626806 -0.00343818
30.131 -0.212094 -0.00340353 0.00644074 -0.00372587
29.7719 -0.0706376 -0.00343053 0.0060463 -0.0036801
30.1311 -0.0706976 -0.00346741 0.0061337 -0.00369297
30.49 -0.495239 -0.00425267 0.0068607 -0.00429223
30.8492 -0.495602 -0.00430246 0.00703236 -0.00479211
30.4901 -0.353748 -0.00401163 0.00662675 -0.00435455
30.8492 -0.354004 -0.0040704 0.00669416 -0.00481801
31.2083 -0.495943 -0.00448734 0.00729522 -0.00529054
31.5675 -0.496264 -0.0047525 0.00754379 -0.00571471
31.2084 -0.354245 -0.0042997 0.00694382 -0.0053232
31.5676 -0.354474 -0.00455229 0.00722982 -0.00569655
30.4901 -0.212256 -0.00375701 0.00630555 -0.00422478
30.8493 -0.212406 -0.00382361 0.00640322 -0.00476721
30.4902 -0.0707545 -0.00351752 0.00599595 -0.00421455
30.8494 -0.0708038 -0.00357943 0.006097 -0.00470672
31.2085 -0.212549 -0.00406044 0.00666867 -0.00518225
31.5676 -0.212685 -0.00431981 0.00695684 -0.00568588
31.2085 -0.0708509 -0.0038082 0.0063375 -0.0051219
31.5677 -0.0708955 -0.00409173 0.00663376 -0.00560483
31.926 -2.19914 -0.0058155 0.00907581 -0.00352541
32.285 -2.20042 -0.00592077 0.00908376 -0.00396825
31.9261 -2.05725 -0.00585107 0.00913314 -0.00375099
32.2851 -2.05845 -0.00597832 0.00917923 -0.00417737
32.6441 -2.20162 -0.00601572 0.00906399 -0.00455194
33.0031 -2.20274 -0.00607769 0.0089851 -0.00525542
32.6441 -2.05957 -0.00606091 0.00914306 -0.00473884
33.0032 -2.06061 -0.00611648 0.00905492 -0.00546603
31.9261 -1.91537 -0.00587544 0.00917812 -0.00395098
32.2852 -1.91648 -0.00601854 0.00924933 -0.00438449
31.9262 -1.77348 -0.005871 0.00918043 -0.0041591
32.2852 -1.77451 -0.0060363 0.00928419 -0.00461963
32.6442 -1.91752 -0.00609084 0.00919895 -0.00494331
33.0032 -1.91849 -0.00613769 0.00910588 -0.00557755
32.6442 -1.77547 -0.00610228 0.00922695 -0.00516327
33.0033 -1.77636 -0.00614348 0.00912704 -0.00579037
33.3621 -2.20376 -0.00609284 0.00883238 -0.0059761
33.7211 -2.2047 -0.00603953 0.00868236 -0.00662272
33.3622 -2.06157 -0.00612233 0.00889767 -0.00609219
33.7212 -2.06244 -0.00616926 0.00873879 -0.00676907
34.0802 -2.20556 -0.00599104 0.00850147 -0.00724909
34.4392 -2.20632 -0.00599231 0.00830938 -0.00782457
34.0802 -2.06324 -0.00620237 0.00846158 -0.00735541
34.4392 -2.06395 -0.006008 0.00836873 -0.00803156
33.3623 -1.91938 -0.00616424 0.00897346 -0.00626572
33.7213 -1.92019 -0.00607246 0.00885561 -0.00694372
33.3623 -1.77718 -0.00613888 0.00900442 -0.00641773
33.7214 -1.77793 -0.00602662 0.00890366 -0.00706781
34.0803 -1.92092 -0.00623802 0.00847458 -0.0076512
34.4393 -1.92158 -0.00610111 0.00834773 -0.00815776
34.0803 -1.77861 -0.00623447 0.00854971 -0.00770111
34.4393 -1.77922 -0.00606817 0.00842445 -0.00824895
31.9262 -1.6316 -0.00584956 0.00914093 -0.00440502
32.2853 -1.63254 -0.00602828 0.00927893 -0.00488296
31.9263 -1.48971 -0.00581128 0.00905095 -0.00465241
32.2853 -1.49058 -0.00599365 0.00923198 -0.00516447
32.6443 -1.63342 -0.00609719 0.00922934 -0.00541808
33.0033 -1.63424 -0.00613493 0.00912884 -0.00601015
32.6444 -1.49138 -0.00607392 0.00920495 -0.00568844
33.0034 -1.49212 -0.0061126 0.00911047 -0.00624982
31.9263 -1.34783 -0.00576236 0.00891667 -0.00490633
32.2854 -1.34861 -0.00593161 0.00914728 -0.00543244
31.9264 -1.20595 -0.00565508 0.00880028 -0.00517929
32.2854 -1.20664 -0.00584191 0.00902191 -0.00564967
32.6444 -1.34933 -0.00603087 0.00915229 -0.00595621
33.0034 -1.35 -0.00607622 0.00907249 -0.00649343
32.6445 -1.20729 -0.00596402 0.00906631 -0.00618962
33.0035 -1.20788 -0.00602364 0.00901225 -0.00672552
33.3624 -1.63499 -0.00614736 0.00898242 -0.00665178
33.7214 -1.63568 -0.00591136 0.00894402 -0.00730476
33.3624 -1.4928 -0.0061119 0.00895606 -0.00684094
33.7215 -1.49343 -0.00605748 0.00880662 -0.00742431
34.0804 -1.63631 -0.00593012 0.00873317 -0.00782575
34.4394 -1.63686 -0.0058887 0.00850599 -0.00844265
34.0805 -1.494 -0.00599792 0.00860924 -0.00809255
34.4395 -1.4945 -0.00600345 0.00842517 -0.00857071
33.3625 -1.35062 -0.00606773 0.00891059 -0.00706005
33.7215 -1.35118 -0.00597102 0.00873884 -0.00764414
33.3625 -1.20843 -0.00600946 0.00884636 -0.00726253
33.7216 -1.20893 -0.00596565 0.00863447 -0.00783881
34.0805 -1.35169 -0.0060006 0.00854939 -0.00822723
34.4395 -1.35214 -0.0060682 0.00834751 -0.00883668
34.0806 -1.20938 -0.0058074 0.00856271 -0.00840966
34.4396 -1.20978 -0.00567496 0.00847362 -0.00891967
34.7981 -2.207 -0.00593098 0.00807013 -0.0083948
35.1571 -2.20759 -0.00594498 0.00784465 -0.00878194
34.7982 -2.06458 -0.0059393 0.0081375 -0.0085006
35.1572 -2.06513 -0.00585987 0.00797808 -0.00913173
35.5161 -2.2081 -0.00610531 0.00738395 -0.00932441
35.8751 -2.20851 -0.00627734 0.00728653 -0.00976379
35.5161 -2.0656 -0.00613274 0.00739132 -0.00932809
35.8751 -2.06598 -0.00655587 0.00706176 -0.00979339
34.7983 -1.92217 -0.00602335 0.00812647 -0.00870223
35.1572 -1.92268 -0.00598392 0.0079752 -0.00909405
34.7983 -1.77976 -0.00600927 0.00817695 -0.00883572
35.1573 -1.78023 -0.00582567 0.00812091 -0.00923918
35.5162 -1.92311 -0.00607515 0.0074776 -0.00934985
35.8751 -1.92347 -0.00655479 0.00727787 -0.00993875
35.5162 -1.78063 -0.00604247 0.0077349 -0.00953453
35.8752 -1.78096 -0.00653479 0.00731749 -0.00989378
36.2343 -2.20884 -0.00558025 0.00818991 -0.010177
36.5933 -2.20908 -0.00657813 0.0086623 -0.0106998
36.2343 -2.06629 -0.00605345 0.00803718 -0.0101124
36.5933 -2.06651 -0.00663569 0.0087244 -0.0106492
36.9523 -2.20924 -0.00788034 0.00947286 -0.0110357
37.3113 -2.2093 -0.00907935 0.0108712 -0.0113835
36.9523 -2.06665 -0.00818961 0.00940523 -0.0110497
37.3113 -2.06672 -0.00915125 0.0109236 -0.0114373
36.2343 -1.92375 -0.00610054 0.00804784 -0.0101358
36.5933 -1.92396 -0.00646028 0.009045 -0.0107557
36.2343 -1.78121 -0.00634011 0.00804996 -0.0102369
36.5933 -1.7814 -0.00673039 0.00893245 -0.0106585
36.9523 -1.92409 -0.00791876 0.00976643 -0.0110318
37.3113 -1.92414 -0.0092387 0.0109471 -0.0114649
36.9523 -1.78152 -0.00804168 0.00981788 -0.0110206
37.3113 -1.78157 -0.00930068 0.0110217 -0.0114997
34.7984 -1.63736 -0.00584828 0.00829834 -0.00899258
35.1573 -1.63778 -0.00564262 0.00830457 -0.00936404
34.7984 -1.49494 -0.00602528 0.00815055 -0.00908528
35.1574 -1.49533 -0.00584117 0.00811239 -0.00944257
35.5162 -1.63814 -0.00586989 0.00798145 -0.00976933
35.8752 -1.63843 -0.0069122 0.007307 -0.00971044
35.5163 -1.49565 -0.00560198 0.008154 -0.00984666
35.8752 -1.4959 -0.00634428 0.00778137 -0.00985841
34.7985 -1.35254 -0.00609733 0.00810537 -0.00924611
35.1574 -1.35287 -0.00594969 0.00804821 -0.00955811
34.7986 -1.21013 -0.00581218 0.00820912 -0.0092953
35.1575 -1.21043 -0.00602056 0.00796464 -0.00958245
35.5164 -1.35316 -0.00584891 0.00805828 -0.00983862
35.8753 -1.35338 -0.00648558 0.00779343 -0.00999113
35.5164 -1.21069 -0.00599314 0.00803439 -0.00987259
35.8753 -1.21089 -0.00629254 0.00808367 -0.0101236
36.2343 -1.63866 -0.00657206 0.00799617 -0.0102784
36.5933 -1.63884 -0.00658751 0.00913711 -0.0106263
36.2343 -1.49611 -0.00665629 0.00822645 -0.0103389
36.5933 -1.49627 -0.00682141 0.00909716 -0.0106904
36.9523 -1.63895 -0.00804129 0.0099328 -0.0110179
37.3112 -1.63899 -0.0093641 0.011072 -0.0113378
36.9522 -1.49638 -0.00792487 0.0100961 -0.0109785
37.3112 -1.49642 -0.00926156 0.0112521 -0.0114061
36.2343 -1.35357 -0.00688744 0.00818378 -0.0101799
36.5933 -1.35372 -0.00698092 0.00916245 -0.0106213
36.2343 -1.21106 -0.00697519 0.0082612 -0.0102229
36.5932 -1.21118 -0.00707111 0.00913633 -0.0105564
36.9522 -1.35382 -0.00783431 0.0102539 -0.0110117
37.3112 -1.35385 -0.00906782 0.0114441 -0.0114395
36.9521 -1.21126 -0.00809415 0.0100844 -0.0108539
37.3111 -1.21128 -0.00913978 0.0114556 -0.0112946
31.9264 -1.06408 -0.00551792 0.00866482 -0.00541057
32.2855 -1.06468 -0.00572844 0.00886256 -0.00582479
31.9265 -0.9222 -0.0054016 0.0084781 -0.00558653
32.2855 -0.922724 -0.0056024 0.00868578 -0.00597258
32.6445 -1.06525 -0.00587154 0.00894461 -0.00636165
33.0036 -1.06577 -0.00594825 0.00892053 -0.00691352
32.6446 -0.923213 -0.00575577 0.00878989 -0.00647548
33.0036 -0.923665 -0.00584733 0.00879305 -0.00704099
31.9265 -0.780322 -0.00526145 0.00830082 -0.00578211
32.2856 -0.780766 -0.00546765 0.00849717 -0.00609749
31.9266 -0.638444 -0.00513594 0.00807288 -0.00590605
32.2856 -0.638808 -0.00532767 0.00830135 -0.00622746
32.6446 -0.78118 -0.00562451 0.00861281 -0.00655903
33.0037 -0.781562 -0.00572291 0.00863181 -0.00711763
32.6447 -0.639146 -0.00548507 0.00842398 -0.0066312
33.0037 -0.639459 -0.00558096 0.0084448 -0.00716982
33.3626 -1.06625 -0.00593838 0.00876483 -0.00745487
33.7216 -1.06669 -0.00588031 0.00853242 -0.00801531
33.3627 -0.924081 -0.00584663 0.00865472 -0.0076112
33.7217 -0.92446 -0.00578445 0.00842804 -0.00814282
34.0807 -1.06708 -0.00573936 0.00843431 -0.00853093
34.4396 -1.06743 -0.00576963 0.00829964 -0.00896774
34.0807 -0.924802 -0.00572388 0.00829203 -0.00863026
34.4397 -0.925109 -0.00563095 0.00832714 -0.00896277
33.3627 -0.781913 -0.00573134 0.00851173 -0.00770954
33.7217 -0.782234 -0.00568825 0.00831889 -0.00821026
33.3628 -0.639746 -0.00560138 0.00834859 -0.00774737
33.7218 -0.640009 -0.00558068 0.00819352 -0.00826696
34.0808 -0.782523 -0.00568913 0.00813365 -0.00869702
34.4398 -0.782783 -0.00570618 0.00806336 -0.00885947
34.0808 -0.640248 -0.00529329 0.00813275 -0.00874817
34.4398 -0.640461 -0.00533689 0.00820192 -0.00907217
31.9267 -0.496566 -0.0049948 0.00782545 -0.00602349
32.2857 -0.496849 -0.0051916 0.0081029 -0.00633218
31.9267 -0.354689 -0.00482864 0.0075865 -0.00610325
32.2857 -0.354892 -0.00501432 0.00790311 -0.00643512
32.6447 -0.497113 -0.00535667 0.00820973 -0.00670062
33.0038 -0.497356 -0.0054297 0.00824402 -0.00721597
32.6448 -0.35508 -0.005182 0.0080227 -0.00679217
33.0038 -0.355254 -0.00527237 0.00803423 -0.00727017
31.9268 -0.212814 -0.00462792 0.00731895 -0.00608306
32.2858 -0.212935 -0.00486625 0.00765651 -0.0064748
31.9268 -0.0709378 -0.00442212 0.00700895 -0.00606894
32.2859 -0.0709781 -0.00469645 0.00738371 -0.00650275
32.6449 -0.213048 -0.0050289 0.00780224 -0.00687137
33.0039 -0.213152 -0.00510856 0.00781478 -0.00734967
32.6449 -0.0710159 -0.00485715 0.00756573 -0.00695136
33.004 -0.0710508 -0.00493571 0.0075821 -0.00745347
33.3628 -0.49758 -0.00546285 0.008173 -0.00777159
33.7219 -0.497784 -0.00546259 0.00805387 -0.00826248
33.3629 -0.355414 -0.0053157 0.00798438 -0.00780872
33.7219 -0.355559 -0.0053366 0.00790193 -0.00829364
34.0809 -0.497969 -0.00545192 0.00794609 -0.00864682
34.4399 -0.498136 -0.0053441 0.00808257 -0.00900303
34.0809 -0.355691 -0.0053821 0.00782016 -0.00866601
34.4399 -0.355811 -0.00542081 0.00781868 -0.00901131
33.3629 -0.213248 -0.00516345 0.00778817 -0.00787368
33.722 -0.213335 -0.00520104 0.00773569 -0.00836215
33.363 -0.0710828 -0.00500588 0.00758439 -0.00797259
33.722 -0.0711118 -0.00505599 0.00755579 -0.00845849
34.081 -0.213413 -0.00521589 0.00772652 -0.0087702
34.44 -0.213481 -0.00536868 0.00770488 -0.00907338
34.0811 -0.0711369 -0.00509152 0.00756814 -0.00887601
34.4401 -0.071156 -0.005423 0.00758166 -0.00910778
34.7986 -1.06774 -0.00583267 0.00824061 -0.00944475
35.1576 -1.06801 -0.00572153 0.00820748 -0.00969188
34.7987 -0.925372 -0.00587423 0.00810485 -0.00937745
35.1577 -0.925597 -0.00607659 0.00789435 -0.00960101
35.5165 -1.06824 -0.006049 0.00807766 -0.00990604
35.8754 -1.06841 -0.00631912 0.00816873 -0.0101185
35.5166 -0.925784 -0.00608464 0.0080089 -0.00990349
35.8755 -0.92593 -0.00631905 0.00821579 -0.0100296
34.7988 -0.783006 -0.00552751 0.00817597 -0.00933675
35.1577 -0.783187 -0.00590352 0.00792942 -0.00954188
34.7988 -0.640639 -0.00534096 0.0082197 -0.00926897
35.1578 -0.640782 -0.00566703 0.00801951 -0.00949723
35.5167 -0.78334 -0.00603613 0.00807989 -0.00973324
35.8756 -0.783462 -0.00639291 0.00818289 -0.00990526
35.5167 -0.640902 -0.00585929 0.00817694 -0.00965815
35.8756 -0.641004 -0.00572556 0.00858549 -0.00977852
36.2343 -1.06855 -0.00697573 0.00828741 -0.0101893
36.5932 -1.06865 -0.0070969 0.00917812 -0.010563
36.2343 -0.926045 -0.00724903 0.00832843 -0.0101756
36.5932 -0.926131 -0.00746901 0.00902555 -0.0104488
36.9521 -1.06871 -0.00827425 0.00996784 -0.0107832
37.3111 -1.06873 -0.0091957 0.0114106 -0.0111754
36.9521 -0.926183 -0.00828129 0.0100088 -0.0107128
37.3111 -0.926198 -0.00899356 0.0115171 -0.0110351
36.2344 -0.783557 -0.00704394 0.00833975 -0.00997608
36.5932 -0.783622 -0.00725113 0.00941294 -0.0104327
36.2344 -0.641074 -0.0065734 0.00887112 -0.0102308
36.5933 -0.641113 -0.00713777 0.00942704 -0.0102902
36.9521 -0.783654 -0.00854673 0.00981747 -0.0104608
37.3111 -0.783659 -0.00909276 0.011337 -0.0110083
36.9521 -0.641132 -0.00855382 0.00982785 -0.0104283
37.311 -0.641127 -0.00913424 0.0113648 -0.0107522
34.7989 -0.498278 -0.00512427 0.00824459 -0.0091239
35.1579 -0.498388 -0.00537557 0.00820862 -0.00937326
34.7989 -0.355913 -0.00528686 0.0080671 -0.00908755
35.1579 -0.355997 -0.00526418 0.00827978 -0.00923249
35.5168 -0.498478 -0.00577954 0.00821038 -0.00942009
35.8756 -0.498557 -0.00618405 0.008244 -0.00956291
35.5168 -0.356067 -0.00553251 0.00832631 -0.00922694
35.8757 -0.356124 -0.00640762 0.00806586 -0.00915453
34.799 -0.213542 -0.0054314 0.0079745 -0.00913704
35.158 -0.213597 -0.00531083 0.00830451 -0.00897675
34.799 -0.0711748 -0.00575416 0.00768396 -0.00907879
35.158 -0.0711938 -0.00555786 0.00799231 -0.008893
35.5169 -0.213643 -0.00539494 0.00834377 -0.00901291
35.8757 -0.213681 -0.00613633 0.00811204 -0.00902183
35.5169 -0.0712123 -0.00569532 0.00812998 -0.00896355
35.8758 -0.0712265 -0.00625758 0.00811907 -0.00894381
36.2345 -0.498607 -0.00619263 0.00904912 -0.00994164
36.5933 -0.498629 -0.00697942 0.00961421 -0.0101206
36.2346 -0.356154 -0.00641865 0.00884017 -0.00984526
36.5934 -0.356158 -0.00704946 0.0094928 -0.00993073
36.9521 -0.498628 -0.00862933 0.00983018 -0.0102622
37.311 -0.498609 -0.00941466 0.0111683 -0.0106143
36.9522 -0.356143 -0.00833341 0.0100962 -0.0101273
37.311 -0.356114 -0.00952707 0.0111258 -0.0107472
36.2346 -0.213697 -0.00616118 0.00900075 -0.00956661
36.5935 -0.213696 -0.00700727 0.00950597 -0.00932174
36.2347 -0.0712323 -0.00624562 0.00894766 -0.00909682
36.5935 -0.0712343 -0.00712391 0.00936106 -0.00926949
36.9523 -0.213679 -0.00792788 0.0105663 -0.0100782
37.3111 -0.213649 -0.00937959 0.0112182 -0.0106849
36.9523 -0.0712297 -0.00756477 0.0107947 -0.00987802
37.3111 -0.0712144 -0.00865369 0.0117129 -0.010224
