26.1795 -8.87644 -0.00038662 0.000701703 -0.00028743
26.5385 -8.88731 -0.0011272 0.00213529 -0.000370856
26.1795 -8.73663 -0.000445903 0.000633972 -0.000808862
26.5385 -8.74733 -0.00112715 0.00202454 -0.000773646
26.8976 -8.89782 -0.00170701 0.00370539 -0.000144908
27.2565 -8.90798 -0.00284477 0.00510892 -0.000467026
26.8976 -8.75768 -0.00177834 0.00365696 -0.000793851
27.2566 -8.76769 -0.00283454 0.0051219 -0.000771792
26.1795 -8.59683 -0.000524146 0.000574942 -0.0012517
26.5385 -8.60735 -0.00117438 0.00193717 -0.00124909
26.1795 -8.45704 -0.000567786 0.000518063 -0.00179912
26.5385 -8.46739 -0.00127903 0.00196106 -0.00180697
26.8976 -8.61755 -0.00186015 0.00357639 -0.00152478
27.2566 -8.62741 -0.00290803 0.00513813 -0.00124626
26.8976 -8.47743 -0.00190868 0.00356776 -0.00186693
27.2566 -8.48713 -0.00300861 0.00511296 -0.00180799
27.6156 -8.91779 -0.00342118 0.00660797 -0.000374249
27.9746 -8.92727 -0.00421867 0.00751518 -0.000289545
27.6156 -8.77735 -0.00360493 0.0065494 -0.000778752
27.9746 -8.78668 -0.00415845 0.00753526 -0.000402521
28.3336 -8.93638 -0.00459635 0.00826979 -0.000274451
28.6927 -8.94516 -0.00476519 0.00863717 -0.000209807
28.3336 -8.79566 -0.0045392 0.0082889 -0.000263175
28.6927 -8.8043 -0.00482071 0.00860599 -0.000138525
27.6156 -8.63692 -0.00362507 0.0065379 -0.000958157
27.9746 -8.64609 -0.00423009 0.00761016 -0.000667161
27.6156 -8.49649 -0.00369575 0.00658624 -0.0013292
27.9746 -8.50551 -0.00432727 0.00763256 -0.0010324
28.3337 -8.65494 -0.00452332 0.00838207 -0.000506537
28.6927 -8.66344 -0.0049767 0.00863854 -0.000339495
28.3337 -8.51421 -0.00460858 0.00841871 -0.000616726
28.6928 -8.52259 -0.00495733 0.00870953 -0.000380707
26.1795 -8.31725 -0.000621672 0.000501785 -0.00231153
26.5385 -8.32744 -0.00133891 0.00191915 -0.00237968
26.1795 -8.17747 -0.000732981 0.00046514 -0.00280624
26.5385 -8.18749 -0.00144952 0.00181263 -0.00279085
26.8976 -8.33731 -0.00195873 0.00361317 -0.00213892
27.2566 -8.34686 -0.00293798 0.00513617 -0.00209213
26.8976 -8.1972 -0.00208263 0.00349313 -0.00293514
27.2566 -8.20659 -0.00295392 0.00522356 -0.00276645
26.1795 -8.03768 -0.00070031 0.000497341 -0.00341733
26.5385 -8.04753 -0.0014269 0.00184792 -0.00343701
26.1795 -7.89788 -0.000888242 0.000440188 -0.00368137
26.5386 -7.90757 -0.00165627 0.00184192 -0.00372742
26.8976 -8.05707 -0.00226403 0.0034404 -0.0033865
27.2567 -8.06631 -0.00306615 0.00515589 -0.00323594
26.8976 -7.91694 -0.00239814 0.00336604 -0.0038189
27.2567 -7.92602 -0.00306691 0.00513588 -0.00360646
27.6156 -8.35606 -0.00374866 0.0066018 -0.00183283
27.9746 -8.36494 -0.00432092 0.00771651 -0.00116883
27.6157 -8.21565 -0.00376853 0.00665407 -0.00231551
27.9747 -8.22438 -0.00440566 0.00776669 -0.00137884
28.3337 -8.3735 -0.00472024 0.00839264 -0.000766451
28.6928 -8.38173 -0.00478394 0.00874564 -8.93647e-05
28.3337 -8.23279 -0.0047293 0.00853788 -0.00109167
28.6928 -8.24088 -0.00493932 0.00887065 -0.000354643
27.6157 -8.07522 -0.00377374 0.0067145 -0.0024142
27.9747 -8.0838 -0.0045789 0.00781398 -0.00183521
27.6157 -7.93478 -0.00380513 0.0067272 -0.00287213
27.9748 -7.94323 -0.00451411 0.00792728 -0.00218625
28.3338 -8.09208 -0.00474417 0.00853055 -0.00110648
28.6928 -8.10003 -0.00498358 0.00888481 -0.00050064
28.3338 -7.95136 -0.00489407 0.00861067 -0.00128473
28.6929 -7.95918 -0.00494982 0.00903406 -0.000645318
29.0518 -8.95359 -0.00481444 0.0087075 -0.000198021
29.4108 -8.96167 -0.00488191 0.00859621 -0.000143619
29.0518 -8.8126 -0.00472678 0.00874322 -8.92863e-05
29.4109 -8.82055 -0.00496668 0.0085557 -4.39589e-05
29.7699 -8.9694 -0.00481413 0.00852126 -0.000190626
30.129 -8.97678 -0.00486551 0.00829694 -0.000125293
29.7699 -8.82816 -0.00481692 0.00850114 -2.25624e-05
30.129 -8.83543 -0.00479234 0.00834397 -7.87978e-05
29.0518 -8.67161 -0.00472984 0.00881203 -7.71775e-05
29.4109 -8.67944 -0.00499144 0.00855525 1.55083e-05
29.0518 -8.53061 -0.00473972 0.00887778 5.57535e-06
29.4109 -8.53832 -0.00499926 0.00858746 7.35775e-05
29.77 -8.68693 -0.00478674 0.00848632 6.53995e-05
30.129 -8.69408 -0.0047289 0.00828991 2.16905e-05
29.77 -8.54569 -0.00480484 0.00848139 9.52506e-05
30.1291 -8.55273 -0.00476795 0.00826983 3.77191e-05
30.4881 -8.98381 -0.00475304 0.00817312 -0.000195221
30.8471 -8.99049 -0.00476188 0.0081298 -0.000117106
30.4881 -8.84236 -0.00468932 0.00822072 -4.02954e-05
30.8471 -8.84893 -0.00483173 0.00811705 -0.000177594
31.2062 -8.99683 -0.00476051 0.00807042 -7.85815e-05
31.5652 -9.00281 -0.00497545 0.00793238 -5.21793e-05
31.2062 -8.85517 -0.00475019 0.00808864 -3.59574e-05
31.5652 -8.86105 -0.00501597 0.0079047 -9.63336e-05
30.4881 -8.7009 -0.00476969 0.00812419 0.000141952
30.8472 -8.70738 -0.0048813 0.00809368 -0.000152375
30.4881 -8.55943 -0.00486235 0.00807114 3.19779e-05
30.8472 -8.5658 -0.00484574 0.00811734 0.000320731
31.2062 -8.7135 -0.00452943 0.00803308 -8.49067e-05
31.5652 -8.7193 -0.00498995 0.00785413 -0.000107424
31.2063 -8.57184 -0.00449237 0.00810223 -0.000123154
31.5653 -8.57755 -0.00484117 0.00783473 -0.00015613
29.0519 -8.38963 -0.00480808 0.00885445 3.73883e-06
29.4109 -8.39721 -0.00496322 0.00855027 9.85157e-05
29.0519 -8.24865 -0.00487533 0.00899348 -0.000103471
29.411 -8.25611 -0.00491455 0.00864087 0.000123008
29.77 -8.40445 -0.00479127 0.00842918 0.000166138
30.1291 -8.41138 -0.004784 0.0082331 9.41222e-05
29.77 -8.26323 -0.0048219 0.0083645 0.000260433
30.1291 -8.27004 -0.00474771 0.00824842 5.47847e-05
29.0519 -8.10768 -0.00483474 0.00907997 -0.000174281
29.411 -8.11501 -0.00479187 0.0087298 0.000135253
29.0519 -7.9667 -0.00501558 0.0090094 -0.000191812
29.411 -7.97392 -0.00463416 0.00878969 9.12018e-05
29.77 -8.12202 -0.00491712 0.00832129 0.000136022
30.1292 -8.12872 -0.00473531 0.0082286 0.000113714
29.7701 -7.98082 -0.00492048 0.00839058 -1.91755e-05
30.1292 -7.9874 -0.00490126 0.00819401 0.0002151
30.4882 -8.41797 -0.00483017 0.00812863 0.000172883
30.8473 -8.42423 -0.00480418 0.00804637 0.000138279
30.4882 -8.27652 -0.00491482 0.00810254 0.000147741
30.8473 -8.28269 -0.00476709 0.00805837 0.000185554
31.2063 -8.43017 -0.00456869 0.00807644 8.01619e-05
31.5653 -8.43579 -0.00468696 0.00797437 2.6153e-05
31.2064 -8.28853 -0.00451974 0.00799289 1.60989e-06
31.5654 -8.29405 -0.0046172 0.00785315 8.07064e-06
30.4883 -8.13509 -0.00495066 0.00805007 0.000277969
30.8473 -8.14114 -0.00470646 0.00809777 0.000252036
30.4883 -7.99366 -0.00495726 0.00809777 0.000163405
30.8474 -7.99961 -0.00459993 0.00816334 0.000273091
31.2064 -8.14689 -0.00448835 0.00796554 0.000101355
31.5654 -8.15232 -0.00465322 0.00783067 4.41964e-05
31.2065 -8.00527 -0.00451734 0.0079553 1.66484e-05
31.5654 -8.01061 -0.00458413 0.00776817 4.9959e-05
26.1795 -7.75809 -0.000871607 0.000468964 -0.00414103
26.5386 -7.76761 -0.00158209 0.00181783 -0.0043342
26.1795 -7.61831 -0.000915815 0.00046026 -0.00450338
26.5385 -7.62766 -0.00161383 0.00184861 -0.00462252
26.8976 -7.77683 -0.00242848 0.00333045 -0.00425474
27.2567 -7.78574 -0.00314323 0.00505886 -0.00392519
26.8976 -7.63671 -0.00237699 0.00320374 -0.00463171
27.2567 -7.64547 -0.00319359 0.00497216 -0.00433657
26.1795 -7.47853 -0.000949271 0.000449775 -0.00476207
26.5385 -7.48771 -0.00166209 0.00189399 -0.00497961
26.1795 -7.33874 -0.000919932 0.000473191 -0.0050707
26.5385 -7.34776 -0.00171365 0.00182244 -0.00513982
26.8976 -7.4966 -0.00240447 0.00331328 -0.00493489
27.2567 -7.5052 -0.003197 0.00497514 -0.00450089
26.8976 -7.35648 -0.0025044 0.00327217 -0.00511575
27.2567 -7.36493 -0.00318627 0.00490678 -0.00477878
27.6157 -7.79436 -0.00395024 0.0066722 -0.00334211
27.9748 -7.80266 -0.00460568 0.00796642 -0.00257233
27.6157 -7.65393 -0.00396556 0.00663983 -0.0035794
27.9748 -7.66209 -0.0047038 0.00798305 -0.00273634
28.3338 -7.81066 -0.00490646 0.00874009 -0.00159094
28.6929 -7.81834 -0.00492922 0.0091164 -0.000888061
28.3339 -7.66994 -0.00493792 0.0088807 -0.00190999
28.6929 -7.6775 -0.00510006 0.00919663 -0.00109336
27.6157 -7.51351 -0.00396853 0.00658029 -0.00392528
27.9748 -7.52151 -0.00473855 0.00800772 -0.00301269
27.6158 -7.37308 -0.00398445 0.00649033 -0.00418125
27.9748 -7.38094 -0.00469023 0.00794477 -0.00327074
28.3339 -7.52923 -0.00487771 0.00896831 -0.00217977
28.6929 -7.53665 -0.00518024 0.00925882 -0.00135016
28.3339 -7.38852 -0.00497396 0.008971 -0.00240341
28.693 -7.39581 -0.00507847 0.00937093 -0.00158216
26.1795 -7.19897 -0.000931063 0.000462157 -0.00532065
26.5385 -7.20781 -0.0016166 0.00187829 -0.0053145
26.1795 -7.05919 -0.000971055 0.000416623 -0.00538428
26.5385 -7.06787 -0.00162551 0.00183757 -0.00535866
26.8976 -7.21637 -0.00249597 0.00330267 -0.00526588
27.2567 -7.22466 -0.00318386 0.00485418 -0.00495165
26.8976 -7.07627 -0.00245185 0.00326895 -0.00517392
27.2567 -7.08439 -0.00315095 0.00479338 -0.00500884
26.1795 -6.91941 -0.000957638 0.000430278 -0.00541404
26.5385 -6.92792 -0.0015197 0.00183754 -0.00531633
26.1795 -6.77964 -0.000910087 0.000436718 -0.00536022
26.5385 -6.78797 -0.0016006 0.00179898 -0.00530059
26.8976 -6.93616 -0.00234712 0.00329074 -0.00534951
27.2567 -6.94412 -0.00312145 0.00472255 -0.00500239
26.8976 -6.79605 -0.00232225 0.00321006 -0.00521294
27.2567 -6.80385 -0.00307971 0.00466337 -0.00492867
27.6158 -7.23266 -0.00395778 0.00640404 -0.00434376
27.9749 -7.24037 -0.00462252 0.00784794 -0.00358846
27.6158 -7.09224 -0.003951 0.00629928 -0.00443027
27.9749 -7.0998 -0.00459804 0.00776608 -0.00375555
28.3339 -7.24781 -0.00512248 0.00896204 -0.00261091
28.693 -7.25496 -0.00508761 0.00945969 -0.001791
28.3339 -7.1071 -0.00508034 0.00883986 -0.00285088
28.693 -7.11412 -0.00513739 0.00944079 -0.00213757
27.6158 -6.95181 -0.00387874 0.00622872 -0.00450083
27.9749 -6.95924 -0.00454989 0.00762903 -0.00383194
27.6158 -6.81139 -0.0038288 0.00615386 -0.00450018
27.9749 -6.81866 -0.00448353 0.00753236 -0.00393411
28.334 -6.96639 -0.00506577 0.00872847 -0.00312929
28.693 -6.97327 -0.00519868 0.00940176 -0.00239424
28.334 -6.82567 -0.00500159 0.00863143 -0.00324186
28.693 -6.83241 -0.00525036 0.00926366 -0.00270864
29.052 -7.82573 -0.00507786 0.0089539 -0.00037254
29.411 -7.83282 -0.00476838 0.00882632 -0.000107935
29.052 -7.68476 -0.00502365 0.00911685 -0.000545607
29.411 -7.69172 -0.00481509 0.00881272 -0.000268488
29.7701 -7.83961 -0.00476719 0.00846222 -0.000210546
30.1292 -7.84607 -0.00509964 0.00805571 0.000188776
29.7701 -7.69839 -0.00470285 0.00838732 -1.7836e-05
30.1292 -7.70475 -0.00529956 0.00800996 8.91906e-06
29.052 -7.54378 -0.00503725 0.00911287 -0.000629496
29.4111 -7.55063 -0.00468693 0.00883247 -0.000454896
29.052 -7.4028 -0.00511991 0.0091417 -0.000908756
29.411 -7.40953 -0.00477962 0.00883628 -0.000444173
29.7701 -7.55718 -0.00485487 0.00837289 -0.000196687
30.1292 -7.56341 -0.00544159 0.00813054 0.000137818
29.7701 -7.41595 -0.0048349 0.00843772 -0.000415581
30.1292 -7.42207 -0.00549887 0.0081315 -2.9386e-05
30.4883 -7.85223 -0.00487622 0.00817004 0.000103964
30.8474 -7.85809 -0.00440045 0.00822081 0.000142147
30.4884 -7.7108 -0.00484372 0.00825745 9.4877e-05
30.8475 -7.71657 -0.00427733 0.00813135 5.51823e-05
31.2065 -7.86366 -0.00456807 0.00787917 0.000222172
31.5654 -7.86892 -0.00478449 0.00757648 5.41318e-05
31.2064 -7.72204 -0.00462053 0.00771409 0.000126368
31.5654 -7.72721 -0.00508095 0.00752811 0.000399627
30.4884 -7.56936 -0.00484045 0.00831615 7.04035e-05
30.8474 -7.57503 -0.00437938 0.0081176 3.76977e-05
30.4884 -7.42791 -0.00484644 0.0083565 -2.60244e-05
30.8474 -7.43347 -0.00446414 0.00810262 1.47311e-05
31.2064 -7.5804 -0.0046029 0.00771908 5.93687e-05
31.5654 -7.58546 -0.00510975 0.00751448 0.000297039
31.2064 -7.43875 -0.00478575 0.00764894 4.48879e-05
31.5655 -7.4437 -0.00495021 0.0076094 -4.72445e-05
29.052 -7.26183 -0.00514849 0.00920656 -0.0012616
29.411 -7.26842 -0.00498619 0.00886106 -0.000828274
29.052 -7.12086 -0.00519947 0.00926045 -0.00161896
29.4111 -7.12731 -0.00504508 0.00890366 -0.00113209
29.7701 -7.27473 -0.00477675 0.00848231 -0.000552853
30.1292 -7.28072 -0.00545966 0.00803024 -5.28008e-05
29.7701 -7.1335 -0.0049923 0.00841255 -0.000554422
30.1292 -7.13938 -0.00529207 0.00824938 -0.000667301
29.052 -6.97988 -0.00520746 0.00928703 -0.00186857
29.4111 -6.98621 -0.00513988 0.00884881 -0.00140751
29.0521 -6.83889 -0.00521736 0.00931847 -0.00216144
29.4111 -6.84509 -0.00528409 0.00895689 -0.00168036
29.7701 -6.99225 -0.00543065 0.00848179 -0.000876282
30.1292 -6.99803 -0.00512744 0.00859689 -0.000710763
29.7701 -6.85102 -0.00550171 0.00867157 -0.00122963
30.1293 -6.85668 -0.00520092 0.00876307 -0.000830274
30.4884 -7.28646 -0.00484983 0.00842995 -0.000129433
30.8474 -7.29191 -0.00457013 0.00809278 -2.9546e-05
30.4884 -7.145 -0.0048537 0.00845345 -0.000193134
30.8475 -7.15034 -0.00469547 0.00810154 -0.000219467
31.2064 -7.29707 -0.00493409 0.00762093 0.00015989
31.5655 -7.30193 -0.00476555 0.00780716 7.7289e-05
31.2065 -7.1554 -0.00494932 0.00776287 9.82532e-05
31.5655 -7.16016 -0.00477832 0.00789587 -1.89967e-05
30.4884 -7.00353 -0.00492511 0.00848612 -0.000405324
30.8475 -7.00877 -0.00483857 0.0081687 -0.000245847
30.4884 -6.86208 -0.00498031 0.00855861 -0.000631906
30.8475 -6.86721 -0.00496834 0.00826599 -0.000307287
31.2065 -7.01372 -0.00492911 0.00792163 -5.88932e-05
31.5656 -7.0184 -0.00476932 0.00795403 -0.000103161
31.2066 -6.87206 -0.00495553 0.00807991 -0.00022464
31.5656 -6.87665 -0.00474123 0.00796943 -0.000195259
31.9242 -9.00844 -0.00502089 0.00791305 -0.000147408
32.2833 -9.01372 -0.00509524 0.00788185 -5.29544e-05
31.9242 -8.8666 -0.00505025 0.00788623 -0.000122087
32.2833 -8.8718 -0.00507823 0.00784243 -0.000191456
32.6425 -9.01865 -0.00502726 0.00775307 -0.000122065
33.0016 -9.02324 -0.00476864 0.00753836 -0.000121206
32.6425 -8.87666 -0.00492827 0.00778008 -0.000222948
33.0016 -8.88118 -0.0048981 0.00752256 -3.75333e-05
31.9243 -8.72475 -0.00506618 0.00787308 -6.63567e-05
32.2833 -8.72987 -0.00511698 0.00783717 -0.00015656
31.9243 -8.5829 -0.0049757 0.00784113 -8.24221e-05
32.2833 -8.58794 -0.0051761 0.00775484 -1.96552e-05
32.6425 -8.73466 -0.00482419 0.00778012 -0.000170248
33.0016 -8.73912 -0.00494054 0.00755682 -4.07689e-05
32.6425 -8.59266 -0.00494141 0.00779272 -0.000211563
33.0016 -8.59704 -0.00490138 0.0076486 -0.000200039
33.3608 -9.02747 -0.00478846 0.00740265 -6.19669e-05
33.7199 -9.03135 -0.00461806 0.00707954 -0.000169211
33.3608 -8.88535 -0.00461324 0.0073363 -0.000289286
33.7199 -8.88918 -0.00451551 0.00702072 4.69483e-05
34.079 -9.03487 -0.00463656 0.00659123 -1.15439e-05
34.4382 -9.03805 -0.00447046 0.00648383 -4.28233e-05
34.0791 -8.89264 -0.00468589 0.00656816 -0.000119496
34.4382 -8.89577 -0.00451642 0.0064194 -7.28656e-05
33.3608 -8.74323 -0.00464576 0.00736017 -0.000162462
33.7199 -8.74699 -0.00470783 0.00694036 -9.90728e-05
33.3608 -8.60108 -0.00459946 0.00728528 -0.000229987
33.7199 -8.60479 -0.00485954 0.00675718 -0.00022111
34.0791 -8.75042 -0.00457728 0.006624 -0.000355329
34.4382 -8.7535 -0.00448027 0.00639046 -0.000270248
34.0791 -8.60816 -0.00455341 0.00669753 -0.000285704
34.4383 -8.61119 -0.00443147 0.00644825 -0.000297573
31.9243 -8.44107 -0.0048641 0.00790689 -8.83114e-05
32.2833 -8.44602 -0.00533366 0.00762531 2.78566e-05
31.9243 -8.29925 -0.00488717 0.00776124 -0.000129387
32.2833 -8.30412 -0.00530946 0.00759014 -0.000249905
32.6425 -8.45066 -0.0050078 0.00775504 -0.000190607
33.0016 -8.45497 -0.00486065 0.00757833 -0.000254211
32.6425 -8.30867 -0.00498403 0.00775512 -0.000133143
33.0016 -8.31291 -0.00483136 0.00749546 -0.000367081
31.9243 -8.15743 -0.00506056 0.00769907 9.17233e-05
32.2833 -8.16221 -0.00516607 0.00774282 -0.000138712
31.9243 -8.01561 -0.00516814 0.00755913 0.000310547
32.2833 -8.02032 -0.00507478 0.00776571 -1.7445e-05
32.6425 -8.16669 -0.00491025 0.00774678 -0.000142519
33.0016 -8.17085 -0.00480284 0.00750884 -0.000167133
32.6425 -8.02472 -0.00482919 0.00772839 -0.000162835
33.0016 -8.0288 -0.00481478 0.0075 -0.000228682
33.3607 -8.45895 -0.00462585 0.00730203 -0.000280551
33.7199 -8.46259 -0.00486917 0.00688198 -0.000367175
33.3607 -8.31682 -0.00471141 0.00728903 -0.00024311
33.7199 -8.32041 -0.00475626 0.00690617 -0.00036762
34.0791 -8.46591 -0.00456389 0.00665893 -0.000289695
34.4383 -8.4689 -0.00441532 0.00644864 -0.00037166
34.0791 -8.32366 -0.00459337 0.00660678 -0.000361565
34.4383 -8.32659 -0.0044176 0.00644764 -0.000431891
33.3607 -8.1747 -0.00474601 0.00724896 -0.000297975
33.7199 -8.17822 -0.0047191 0.00691781 -0.000363484
33.3607 -8.03258 -0.00473494 0.0072089 -0.000337254
33.7199 -8.03604 -0.00468361 0.00685599 -0.000419693
34.0791 -8.18142 -0.00460427 0.00657382 -0.000436345
34.4383 -8.1843 -0.00448125 0.00644223 -0.000555646
34.0791 -8.03918 -0.00460045 0.00654945 -0.000519765
34.4383 -8.04201 -0.00451479 0.00642762 -0.000568141
34.7974 -9.04088 -0.00466259 0.00660051 -0.000102018
35.1565 -9.04334 -0.0052597 0.00704376 -6.13489e-05
34.7974 -8.89856 -0.00459167 0.00656205 -0.00015949
35.1566 -8.90098 -0.00530779 0.00706767 -0.00033558
35.5158 -9.04545 -0.00598773 0.00795785 -7.18108e-05
35.8751 -9.04721 -0.00669327 0.00910961 -0.00020033
35.5158 -8.90306 -0.00608943 0.0078988 -0.000367978
35.8751 -8.90479 -0.00674073 0.00904743 -0.000481599
34.7974 -8.75623 -0.00453447 0.00658944 -0.000264213
35.1566 -8.75862 -0.00528576 0.0070738 -0.000420144
34.7974 -8.61389 -0.00450601 0.00662062 -0.000395169
35.1566 -8.61625 -0.00530964 0.00709889 -0.000834934
35.5158 -8.76066 -0.00614241 0.00784936 -0.000696177
35.8751 -8.76236 -0.00679166 0.0089339 -0.000660992
35.5158 -8.61825 -0.00607454 0.00786732 -0.000702336
35.8751 -8.61992 -0.00699115 0.00871203 -0.000868654
36.2345 -9.04864 -0.0073312 0.010399 1.97113e-05
36.5938 -9.04971 -0.00845184 0.0111102 -0.000358877
36.2345 -8.90618 -0.007363 0.0103537 -0.000469748
36.5938 -8.90724 -0.00849932 0.0110872 -0.000697997
36.9532 -9.05041 -0.00919778 0.0120338 -0.000198016
37.3125 -9.05077 -0.00953506 0.0126043 -0.000127907
36.9531 -8.90794 -0.0091163 0.0119785 -0.00052332
37.3125 -8.90829 -0.00965918 0.0124409 -0.000569997
36.2345 -8.76373 -0.00743445 0.0103366 -0.000811089
36.5938 -8.76477 -0.00844727 0.0111239 -0.00111018
36.2344 -8.62127 -0.00753146 0.0102196 -0.0011963
36.5938 -8.62231 -0.00824264 0.0111399 -0.00105288
36.9531 -8.76545 -0.00924887 0.0117809 -0.000762338
37.3125 -8.7658 -0.00968039 0.0124424 -0.000873164
36.9531 -8.62296 -0.00930969 0.0116539 -0.00114219
37.3124 -8.6233 -0.00968533 0.012425 -0.00116103
34.7975 -8.47155 -0.00452223 0.00670226 -0.000563965
35.1566 -8.47387 -0.00514845 0.00711901 -0.000773639
34.7975 -8.3292 -0.00449241 0.00661245 -0.000697736
35.1567 -8.33147 -0.0050966 0.0071959 -0.000885873
35.5158 -8.47584 -0.00604253 0.00784854 -0.000982819
35.875 -8.47748 -0.00744721 0.00867916 -0.00153604
35.5158 -8.33341 -0.0060095 0.00790068 -0.00136999
35.875 -8.33502 -0.00747497 0.00847678 -0.00176938
34.7975 -8.18686 -0.00451565 0.00658912 -0.00071064
35.1567 -8.18909 -0.00500757 0.00707892 -0.00110012
34.7975 -8.04452 -0.0046017 0.00655471 -0.000818171
35.1567 -8.04672 -0.00500582 0.00710328 -0.00130277
35.5159 -8.19099 -0.00592297 0.00791846 -0.00141792
35.8751 -8.19257 -0.00719244 0.00843884 -0.00162431
35.5159 -8.0486 -0.00590484 0.00790025 -0.00171704
35.8751 -8.05016 -0.00685291 0.00876173 -0.00185678
36.2344 -8.4788 -0.00760271 0.0100898 -0.00146866
36.5938 -8.47981 -0.00821921 0.0110984 -0.00123279
36.2344 -8.3363 -0.0076194 0.00994442 -0.00152928
36.5937 -8.33729 -0.00826401 0.0109937 -0.00169451
36.9531 -8.48047 -0.00931647 0.0116445 -0.00156594
37.3124 -8.4808 -0.00964644 0.0123846 -0.00144885
36.953 -8.33796 -0.00927808 0.0116103 -0.00175575
37.3124 -8.33829 -0.00966597 0.0123109 -0.00184987
36.2343 -8.19382 -0.0078704 0.00951482 -0.001637
36.5936 -8.19481 -0.00834084 0.01087 -0.00209047
36.2343 -8.05139 -0.00817963 0.00926224 -0.00213744
36.5936 -8.05234 -0.0085515 0.0106631 -0.00245074
36.953 -8.19546 -0.00913302 0.0116307 -0.00208173
37.3123 -8.19579 -0.00975114 0.0122679 -0.00195091
36.9529 -8.05298 -0.00900723 0.0115793 -0.00234216
37.3123 -8.0533 -0.00987453 0.0121957 -0.00238352
31.9244 -7.87383 -0.00513137 0.00752126 -7.11952e-05
32.2834 -7.87843 -0.00491519 0.00786398 1.38531e-05
31.9245 -7.73204 -0.00493235 0.00772759 -1.85147e-05
32.2835 -7.73656 -0.00468284 0.00783428 -0.000136335
32.6425 -7.88275 -0.00483993 0.00774045 -9.68121e-05
33.0016 -7.88676 -0.00481348 0.00745131 -0.000247712
32.6426 -7.74078 -0.00484943 0.00761421 -4.25211e-05
33.0016 -7.74471 -0.00481264 0.00737624 -0.000236178
31.9245 -7.59021 -0.00480072 0.0079155 0.000101391
32.2836 -7.59466 -0.00466366 0.00781077 9.74551e-05
31.9246 -7.44837 -0.00467878 0.00790064 2.02395e-05
32.2837 -7.45275 -0.00478301 0.00775622 -7.48732e-05
32.6426 -7.59881 -0.00483865 0.00752492 -0.000167091
33.0017 -7.60266 -0.00484422 0.00734303 -0.000250996
32.6427 -7.45682 -0.00484843 0.00755262 -0.000162179
33.0017 -7.46061 -0.00482406 0.00727504 -0.000329894
33.3607 -7.89046 -0.00471864 0.00713677 -0.000355717
33.7199 -7.89385 -0.00464744 0.006836 -0.000471866
33.3608 -7.74834 -0.0047054 0.00707455 -0.000406606
33.7199 -7.75167 -0.00461219 0.00680521 -0.000547449
34.0791 -7.89694 -0.00460771 0.00654684 -0.000625735
34.4383 -7.89971 -0.00455467 0.0063642 -0.000718351
34.0791 -7.7547 -0.00456891 0.0064805 -0.000699099
34.4383 -7.75742 -0.0046225 0.00627141 -0.000931915
33.3608 -7.60622 -0.00467901 0.00702401 -0.000431161
33.72 -7.60949 -0.00461639 0.0067288 -0.00065215
33.3608 -7.4641 -0.00466634 0.00696643 -0.000453224
33.72 -7.46731 -0.00458015 0.00664061 -0.000744706
34.0791 -7.61246 -0.00455731 0.00653708 -0.000678485
34.4383 -7.61513 -0.00462819 0.00632461 -0.000991057
34.0791 -7.47022 -0.00452619 0.00640768 -0.000861555
34.4383 -7.47284 -0.00454132 0.00632865 -0.00102688
31.9246 -7.30652 -0.00471284 0.0078651 2.51249e-05
32.2837 -7.31082 -0.00481522 0.00774633 -1.69166e-05
31.9246 -7.16466 -0.00485003 0.00781713 -0.000146629
32.2837 -7.16888 -0.00484742 0.00767823 -0.000166476
32.6427 -7.31483 -0.0048315 0.00751079 -0.000218358
33.0018 -7.31855 -0.00476136 0.00724271 -0.00043172
32.6428 -7.17282 -0.00473503 0.00758475 -0.000247986
33.0018 -7.17648 -0.00480543 0.00720274 -0.00037642
31.9246 -7.02281 -0.004914 0.00778313 -5.01722e-05
32.2837 -7.02694 -0.00487889 0.00768028 -0.000263058
31.9247 -6.88097 -0.00498366 0.00776754 -0.000182988
32.2837 -6.88502 -0.00490449 0.00770328 -0.000323593
32.6428 -7.03081 -0.0047154 0.0075169 -0.000377627
33.0019 -7.0344 -0.00477203 0.00719013 -0.000513665
32.6428 -6.88881 -0.00485654 0.0074982 -0.000457615
33.0019 -6.89232 -0.0047331 0.00719663 -0.000582196
33.3609 -7.32198 -0.00461743 0.00693449 -0.000547572
33.72 -7.32513 -0.00452741 0.00658155 -0.000730172
33.3609 -7.17985 -0.00458086 0.00691863 -0.000673233
33.72 -7.18294 -0.00450959 0.00654459 -0.000846322
34.0792 -7.32798 -0.00454346 0.0063329 -0.000973677
34.4383 -7.33056 -0.00453897 0.00634187 -0.00120058
34.0792 -7.18574 -0.00452405 0.00632198 -0.00110279
34.4384 -7.18826 -0.00457355 0.00634188 -0.00134811
33.361 -7.03771 -0.00460521 0.00686949 -0.000712045
33.7201 -7.04074 -0.00447904 0.00652678 -0.000934091
33.361 -6.89556 -0.00461238 0.00684005 -0.000790072
33.7201 -6.89854 -0.0044503 0.00651068 -0.001022
34.0792 -7.04349 -0.00451087 0.00631808 -0.00120725
34.4384 -7.04596 -0.00458338 0.00632204 -0.00147248
34.0792 -6.90123 -0.00453651 0.00629818 -0.00129458
34.4384 -6.90366 -0.00460957 0.00632183 -0.00164501
34.7975 -7.90219 -0.00464292 0.00655501 -0.000936046
35.1568 -7.90435 -0.00500071 0.00712284 -0.00147375
34.7975 -7.75985 -0.00466529 0.00652921 -0.000995431
35.1568 -7.76198 -0.00501315 0.0071405 -0.00148451
35.516 -7.90621 -0.00583443 0.00783286 -0.00183887
35.8751 -7.90775 -0.00677434 0.00874698 -0.00231801
35.516 -7.7638 -0.00582256 0.00784714 -0.0019308
35.8751 -7.76532 -0.00670854 0.00856863 -0.00249697
34.7975 -7.61751 -0.00475718 0.006484 -0.00120264
35.1568 -7.61961 -0.00498435 0.00712272 -0.0016068
34.7975 -7.47517 -0.00482168 0.00641431 -0.00136091
35.1568 -7.47722 -0.00509043 0.00691885 -0.00164828
35.516 -7.62139 -0.00570907 0.00780203 -0.00210334
35.8751 -7.62288 -0.00659827 0.00861328 -0.0024233
35.516 -7.47897 -0.00556565 0.00772756 -0.00225234
35.8752 -7.48043 -0.00658094 0.00851459 -0.00270028
36.2343 -7.90897 -0.00822252 0.00951277 -0.00275219
36.5935 -7.90986 -0.00849633 0.0105668 -0.00275255
36.2343 -7.7665 -0.00782838 0.00932752 -0.00270615
36.5936 -7.7674 -0.00848294 0.0104174 -0.00322466
36.9529 -7.91047 -0.00925606 0.0112327 -0.00244661
37.3123 -7.9108 -0.00987907 0.0122468 -0.0026341
36.9528 -7.76798 -0.00980107 0.0106931 -0.00260064
37.3122 -7.76829 -0.010037 0.0122708 -0.0030527
36.2344 -7.62406 -0.00743007 0.00972913 -0.00296633
36.5936 -7.62497 -0.00829206 0.0107152 -0.00324835
36.2343 -7.48158 -0.0077471 0.00964948 -0.00324576
36.5936 -7.48247 -0.00841702 0.0104573 -0.00304243
36.9528 -7.62552 -0.00958576 0.011378 -0.00359996
37.3122 -7.62581 -0.0101325 0.0123306 -0.00307894
36.9528 -7.48303 -0.0094615 0.0115374 -0.00360416
37.3122 -7.48331 -0.0101375 0.0123366 -0.00333755
34.7975 -7.33284 -0.00479601 0.00643807 -0.00153431
35.1567 -7.33484 -0.00521956 0.00684873 -0.00181072
34.7975 -7.19051 -0.00480577 0.00646232 -0.00168188
35.1567 -7.19247 -0.00522974 0.00674828 -0.0020041
35.516 -7.33656 -0.00552171 0.00761782 -0.00237307
35.8752 -7.338 -0.00641259 0.00847662 -0.00275971
35.516 -7.19416 -0.00558726 0.00752372 -0.00246088
35.8752 -7.19558 -0.00633162 0.00842673 -0.00296593
34.7975 -7.04817 -0.00482394 0.00647019 -0.00188443
35.1567 -7.05009 -0.00521848 0.00679425 -0.00223616
34.7976 -6.90582 -0.00485266 0.00647676 -0.00200019
35.1567 -6.90771 -0.00528563 0.00682426 -0.00241685
35.5159 -7.05175 -0.0057375 0.00737083 -0.00262584
35.8751 -7.05313 -0.00624244 0.00826415 -0.00285327
35.5159 -6.90933 -0.00576231 0.00729784 -0.0028065
35.8751 -6.91068 -0.00630679 0.00802325 -0.0029547
36.2343 -7.33913 -0.00786502 0.00953876 -0.00313456
36.5936 -7.33998 -0.00816868 0.0102645 -0.00338074
36.2344 -7.19668 -0.0073217 0.00957596 -0.00297103
36.5936 -7.19751 -0.00830014 0.00960509 -0.00342785
36.9528 -7.34053 -0.0094325 0.0111451 -0.00332114
37.3122 -7.34081 -0.0101356 0.0122142 -0.00367657
36.9528 -7.19806 -0.00932221 0.0109382 -0.00373319
37.3122 -7.19832 -0.00994616 0.0122936 -0.00361133
36.2344 -7.05423 -0.00652971 0.00942527 -0.00355843
36.5936 -7.05507 -0.0079348 0.0097838 -0.00390906
36.2344 -6.91176 -0.00702779 0.00914534 -0.00351768
36.5936 -6.91258 -0.0078001 0.0097793 -0.0035206
36.9528 -7.05558 -0.00917037 0.0106811 -0.00357241
37.3122 -7.05584 -0.0095856 0.0123939 -0.0039326
36.9528 -6.9131 -0.0088741 0.0104461 -0.0039246
37.3121 -6.91336 -0.00951977 0.0121044 -0.00415393
