26.1796 6.77969 0.000889657 0.00019216 -0.00738125
26.5388 6.78807 0.00103946 -0.000130226 -0.00744366
26.1796 6.91947 0.000854263 0.000121555 -0.00735978
26.5388 6.92802 0.00108285 -0.000134889 -0.00737256
26.898 6.79619 0.00109832 -0.000205772 -0.00744929
27.2573 6.80404 0.00106291 -6.77062e-05 -0.00738668
26.898 6.93629 0.0010908 -0.000171879 -0.00728967
27.2573 6.9443 0.00101691 -5.76051e-05 -0.0071195
26.1796 7.05924 0.00102323 0.000204911 -0.00731542
26.5388 7.06796 0.00108797 -0.000125075 -0.00720294
26.1796 7.19903 0.000946441 0.000162259 -0.00711248
26.5388 7.20791 0.00106002 -0.000120826 -0.0069425
26.898 7.0764 0.00105755 -0.000161486 -0.00698665
27.2573 7.08456 0.000949961 -1.27184e-05 -0.0067976
26.8981 7.21651 0.0010247 -0.000106842 -0.00665603
27.2573 7.22483 0.000901499 6.11492e-05 -0.00637177
27.6165 6.81163 0.000895108 0.000220308 -0.00729677
27.9758 6.81895 0.000699054 0.000548096 -0.00718767
27.6166 6.95204 0.000840155 0.000255717 -0.00698504
27.9758 6.9595 0.000619762 0.000646984 -0.0068684
28.3351 6.826 0.000518217 0.000824348 -0.00701268
28.6944 6.83278 0.000282707 0.00117164 -0.00674859
28.3351 6.96669 0.00040011 0.000990314 -0.00667913
28.6945 6.97361 0.000130871 0.00140465 -0.0064198
27.6166 7.09245 0.000777104 0.000307541 -0.00659395
27.9759 7.10006 0.000532947 0.000743998 -0.00647505
27.6166 7.23286 0.00070429 0.000370316 -0.00615272
27.9759 7.24061 0.000441675 0.000820791 -0.00600272
28.3352 7.10739 0.000279155 0.00114468 -0.00627955
28.6945 7.11444 -3.48352e-05 0.0016182 -0.00603839
28.3352 7.24808 0.000160069 0.00128065 -0.00583565
28.6945 7.25526 -0.00018308 0.00181552 -0.00564515
26.1796 7.33881 0.000904536 0.000151825 -0.00679442
26.5388 7.34786 0.00100197 -0.000129215 -0.00658297
26.1796 7.47859 0.000879609 0.000150886 -0.0064044
26.5388 7.48781 0.00096578 -9.49969e-05 -0.00615809
26.8981 7.35662 0.000942811 -5.77532e-05 -0.00626706
27.2573 7.36509 0.000819946 0.000144328 -0.00595222
26.8981 7.49673 0.000863791 3.36298e-05 -0.00583784
27.2573 7.50535 0.000716339 0.000235756 -0.00548758
26.1796 7.61838 0.000805408 0.000134799 -0.00590956
26.5388 7.62776 0.000876469 -6.55943e-05 -0.00563987
26.1796 7.75816 0.000754868 0.00015492 -0.00535635
26.5388 7.7677 0.000792837 -7.94202e-06 -0.0050791
26.8981 7.63684 0.000748528 9.57793e-05 -0.00531681
27.2573 7.64561 0.000581153 0.000296373 -0.00493664
26.8981 7.77694 0.00063898 0.000162906 -0.00473867
27.2573 7.78588 0.000474937 0.000388474 -0.00439479
27.6166 7.37327 0.000618176 0.000444762 -0.00567129
27.9759 7.38117 0.000349563 0.000883583 -0.00548824
27.6166 7.51368 0.000512397 0.000515914 -0.00514956
27.9759 7.52172 0.000248872 0.00094256 -0.00495015
28.3352 7.38877 4.42604e-05 0.00139515 -0.00534463
28.6945 7.39609 -0.000299118 0.00199359 -0.00519495
28.3352 7.52947 -6.72923e-05 0.00148427 -0.00481674
28.6946 7.53692 -0.000452177 0.0021036 -0.00467339
27.6166 7.6541 0.000396672 0.000583257 -0.00461598
27.9759 7.66228 0.00014983 0.00100278 -0.00441198
27.6166 7.79451 0.000289975 0.000669287 -0.0040976
27.9759 7.80283 4.82479e-05 0.00106183 -0.00387535
28.3352 7.67016 -0.00017877 0.00155669 -0.00426194
28.6946 7.67774 -0.000575223 0.00220462 -0.00412543
28.3353 7.81086 -0.000275224 0.00162381 -0.00371608
28.6946 7.81857 -0.000681414 0.00231467 -0.00356993
29.0538 6.8393 3.34442e-06 0.00158852 -0.00633337
29.4131 6.84555 -0.000273428 0.00189857 -0.00568556
29.0538 6.98026 -0.000199087 0.00190678 -0.00603366
29.4131 6.98663 -0.000491756 0.00224051 -0.00543232
29.7725 6.85153 -0.000591637 0.0022511 -0.00498527
30.1318 6.85724 -0.000949943 0.00271426 -0.00445521
29.7725 6.99272 -0.000778787 0.00254195 -0.00475624
30.1319 6.99855 -0.00107832 0.00290322 -0.00424422
29.0538 7.12121 -0.000404964 0.00218763 -0.00569391
29.4132 7.1277 -0.000695454 0.00255404 -0.00512651
29.0539 7.26216 -0.000587258 0.00243508 -0.00531183
29.4132 7.26878 -0.000886722 0.00283038 -0.0048061
29.7725 7.13392 -0.000949283 0.00281461 -0.00449606
30.1319 7.13985 -0.00118947 0.0030775 -0.00404965
29.7726 7.27511 -0.00111704 0.0030516 -0.00423157
30.132 7.28116 -0.00129339 0.00321784 -0.00386418
30.4912 6.86269 -0.00131401 0.00323169 -0.00419103
30.8506 6.86786 -0.0016922 0.00382861 -0.00418797
30.4913 7.0041 -0.00137007 0.00330688 -0.00402978
30.8506 7.00937 -0.00170436 0.00383668 -0.00406312
31.21 6.87276 -0.00216506 0.00458291 -0.00429943
31.5694 6.8774 -0.00272519 0.00545169 -0.00437315
31.21 7.01437 -0.00216863 0.00458796 -0.00418426
31.5694 7.01909 -0.0027447 0.00549245 -0.00428879
30.4913 7.14551 -0.00140863 0.00336887 -0.00389335
30.8507 7.15088 -0.00171168 0.00384327 -0.00394756
30.4914 7.28692 -0.00144727 0.00340671 -0.00376194
30.8508 7.29239 -0.00172268 0.00384538 -0.00382566
31.2101 7.15597 -0.00217463 0.00458314 -0.00407239
31.5695 7.16079 -0.00276649 0.00551645 -0.00419848
31.2102 7.29758 -0.00217521 0.00457628 -0.00394608
31.5696 7.30249 -0.0027809 0.00553624 -0.00408051
29.0539 7.40312 -0.000734153 0.00267251 -0.0049129
29.4132 7.40985 -0.00106374 0.00307606 -0.00446182
29.0539 7.54407 -0.00090432 0.00283043 -0.00444713
29.4133 7.55093 -0.00122485 0.00328489 -0.00409334
29.7726 7.4163 -0.00126438 0.00325796 -0.0039623
30.132 7.42246 -0.00137417 0.0033273 -0.00366788
29.7727 7.5575 -0.00139326 0.00343052 -0.00368031
30.1321 7.56377 -0.00144213 0.00340992 -0.00344803
29.0539 7.68503 -0.00104851 0.00296753 -0.00395329
29.4133 7.69201 -0.00136926 0.00344674 -0.00368269
29.054 7.82598 -0.00116375 0.00307861 -0.00344506
29.4134 7.83309 -0.00149171 0.00356241 -0.0032428
29.7727 7.69869 -0.00150793 0.0035632 -0.00337583
30.1321 7.70507 -0.00150325 0.00346197 -0.00320377
29.7728 7.83989 -0.00160363 0.003658 -0.0030446
30.1322 7.84638 -0.00155135 0.00349768 -0.00296459
30.4914 7.42833 -0.00147346 0.00343569 -0.00360939
30.8508 7.4339 -0.00173607 0.00384479 -0.00367023
30.4915 7.56974 -0.0015022 0.00345665 -0.00342589
30.8509 7.57542 -0.00175212 0.00384281 -0.00348412
31.2103 7.43919 -0.00218261 0.00456216 -0.00378855
31.5697 7.44418 -0.00280444 0.00554407 -0.00390704
31.2103 7.5808 -0.00219205 0.00455076 -0.00357908
31.5698 7.58588 -0.00283429 0.00554741 -0.00363984
30.4915 7.71115 -0.0015314 0.00346545 -0.00321082
30.851 7.71693 -0.00177451 0.00383655 -0.00325459
30.4916 7.85256 -0.00156293 0.00346706 -0.0029676
30.851 7.85844 -0.00180129 0.00382872 -0.00298479
31.2104 7.7224 -0.00222007 0.00454312 -0.00332134
31.5698 7.72758 -0.00288686 0.0055644 -0.00330035
31.2105 7.86401 -0.00226522 0.00454915 -0.0030019
31.5699 7.86927 -0.00296564 0.00560258 -0.00290085
26.1796 7.89795 0.000665577 0.000156559 -0.00473403
26.5388 7.90765 0.000678154 3.60155e-05 -0.00445546
26.1796 8.03773 0.000571477 0.000140572 -0.00404446
26.5388 8.0476 0.000575377 9.182e-05 -0.00382628
26.8981 7.91705 0.000548398 0.000234477 -0.00415693
27.2573 7.92614 0.000374822 0.000470286 -0.00382602
26.8981 8.05716 0.000433463 0.000296866 -0.00353664
27.2573 8.06641 0.000266242 0.00051672 -0.00326181
26.1796 8.17752 0.000479252 0.000129798 -0.00335679
26.5388 8.18755 0.000462054 0.00012758 -0.00318925
26.1796 8.3173 0.000391376 0.000116201 -0.00269804
26.5388 8.3275 0.000348632 0.000145328 -0.00255129
26.8981 8.19727 0.000311617 0.000334834 -0.00291445
27.2574 8.20667 0.000158019 0.000551093 -0.00270134
26.8981 8.33738 0.000200091 0.000363701 -0.00232755
27.2574 8.34694 6.05712e-05 0.000568215 -0.00213932
27.6166 7.93492 0.000180785 0.000733474 -0.00355938
27.9759 7.94339 -5.56885e-05 0.00111192 -0.00333975
27.6166 8.07533 7.47646e-05 0.00078355 -0.00301868
27.976 8.08395 -0.000169835 0.00116779 -0.00281588
28.3353 7.95155 -0.000400039 0.00167924 -0.00314648
28.6946 7.9594 -0.000819208 0.00237373 -0.00297714
28.3353 8.09225 -0.000513129 0.00174232 -0.00263181
28.6947 8.10023 -0.000930211 0.00243386 -0.00245992
27.6167 8.21575 -2.50681e-05 0.000819141 -0.00248532
27.976 8.22451 -0.000278156 0.00122484 -0.00230593
27.6167 8.35616 -0.000113803 0.000844764 -0.00197452
27.976 8.36506 -0.000378196 0.00127651 -0.00181276
28.3353 8.23294 -0.000624507 0.00180141 -0.00211233
28.6947 8.24106 -0.00103531 0.00247943 -0.00194053
28.3353 8.37364 -0.000728948 0.00185914 -0.00161239
28.6947 8.38189 -0.00113199 0.00251642 -0.00144873
26.1796 8.45709 0.000299124 9.35967e-05 -0.00205743
26.5388 8.46746 0.000249081 0.000155192 -0.0019422
26.1796 8.59688 0.000213215 6.62844e-05 -0.00144498
26.5388 8.60741 0.000154975 0.000150159 -0.00135605
26.8981 8.47749 0.000103926 0.000377525 -0.00175689
27.2574 8.4872 -2.30991e-05 0.000570525 -0.00161049
26.8981 8.61761 1.38137e-05 0.000377597 -0.00121389
27.2574 8.62747 -0.000100943 0.000562625 -0.00111128
26.1796 8.73666 0.00013147 3.6075e-05 -0.000862072
26.5388 8.74736 7.26032e-05 0.000133996 -0.000803015
26.1796 8.87645 5.00584e-05 6.66535e-06 -0.000311275
26.5388 8.88731 -1.39641e-06 9.71205e-05 -0.000265147
26.8981 8.75772 -6.35942e-05 0.000366206 -0.000710183
27.2574 8.76773 -0.000169398 0.000545419 -0.000644688
26.8981 8.89783 -0.00013053 0.000339583 -0.000237348
27.2574 8.908 -0.000230539 0.000516809 -0.000206725
27.6167 8.49658 -0.000194913 0.00085721 -0.00148602
27.976 8.50562 -0.000480337 0.00132508 -0.00134112
27.6167 8.63699 -0.000271871 0.000863902 -0.00103203
27.976 8.64618 -0.000565379 0.00135602 -0.000906807
28.3354 8.51434 -0.000833079 0.00190748 -0.0011469
28.6947 8.52272 -0.00121578 0.002538 -0.00101222
28.3354 8.65503 -0.000920184 0.00194337 -0.000741008
28.6947 8.66355 -0.0012827 0.00254668 -0.000638707
27.6167 8.77741 -0.000343288 0.00085676 -0.00060001
27.976 8.78674 -0.000636903 0.0013677 -0.000511463
27.6167 8.91782 -0.000404893 0.000834304 -0.0001897
27.976 8.9273 -0.000701173 0.00136296 -0.000136161
28.3354 8.79573 -0.000991176 0.00196378 -0.000388371
28.6948 8.80438 -0.00133561 0.00254394 -0.000329402
28.3354 8.93643 -0.00104379 0.00196623 -9.57749e-05
28.6948 8.94521 -0.0013794 0.00253929 -6.2344e-05
29.054 7.96694 -0.00128599 0.00315268 -0.002904
29.4134 7.97417 -0.00159267 0.00361677 -0.00277346
29.054 8.1079 -0.00138817 0.00319567 -0.00237677
29.4134 8.11525 -0.00166502 0.00364421 -0.00233541
29.7728 7.98108 -0.0016829 0.00370313 -0.00270507
30.1322 7.98769 -0.00159526 0.00351126 -0.00269873
29.7728 8.12228 -0.00172593 0.00370851 -0.0023737
30.1323 8.12899 -0.00163131 0.00351086 -0.00242129
29.0541 8.24885 -0.00147097 0.00319847 -0.00185421
29.4135 8.25632 -0.00172125 0.00360989 -0.00188319
29.0541 8.38981 -0.00153483 0.0031853 -0.00138919
29.4135 8.3974 -0.00175279 0.00354833 -0.00146002
29.7729 8.26347 -0.00175594 0.00366484 -0.00202178
30.1323 8.2703 -0.00166299 0.00349463 -0.00213066
29.7729 8.40467 -0.00176514 0.00358471 -0.00166284
30.1324 8.41161 -0.00168876 0.00347366 -0.00181221
30.4916 7.99398 -0.00160085 0.00346964 -0.00270858
30.8511 7.99996 -0.00184505 0.00382141 -0.0026798
30.4917 8.13539 -0.00164123 0.00347416 -0.00242803
30.8512 8.14147 -0.00189135 0.00383311 -0.00235887
31.2105 8.00562 -0.00233824 0.00456458 -0.00261758
31.57 8.01097 -0.00306176 0.00564734 -0.002468
31.2106 8.14723 -0.00241038 0.00460044 -0.00223436
31.5701 8.15267 -0.00315516 0.00570032 -0.00203833
30.4918 8.2768 -0.00168868 0.00348267 -0.00212157
30.8512 8.28299 -0.00195125 0.00385269 -0.00203355
30.4918 8.41822 -0.00174419 0.00348876 -0.00179222
30.8513 8.4245 -0.00202179 0.0038765 -0.00169895
31.2107 8.28884 -0.00249654 0.00465138 -0.00184621
31.5702 8.29438 -0.00325282 0.00575403 -0.00161327
31.2108 8.43045 -0.00259382 0.00471026 -0.00148487
31.5703 8.43608 -0.0033609 0.00581473 -0.00119307
29.0541 8.53077 -0.00158755 0.0031558 -0.000970526
29.4135 8.53849 -0.00176656 0.00347098 -0.00107255
29.0541 8.67173 -0.00162982 0.00312367 -0.000627529
29.4136 8.67957 -0.0017833 0.00338335 -0.000700038
29.773 8.54587 -0.00178205 0.00348334 -0.00126962
30.1324 8.55292 -0.00173178 0.00342534 -0.00143101
29.773 8.68707 -0.00178639 0.00338961 -0.000894544
30.1325 8.69423 -0.00175902 0.00337604 -0.00103304
29.0542 8.81269 -0.00166438 0.00309358 -0.000310788
29.4136 8.82065 -0.00180368 0.00331432 -0.000368366
29.0542 8.95365 -0.00169537 0.00306548 -4.66719e-05
29.4136 8.96173 -0.00183236 0.00326758 -7.02644e-05
29.773 8.82827 -0.00181253 0.00330194 -0.000477826
30.1325 8.83554 -0.00180816 0.00330074 -0.000583638
29.7731 8.96947 -0.00182934 0.00324845 -0.000121468
30.1326 8.97685 -0.00184923 0.00323166 -0.000160535
30.4919 8.55964 -0.00179767 0.00348537 -0.00144195
30.8513 8.56602 -0.00209385 0.0039087 -0.00136516
30.4919 8.70105 -0.00184849 0.00346253 -0.00106363
30.8514 8.70754 -0.00217202 0.00393591 -0.00100292
31.2108 8.57207 -0.00269735 0.00478714 -0.00112698
31.5703 8.57778 -0.00347329 0.00588977 -0.000809376
31.2109 8.71368 -0.00280686 0.00486352 -0.000771187
31.5704 8.71948 -0.00357523 0.0059576 -0.000476191
30.492 8.84247 -0.00190008 0.00343002 -0.000654486
30.8515 8.84906 -0.00225574 0.00395462 -0.00058553
30.492 8.98389 -0.00196133 0.0033914 -0.000187189
30.8515 8.99058 -0.00233318 0.00394934 -0.000157004
31.211 8.8553 -0.00290352 0.00492249 -0.000420954
31.5705 8.86119 -0.00365518 0.00600928 -0.000211107
31.211 8.99691 -0.00297891 0.00493975 -7.43774e-05
31.5706 9.0029 -0.00370757 0.00602089 -6.62195e-06
31.9287 6.88176 -0.00333885 0.00635561 -0.00433252
32.2881 6.88586 -0.00399081 0.00726402 -0.00416473
31.9288 7.02354 -0.0033825 0.00644935 -0.0042788
32.2882 7.02772 -0.00404908 0.00741757 -0.00415242
32.6474 6.88968 -0.00444711 0.00783595 -0.00394394
33.0068 6.89324 -0.00460891 0.00794509 -0.00375748
32.6475 7.03162 -0.00448298 0.00798371 -0.00403104
33.0069 7.03524 -0.00461718 0.00806872 -0.00387847
31.9289 7.16532 -0.00345708 0.00651438 -0.00418218
32.2883 7.16958 -0.00412336 0.00746707 -0.00413208
31.929 7.30711 -0.00350103 0.0065949 -0.00406549
32.2883 7.31144 -0.00416938 0.00752117 -0.00402115
32.6476 7.17355 -0.00455349 0.00804347 -0.0040638
33.007 7.17725 -0.00468734 0.0081396 -0.00394035
32.6477 7.31549 -0.00457828 0.00808072 -0.0040124
33.0071 7.31926 -0.00472613 0.00821818 -0.00396945
33.3662 6.89652 -0.00464061 0.00787931 -0.00370111
33.7255 6.89954 -0.00485625 0.0081252 -0.00379357
33.3663 7.03859 -0.00462381 0.00795664 -0.00375433
33.7256 7.04166 -0.00482485 0.00813746 -0.00374283
34.0849 6.90228 -0.00527195 0.00866703 -0.00384718
34.4442 6.90475 -0.00569256 0.0093716 -0.00417669
34.085 7.04446 -0.00527164 0.00867338 -0.00377428
34.4444 7.04698 -0.00573774 0.00933253 -0.00394508
33.3664 7.18066 -0.00469126 0.00802936 -0.00380122
33.7258 7.18379 -0.00488931 0.00816483 -0.00370605
33.3665 7.32273 -0.00469728 0.00814687 -0.0038355
33.7259 7.32593 -0.00491248 0.00825066 -0.00363749
34.0851 7.18664 -0.00524731 0.00867478 -0.00371642
34.4445 7.18922 -0.00567129 0.00925444 -0.00386026
34.0853 7.32883 -0.00524755 0.00867942 -0.00359489
34.4446 7.33145 -0.00568685 0.00918298 -0.00367072
31.9291 7.44889 -0.00355355 0.00665843 -0.00389549
32.2884 7.45331 -0.00420193 0.00755127 -0.00384406
31.9292 7.59067 -0.0036139 0.00670591 -0.00362377
32.2885 7.59517 -0.00424189 0.00756457 -0.00359141
32.6478 7.45743 -0.00459314 0.00809416 -0.00386988
33.0072 7.46127 -0.0047621 0.00825628 -0.00386739
32.6479 7.59937 -0.00460888 0.00808211 -0.00361853
33.0073 7.60328 -0.0047956 0.00826671 -0.00363488
31.9293 7.73245 -0.00367806 0.00672902 -0.00325143
32.2886 7.73703 -0.00428614 0.00756553 -0.0032503
31.9293 7.87424 -0.00374387 0.00673425 -0.00281838
32.2887 7.8789 -0.00433315 0.00755246 -0.00283234
32.648 7.74131 -0.00463813 0.00805069 -0.00327275
33.0074 7.74528 -0.00483086 0.00826525 -0.00330094
32.6481 7.88325 -0.00467498 0.00800894 -0.002846
33.0076 7.88729 -0.00487732 0.00823469 -0.00289696
33.3666 7.46481 -0.00479275 0.00820772 -0.00373368
33.726 7.46806 -0.00495537 0.00831605 -0.00352977
33.3667 7.60688 -0.00487033 0.00826891 -0.00350761
33.7261 7.61019 -0.00503676 0.00836411 -0.00332136
34.0854 7.47102 -0.00524019 0.00867557 -0.00342809
34.4448 7.47369 -0.00563738 0.00917945 -0.00355418
34.0855 7.6132 -0.00529175 0.00868306 -0.00325508
34.4449 7.61592 -0.00562567 0.00914503 -0.00329729
33.3669 7.74896 -0.00494013 0.0083086 -0.00321127
33.7263 7.75233 -0.00510281 0.00840309 -0.00306552
33.367 7.89103 -0.00500442 0.0083325 -0.00284998
33.7264 7.89446 -0.00513488 0.00841737 -0.00280498
34.0857 7.75539 -0.00529793 0.0086784 -0.00306366
34.4451 7.75816 -0.00567749 0.00910339 -0.00302128
34.0858 7.89758 -0.00534596 0.00866432 -0.00277255
34.4452 7.90039 -0.00571891 0.00908378 -0.00275369
34.8036 6.90696 -0.00559694 0.0102517 -0.00445152
35.1629 6.90889 -0.00661871 0.010555 -0.00460063
34.8037 7.04924 -0.00605903 0.0099936 -0.00410755
35.1631 7.05121 -0.0066225 0.0103807 -0.0045174
35.5222 6.91057 -0.0066634 0.0112589 -0.00455153
35.8814 6.91197 -0.00821601 0.0111086 -0.0047034
35.5224 7.05292 -0.00647454 0.0114957 -0.00432607
35.8816 7.05436 -0.00793916 0.0113776 -0.00466632
34.8039 7.19151 -0.00602583 0.00999039 -0.00396214
35.1633 7.19354 -0.00651388 0.0104445 -0.00419006
34.804 7.33379 -0.00603421 0.00982988 -0.0039959
35.1635 7.33586 -0.00625271 0.0106734 -0.00375021
35.5225 7.19528 -0.0071474 0.0110395 -0.00411584
35.8818 7.19674 -0.00764567 0.0114158 -0.00443558
35.5227 7.33764 -0.00716055 0.0110712 -0.00422914
35.8819 7.3391 -0.00770826 0.0113543 -0.00402626
36.2407 6.91309 -0.00813785 0.0118303 -0.00479985
36.5999 6.91394 -0.00890677 0.0119745 -0.0046876
36.2408 7.0555 -0.00804455 0.0120709 -0.00434118
36.6 7.05637 -0.00891837 0.0120299 -0.00502108
36.9591 6.91451 -0.00839392 0.013309 -0.00489347
37.3182 6.9148 -0.00995958 0.013378 -0.00541355
36.9592 7.05695 -0.00860929 0.0129166 -0.00446354
37.3184 7.05723 -0.00944225 0.0135328 -0.00552632
36.241 7.1979 -0.00801016 0.0119 -0.0043014
36.6001 7.19878 -0.00887752 0.0120437 -0.00405156
36.2412 7.34028 -0.00780353 0.0118425 -0.00396529
36.6003 7.34118 -0.00846013 0.0123243 -0.0042147
36.9593 7.19937 -0.00898177 0.0127435 -0.00441323
37.3185 7.19969 -0.00990735 0.0132135 -0.00423273
36.9595 7.34182 -0.00922306 0.0123241 -0.00378664
37.3187 7.34211 -0.00984768 0.0128489 -0.00478098
34.8042 7.47607 -0.00608084 0.00985614 -0.00343535
35.1636 7.47816 -0.00619126 0.0108966 -0.00370639
34.8044 7.61835 -0.00609647 0.00995144 -0.00316031
35.1638 7.62049 -0.00635414 0.0106536 -0.00339909
35.5229 7.47998 -0.00722365 0.0109705 -0.00358571
35.8821 7.48147 -0.00779121 0.0112311 -0.00380681
35.5231 7.62232 -0.00735795 0.0108858 -0.0032666
35.8823 7.62386 -0.00780922 0.0114979 -0.00362997
34.8045 7.76062 -0.00574689 0.0100429 -0.00299235
35.1639 7.7628 -0.00661765 0.010786 -0.00302218
34.8047 7.90289 -0.00572606 0.0101058 -0.00272299
35.1641 7.9051 -0.00671719 0.0104831 -0.00279095
35.5232 7.76465 -0.00739042 0.0108951 -0.00325895
35.8825 7.76621 -0.00734478 0.0117231 -0.00316155
35.5234 7.90698 -0.00706044 0.0110197 -0.00317822
35.8826 7.90857 -0.0075221 0.0115432 -0.00290372
36.2413 7.48267 -0.00817835 0.0117584 -0.00386278
36.6005 7.48359 -0.00789608 0.0124973 -0.00380748
36.2415 7.62508 -0.00840794 0.0114544 -0.00334267
36.6006 7.626 -0.00852807 0.0121179 -0.00370304
36.9596 7.48419 -0.00842434 0.0130439 -0.00397129
37.3188 7.48454 -0.00997162 0.0133226 -0.00466772
36.9598 7.62662 -0.00882532 0.0127186 -0.00379869
37.319 7.62696 -0.00958491 0.0131353 -0.00390948
36.2416 7.76746 -0.00822929 0.0116088 -0.00339436
36.6008 7.7684 -0.00875673 0.011845 -0.00293969
36.2418 7.90983 -0.00811504 0.0116193 -0.00305943
36.6009 7.91078 -0.00850348 0.0119765 -0.00325622
36.96 7.76905 -0.00892255 0.0128032 -0.00358263
37.3192 7.76938 -0.0094429 0.0128663 -0.00330579
36.9602 7.91143 -0.00849461 0.0128622 -0.00292684
37.3193 7.91178 -0.00928477 0.0130361 -0.00337007
31.9294 8.01602 -0.00381701 0.00672724 -0.00234852
32.2888 8.02076 -0.00438903 0.00752325 -0.00234498
31.9295 8.15781 -0.00389596 0.00673945 -0.00188576
32.2889 8.16263 -0.00445294 0.00748687 -0.00182546
32.6482 8.02519 -0.00469895 0.00796597 -0.00238326
33.0077 8.0293 -0.00492745 0.00819932 -0.0024489
32.6484 8.16713 -0.00473992 0.00791148 -0.00189942
33.0078 8.17131 -0.00496602 0.00814179 -0.00197861
31.9296 8.29959 -0.00397729 0.00675236 -0.00142891
32.289 8.30449 -0.00449968 0.00745169 -0.00137526
31.9297 8.44138 -0.00405404 0.00676864 -0.00100545
32.2892 8.44636 -0.00454221 0.00741737 -0.000982076
32.6485 8.30907 -0.00478349 0.00785396 -0.00144433
33.0079 8.31332 -0.00500075 0.00808303 -0.00151195
32.6486 8.45101 -0.00482513 0.0078068 -0.00103809
33.0081 8.45533 -0.00502176 0.008026 -0.0010963
33.3671 8.03311 -0.00504508 0.0083412 -0.00246597
33.7265 8.0366 -0.00514643 0.00840527 -0.00249647
33.3673 8.17518 -0.00506295 0.00827824 -0.0020536
33.7267 8.17874 -0.00516732 0.00837329 -0.00217057
34.086 8.03977 -0.00539254 0.00865776 -0.00249643
34.4454 8.04264 -0.00574297 0.00910633 -0.00242332
34.0861 8.18198 -0.00542476 0.00864256 -0.00219263
34.4455 8.18489 -0.00584455 0.00906903 -0.00202921
33.3674 8.31726 -0.00507395 0.00819662 -0.00165823
33.7269 8.32087 -0.00517236 0.00832063 -0.00182656
33.3676 8.45933 -0.00507359 0.00809736 -0.00128943
33.727 8.463 -0.00518022 0.00823964 -0.00145412
34.0863 8.32417 -0.00544419 0.00865504 -0.00184491
34.4457 8.32714 -0.00583733 0.00920273 -0.00169632
34.0865 8.46634 -0.00549847 0.00861576 -0.00148263
34.4459 8.46936 -0.00548432 0.0092649 -0.00145883
31.9298 8.58317 -0.00412458 0.00677661 -0.000635648
32.2893 8.58822 -0.00457786 0.00738278 -0.000645726
31.9299 8.72495 -0.00417665 0.00676519 -0.000345871
32.2894 8.73009 -0.00460949 0.00735149 -0.000364007
32.6487 8.59295 -0.00485804 0.0077673 -0.00068369
33.0082 8.59734 -0.00502473 0.00796209 -0.00076689
32.6489 8.73488 -0.00488127 0.00773758 -0.000396962
33.0083 8.73934 -0.005024 0.00789373 -0.000482716
31.93 8.86674 -0.00420381 0.00676077 -0.00012748
32.2895 8.87195 -0.00464701 0.00732384 -0.000128109
31.9301 9.00853 -0.00421117 0.0067479 1.97464e-05
32.2896 9.01382 -0.00465272 0.00732774 2.56506e-05
32.649 8.87682 -0.00489337 0.00771413 -0.000171992
33.0085 8.88134 -0.00502495 0.00784458 -0.000230378
32.6491 9.01875 -0.00492376 0.00769888 4.21637e-05
33.0086 9.02334 -0.00502859 0.00779739 -8.26515e-06
33.3677 8.60139 -0.00507037 0.00800843 -0.000934833
33.7272 8.60511 -0.00520018 0.00817335 -0.00107631
33.3678 8.74345 -0.00507029 0.00792515 -0.000616138
33.7273 8.74722 -0.00522063 0.00812442 -0.000699697
34.0867 8.60849 -0.00553421 0.00857927 -0.00115022
34.446 8.61155 -0.00532942 0.00939066 -0.000968821
34.0868 8.75065 -0.00556412 0.00853619 -0.00091346
34.4462 8.75373 -0.00538447 0.00965175 -0.000753153
33.368 8.88551 -0.00509808 0.00785669 -0.00031373
33.7275 8.88933 -0.00526154 0.00807261 -0.000385995
33.3681 9.02756 -0.00512173 0.00779921 -3.58508e-05
33.7276 9.03144 -0.00531238 0.00801977 -7.40747e-05
34.0869 8.89281 -0.00554955 0.00857546 -0.000502995
34.4463 8.89594 -0.00549528 0.00930006 -0.000630041
34.0871 9.03497 -0.00542562 0.00844956 5.7819e-05
34.4464 9.03814 -0.00582432 0.00909812 -0.000162181
34.8048 8.04518 -0.00576088 0.0099817 -0.00243609
35.1642 8.04742 -0.00677204 0.0104669 -0.00250776
34.8049 8.18748 -0.00600491 0.00983096 -0.00220396
35.1643 8.18974 -0.00654154 0.0103321 -0.00224665
35.5235 8.04933 -0.00718969 0.0110285 -0.00251607
35.8828 8.05093 -0.00742 0.0115496 -0.00255915
35.5236 8.19167 -0.00721932 0.0109619 -0.00220998
35.8829 8.19327 -0.00755646 0.0115132 -0.00216298
34.805 8.32977 -0.00632669 0.00961806 -0.00188299
35.1644 8.33205 -0.00667398 0.0103254 -0.00168767
34.8051 8.47203 -0.00664778 0.00937012 -0.00128864
35.1645 8.47433 -0.0067736 0.0101758 -0.00127649
35.5237 8.334 -0.00718511 0.0109906 -0.00179666
35.883 8.33563 -0.00776156 0.011334 -0.00182533
35.5238 8.47633 -0.00729163 0.0109674 -0.00146085
35.8832 8.478 -0.00771461 0.0113324 -0.00153728
36.2419 8.05221 -0.00842938 0.0114404 -0.00277631
36.6011 8.05317 -0.00867151 0.0119299 -0.00287463
36.2421 8.19457 -0.00810715 0.0117521 -0.00241835
36.6012 8.19556 -0.00894809 0.0118366 -0.00235876
36.9603 8.05382 -0.00855217 0.0128857 -0.00280474
37.3195 8.05416 -0.00945748 0.0129574 -0.00300848
36.9605 8.19621 -0.00868601 0.012802 -0.0024248
37.3196 8.19655 -0.00980007 0.0130087 -0.00268276
36.2422 8.33695 -0.0081885 0.0117678 -0.00187378
36.6014 8.33794 -0.00883034 0.0118564 -0.00195345
36.2424 8.47933 -0.00847461 0.0114532 -0.00153905
36.6015 8.48032 -0.00854312 0.0120416 -0.00180191
36.9606 8.33861 -0.00887678 0.0126955 -0.00223658
37.3198 8.33896 -0.00980309 0.0130509 -0.00229057
36.9608 8.481 -0.00901711 0.0125317 -0.00157568
37.32 8.48135 -0.00951747 0.0131186 -0.00183409
34.8053 8.61427 -0.00673002 0.00922025 -0.00106487
35.1646 8.61661 -0.00686592 0.0100872 -0.000992792
34.8054 8.75649 -0.00681156 0.00936253 -0.0010544
35.1648 8.75888 -0.00703666 0.0101221 -0.000692258
35.524 8.61863 -0.00727672 0.0109012 -0.000982543
35.8833 8.62033 -0.00774079 0.0112696 -0.00111271
35.5241 8.76093 -0.0073021 0.0107555 -0.000603035
35.8834 8.76263 -0.00804552 0.0111517 -0.000567435
34.8056 8.89873 -0.00668343 0.0094349 -0.000247717
35.1649 8.90115 -0.00703696 0.0101696 -0.000367237
34.8057 9.04096 -0.00651356 0.00957318 -0.000167202
35.165 9.04344 -0.0070936 0.0101538 -4.96126e-05
35.5242 8.90323 -0.00746162 0.0105658 -0.000297668
35.8835 8.90496 -0.0081861 0.0110128 -0.000557362
35.5243 9.04555 -0.00750426 0.0106071 -8.34149e-05
35.8837 9.04731 -0.00829727 0.0108508 -0.000178856
36.2425 8.62168 -0.0085875 0.011421 -0.0012639
36.6017 8.62271 -0.00859188 0.0119497 -0.00155578
36.2427 8.76401 -0.0083334 0.0117278 -0.000669468
36.6019 8.76506 -0.0089492 0.0117669 -0.000672901
36.9609 8.62338 -0.00888162 0.0123319 -0.00140448
37.3201 8.62374 -0.00917969 0.0132598 -0.00136281
36.9611 8.76576 -0.00890249 0.0122955 -0.00107897
37.3203 8.76611 -0.00912761 0.0132452 -0.000844875
36.2429 8.90635 -0.00794415 0.0118312 -0.000368859
36.6021 8.90743 -0.00907056 0.0116444 -0.000540103
36.243 9.04872 -0.00796309 0.0118377 -8.19042e-05
36.6023 9.04981 -0.00866041 0.0116802 -0.000192043
36.9613 8.90813 -0.00905114 0.0123535 -0.000438804
37.3205 8.90849 -0.00932168 0.0130912 -0.00069156
36.9615 9.05051 -0.00931879 0.0121986 0.000125397
37.3206 9.05088 -0.00927698 0.0130261 -0.000465287
