26.2814 -2.25133 -0.00099899 0.00193042 -0.00132278
26.8441 -2.25286 -0.00257787 0.00497798 -0.00189432
26.2814 -1.78552 -0.000915818 0.00161632 -0.00333545
26.8441 -1.78677 -0.00230682 0.00440003 -0.00405518
27.4068 -2.25417 -0.00362701 0.00665036 -0.00312902
27.9695 -2.25528 -0.00437349 0.00792852 -0.00430248
27.4068 -1.78784 -0.00321652 0.00604381 -0.0049926
27.9694 -1.78873 -0.00419538 0.00766811 -0.00595558
26.2814 -1.31972 -0.000822956 0.00139708 -0.00558888
26.8441 -1.32066 -0.00201195 0.00370344 -0.00602781
26.2814 -0.853921 -0.000702128 0.00119101 -0.00664525
26.844 -0.854551 -0.00179616 0.00327435 -0.00698837
27.4067 -1.32147 -0.00298821 0.00554014 -0.00667511
27.9693 -1.32216 -0.00388643 0.0071504 -0.00757043
27.4067 -0.855103 -0.00280649 0.00510463 -0.00749534
27.9693 -0.855577 -0.00378359 0.00681317 -0.00810009
28.5321 -2.25616 -0.00461251 0.00856396 -0.00510044
29.0947 -2.25684 -0.00474412 0.00807252 -0.00571692
28.5321 -1.78945 -0.00445922 0.00850918 -0.00672931
29.0946 -1.78998 -0.00513988 0.00847102 -0.00703569
29.657 -2.2573 -0.00458664 0.00743549 -0.00623988
30.2195 -2.25752 -0.00438365 0.00706447 -0.00663695
29.657 -1.79034 -0.00500098 0.00783789 -0.0072416
30.2194 -1.79057 -0.00464346 0.00708578 -0.00787192
28.532 -1.32273 -0.0043968 0.00846071 -0.00799699
29.0945 -1.32321 -0.00481935 0.00849276 -0.00810648
28.5319 -0.855989 -0.00442391 0.00857487 -0.00836975
29.0943 -0.856324 -0.00522637 0.0086552 -0.00817993
29.6569 -1.32351 -0.00450134 0.00820765 -0.00829537
30.2193 -1.32362 -0.00461769 0.00718269 -0.00861069
29.6569 -0.856548 -0.00443614 0.00820381 -0.00788596
30.2193 -0.856653 -0.00428617 0.00705235 -0.00866231
26.2813 -0.388119 -0.00051761 0.000985595 -0.0057858
26.844 -0.388447 -0.00147452 0.00286478 -0.00614154
26.2813 0.077691 -0.00037282 0.000770047 -0.00385511
26.844 0.0776742 -0.00121103 0.00245509 -0.00409516
27.4066 -0.388741 -0.0024504 0.00468566 -0.00661579
27.9692 -0.388998 -0.0034683 0.00658306 -0.00701714
27.4065 0.0776522 -0.00219922 0.00424937 -0.00445424
27.9691 0.077626 -0.00324963 0.00618213 -0.00500761
26.2813 0.543501 -0.000287551 0.000623646 -0.00151237
26.8439 0.543804 -0.000947925 0.00193722 -0.00173324
26.2813 1.00932 -0.000189484 0.000344644 0.000981442
26.8439 1.00995 -0.000675605 0.00130891 0.000832153
27.4065 0.544054 -0.00182962 0.00359025 -0.00211704
27.969 0.544252 -0.00281338 0.00545468 -0.00291368
27.4064 1.01049 -0.00133113 0.00257376 0.00031486
27.969 1.01092 -0.002204 0.0041838 -0.000751481
28.5318 -0.389216 -0.00440479 0.00859719 -0.00740826
29.0943 -0.389349 -0.00514548 0.0090899 -0.00736923
28.5317 0.0775937 -0.0044113 0.00824934 -0.00552962
29.0943 0.0775342 -0.00460584 0.00920831 -0.00602884
29.6568 -0.389486 -0.00489355 0.00783642 -0.00714195
30.2193 -0.389633 -0.00396401 0.00696694 -0.00783242
29.6567 0.0775316 -0.00471238 0.00807999 -0.00654781
30.2192 0.0774771 -0.00427147 0.00611835 -0.00689888
28.5316 0.544392 -0.00410147 0.0077579 -0.00389812
29.0941 0.544472 -0.00461232 0.00867537 -0.0048998
28.5315 1.01125 -0.00353933 0.00669444 -0.00268012
29.0941 1.01149 -0.00411148 0.00762768 -0.0048543
29.6567 0.544456 -0.00371081 0.00815063 -0.00631943
30.2191 0.544452 -0.00372987 0.006887 -0.00729447
29.6566 1.01163 -0.00398166 0.0071597 -0.00680787
30.219 1.01166 -0.00337234 0.00627743 -0.00850992
