26.2813 1.47514 -0.00010092 5.0627e-05 0.00259498
26.8438 1.4761 -0.000243894 0.000342182 0.00233223
26.2813 1.94096 5.1989e-06 -0.000210069 0.00292674
26.8438 1.94224 0.000106726 -0.000381472 0.0027029
27.4064 1.47691 -0.000618569 0.00109075 0.00180693
27.9689 1.47758 -0.00119036 0.0022139 0.000524254
27.4064 1.94333 0.000121198 -0.000362925 0.00205742
27.9689 1.94423 -0.00019953 0.000336831 0.000629673
26.2813 2.40676 3.39881e-05 -0.000297498 0.0025434
26.8438 2.40835 0.000232429 -0.000671743 0.002303
26.2813 2.87255 4.97419e-05 -0.000354591 0.00221014
26.8438 2.87446 0.000301951 -0.000833624 0.00207469
27.4063 2.40971 0.000390628 -0.000930335 0.00188828
27.9689 2.41084 0.000305996 -0.00063013 0.000550285
27.4063 2.8761 0.000555618 -0.00126326 0.00167933
27.9688 2.87746 0.000604269 -0.00122348 0.000729903
28.5315 1.47811 -0.00231694 0.00441639 -0.00233553
29.094 1.4785 -0.00330239 0.00627931 -0.00587304
28.5314 1.94494 -0.000974515 0.00198132 -0.00269796
29.0939 1.94547 -0.00215676 0.00433352 -0.00664547
29.6565 1.47875 -0.00339607 0.00646299 -0.00838002
30.219 1.47888 -0.00332913 0.00584048 -0.00985991
29.6565 1.94582 -0.00248092 0.00503829 -0.00938035
30.219 1.94599 -0.00253316 0.00527003 -0.0101659
28.5314 2.41174 -0.000205535 0.000627572 -0.0026781
29.0939 2.41241 -0.00109739 0.00254739 -0.00620459
28.5313 2.87854 0.000285914 -0.00031874 -0.00191486
29.0939 2.87935 -0.000448123 0.00133001 -0.00475206
29.6564 2.41285 -0.00177333 0.00385729 -0.00861072
30.2189 2.41304 -0.00223284 0.00481706 -0.00939531
29.6564 2.87986 -0.00127152 0.00301309 -0.00667615
30.2189 2.8801 -0.00200637 0.00436748 -0.00777257
26.2813 3.33833 7.68581e-05 -0.000409037 0.0018958
26.8438 3.34057 0.000411011 -0.0010421 0.00173539
26.2813 3.80411 0.000128286 -0.000467389 0.00136901
26.8438 3.80667 0.000526492 -0.00122768 0.00126268
27.4063 3.34248 0.000698103 -0.00154539 0.00149426
27.9688 3.34407 0.000863766 -0.00174542 0.000884942
27.4062 3.80885 0.00083487 -0.00177707 0.00111969
27.9687 3.81067 0.00110248 -0.00219048 0.000793704
26.2812 4.26989 0.000186274 -0.000514494 0.00080468
26.8437 4.27277 0.000624572 -0.00135953 0.000726959
26.2812 4.73568 0.000235439 -0.000521476 0.000247269
26.8437 4.73888 0.000697775 -0.00142004 0.000209137
27.4062 4.27523 0.000967725 -0.00196704 0.000586955
27.9687 4.27728 0.00129625 -0.00250658 0.000428979
27.4062 4.74162 0.0010701 -0.00209581 0.000148415
27.9687 4.7439 0.00139962 -0.00264171 0.000104643
28.5313 3.34533 0.00071996 -0.00119121 -0.00103078
29.0938 3.34627 1.54234e-05 0.000401821 -0.0032324
28.5312 3.81211 0.0010718 -0.00193235 -0.00030608
29.0938 3.81319 0.000405093 -0.000475767 -0.00185524
29.6563 3.34688 -0.000900534 0.0022208 -0.00490241
30.2188 3.34718 -0.00185725 0.00396182 -0.00592138
29.6563 3.8139 -0.000670518 0.00161148 -0.00316909
30.2188 3.81423 -0.00171164 0.00358279 -0.00412492
28.5312 4.27891 0.0012984 -0.0024017 -2.60149e-06
29.0937 4.28014 0.000720902 -0.00116903 -0.00082633
28.5312 4.74573 0.00140713 -0.0026033 -3.51547e-06
29.0937 4.74709 0.000882145 -0.00154525 -0.000242321
29.6562 4.28094 -0.000463908 0.00107929 -0.0016963
30.2187 4.28133 -0.00167763 0.00322582 -0.00234142
29.6561 4.74801 -0.000363143 0.000726456 -0.000488128
30.2186 4.74846 -0.0016955 0.0030369 -0.000800259
