   6.0000000e+00   2.5000000e+01   3.6990000e+01
   6.0000000e+00   2.6000000e+01   3.7020000e+01
   6.0000000e+00   2.7000000e+01   3.6870000e+01
   6.0000000e+00   2.8000000e+01   3.7870000e+01
   6.0000000e+00   2.9000000e+01   3.9150000e+01
   6.0000000e+00   3.0000000e+01   3.9190000e+01
   6.0000000e+00   3.1000000e+01   3.9610000e+01
   6.0000000e+00   3.2000000e+01   4.0340000e+01
   6.0000000e+00   3.3000000e+01   4.0150000e+01
   6.0000000e+00   3.4000000e+01   3.8850000e+01
   6.0000000e+00   3.5000000e+01   3.8010000e+01
   6.0000000e+00   3.6000000e+01   3.5980000e+01
   5.0000000e+00   2.5000000e+01   3.6980000e+01
   5.0000000e+00   2.6000000e+01   3.7000000e+01
   5.0000000e+00   2.7000000e+01   3.6890000e+01
   5.0000000e+00   2.8000000e+01   3.7980000e+01
   5.0000000e+00   2.9000000e+01   3.9340000e+01
   5.0000000e+00   3.0000000e+01   3.8720000e+01
   5.0000000e+00   3.1000000e+01   3.8280000e+01
   5.0000000e+00   3.2000000e+01   3.8650000e+01
   5.0000000e+00   3.3000000e+01   3.8990000e+01
   5.0000000e+00   3.4000000e+01   3.8950000e+01
   5.0000000e+00   3.5000000e+01   3.8990000e+01
   5.0000000e+00   3.6000000e+01   3.8390000e+01
   4.0000000e+00   2.5000000e+01   3.7000000e+01
   4.0000000e+00   2.6000000e+01   3.7060000e+01
   4.0000000e+00   2.7000000e+01   3.6950000e+01
   4.0000000e+00   2.8000000e+01   3.7690000e+01
   4.0000000e+00   2.9000000e+01   3.8620000e+01
   4.0000000e+00   3.0000000e+01   3.8090000e+01
   4.0000000e+00   3.1000000e+01   3.8490000e+01
   4.0000000e+00   3.2000000e+01   3.8180000e+01
   4.0000000e+00   3.3000000e+01   3.6150000e+01
   4.0000000e+00   3.4000000e+01   3.5360000e+01
   4.0000000e+00   3.5000000e+01   3.4820000e+01
   4.0000000e+00   3.6000000e+01   3.4720000e+01
   3.0000000e+00   2.5000000e+01   3.7010000e+01
   3.0000000e+00   2.6000000e+01   3.6630000e+01
   3.0000000e+00   2.7000000e+01   3.6880000e+01
   3.0000000e+00   2.8000000e+01   3.7440000e+01
   3.0000000e+00   2.9000000e+01   3.8150000e+01
   3.0000000e+00   3.0000000e+01   3.8000000e+01
   3.0000000e+00   3.1000000e+01   3.9330000e+01
   3.0000000e+00   3.2000000e+01   3.8530000e+01
   3.0000000e+00   3.3000000e+01   3.4390000e+01
   3.0000000e+00   3.4000000e+01   3.2800000e+01
   3.0000000e+00   3.5000000e+01   3.1890000e+01
   3.0000000e+00   3.6000000e+01   3.0970000e+01
   2.0000000e+00   2.5000000e+01   4.0180000e+01
   2.0000000e+00   2.6000000e+01   3.8160000e+01
   2.0000000e+00   2.7000000e+01   3.7000000e+01
   2.0000000e+00   2.8000000e+01   3.7730000e+01
   2.0000000e+00   2.9000000e+01   3.7480000e+01
   2.0000000e+00   3.0000000e+01   3.7040000e+01
   2.0000000e+00   3.1000000e+01   3.8250000e+01
   2.0000000e+00   3.2000000e+01   3.7860000e+01
   2.0000000e+00   3.3000000e+01   3.5130000e+01
   2.0000000e+00   3.4000000e+01   3.6000000e+01
   2.0000000e+00   3.5000000e+01   3.4690000e+01
   2.0000000e+00   3.6000000e+01   2.8780000e+01
   1.0000000e+00   2.5000000e+01   4.0350000e+01
   1.0000000e+00   2.6000000e+01   3.8430000e+01
   1.0000000e+00   2.7000000e+01   3.7560000e+01
   1.0000000e+00   2.8000000e+01   3.7970000e+01
   1.0000000e+00   2.9000000e+01   3.6700000e+01
   1.0000000e+00   3.0000000e+01   3.4160000e+01
   1.0000000e+00   3.1000000e+01   3.5590000e+01
   1.0000000e+00   3.2000000e+01   3.7480000e+01
   1.0000000e+00   3.3000000e+01   3.5670000e+01
   1.0000000e+00   3.4000000e+01   3.8220000e+01
   1.0000000e+00   3.5000000e+01   3.7740000e+01
   1.0000000e+00   3.6000000e+01   3.0900000e+01
   0.0000000e+00   2.5000000e+01   3.8410000e+01
   0.0000000e+00   2.6000000e+01   3.8260000e+01
   0.0000000e+00   2.7000000e+01   3.8430000e+01
   0.0000000e+00   2.8000000e+01   3.8560000e+01
   0.0000000e+00   2.9000000e+01   3.6940000e+01
   0.0000000e+00   3.0000000e+01   3.3080000e+01
   0.0000000e+00   3.1000000e+01   3.4840000e+01
   0.0000000e+00   3.2000000e+01   3.7900000e+01
   0.0000000e+00   3.3000000e+01   3.5240000e+01
   0.0000000e+00   3.4000000e+01   3.6330000e+01
   0.0000000e+00   3.5000000e+01   3.6890000e+01
   0.0000000e+00   3.6000000e+01   3.3680000e+01
  -1.0000000e+00   2.5000000e+01   3.6500000e+01
  -1.0000000e+00   2.6000000e+01   3.5880000e+01
  -1.0000000e+00   2.7000000e+01   3.5860000e+01
  -1.0000000e+00   2.8000000e+01   3.6170000e+01
  -1.0000000e+00   2.9000000e+01   3.5470000e+01
  -1.0000000e+00   3.0000000e+01   3.3590000e+01
  -1.0000000e+00   3.1000000e+01   3.4600000e+01
  -1.0000000e+00   3.2000000e+01   3.6310000e+01
  -1.0000000e+00   3.3000000e+01   3.4890000e+01
  -1.0000000e+00   3.4000000e+01   3.5060000e+01
  -1.0000000e+00   3.5000000e+01   3.5510000e+01
  -1.0000000e+00   3.6000000e+01   3.5590000e+01
  -2.0000000e+00   2.5000000e+01   3.6400000e+01
  -2.0000000e+00   2.6000000e+01   3.5510000e+01
  -2.0000000e+00   2.7000000e+01   3.4980000e+01
  -2.0000000e+00   2.8000000e+01   3.3220000e+01
  -2.0000000e+00   2.9000000e+01   3.2640000e+01
  -2.0000000e+00   3.0000000e+01   3.4060000e+01
  -2.0000000e+00   3.1000000e+01   3.3190000e+01
  -2.0000000e+00   3.2000000e+01   3.3210000e+01
  -2.0000000e+00   3.3000000e+01   3.3330000e+01
  -2.0000000e+00   3.4000000e+01   3.3790000e+01
  -2.0000000e+00   3.5000000e+01   3.3320000e+01
  -2.0000000e+00   3.6000000e+01   3.2670000e+01
  -3.0000000e+00   2.5000000e+01   3.7110000e+01
  -3.0000000e+00   2.6000000e+01   3.5980000e+01
  -3.0000000e+00   2.7000000e+01   3.5030000e+01
  -3.0000000e+00   2.8000000e+01   3.1550000e+01
  -3.0000000e+00   2.9000000e+01   3.0560000e+01
  -3.0000000e+00   3.0000000e+01   3.3250000e+01
  -3.0000000e+00   3.1000000e+01   3.1560000e+01
  -3.0000000e+00   3.2000000e+01   3.1280000e+01
  -3.0000000e+00   3.3000000e+01   3.1630000e+01
  -3.0000000e+00   3.4000000e+01   3.2170000e+01
  -3.0000000e+00   3.5000000e+01   3.2450000e+01
  -3.0000000e+00   3.6000000e+01   3.2730000e+01
  -4.0000000e+00   2.5000000e+01   3.9620000e+01
  -4.0000000e+00   2.6000000e+01   3.9730000e+01
  -4.0000000e+00   2.7000000e+01   3.9780000e+01
  -4.0000000e+00   2.8000000e+01   3.5940000e+01
  -4.0000000e+00   2.9000000e+01   3.5170000e+01
  -4.0000000e+00   3.0000000e+01   3.8780000e+01
  -4.0000000e+00   3.1000000e+01   3.5460000e+01
  -4.0000000e+00   3.2000000e+01   3.4310000e+01
  -4.0000000e+00   3.3000000e+01   3.4550000e+01
  -4.0000000e+00   3.4000000e+01   3.4970000e+01
  -4.0000000e+00   3.5000000e+01   3.6710000e+01
  -4.0000000e+00   3.6000000e+01   3.8710000e+01
  -5.0000000e+00   2.5000000e+01   4.1780000e+01
  -5.0000000e+00   2.6000000e+01   4.2780000e+01
  -5.0000000e+00   2.7000000e+01   4.3700000e+01
  -5.0000000e+00   2.8000000e+01   4.2210000e+01
  -5.0000000e+00   2.9000000e+01   4.2830000e+01
  -5.0000000e+00   3.0000000e+01   4.4180000e+01
  -5.0000000e+00   3.1000000e+01   3.9790000e+01
  -5.0000000e+00   3.2000000e+01   3.7610000e+01
  -5.0000000e+00   3.3000000e+01   3.7530000e+01
  -5.0000000e+00   3.4000000e+01   3.7690000e+01
  -5.0000000e+00   3.5000000e+01   3.9000000e+01
  -5.0000000e+00   3.6000000e+01   4.0830000e+01
  -6.0000000e+00   2.5000000e+01   4.2340000e+01
  -6.0000000e+00   2.6000000e+01   4.2760000e+01
  -6.0000000e+00   2.7000000e+01   4.3330000e+01
  -6.0000000e+00   2.8000000e+01   4.1490000e+01
  -6.0000000e+00   2.9000000e+01   3.8520000e+01
  -6.0000000e+00   3.0000000e+01   3.7350000e+01
  -6.0000000e+00   3.1000000e+01   3.6440000e+01
  -6.0000000e+00   3.2000000e+01   3.8270000e+01
  -6.0000000e+00   3.3000000e+01   3.9350000e+01
  -6.0000000e+00   3.4000000e+01   3.7900000e+01
  -6.0000000e+00   3.5000000e+01   3.8650000e+01
  -6.0000000e+00   3.6000000e+01   4.0900000e+01
  -7.0000000e+00   2.5000000e+01   4.2990000e+01
  -7.0000000e+00   2.6000000e+01   4.3040000e+01
  -7.0000000e+00   2.7000000e+01   4.3270000e+01
  -7.0000000e+00   2.8000000e+01   3.9380000e+01
  -7.0000000e+00   2.9000000e+01   3.2900000e+01
  -7.0000000e+00   3.0000000e+01   3.1890000e+01
  -7.0000000e+00   3.1000000e+01   3.4040000e+01
  -7.0000000e+00   3.2000000e+01   3.9080000e+01
  -7.0000000e+00   3.3000000e+01   4.1300000e+01
  -7.0000000e+00   3.4000000e+01   3.8990000e+01
  -7.0000000e+00   3.5000000e+01   3.9080000e+01
  -7.0000000e+00   3.6000000e+01   4.0830000e+01
  -8.0000000e+00   2.5000000e+01   4.3030000e+01
  -8.0000000e+00   2.6000000e+01   4.2990000e+01
  -8.0000000e+00   2.7000000e+01   4.3180000e+01
  -8.0000000e+00   2.8000000e+01   4.1620000e+01
  -8.0000000e+00   2.9000000e+01   3.7750000e+01
  -8.0000000e+00   3.0000000e+01   3.3920000e+01
  -8.0000000e+00   3.1000000e+01   3.2880000e+01
  -8.0000000e+00   3.2000000e+01   3.6650000e+01
  -8.0000000e+00   3.3000000e+01   3.8680000e+01
  -8.0000000e+00   3.4000000e+01   3.8580000e+01
  -8.0000000e+00   3.5000000e+01   3.9950000e+01
  -8.0000000e+00   3.6000000e+01   4.0020000e+01
  -9.0000000e+00   2.5000000e+01   4.3010000e+01
  -9.0000000e+00   2.6000000e+01   4.2990000e+01
  -9.0000000e+00   2.7000000e+01   4.3070000e+01
  -9.0000000e+00   2.8000000e+01   4.3260000e+01
  -9.0000000e+00   2.9000000e+01   4.2660000e+01
  -9.0000000e+00   3.0000000e+01   3.8990000e+01
  -9.0000000e+00   3.1000000e+01   3.3880000e+01
  -9.0000000e+00   3.2000000e+01   3.2640000e+01
  -9.0000000e+00   3.3000000e+01   3.4450000e+01
  -9.0000000e+00   3.4000000e+01   3.7810000e+01
  -9.0000000e+00   3.5000000e+01   4.0610000e+01
  -9.0000000e+00   3.6000000e+01   3.9720000e+01
  -1.0000000e+01   2.5000000e+01   4.3000000e+01
  -1.0000000e+01   2.6000000e+01   4.3000000e+01
  -1.0000000e+01   2.7000000e+01   4.2990000e+01
  -1.0000000e+01   2.8000000e+01   4.3030000e+01
  -1.0000000e+01   2.9000000e+01   4.3370000e+01
  -1.0000000e+01   3.0000000e+01   4.1400000e+01
  -1.0000000e+01   3.1000000e+01   3.7140000e+01
  -1.0000000e+01   3.2000000e+01   3.5690000e+01
  -1.0000000e+01   3.3000000e+01   3.5600000e+01
  -1.0000000e+01   3.4000000e+01   3.6510000e+01
  -1.0000000e+01   3.5000000e+01   3.9060000e+01
  -1.0000000e+01   3.6000000e+01   4.1120000e+01
  -1.1000000e+01   2.5000000e+01   4.2950000e+01
  -1.1000000e+01   2.6000000e+01   4.3010000e+01
  -1.1000000e+01   2.7000000e+01   4.3000000e+01
  -1.1000000e+01   2.8000000e+01   4.2990000e+01
  -1.1000000e+01   2.9000000e+01   4.3030000e+01
  -1.1000000e+01   3.0000000e+01   4.1320000e+01
  -1.1000000e+01   3.1000000e+01   4.0220000e+01
  -1.1000000e+01   3.2000000e+01   4.1610000e+01
  -1.1000000e+01   3.3000000e+01   3.9130000e+01
  -1.1000000e+01   3.4000000e+01   3.5340000e+01
  -1.1000000e+01   3.5000000e+01   3.6970000e+01
  -1.1000000e+01   3.6000000e+01   4.2490000e+01
  -1.2000000e+01   2.5000000e+01   4.3140000e+01
  -1.2000000e+01   2.6000000e+01   4.3120000e+01
  -1.2000000e+01   2.7000000e+01   4.3110000e+01
  -1.2000000e+01   2.8000000e+01   4.3080000e+01
  -1.2000000e+01   2.9000000e+01   4.2930000e+01
  -1.2000000e+01   3.0000000e+01   4.2070000e+01
  -1.2000000e+01   3.1000000e+01   4.1980000e+01
  -1.2000000e+01   3.2000000e+01   4.2710000e+01
  -1.2000000e+01   3.3000000e+01   4.0200000e+01
  -1.2000000e+01   3.4000000e+01   3.6670000e+01
  -1.2000000e+01   3.5000000e+01   3.7330000e+01
  -1.2000000e+01   3.6000000e+01   4.1010000e+01
