   5.4176065e+06   1.7183266e+05   3.2777098e+06
   5.2855400e+06   1.5071592e+05   3.4894790e+06
   5.2501829e+06   9.7753167e+04   3.5401704e+06
   5.4830702e+06   6.3801330e+04   3.1805753e+06
   5.4186055e+06   5.5169170e+04   3.2832836e+06
   5.3133532e+06   4.1731837e+04   3.4514683e+06
   5.3638570e+06   2.1844048e+04   3.3702541e+06
   5.4628246e+06  -1.1123546e+04   3.2153642e+06
   5.5066345e+06  -1.2814511e+04   3.1409220e+06
   5.3979539e+06  -2.9834157e+04   3.3157567e+06
   5.4985828e+06  -1.1997950e+05   3.1518752e+06
   5.3933786e+06  -1.2867179e+05   3.3246297e+06
   5.4021454e+06  -1.7291523e+05   3.3113635e+06
   5.4211483e+06  -2.4933335e+05   3.2795438e+06
   5.3679458e+06  -2.7036292e+05   3.3640599e+06
   5.4479665e+06  -3.4116597e+05   3.2214216e+06
   5.3361323e+06  -3.5754373e+05   3.4015888e+06
   5.4554381e+06  -4.0860056e+05   3.1901552e+06
   5.4694361e+06  -4.3685797e+05   3.1570658e+06
   5.4904881e+06  -4.6909202e+05   3.1135071e+06
   5.4485983e+06  -4.8627444e+05   3.1856264e+06
   5.1196018e+06  -5.5465995e+05   3.6821782e+06
   5.4043810e+06  -6.0142338e+05   3.2538897e+06
   5.3946645e+06  -7.1181759e+05   3.2518153e+06
   5.1066943e+06  -6.9650367e+05   3.6762986e+06
   5.3545868e+06  -7.4777362e+05   3.3058949e+06
   5.5136677e+06  -8.0271917e+05   3.0090248e+06
   5.1228552e+06  -7.4886573e+05   3.6432839e+06
   5.2562385e+06  -7.7773619e+05   3.4492389e+06
   5.3212399e+06  -8.0159560e+05   3.3486183e+06
   5.1972507e+06  -8.0767327e+05   3.5281999e+06
   5.1459171e+06  -8.0122896e+05   3.5996787e+06
   5.2444880e+06  -8.3064530e+05   3.4578631e+06
   5.1420788e+06  -8.4819242e+05   3.5954993e+06
   5.1972867e+06  -8.7905525e+05   3.5137661e+06
   5.1035561e+06  -8.7847984e+05   3.6419602e+06
   5.4751954e+06  -9.7199481e+05   3.0239309e+06
   5.2610805e+06  -9.4345830e+05   3.4017912e+06
   5.3460430e+06  -9.6351053e+05   3.2591136e+06
   5.4089519e+06  -9.7809783e+05   3.1415435e+06
   5.0668138e+06  -9.5433177e+05   3.6731609e+06
   5.3348825e+06  -1.0321655e+06   3.2515230e+06
