   5.2898937e+06   1.6778194e+05   3.1999184e+06
   5.1915176e+06   1.4803490e+05   3.4269853e+06
   5.1759748e+06   9.6371486e+04   3.4897930e+06
   5.3599002e+06   6.2368117e+04   3.1086437e+06
   5.3217414e+06   5.4182955e+04   3.2241931e+06
   5.2371262e+06   4.1133139e+04   3.4016169e+06
   5.2970379e+06   2.1571931e+04   3.3279853e+06
   5.4356716e+06  -1.1068256e+04   3.1992739e+06
   5.4857851e+06  -1.2765993e+04   3.1289491e+06
   5.3525855e+06  -2.9583408e+04   3.2876997e+06
   5.4583126e+06  -1.1910080e+05   3.1286352e+06
   5.3226336e+06  -1.2698400e+05   3.2807249e+06
   5.3163970e+06  -1.7017054e+05   3.2584460e+06
   5.2773791e+06  -2.4272102e+05   3.1919810e+06
   5.2283861e+06  -2.6333383e+05   3.2760063e+06
   5.2871427e+06  -3.3109476e+05   3.1256810e+06
   5.2058498e+06  -3.4881425e+05   3.3179758e+06
   5.3178927e+06  -3.9829871e+05   3.1091778e+06
   5.3332896e+06  -4.2598360e+05   3.0779462e+06
   5.3709663e+06  -4.5888042e+05   3.0452696e+06
   5.2829147e+06  -4.7148757e+05   3.0880991e+06
   5.0103801e+06  -5.4282682e+05   3.6030897e+06
   5.2385646e+06  -5.8297059e+05   3.1533777e+06
   5.2225610e+06  -6.8910880e+05   3.1473713e+06
   5.0150496e+06  -6.8400422e+05   3.6098764e+06
   5.2006990e+06  -7.2628304e+05   3.2102415e+06
   5.3774329e+06  -7.8288514e+05   2.9341718e+06
   5.0182000e+06  -7.3356710e+05   3.5683502e+06
   5.1110145e+06  -7.5624821e+05   3.3532942e+06
   5.1700961e+06  -7.7882719e+05   3.2528601e+06
   5.0541221e+06  -7.8543052e+05   3.4303770e+06
   5.0217564e+06  -7.8189690e+05   3.5122365e+06
   5.1001419e+06  -8.0778312e+05   3.3620460e+06
   5.0117159e+06  -8.2668889e+05   3.5037274e+06
   5.0590785e+06  -8.5567908e+05   3.4196934e+06
   4.9728682e+06  -8.5598440e+05   3.5480672e+06
   5.3356375e+06  -9.4721952e+05   2.9463305e+06
   5.1233291e+06  -9.1875563e+05   3.3121180e+06
   5.2100528e+06  -9.3900118e+05   3.1756477e+06
   5.2653220e+06  -9.5212533e+05   3.0575567e+06
   4.9385540e+06  -9.3017411e+05   3.5795490e+06
   5.2122193e+06  -1.0084332e+06   3.1762548e+06
