6.00 25.00 243.36
6.00 26.00 240.336
6.00 27.00 243.341
6.00 28.00 228.131
6.00 29.00 218.66
6.00 30.00 76.206
6.00 31.00 48.945
6.00 32.00 46.944
6.00 33.00 52.058
6.00 34.00 59.833
6.00 35.00 60.663
6.00 36.00 46.092
5.00 25.00 222.243
5.00 26.00 238.596
5.00 27.00 242.965
5.00 28.00 231.736
5.00 29.00 148.449
5.00 30.00 58.223
5.00 31.00 54.958
5.00 32.00 64.194
5.00 33.00 65.667
5.00 34.00 70.371
5.00 35.00 52.907
5.00 36.00 47.206
4.00 25.00 256.013
4.00 26.00 259.378
4.00 27.00 266.374
4.00 28.00 245.355
4.00 29.00 99.376
4.00 30.00 65.27
4.00 31.00 63.881
4.00 32.00 155.135
4.00 33.00 202.897
4.00 34.00 146.333
4.00 35.00 66.698
4.00 36.00 45.009
3.00 25.00 259.737
3.00 26.00 245.027
3.00 27.00 249.64
3.00 28.00 173.636
3.00 29.00 86.225
3.00 30.00 87.056
3.00 31.00 100.05
3.00 32.00 175.516
3.00 33.00 166.761
3.00 34.00 175.271
3.00 35.00 96.03
3.00 36.00 47.778
2.00 25.00 256.18
2.00 26.00 242.037
2.00 27.00 245.539
2.00 28.00 224.432
2.00 29.00 108.592
2.00 30.00 165.073
2.00 31.00 178.467
2.00 32.00 173.962
2.00 33.00 171.548
2.00 34.00 155.678
2.00 35.00 132.644
2.00 36.00 53.559
1.00 25.00 132.199
1.00 26.00 87.34
1.00 27.00 80.536
1.00 28.00 79.96
1.00 29.00 119.045
1.00 30.00 211.558
1.00 31.00 216.885
1.00 32.00 150.822
1.00 33.00 136.842
1.00 34.00 123.44
1.00 35.00 143.57
1.00 36.00 105.524
0.00 25.00 216.058
0.00 26.00 92.725
0.00 27.00 56.477
0.00 28.00 61.846
0.00 29.00 69.834
0.00 30.00 64.823
0.00 31.00 76.355
0.00 32.00 103.549
0.00 33.00 125.68
0.00 34.00 135.144
0.00 35.00 136.55
0.00 36.00 63.032
-1.00 25.00 138.305
-1.00 26.00 99.572
-1.00 27.00 64.164
-1.00 28.00 58.003
-1.00 29.00 68.675
-1.00 30.00 70.177
-1.00 31.00 66.444
-1.00 32.00 118.599
-1.00 33.00 130.174
-1.00 34.00 142.801
-1.00 35.00 106.764
-1.00 36.00 85.155
-2.00 25.00 154.638
-2.00 26.00 136.936
-2.00 27.00 60.632
-2.00 28.00 78.155
-2.00 29.00 135.986
-2.00 30.00 129.105
-2.00 31.00 138.735
-2.00 32.00 144.766
-2.00 33.00 141.546
-2.00 34.00 148.747
-2.00 35.00 149.118
-2.00 36.00 160.449
-3.00 25.00 157.16
-3.00 26.00 84.64
-3.00 27.00 71.904
-3.00 28.00 94.005
-3.00 29.00 233.219
-3.00 30.00 227.044
-3.00 31.00 228.033
-3.00 32.00 209.607
-3.00 33.00 176.386
-3.00 34.00 163.436
-3.00 35.00 158.612
-3.00 36.00 168.293
-4.00 25.00 132.05
-4.00 26.00 83.119
-4.00 27.00 72.247
-4.00 28.00 122.017
-4.00 29.00 194.053
-4.00 30.00 154.683
-4.00 31.00 234.683
-4.00 32.00 217.705
-4.00 33.00 171.616
-4.00 34.00 162.197
-4.00 35.00 160.482
-4.00 36.00 159.03
-5.00 25.00 120.864
-5.00 26.00 104.587
-5.00 27.00 96.916
-5.00 28.00 98.56
-5.00 29.00 115.769
-5.00 30.00 224.536
-5.00 31.00 245.907
-5.00 32.00 216.398
-5.00 33.00 172.493
-5.00 34.00 142.551
-5.00 35.00 147.352
-5.00 36.00 153.764
-6.00 25.00 134.677
-6.00 26.00 105.93
-6.00 27.00 93.072
-6.00 28.00 97.624
-6.00 29.00 116.97
-6.00 30.00 160.948
-6.00 31.00 233.258
-6.00 32.00 212.976
-6.00 33.00 199.689
-6.00 34.00 174.04
-6.00 35.00 172.878
-6.00 36.00 183.395
-7.00 25.00 139.358
-7.00 26.00 126.719
-7.00 27.00 109.054
-7.00 28.00 132.047
-7.00 29.00 214.721
-7.00 30.00 251.277
-7.00 31.00 233.315
-7.00 32.00 210.293
-7.00 33.00 194.627
-7.00 34.00 169.383
-7.00 35.00 148.894
-7.00 36.00 150.532
-8.00 25.00 175.158
-8.00 26.00 184.262
-8.00 27.00 160.25
-8.00 28.00 184.472
-8.00 29.00 213.47
-8.00 30.00 230.428
-8.00 31.00 234.172
-8.00 32.00 207.966
-8.00 33.00 210.079
-8.00 34.00 200.561
-8.00 35.00 170.716
-8.00 36.00 154.892
-9.00 25.00 180.444
-9.00 26.00 177.501
-9.00 27.00 175.423
-9.00 28.00 177.604
-9.00 29.00 195.379
-9.00 30.00 206.609
-9.00 31.00 209.914
-9.00 32.00 217.994
-9.00 33.00 208.686
-9.00 34.00 213.694
-9.00 35.00 191.217
-9.00 36.00 163.365
-10.00 25.00 188.33
-10.00 26.00 175.226
-10.00 27.00 166.61
-10.00 28.00 167.764
-10.00 29.00 216.962
-10.00 30.00 207.319
-10.00 31.00 200.95
-10.00 32.00 206.942
-10.00 33.00 201.766
-10.00 34.00 200.592
-10.00 35.00 204.063
-10.00 36.00 215.615
-11.00 25.00 185.06
-11.00 26.00 180.277
-11.00 27.00 193.458
-11.00 28.00 204.67
-11.00 29.00 222.111
-11.00 30.00 209.226
-11.00 31.00 184.425
-11.00 32.00 204.39
-11.00 33.00 192.411
-11.00 34.00 214.407
-11.00 35.00 194.668
-11.00 36.00 188.277
