26.5624 -9.47545 -8.83608e-05 0.000182861 1.63965e-05
27.6874 -9.4863 -0.000321817 0.000618864 1.54748e-05
26.5625 -8.54338 -0.000100084 0.000201233 3.10237e-06
27.6874 -8.55318 -0.00032454 0.000619979 4.60534e-06
28.8124 -9.49352 -0.000284434 0.000507531 -2.76272e-05
29.9375 -9.49714 -0.000157526 0.000251901 -6.45298e-05
28.8124 -8.55972 -0.00026997 0.000482556 -2.64653e-05
29.9375 -8.56298 -0.000166672 0.000276217 -4.3736e-05
26.5625 -7.61132 -0.00010926 0.000212376 -2.06452e-05
27.6874 -7.62008 -0.000324905 0.000612966 -2.15907e-05
26.5625 -6.67927 -0.000114511 0.000210533 -7.06977e-05
27.6875 -6.68698 -0.000337005 0.000630509 -4.65009e-05
28.8124 -7.62592 -0.000264492 0.000476856 -1.44172e-05
29.9375 -7.62883 -0.000159675 0.000280399 1.16796e-05
28.8125 -6.69212 -0.000280104 0.00051454 2.17494e-05
29.9375 -6.69469 -0.000155763 0.000288454 7.64607e-05
