26.5625 -2.01913 -8.80128e-05 0.000174026 -2.56077e-05
27.6875 -2.02148 -0.000346712 0.000658852 -2.48594e-05
26.5625 -1.08721 -9.94873e-05 0.00019895 -1.10891e-06
27.6875 -1.08848 -0.000353031 0.000672614 -4.10323e-06
28.8125 -2.02305 -0.000351807 0.000634808 -6.54317e-05
29.9375 -2.02384 -0.000163917 0.000278206 -9.07109e-05
28.8125 -1.08932 -0.000325746 0.000589476 -6.96375e-05
29.9375 -1.08974 -0.000171074 0.000292041 -0.000131598
26.5625 -0.155288 -0.000107757 0.000215579 6.79947e-06
27.6875 -0.155469 -0.000356128 0.000678658 -4.34791e-06
26.5625 0.776633 -0.000108375 0.000217298 -1.72674e-05
27.6875 0.777539 -0.000356288 0.000679585 -2.04383e-05
28.8125 -0.155589 -0.000310127 0.000563495 -5.91483e-05
29.9375 -0.155648 -0.000173639 0.000300887 -0.00011449
28.8125 0.778143 -0.000309457 0.000563515 -3.20868e-05
29.9375 0.778445 -0.000171066 0.000298482 -5.28718e-05
31.0625 -2.02384 0.000165919 -0.00028178 -9.23502e-05
32.1875 -2.02305 0.00038506 -0.000616149 -6.61748e-05
31.0625 -1.08974 0.000172835 -0.000291808 -0.000132157
32.1875 -1.08932 0.000358543 -0.000572138 -7.02352e-05
33.3125 -2.02148 0.000408532 -0.000623227 -2.47742e-05
34.4375 -2.01913 0.000109519 -0.00016129 -2.5124e-05
33.3125 -1.08848 0.000417279 -0.000635069 -3.58324e-06
34.4375 -1.08721 0.000125773 -0.00018345 -6.39138e-07
31.0625 -0.155648 0.000179462 -0.000298535 -0.000113127
32.1875 -0.155589 0.000343811 -0.000546529 -5.92358e-05
31.0625 0.778445 0.000178081 -0.000294328 -5.00285e-05
32.1875 0.778143 0.000343543 -0.000544982 -3.21175e-05
33.3125 -0.155469 0.000421064 -0.000640724 -4.07243e-06
34.4375 -0.155288 0.000136351 -0.000198823 7.0967e-06
33.3125 0.777539 0.000421853 -0.000641401 -2.03783e-05
34.4375 0.776633 0.000137628 -0.000200308 -1.71116e-05
26.5625 1.70855 -0.00010847 0.000217698 -1.09817e-05
27.6875 1.71054 -0.000354444 0.000676464 -1.54115e-05
26.5625 2.64048 -0.000106573 0.000217265 -3.97024e-05
27.6875 2.64355 -0.000350735 0.000671845 -3.46062e-05
28.8125 1.71187 -0.000305032 0.000557283 -4.38237e-05
29.9375 1.71253 -0.000167587 0.000295585 -7.65033e-05
28.8125 2.64559 -0.00029811 0.00054349 -1.57388e-05
29.9375 2.64661 -0.000171822 0.000298774 -4.52285e-06
26.5625 3.5724 -9.86706e-05 0.00020263 -3.77272e-05
27.6875 3.57655 -0.000345401 0.000663319 -3.77484e-05
26.5625 4.50433 -8.73819e-05 0.000179777 -2.83439e-05
27.6875 4.50956 -0.000338693 0.000650119 -2.74668e-05
28.8125 3.57932 -0.000306596 0.000557112 2.27905e-06
29.9375 3.5807 -0.000168829 0.000287762 4.30283e-05
28.8125 4.51305 -0.000322861 0.000583722 1.98931e-05
29.9375 4.51479 -0.000157663 0.000263535 6.4687e-05
31.0625 1.71253 0.000178329 -0.000291756 -7.42156e-05
32.1875 1.71187 0.000339977 -0.000537707 -4.32825e-05
31.0625 2.64661 0.000177564 -0.000294696 -1.01327e-06
32.1875 2.64559 0.000330919 -0.00052452 -1.41179e-05
33.3125 1.71054 0.000420173 -0.000638514 -1.53413e-05
34.4375 1.70855 0.000137898 -0.000200534 -1.0964e-05
33.3125 2.64355 0.00041763 -0.000632587 -3.44026e-05
34.4375 2.64048 0.000138216 -0.000198339 -3.96986e-05
31.0625 3.5807 0.000171081 -0.000289514 4.5267e-05
32.1875 3.57932 0.000338989 -0.00053901 3.77735e-06
31.0625 4.51479 0.000158227 -0.000272725 6.56061e-05
32.1875 4.51305 0.000355204 -0.00056738 2.0611e-05
33.3125 3.57655 0.000412479 -0.000623368 -3.75315e-05
34.4375 3.5724 0.000129203 -0.000184258 -3.78028e-05
33.3125 4.50956 0.000404349 -0.000611333 -2.74146e-05
34.4375 4.50433 0.000114726 -0.000163363 -2.83867e-05
