31.0625 -9.49714 0.000141185 -0.00025485 -6.31001e-05
32.1876 -9.49352 0.000305826 -0.000494771 -2.83354e-05
31.0625 -8.56298 0.000158906 -0.000276891 -4.48185e-05
32.1876 -8.55972 0.000291329 -0.00047038 -2.66659e-05
33.3126 -9.4863 0.000385245 -0.000581482 1.55021e-05
34.4376 -9.47545 0.000117225 -0.000166135 1.63576e-05
33.3126 -8.55318 0.00038492 -0.000584428 4.66131e-06
34.4375 -8.54338 0.000127456 -0.000185054 3.1253e-06
31.0625 -7.62883 0.000166599 -0.000273485 1.19374e-05
32.1876 -7.62592 0.000288874 -0.000462446 -1.39294e-05
31.0625 -6.69469 0.000176927 -0.000276106 7.74718e-05
32.1875 -6.69212 0.000314579 -0.00049499 2.17657e-05
33.3126 -7.62008 0.000378323 -0.000580917 -2.15517e-05
34.4375 -7.61132 0.000132699 -0.000198412 -2.06593e-05
33.3125 -6.68698 0.000387813 -0.000600053 -4.65873e-05
34.4375 -6.67927 0.000128361 -0.000201815 -7.05586e-05
26.5625 -5.74722 -0.000113423 0.000210246 -7.38662e-05
27.6875 -5.75388 -0.000346544 0.000648279 -5.59868e-05
26.5625 -4.81518 -0.000115146 0.000209864 -0.000108574
27.6875 -4.82076 -0.000352118 0.000656074 -8.2471e-05
28.8125 -5.75831 -0.000283541 0.000513868 -7.77232e-06
29.9375 -5.76053 -0.000161751 0.000293413 6.20534e-05
28.8125 -4.82448 -0.000291438 0.000532816 1.69294e-05
29.9375 -4.82634 -0.000160155 0.00029923 0.000124908
26.5625 -3.88314 -0.000105553 0.000195012 -0.000106184
27.6875 -3.88765 -0.000353119 0.000659865 -8.94664e-05
26.5625 -2.95111 -9.08803e-05 0.000172248 -8.269e-05
27.6875 -2.95454 -0.000348254 0.000655819 -7.0757e-05
28.8125 -3.89065 -0.00031336 0.000572876 2.24691e-05
29.9375 -3.89215 -0.000159021 0.000295653 0.000143223
28.8125 -2.95683 -0.000346366 0.000631387 1.562e-05
29.9375 -2.95797 -0.00015618 0.00028175 0.000101943
31.0625 -5.76053 0.000177509 -0.000282404 6.28695e-05
32.1875 -5.75831 0.000312043 -0.000497045 -6.81721e-06
31.0625 -4.82634 0.000182718 -0.000283004 0.000124293
32.1875 -4.82448 0.00032446 -0.00051283 1.67401e-05
33.3125 -5.75388 0.000398602 -0.000616845 -5.62539e-05
34.4375 -5.74722 0.000128796 -0.000200921 -7.35159e-05
33.3125 -4.82076 0.000402772 -0.00062557 -8.27096e-05
34.4375 -4.81518 0.000127795 -0.000202471 -0.000108033
31.0625 -3.89215 0.000180009 -0.000280175 0.000141599
32.1875 -3.89065 0.000349363 -0.000552226 2.20954e-05
31.0625 -2.95797 0.000171762 -0.000275118 0.000100217
32.1875 -2.95683 0.000384852 -0.000609993 1.48276e-05
33.3125 -3.88765 0.000406098 -0.000629009 -8.95312e-05
34.4375 -3.88314 0.000119488 -0.000186954 -0.000105733
33.3125 -2.95454 0.000404905 -0.00062275 -7.05938e-05
34.4375 -2.95111 0.000106609 -0.000162973 -8.21947e-05
