31.063 -2.02397 -0.00451448 0.00528294 -0.0332469
32.1878 -2.02315 -0.00488403 0.00557492 -0.0289406
31.063 -1.09009 0.822996 -1.31962 1.11652
32.1878 -1.08962 -0.00524256 0.00726511 -0.0248029
33.313 -2.02156 -0.00361722 0.00392201 -0.0267707
34.4377 -2.0192 -0.0018839 0.00123767 -0.0257474
33.313 -1.08876 -0.00485214 0.00688532 -0.0291535
34.4379 -1.08742 -0.00275671 0.00321893 -0.0312465
31.0629 -0.156099 0.963991 -1.6002 -2.2557
32.1879 -0.155941 0.00176107 -0.00288587 -0.00667596
31.0629 0.778016 -0.00585365 0.00948233 0.00751603
32.188 0.777724 -0.00638895 0.0104605 -0.0109154
33.313 -0.155772 -0.00512219 0.00692766 -0.0269816
34.4378 -0.155639 -0.00132373 0.00134131 -0.035979
33.313 0.77707 -0.00377602 0.00658051 -0.0285873
34.4378 0.776072 -0.00111094 0.00281854 -0.0392739
