26.5628 -2.01914 0.0237963 -0.169175 -1.50412
27.6881 -2.02153 1.01155 -2.08383 -1.56777
26.5627 -1.08723 0.237704 -0.563686 -1.85933
27.688 -1.08859 0.0335544 -0.106144 -0.986337
28.8133 -2.02314 0.0221295 -0.04379 -0.0189196
29.9383 -2.02397 -0.00517801 0.00652245 -0.033823
28.8131 -1.0896 -0.409416 0.785973 2.78774
29.9382 -1.09011 0.0769639 -0.121776 0.92585
26.5627 -0.155302 0.457552 -0.919432 0.906045
27.6879 -0.155617 0.437143 -0.841876 -0.855437
26.5626 0.776652 0.220912 -0.376073 -2.02951
27.6877 0.77743 1.00196 -1.85266 -1.69897
28.8131 -0.155849 -1.62204 2.94179 -2.33399
29.9379 -0.156046 0.63676 -1.16165 -3.879
28.8128 0.7779 0.0903482 -0.141011 -0.575693
29.9379 0.778066 -0.0102454 0.0167731 0.0174514
