26.5626 1.70863 0.000518265 -0.00177611 0.0116568
27.6877 1.71054 0.00141053 -0.00326857 0.00992336
26.5625 2.64056 0.000526043 -0.00188621 0.00803415
27.6876 2.64356 0.00182174 -0.00423212 0.00730963
28.8127 1.71178 -0.00628752 0.0105253 0.0177944
29.9378 1.71239 -0.011838 0.0200317 0.0160436
28.8126 2.64554 -0.0166083 0.027209 0.0319695
29.9377 2.64649 0.0308197 -0.0527458 -0.0144203
26.5625 3.57246 0.000552456 -0.00186159 0.00535788
27.6875 3.57656 0.00175563 -0.00405136 0.00506767
26.5625 4.50436 0.000818861 -0.00195637 0.00180041
27.6874 4.50956 0.00218663 -0.00447637 0.00178504
28.8125 3.57926 0.0395745 -0.0629799 -0.0679918
29.9376 3.58059 -1.01372 1.58561 1.34859
28.8124 4.51302 0.0165874 -0.0287864 -0.00860672
29.9374 4.51474 -2.28779 4.08296 -0.657878
