31.0628 -5.76061 -0.00536361 0.00545768 -0.0176394
32.1877 -5.75829 -0.0044705 0.00384707 -0.017115
31.0629 -4.82634 -0.0064065 0.00722992 -0.0206684
32.1878 -4.8244 -0.0051993 0.00508467 -0.0199535
33.3127 -5.75376 -0.0033728 0.00221056 -0.0162487
34.4375 -5.747 -0.0021377 0.00029754 -0.0157181
33.3127 -4.8206 -0.00390372 0.00298179 -0.0193303
34.4376 -4.81493 -0.00240968 0.000623139 -0.0190966
31.063 -3.8921 -0.00686782 0.00821342 -0.0230775
32.1879 -3.89061 -0.00536226 0.00568973 -0.0219934
31.063 -2.95794 -0.00667527 0.00825491 -0.0252319
32.1878 -2.95687 -0.00507132 0.00589859 -0.0244482
33.3128 -3.88757 -0.00385229 0.00313161 -0.0217599
34.4377 -3.88298 -0.00221291 0.000467122 -0.0221892
33.3129 -2.95457 -0.00343883 0.00331899 -0.0239341
34.4377 -2.95108 -0.00187498 0.000649529 -0.023661
