26.5626 -5.74768 -0.00793913 -0.00960812 -0.11423
27.6878 -5.75423 -0.0185397 0.0315513 -0.018692
26.5626 -4.81554 -0.0171338 0.00278744 -0.167259
27.6879 -4.82103 -0.0240251 0.0247487 -0.116393
28.8129 -5.75858 -0.0119878 0.0223484 0.002841
29.938 -5.7607 -0.00610195 0.00725916 -0.0173969
28.813 -4.82466 -0.0152732 0.0189119 -0.0508458
29.9381 -4.82643 -0.0074036 0.00935864 -0.0216621
26.5627 -3.88335 -0.0238734 0.127897 0.521325
27.688 -3.88776 0.0883077 -0.143046 0.172312
26.5627 -2.95118 -0.195302 0.34603 -0.392252
27.6881 -2.95459 0.382479 -0.767967 -0.179064
28.8131 -3.89068 -0.010196 0.0135368 -0.0293415
29.9382 -3.89213 -0.00800582 0.0103985 -0.0244058
28.8133 -2.95682 -0.00837251 0.0116515 -0.0314206
29.9383 -2.9579 -0.0076805 0.00950908 -0.0279026
