31.0628 1.71227 -0.0115422 0.0188271 0.00466138
32.188 1.71144 -0.0101579 0.0169692 -0.0121566
31.0627 2.64638 -0.00319912 0.00357793 0.0170808
32.1878 2.64521 -0.0172936 0.0286821 -0.0119926
33.313 1.71 -0.00762987 0.0133233 -0.0314444
34.4377 1.7079 -0.00259101 0.00652366 -0.0450901
33.3129 2.64301 -0.0157375 0.0266976 -0.0307039
34.4376 2.63984 -0.00794176 0.0147377 -0.0398066
31.0625 3.58049 0.452522 -0.887198 1.07734
32.1876 3.579 -0.0261933 0.0433483 -0.0117788
31.0624 4.5147 1.27818 -2.07847 -0.159529
32.1874 4.51291 -0.392388 0.599934 0.173275
33.3127 3.57611 -0.0251656 0.0423677 -0.0313794
34.4376 3.57175 -0.0187598 0.0257621 0.011921
33.3125 4.50934 -0.208663 0.309574 0.0628687
34.4375 4.50404 -0.386381 0.473443 0.536626
