26.5624 -9.47563 -0.000538733 0.000446817 -0.00171647
27.6874 -9.4864 -0.00123468 0.00174813 -0.00157596
26.5625 -8.54376 -0.00114694 0.000660038 -0.00512686
27.6874 -8.55349 -0.00186645 0.00227018 -0.0041804
28.8124 -9.49362 -0.00148553 0.00211124 -0.00173951
29.9374 -9.49722 -0.00171027 0.00227531 -0.00216049
28.8125 -8.55988 -0.00233927 0.00275524 -0.00472465
29.9375 -8.5631 -0.00266305 0.00285389 -0.00568238
26.5625 -7.61174 -0.00197731 0.000826916 -0.0101313
27.6876 -7.62042 -0.00338193 0.00393623 -0.00888073
26.5625 -6.67974 -0.00334787 0.000799158 -0.0228689
27.6877 -6.68735 0.000330451 -0.00472805 -0.0159757
28.8127 -7.62618 -0.00395351 0.00540073 -0.00715641
29.9376 -7.629 -0.00376843 0.00413027 -0.00897811
28.8128 -6.69241 -0.00668667 0.00942196 -0.0118101
29.9378 -6.69485 -0.00493315 0.00548407 -0.0129339
