31.0624 -9.49719 -0.00160209 0.00190235 -0.00227849
32.1875 -9.49356 -0.00142534 0.00153939 -0.00222719
31.0626 -8.56305 -0.00236291 0.00214831 -0.00626464
32.1875 -8.55976 -0.0021136 0.00145124 -0.00647821
33.3125 -9.48624 -0.00105962 0.000807865 -0.00239084
34.4376 -9.47536 -0.000990626 0.000605443 -0.00242712
33.3126 -8.55323 -0.00153344 0.000826985 -0.00621102
34.4376 -8.54337 -0.00118955 0.000241688 -0.00607413
31.0626 -7.62894 -0.00300141 0.00271566 -0.00985099
32.1876 -7.62596 -0.00270384 0.00190601 -0.0100656
31.0628 -6.69473 -0.00426102 0.00362355 -0.0139927
32.1876 -6.69211 -0.0035901 0.0025585 -0.0139504
33.3126 -7.62005 -0.00225382 0.00104363 -0.00986447
34.4375 -7.61127 -0.00138435 -0.000106144 -0.00938574
33.3126 -6.68691 -0.00288006 0.00150267 -0.0133851
34.4375 -6.67912 -0.00192941 5.35332e-05 -0.0129339
