27.1254 -1.5542 -3.99868 7.78646 -1.62275
29.3757 -1.55676 0.0115618 0.444409 8.76866
27.1252 0.310799 -3.80057 7.64073 -11.1343
29.3755 0.311001 -3.86506 6.97145 -3.38571
31.6254 -1.55679 2.56677 -3.81358 5.49283
33.8754 -1.55428 -0.692366 0.955594 -1.90579
31.6255 0.310937 2.09646 -3.38488 -0.142858
33.8754 0.310449 1.14864 -1.74495 -0.510809
27.1251 2.17593 0.28466 -0.610908 0.665809
29.3753 2.17917 -1.9034 3.62741 -3.29006
27.125 4.04093 0.0924284 -0.172188 -0.053248
29.375 4.04708 -8.86569 16.9708 -7.70162
31.6252 2.17894 0.118168 -0.0429146 -2.13371
33.8753 2.17529 0.348423 -0.465737 -0.898826
31.625 4.04696 -0.883254 1.77651 -2.42211
33.875 4.04047 0.889229 -1.35995 0.156169
