27.125 -9.01527 -0.156097 0.0625186 -0.708632
29.375 -9.0289 -0.160905 0.29965 0.0392487
27.125 -7.15015 1.93772 -2.53497 4.53777
29.3752 -7.16093 -0.0754476 -0.0132064 -0.564739
31.625 -9.02886 -0.146573 0.209427 -0.095962
33.8751 -9.01502 -0.095725 0.114708 -0.0984675
31.6252 -7.16074 -0.185556 0.167513 -0.544637
33.875 -7.14969 -0.226872 0.314835 -0.110172
27.1252 -5.28489 0.736472 -1.17519 1.33277
29.3755 -5.29285 2.80912 -4.16061 4.66274
27.1255 -3.41937 1.3999 -3.14394 -2.86059
29.3756 -3.42455 0.990841 -1.83656 -0.439987
31.6253 -5.29267 -0.263163 0.324884 -0.575453
33.8751 -5.2843 -0.432046 0.52631 -0.694895
31.6255 -3.42456 -0.359352 0.51995 -0.5143
33.8753 -3.41924 -0.760045 1.04495 -1.02298
