26.5628 -2.01914 0.0238009 -0.169187 -1.50415
27.6881 -2.02153 1.01155 -2.08383 -1.56789
26.5627 -1.08723 0.237707 -0.563692 -1.8593
27.688 -1.08859 0.0335428 -0.106123 -0.986363
28.8133 -2.02314 0.0221282 -0.0437876 -0.0189213
29.9383 -2.02397 -0.0051777 0.00652187 -0.0338238
28.8131 -1.0896 -0.409409 0.78596 2.78765
29.9382 -1.09011 0.0769379 -0.12173 0.925922
26.5627 -0.155302 0.457555 -0.919439 0.906026
27.6879 -0.155617 0.437113 -0.841818 -0.855376
26.5626 0.776652 0.22092 -0.376088 -2.02956
27.6877 0.77743 1.00197 -1.85268 -1.69901
28.8131 -0.155849 -1.62187 2.9415 -2.33375
29.9379 -0.156046 0.636704 -1.16156 -3.87919
28.8128 0.7779 0.0903432 -0.141001 -0.575693
29.9379 0.778066 -0.0102454 0.0167731 0.0174511
