31.063 -2.02397 -0.00451446 0.00528293 -0.0332466
32.1878 -2.02315 -0.0048841 0.00557504 -0.0289404
31.063 -1.09009 0.823026 -1.31968 1.11639
32.1878 -1.08962 -0.00524375 0.00726702 -0.0248011
33.313 -2.02156 -0.00361727 0.0039221 -0.0267705
34.4377 -2.0192 -0.00188387 0.00123764 -0.0257473
33.313 -1.08876 -0.00485228 0.00688555 -0.029153
34.4379 -1.08742 -0.00275669 0.00321891 -0.0312464
31.0629 -0.156099 0.964046 -1.60029 -2.25557
32.1879 -0.155941 0.0017665 -0.00289409 -0.00666232
31.0629 0.778016 -0.00585315 0.00948144 0.00751703
32.188 0.777724 -0.00638858 0.0104599 -0.0109144
33.313 -0.155772 -0.00512247 0.00692812 -0.0269806
34.4378 -0.155639 -0.00132326 0.00134063 -0.0359779
33.313 0.77707 -0.00377608 0.00658059 -0.0285863
34.4378 0.776072 -0.00111097 0.00281853 -0.0392722
