31.0624 -9.49719 -0.00160211 0.00190239 -0.00227849
32.1875 -9.49356 -0.00142534 0.00153938 -0.00222717
31.0626 -8.56305 -0.00236295 0.00214836 -0.00626472
32.1875 -8.55976 -0.00211359 0.00145121 -0.00647827
33.3125 -9.48624 -0.00105963 0.000807865 -0.00239087
34.4376 -9.47536 -0.000990725 0.00060559 -0.00242711
33.3126 -8.55323 -0.00153347 0.000827053 -0.00621096
34.4376 -8.54337 -0.0011896 0.000241779 -0.00607405
31.0626 -7.62894 -0.00300142 0.00271567 -0.00985102
32.1876 -7.62596 -0.00270389 0.0019061 -0.0100656
31.0628 -6.69473 -0.00426101 0.00362352 -0.0139927
32.1876 -6.69211 -0.00359011 0.00255852 -0.0139503
33.3126 -7.62005 -0.00225389 0.00104374 -0.00986443
34.4375 -7.61127 -0.00138432 -0.000106167 -0.00938565
33.3126 -6.68691 -0.00288012 0.00150278 -0.013385
34.4375 -6.67912 -0.00192944 5.35787e-05 -0.0129339
