26.5626 1.70863 0.000518295 -0.00177617 0.0116567
27.6877 1.71054 0.0014106 -0.00326869 0.00992311
26.5625 2.64056 0.000526058 -0.00188622 0.00803394
27.6876 2.64356 0.00182173 -0.00423208 0.00730936
28.8127 1.71178 -0.00628751 0.0105253 0.017794
29.9378 1.71239 -0.011838 0.0200317 0.0160433
28.8126 2.64554 -0.0166086 0.0272096 0.0319691
29.9377 2.64649 0.0308189 -0.0527445 -0.0144201
26.5625 3.57246 0.000552452 -0.00186156 0.00535768
27.6875 3.57656 0.00175555 -0.00405119 0.00506746
26.5625 4.50436 0.000818838 -0.00195631 0.00180034
27.6874 4.50956 0.00218651 -0.00447614 0.00178497
28.8125 3.57926 0.0395745 -0.0629796 -0.0679943
29.9376 3.58059 -1.0137 1.58558 1.34857
28.8124 4.51302 0.0165872 -0.0287859 -0.00860714
29.9374 4.51474 -2.28782 4.083 -0.65786
