26.5624 -9.47563 -0.000538736 0.000446794 -0.00171655
27.6874 -9.4864 -0.00123465 0.00174805 -0.001576
26.5625 -8.54376 -0.00114693 0.00065995 -0.00512709
27.6874 -8.55349 -0.00186641 0.00227007 -0.00418054
28.8124 -9.49362 -0.00148548 0.00211115 -0.00173953
29.9374 -9.49722 -0.00171023 0.00227523 -0.0021605
28.8125 -8.55988 -0.00233922 0.00275514 -0.00472469
29.9375 -8.5631 -0.002663 0.00285379 -0.0056824
26.5625 -7.61174 -0.00197731 0.000826794 -0.0101317
27.6876 -7.62042 -0.00338185 0.00393603 -0.00888087
26.5625 -6.67974 -0.00334776 0.000798772 -0.0228695
27.6877 -6.68735 0.000330567 -0.00472841 -0.0159762
28.8127 -7.62618 -0.00395343 0.00540056 -0.00715648
29.9376 -7.629 -0.00376836 0.00413015 -0.00897813
28.8128 -6.69241 -0.00668651 0.00942165 -0.0118102
29.9378 -6.69485 -0.00493304 0.0054839 -0.0129339
