26.5626 -5.74768 -0.00793828 -0.00960838 -0.114223
27.6878 -5.75423 -0.0185402 0.031554 -0.018684
26.5626 -4.81554 -0.0171347 0.00278834 -0.167263
27.6879 -4.82103 -0.0240297 0.024756 -0.116401
28.8129 -5.75858 -0.0119898 0.0223519 0.00283984
29.938 -5.7607 -0.00610186 0.00725901 -0.0173968
28.813 -4.82466 -0.0152748 0.0189154 -0.0508421
29.9381 -4.82643 -0.0074036 0.0093587 -0.0216618
26.5627 -3.88335 -0.0238752 0.127901 0.521325
27.688 -3.88776 0.0883086 -0.143051 0.172287
26.5627 -2.95118 -0.195304 0.346038 -0.392228
27.6881 -2.95459 0.382523 -0.768059 -0.179127
28.8131 -3.89068 -0.010196 0.013537 -0.0293414
29.9382 -3.89213 -0.00800589 0.0103987 -0.0244056
28.8133 -2.95682 -0.00837245 0.0116514 -0.0314207
29.9383 -2.9579 -0.00768063 0.00950933 -0.0279024
