31.0628 -5.76061 -0.00536353 0.00545757 -0.0176393
32.1877 -5.75829 -0.00447048 0.00384705 -0.0171149
31.0629 -4.82634 -0.00640642 0.00722981 -0.0206681
32.1878 -4.8244 -0.00519927 0.00508467 -0.0199533
33.3127 -5.75376 -0.00337279 0.00221057 -0.0162486
34.4375 -5.747 -0.0021377 0.000297551 -0.015718
33.3127 -4.8206 -0.0039037 0.00298179 -0.0193301
34.4376 -4.81493 -0.00240965 0.000623098 -0.0190965
31.063 -3.8921 -0.00686776 0.00821336 -0.0230771
32.1879 -3.89061 -0.00536224 0.00568974 -0.0219932
31.063 -2.95794 -0.00667523 0.00825488 -0.0252315
32.1878 -2.95687 -0.00507134 0.00589862 -0.024448
33.3128 -3.88757 -0.00385225 0.00313157 -0.0217597
34.4377 -3.88298 -0.00221287 0.000467069 -0.0221891
33.3129 -2.95457 -0.0034388 0.00331895 -0.0239341
34.4377 -2.95108 -0.00187493 0.000649448 -0.023661
