31.0628 1.71227 -0.0115422 0.0188272 0.00466143
32.188 1.71144 -0.010158 0.0169693 -0.0121563
31.0627 2.64638 -0.00319992 0.00357918 0.0170814
32.1878 2.64521 -0.0172937 0.0286822 -0.0119923
33.313 1.71 -0.0076299 0.0133233 -0.0314441
34.4377 1.7079 -0.002591 0.00652363 -0.0450897
33.3129 2.64301 -0.0157376 0.0266977 -0.0307037
34.4376 2.63984 -0.00794179 0.0147377 -0.0398061
31.0625 3.58049 0.452512 -0.88718 1.07732
32.1876 3.579 -0.0261935 0.0433484 -0.0117785
31.0624 4.5147 1.27817 -2.07845 -0.159512
32.1874 4.51291 -0.392396 0.599946 0.173287
33.3127 3.57611 -0.0251657 0.0423679 -0.0313792
34.4376 3.57175 -0.0187642 0.025769 0.0119179
33.3125 4.50934 -0.20866 0.309569 0.062871
34.4375 4.50404 -0.386375 0.473438 0.536606
