26.5628 -2.01914 0.0237897 -0.16916 -1.50409
27.6881 -2.02153 1.01156 -2.08382 -1.56761
26.5627 -1.08723 0.237699 -0.563677 -1.85936
27.688 -1.08859 0.0335708 -0.106174 -0.986303
28.8133 -2.02314 0.0221316 -0.0437939 -0.0189177
29.9383 -2.02397 -0.00517814 0.00652278 -0.0338213
28.8131 -1.0896 -0.409425 0.785991 2.78786
29.9382 -1.09011 0.0769996 -0.121838 0.925753
26.5627 -0.155302 0.457548 -0.919423 0.906068
27.6879 -0.155617 0.437185 -0.841956 -0.855524
26.5626 0.776652 0.220902 -0.376054 -2.02945
27.6877 0.77743 1.00195 -1.85263 -1.69892
28.8131 -0.155849 -1.62226 2.9422 -2.33431
29.9379 -0.156046 0.636838 -1.16179 -3.87875
28.8128 0.7779 0.0903553 -0.141024 -0.575693
29.9379 0.778066 -0.0102451 0.0167727 0.017451
