26.5624 -9.47563 -0.000538799 0.000446963 -0.00171644
27.6874 -9.4864 -0.00123485 0.00174843 -0.00157599
26.5625 -8.54376 -0.001147 0.000660221 -0.0051267
27.6874 -8.55349 -0.00186659 0.00227044 -0.00418042
28.8124 -9.49362 -0.00148562 0.0021114 -0.00173953
29.9374 -9.49722 -0.00171028 0.00227532 -0.0021605
28.8125 -8.55988 -0.00233936 0.00275538 -0.00472472
29.9375 -8.5631 -0.00266306 0.0028539 -0.00568242
26.5625 -7.61174 -0.00197736 0.000827122 -0.010131
27.6876 -7.62042 -0.00338212 0.00393651 -0.008881
26.5625 -6.67974 -0.00334812 0.000799702 -0.0228687
27.6877 -6.68735 0.00033041 -0.00472787 -0.0159753
28.8127 -7.62618 -0.00395358 0.00540083 -0.00715652
29.9376 -7.629 -0.00376843 0.00413026 -0.00897815
28.8128 -6.69241 -0.00668676 0.00942209 -0.0118103
29.9378 -6.69485 -0.00493316 0.00548408 -0.012934
