31.0624 -9.49719 -0.00160207 0.0019023 -0.00227851
32.1875 -9.49356 -0.00142536 0.0015394 -0.00222722
31.0626 -8.56305 -0.00236291 0.0021483 -0.0062647
32.1875 -8.55976 -0.00211361 0.00145124 -0.00647827
33.3125 -9.48624 -0.00105965 0.0008079 -0.00239089
34.4376 -9.47536 -0.00099069 0.00060552 -0.00242716
33.3126 -8.55323 -0.00153348 0.00082704 -0.00621107
34.4376 -8.54337 -0.0011896 0.000241746 -0.00607419
31.0626 -7.62894 -0.00300142 0.00271566 -0.00985104
32.1876 -7.62596 -0.00270389 0.00190609 -0.0100657
31.0628 -6.69473 -0.00426104 0.00362356 -0.0139927
32.1876 -6.69211 -0.00359014 0.00255854 -0.0139504
33.3126 -7.62005 -0.00225387 0.00104369 -0.00986453
34.4375 -7.61127 -0.00138437 -0.00010613 -0.00938577
33.3126 -6.68691 -0.00288012 0.00150276 -0.0133852
34.4375 -6.67912 -0.00192946 5.35927e-05 -0.012934
