26.5626 -5.74768 -0.00793885 -0.00960826 -0.114228
27.6878 -5.75423 -0.0185399 0.0315523 -0.0186895
26.5626 -4.81554 -0.0171342 0.00278776 -0.167261
27.6879 -4.82103 -0.0240269 0.0247515 -0.116396
28.8129 -5.75858 -0.0119885 0.0223497 0.00284055
29.938 -5.7607 -0.00610195 0.00725914 -0.0173969
28.813 -4.82466 -0.015274 0.0189134 -0.0508447
29.9381 -4.82643 -0.00740361 0.00935867 -0.0216621
26.5627 -3.88335 -0.0238742 0.127899 0.521325
27.688 -3.88776 0.0883078 -0.143047 0.172302
26.5627 -2.95118 -0.195303 0.346033 -0.392244
27.6881 -2.95459 0.382495 -0.768 -0.179087
28.8131 -3.89068 -0.0101961 0.013537 -0.0293418
29.9382 -3.89213 -0.00800583 0.0103985 -0.0244059
28.8133 -2.95682 -0.00837249 0.0116514 -0.0314212
29.9383 -2.9579 -0.00768046 0.00950901 -0.0279027
