31.0628 1.71227 -0.0115418 0.0188264 0.00466154
32.188 1.71144 -0.0101576 0.0169686 -0.0121568
31.0627 2.64638 -0.00319777 0.00357579 0.0170801
32.1878 2.64521 -0.0172934 0.0286817 -0.0119927
33.313 1.71 -0.00762963 0.0133229 -0.0314448
34.4377 1.7079 -0.00259088 0.00652348 -0.0450903
33.3129 2.64301 -0.0157373 0.0266973 -0.0307043
34.4376 2.63984 -0.00794149 0.0147373 -0.0398067
31.0625 3.58049 0.452535 -0.887223 1.07737
32.1876 3.579 -0.0261932 0.0433481 -0.0117788
31.0624 4.5147 1.27821 -2.0785 -0.159552
32.1874 4.51291 -0.392376 0.599917 0.17326
33.3127 3.57611 -0.0251655 0.0423676 -0.0313797
34.4376 3.57175 -0.0187535 0.0257523 0.0119256
33.3125 4.50934 -0.208668 0.309582 0.0628661
34.4375 4.50404 -0.386389 0.47345 0.536655
