31.0628 -5.76061 -0.00536361 0.00545767 -0.0176394
32.1877 -5.75829 -0.00447056 0.00384714 -0.0171151
31.0629 -4.82634 -0.00640649 0.0072299 -0.0206684
32.1878 -4.8244 -0.00519932 0.00508472 -0.0199535
33.3127 -5.75376 -0.00337289 0.0022107 -0.0162487
34.4375 -5.747 -0.00213777 0.000297626 -0.0157182
33.3127 -4.8206 -0.00390377 0.00298188 -0.0193302
34.4376 -4.81493 -0.00240974 0.000623229 -0.0190965
31.063 -3.8921 -0.00686782 0.00821343 -0.0230775
32.1879 -3.89061 -0.00536226 0.00568973 -0.0219934
31.063 -2.95794 -0.00667527 0.0082549 -0.0252319
32.1878 -2.95687 -0.00507134 0.0058986 -0.0244483
33.3128 -3.88757 -0.00385231 0.00313164 -0.0217598
34.4377 -3.88298 -0.00221292 0.000467154 -0.0221891
33.3129 -2.95457 -0.00343883 0.00331898 -0.0239342
34.4377 -2.95108 -0.00187497 0.000649511 -0.023661
