26.5626 1.70863 0.000518267 -0.00177612 0.0116568
27.6877 1.71054 0.00141061 -0.00326872 0.00992349
26.5625 2.64056 0.000526031 -0.00188619 0.00803418
27.6876 2.64356 0.00182178 -0.0042322 0.0073096
28.8127 1.71178 -0.00628721 0.0105248 0.0177941
29.9378 1.71239 -0.0118376 0.020031 0.0160437
28.8126 2.64554 -0.0166073 0.0272072 0.0319682
29.9377 2.64649 0.0308215 -0.052749 -0.0144207
26.5625 3.57246 0.000552416 -0.00186151 0.00535785
27.6875 3.57656 0.0017556 -0.0040513 0.00506759
26.5625 4.50436 0.00081881 -0.00195627 0.00180041
27.6874 4.50956 0.00218654 -0.0044762 0.00178502
28.8125 3.57926 0.0395744 -0.06298 -0.0679899
29.9376 3.58059 -1.01374 1.58564 1.34861
28.8124 4.51302 0.0165869 -0.0287856 -0.00860666
29.9374 4.51474 -2.28776 4.08291 -0.657903
