31.063 -2.02397 -0.00451448 0.00528293 -0.033247
32.1878 -2.02315 -0.00488406 0.00557495 -0.0289408
31.063 -1.09009 0.823007 -1.31964 1.11647
32.1878 -1.08962 -0.00524287 0.0072656 -0.0248029
33.313 -2.02156 -0.00361713 0.00392186 -0.0267708
34.4377 -2.0192 -0.00188385 0.0012376 -0.0257473
33.313 -1.08876 -0.00485197 0.00688506 -0.0291535
34.4379 -1.08742 -0.00275674 0.00321897 -0.0312467
31.0629 -0.156099 0.964011 -1.60023 -2.25565
32.1879 -0.155941 0.00176326 -0.00288919 -0.00667119
31.0629 0.778016 -0.00585313 0.00948145 0.00751617
32.188 0.777724 -0.00638843 0.0104597 -0.0109159
33.313 -0.155772 -0.0051221 0.00692753 -0.0269815
34.4378 -0.155639 -0.00132351 0.00134099 -0.0359791
33.313 0.77707 -0.00377597 0.00658045 -0.0285877
34.4378 0.776072 -0.00111085 0.0028184 -0.0392738
