31.8751 -9.50652 5.09201e-05 -8.36444e-05 -5.5454e-06
33.6253 -9.49777 0.000397732 -0.000599693 -5.40099e-06
31.8751 -8.50592 2.77131e-05 -9.52371e-05 -0.000178914
33.6253 -8.49808 0.000377515 -0.000609446 -0.000154854
35.3754 -9.48026 0.000553262 -0.000780652 -4.95203e-06
37.1252 -9.45402 0.000291703 -0.000383777 5.69734e-06
35.3753 -8.48238 0.000543892 -0.000799039 -0.00012814
37.1252 -8.45883 0.000296073 -0.000415935 -0.000100706
31.8751 -7.50533 -1.49704e-06 -0.00010165 -0.000417085
33.6252 -7.49839 0.000349467 -0.000614173 -0.000373105
31.8751 -6.50474 -1.95295e-05 -0.000103403 -0.000624354
33.6252 -6.49869 0.00032278 -0.000602893 -0.000571349
35.3752 -7.48449 0.000523959 -0.000808234 -0.000309687
37.1251 -7.46365 0.000289231 -0.000435733 -0.000247164
35.3752 -6.4866 0.000498352 -0.000797142 -0.000484982
37.1251 -6.46847 0.000269774 -0.000432881 -0.000407242
24.8749 -5.47329 -0.000248577 0.000427565 -0.000476586
26.6249 -5.48867 -0.000457323 0.0007927 -0.000557629
24.875 -4.4781 -0.000237491 0.000409765 -0.00055026
26.6249 -4.4907 -0.000438771 0.000763808 -0.000635925
28.3749 -5.49893 -0.000368406 0.000553122 -0.000636538
30.125 -5.50406 -9.48922e-05 3.32713e-05 -0.000678461
28.3749 -4.4991 -0.000353264 0.000534614 -0.000721254
30.125 -4.5033 -8.80565e-05 3.3206e-05 -0.000755429
24.875 -3.48291 -0.00021181 0.000379249 -0.000536165
26.6249 -3.49272 -0.000409533 0.000731069 -0.000630436
24.875 -2.48773 -0.000180603 0.000346072 -0.000420664
26.625 -2.49475 -0.000377631 0.000706819 -0.000478011
28.3749 -3.49927 -0.000330181 0.000519309 -0.000714901
30.125 -3.50253 -7.64427e-05 4.19139e-05 -0.000736544
28.375 -2.49943 -0.00030458 0.000515236 -0.000529784
30.125 -2.50177 -5.93969e-05 5.53284e-05 -0.000540274
31.875 -5.50406 -1.72939e-05 -9.58159e-05 -0.00067749
33.6251 -5.49893 0.000313852 -0.000581792 -0.000631904
31.875 -4.5033 -1.33977e-05 -9.08642e-05 -0.000753684
33.6251 -4.4991 0.00030503 -0.000560501 -0.000716639
35.3751 -5.48867 0.00048443 -0.000773835 -0.000551574
37.1251 -5.47329 0.000260883 -0.000419373 -0.000470765
35.3751 -4.4907 0.000467929 -0.000744305 -0.000628465
37.125 -4.4781 0.000250293 -0.000401175 -0.000543536
31.875 -3.50253 5.285e-07 -8.59866e-05 -0.000734523
33.6251 -3.49927 0.000303057 -0.000534146 -0.000710333
31.875 -2.50177 2.10742e-05 -7.84271e-05 -0.000538282
33.625 -2.49943 0.000312159 -0.000510753 -0.000524694
35.3751 -3.49272 0.000453206 -0.00070389 -0.000622028
37.125 -3.48291 0.000235741 -0.000364747 -0.00052879
35.375 -2.49475 0.000447147 -0.000665105 -0.000469411
37.125 -2.48773 0.00022069 -0.000321278 -0.000413122
