24.875 -1.49259 -0.000167766 0.000350228 -0.000187368
26.625 -1.49681 -0.000362087 0.000713127 -0.00015706
24.875 -0.497497 -0.000179583 0.000386143 -5.69998e-05
26.625 -0.498904 -0.000371508 0.000741306 1.17862e-05
28.375 -1.49963 -0.000287266 0.000524124 -0.00014011
30.125 -1.50103 -4.21176e-05 6.49268e-05 -0.000146653
28.375 -0.499842 -0.000289189 0.000536573 6.38191e-05
30.125 -0.500312 -3.59588e-05 6.31669e-05 6.8797e-05
24.875 0.497594 -0.000192339 0.000414966 -6.43945e-06
26.625 0.499001 -0.000387114 0.000771142 5.48517e-05
24.875 1.49269 -0.00019784 0.000428005 -2.10965e-05
26.625 1.49691 -0.000398833 0.000793514 3.55103e-05
28.375 0.49994 -0.000299398 0.000552281 0.000110097
30.125 0.50041 -3.56035e-05 5.91259e-05 0.00012824
28.375 1.49972 -0.000308961 0.00056725 8.63912e-05
30.125 1.50113 -3.79307e-05 5.94642e-05 0.00011307
31.875 -1.50103 3.83028e-05 -6.87877e-05 -0.000144931
33.625 -1.49963 0.000328827 -0.000500809 -0.000134384
31.875 -0.500312 4.02118e-05 -6.35036e-05 7.02837e-05
33.625 -0.499842 0.000339322 -0.000509139 6.97152e-05
35.375 -1.49681 0.000460256 -0.000654969 -0.000149065
37.125 -1.49259 0.000230675 -0.000312491 -0.000179768
35.375 -0.498904 0.000480824 -0.000676923 1.91406e-05
37.125 -0.497497 0.000256719 -0.000339857 -5.01583e-05
31.875 0.50041 3.72223e-05 -6.20005e-05 0.000129521
33.625 0.49994 0.000348777 -0.000526284 0.000116055
31.875 1.50113 3.69976e-05 -6.51786e-05 0.000114488
33.625 1.49972 0.000357988 -0.000542669 9.23032e-05
35.375 0.499001 0.000500193 -0.000705414 6.14504e-05
37.125 0.497594 0.000276293 -0.000364988 -3.96826e-07
35.375 1.49691 0.000514646 -0.000726711 4.12955e-05
37.125 1.49269 0.000285131 -0.000375964 -1.63217e-05
24.875 2.48778 -0.000202204 0.000436896 -7.59935e-06
26.625 2.4948 -0.000408658 0.000810661 4.65099e-05
24.875 3.48286 -0.000201882 0.000444793 -6.4811e-05
26.6249 3.49268 -0.000412861 0.000827238 -2.69332e-05
28.375 2.49948 -0.000320029 0.000582711 0.000106579
30.125 2.50182 -4.32189e-05 6.20883e-05 0.000142359
28.3749 3.49922 -0.000326343 0.000602541 1.28203e-05
30.125 3.50248 -4.37811e-05 7.0115e-05 4.3751e-05
24.875 4.47795 -0.000192036 0.000430889 -8.97497e-05
26.6249 4.49055 -0.000408391 0.000829541 -8.49474e-05
24.8749 5.47305 -0.000179565 0.000403707 -7.2103e-05
26.6249 5.48843 -0.000402764 0.000819016 -7.26983e-05
28.3749 4.49895 -0.000324575 0.000613498 -7.5985e-05
30.125 4.50315 -4.17291e-05 8.12149e-05 -5.92695e-05
28.3749 5.49869 -0.000324191 0.000616084 -7.83765e-05
30.125 5.50382 -3.99588e-05 8.40806e-05 -7.92609e-05
31.875 2.50182 3.73906e-05 -7.20651e-05 0.000144259
33.625 2.49948 0.000366813 -0.000560425 0.000112275
31.875 3.50248 4.49643e-05 -7.7633e-05 4.59391e-05
33.6251 3.49922 0.000381561 -0.000575677 1.74455e-05
35.375 2.4948 0.00052521 -0.000743583 5.12714e-05
37.125 2.48778 0.000290877 -0.000383972 -3.98896e-06
35.3751 3.49268 0.000537658 -0.000754785 -2.34362e-05
37.125 3.48286 0.000297953 -0.000387327 -6.2276e-05
31.875 4.50315 5.62028e-05 -8.17872e-05 -5.76243e-05
33.6251 4.49895 0.000392144 -0.000579255 -7.32548e-05
31.875 5.50382 5.96328e-05 -8.15272e-05 -7.87528e-05
33.6251 5.49869 0.000394761 -0.000580119 -7.75388e-05
35.3751 4.49055 0.000541638 -0.000751594 -8.30515e-05
37.125 4.47795 0.000290371 -0.000372122 -8.83836e-05
35.3751 5.48843 0.000535169 -0.000741767 -7.21897e-05
37.1251 5.47305 0.000272236 -0.000348254 -7.16821e-05
