24.8748 -9.45402 -0.000202335 0.000438416 5.09976e-06
26.6246 -9.48026 -0.00043095 0.000857552 -5.67102e-06
24.8748 -8.45883 -0.000228884 0.000457346 -0.000102704
26.6247 -8.48238 -0.000451803 0.000857858 -0.000130416
28.3747 -9.49777 -0.000345365 0.000637453 -5.56989e-06
30.1249 -9.50652 -5.26157e-05 8.89351e-05 -5.21762e-06
28.3747 -8.49808 -0.000363281 0.000623712 -0.000155442
30.1249 -8.50592 -7.39154e-05 7.41113e-05 -0.000178771
24.8749 -7.46365 -0.000249819 0.00046076 -0.000250596
26.6248 -7.48449 -0.000469247 0.000844199 -0.000313326
24.8749 -6.46847 -0.000256545 0.000442266 -0.000411987
26.6248 -6.4866 -0.000471367 0.000816018 -0.000489784
28.3748 -7.49839 -0.000380721 0.000601018 -0.000374961
30.1249 -7.50533 -9.32304e-05 5.12001e-05 -0.000417022
28.3748 -6.49869 -0.000383078 0.000571426 -0.000574919
30.1249 -6.50474 -0.000103171 3.58674e-05 -0.000624758
