26.5624 -9.47545 2.20171e-05 -7.06047e-05 -7.11753e-05
27.6874 -9.4863 -0.000157199 0.000251365 -0.000134073
26.5625 -8.54338 1.01108e-05 -1.03369e-05 2.94305e-05
27.6874 -8.55318 -0.000270051 0.000501622 -4.02367e-05
28.8124 -9.49352 -0.000101851 9.85042e-05 -0.00024977
29.9375 -9.49714 -0.000107921 8.48101e-05 -0.000306032
28.8124 -8.55972 -0.000215466 0.000315138 -0.000245239
29.9375 -8.56298 -0.000170042 0.000195058 -0.000332117
26.5625 -7.61132 -4.10463e-06 7.30622e-06 -3.02503e-06
27.6874 -7.62008 -0.000301618 0.000553666 -7.34092e-05
26.5625 -6.67927 -8.65494e-06 8.61909e-06 -3.31934e-05
27.6875 -6.68698 -0.000317171 0.00058207 -8.86665e-05
28.8124 -7.62592 -0.000250303 0.000396655 -0.000210255
29.9375 -7.62883 -0.000183701 0.000240529 -0.000292314
28.8125 -6.69212 -0.000270515 0.000458446 -0.000137049
29.9375 -6.69469 -0.000179272 0.000267229 -0.000187342
