31.0625 -9.49714 2.31462e-05 -0.000137628 -0.000305966
32.1876 -9.49352 3.67621e-05 -0.00013685 -0.000249883
31.0625 -8.56298 9.12681e-05 -0.000248587 -0.000332616
32.1876 -8.55972 0.000172651 -0.000343139 -0.000243639
33.3126 -9.4863 0.00014358 -0.000259189 -0.000133815
34.4376 -9.47545 -5.11331e-05 5.36284e-05 -7.09663e-05
33.3126 -8.55318 0.000308414 -0.000480106 -3.94942e-05
34.4375 -8.54338 -4.09918e-06 1.38483e-05 2.96259e-05
31.0625 -7.62883 0.000123617 -0.000280996 -0.000291887
32.1876 -7.62592 0.000227722 -0.000413899 -0.000207318
31.0625 -6.69469 0.000149247 -0.000290306 -0.000186956
32.1875 -6.69212 0.000270404 -0.000459341 -0.000135017
33.3126 -7.62008 0.000338647 -0.000532965 -7.25446e-05
34.4375 -7.61132 4.4758e-06 -7.20671e-06 -2.87409e-06
33.3125 -6.68698 0.000355624 -0.000559834 -8.76284e-05
34.4375 -6.67927 3.25383e-06 -1.16114e-05 -3.3156e-05
26.5625 -5.74722 -8.45619e-06 1.01434e-05 -3.00832e-05
27.6875 -5.75388 -0.000325952 0.000602576 -8.57791e-05
26.5625 -4.81518 -9.78346e-06 1.06929e-05 -4.71184e-05
27.6875 -4.82076 -0.000332092 0.000614388 -0.000101873
28.8125 -5.75831 -0.000273581 0.000467036 -0.000145049
29.9375 -5.76053 -0.000180301 0.000278047 -0.000173299
28.8125 -4.82448 -0.00028026 0.000492962 -9.45914e-05
29.9375 -4.82634 -0.000172491 0.000287187 -7.28764e-05
26.5625 -3.88314 -6.31219e-06 6.66607e-06 -3.92623e-05
27.6875 -3.88765 -0.000335221 0.000625096 -9.39818e-05
26.5625 -2.95111 -1.75406e-06 2.45313e-07 -2.83057e-05
27.6875 -2.95454 -0.000332536 0.0006258 -7.13434e-05
28.8125 -3.89065 -0.000299403 0.00053626 -5.71911e-05
29.9375 -3.89215 -0.000163627 0.000282546 -1.15911e-05
28.8125 -2.95683 -0.000330984 0.000597372 -4.08098e-05
29.9375 -2.95797 -0.000158365 0.000274358 -6.10076e-06
31.0625 -5.76053 0.000155012 -0.000291273 -0.000173522
32.1875 -5.75831 0.000276831 -0.000466856 -0.000142857
31.0625 -4.82634 0.000166637 -0.000288159 -7.03527e-05
32.1875 -4.82448 0.000294717 -0.000483064 -9.36315e-05
33.3125 -5.75388 0.000368692 -0.000576628 -8.51155e-05
34.4375 -5.74722 4.71935e-06 -1.22416e-05 -3.01103e-05
33.3125 -4.82076 0.00037616 -0.000587976 -0.000101585
34.4375 -4.81518 4.4648e-06 -1.35525e-05 -4.72666e-05
31.0625 -3.89215 0.000169305 -0.000282687 -1.22136e-05
32.1875 -3.89065 0.000322961 -0.000520412 -5.72538e-05
31.0625 -2.95797 0.000163881 -0.000272852 -7.80441e-06
32.1875 -2.95683 0.000361891 -0.000578989 -4.16413e-05
33.3125 -3.88765 0.000383814 -0.000595673 -9.41578e-05
34.4375 -3.88314 2.69663e-06 -8.6417e-06 -3.92311e-05
33.3125 -2.95454 0.000385881 -0.000593927 -7.19217e-05
34.4375 -2.95111 -6.96577e-07 -1.56054e-06 -2.82625e-05
