26.5625 -2.01913 -1.01831e-06 1.84363e-06 -2.45074e-06
27.6875 -2.02148 -0.000332463 0.000632811 -1.01914e-05
26.5625 -1.08721 -4.37455e-06 8.99835e-06 5.85022e-06
27.6875 -1.08848 -0.000337101 0.00064289 1.14281e-05
28.8125 -2.02305 -0.000335856 0.000604564 -8.24022e-05
29.9375 -2.02384 -0.000163332 0.000273511 -0.000142676
28.8125 -1.08932 -0.000309706 0.000560497 -6.50247e-05
29.9375 -1.08974 -0.000169371 0.000288939 -0.0001354
26.5625 -0.155288 -7.38021e-06 1.48425e-05 1.32759e-05
27.6875 -0.155469 -0.000337608 0.000643507 1.99397e-05
26.5625 0.776633 -7.48456e-06 1.50086e-05 -1.24673e-06
27.6875 0.777539 -0.000336608 0.000641272 7.22473e-06
28.8125 -0.155589 -0.000294362 0.000535029 -2.4082e-05
29.9375 -0.155648 -0.00017271 0.000299517 -6.99285e-05
28.8125 0.778143 -0.000291863 0.000529785 2.97252e-05
29.9375 0.778445 -0.000170013 0.000293968 4.57642e-05
31.0625 -2.02384 0.000159538 -0.000274628 -0.000142616
32.1875 -2.02305 0.000365998 -0.000586981 -8.30092e-05
31.0625 -1.08974 0.00017066 -0.00028828 -0.000134374
32.1875 -1.08932 0.000339873 -0.000542309 -6.54916e-05
33.3125 -2.02148 0.000392059 -0.000597282 -1.10971e-05
34.4375 -2.01913 1.05973e-06 -1.69366e-06 -2.37618e-06
33.3125 -1.08848 0.000398847 -0.000606534 1.0508e-05
34.4375 -1.08721 5.77296e-06 -8.22334e-06 5.84148e-06
31.0625 -0.155648 0.00017806 -0.000295977 -6.94609e-05
32.1875 -0.155589 0.000325407 -0.000517113 -2.45909e-05
31.0625 0.778445 0.000175871 -0.00029317 4.52961e-05
32.1875 0.778143 0.000322506 -0.000513158 3.05425e-05
33.3125 -0.155469 0.000399511 -0.000607814 1.9211e-05
34.4375 -0.155288 9.48395e-06 -1.3768e-05 1.32537e-05
33.3125 0.777539 0.000398281 -0.000606211 7.06449e-06
34.4375 0.776633 9.84977e-06 -1.43348e-05 -1.26074e-06
26.5625 1.70855 -7.50905e-06 1.50202e-05 -5.95099e-09
27.6875 1.71054 -0.000335446 0.000638028 1.93131e-05
26.5625 2.64048 -5.22812e-06 1.32032e-05 -2.66245e-05
27.6875 2.64355 -0.00032681 0.000622408 4.06349e-06
28.8125 1.71187 -0.000285715 0.000516574 4.6283e-05
29.9375 1.71253 -0.000169215 0.000289661 6.95571e-05
28.8125 2.64559 -0.000269455 0.000478721 0.00011642
29.9375 2.64661 -0.00016906 0.000275564 0.000194279
26.5625 3.5724 7.55182e-06 -7.52881e-06 -5.42681e-05
27.6875 3.57655 -0.000289688 0.000553293 -9.10946e-06
26.5625 4.50433 2.84222e-05 -6.72875e-05 5.92431e-05
27.6875 4.50956 -0.000156196 0.000277411 0.000119338
28.8125 3.57932 -0.000234053 0.000401778 0.000182934
29.9375 3.5807 -0.000148187 0.000223803 0.000267265
28.8125 4.51305 -0.00010606 0.000154446 0.000234332
29.9375 4.51479 -8.51907e-05 0.000102482 0.000287225
31.0625 1.71253 0.000172602 -0.000290636 7.05244e-05
32.1875 1.71187 0.000314243 -0.000501948 4.80859e-05
31.0625 2.64661 0.000160104 -0.000283271 0.000195005
32.1875 2.64559 0.00028864 -0.000468825 0.000118181
33.3125 1.71054 0.000396034 -0.000603718 2.02407e-05
34.4375 1.70855 9.82494e-06 -1.43247e-05 -7.81664e-08
33.3125 2.64355 0.000386321 -0.000588247 4.86487e-06
34.4375 2.64048 9.15081e-06 -1.11667e-05 -2.67197e-05
31.0625 3.5807 0.000124978 -0.00023991 0.000267355
32.1875 3.57932 0.000238218 -0.000400109 0.000184316
31.0625 4.51479 4.87297e-05 -0.000124748 0.000286526
32.1875 4.51305 8.36967e-05 -0.000167689 0.000234297
33.3125 3.57655 0.000343444 -0.000521606 -8.67981e-06
34.4375 3.5724 -2.87868e-06 1.0195e-05 -5.43184e-05
33.3125 4.50956 0.000166703 -0.00027082 0.000119492
34.4375 4.50433 -4.50211e-05 5.74061e-05 5.92469e-05
