26.2812 -9.70512 -6.59266e-08 -5.73449e-08 -4.94097e-07
26.8437 -9.7116 4.61166e-07 -1.13763e-06 -5.97355e-07
26.2812 -9.23924 -3.13755e-08 -8.74083e-08 -4.10867e-07
26.8437 -9.24541 7.17954e-07 -1.6879e-06 -7.47003e-07
27.4062 -9.71715 2.59953e-08 -4.22523e-07 -1.00097e-06
27.9686 -9.72177 6.71087e-07 -1.6862e-06 -1.15629e-06
27.4062 -9.2507 6.88645e-09 -4.01496e-07 -1.09713e-06
27.9687 -9.25511 9.22488e-07 -1.95854e-06 -6.36913e-07
26.2812 -8.77336 5.43286e-08 -1.82488e-07 -2.0792e-07
26.8437 -8.77923 8.83879e-07 -1.90528e-06 -4.64346e-07
26.2812 -8.30748 9.61942e-08 -2.86137e-07 -2.76981e-07
26.8437 -8.31305 8.49241e-07 -1.8179e-06 -4.3224e-07
27.4062 -8.78426 -5.39585e-08 5.5407e-09 -2.9349e-07
27.9687 -8.78845 1.10246e-06 -2.16875e-06 -2.80884e-07
27.4062 -8.31782 -1.47978e-07 2.02872e-07 -2.59841e-07
27.9687 -8.32179 1.21961e-06 -2.4119e-06 -3.69085e-07
28.5312 -9.72548 1.73046e-05 -3.24053e-05 -1.60378e-06
29.0937 -9.72825 2.03381e-05 -3.94274e-05 -8.16109e-06
28.5312 -9.25864 1.98638e-05 -3.6947e-05 -1.20064e-06
29.0937 -9.26128 2.13477e-05 -4.19443e-05 -1.06754e-05
29.6562 -9.7301 1.32307e-06 -5.46781e-06 -9.07241e-06
30.2187 -9.73103 -3.55355e-06 3.06403e-06 -8.91315e-06
29.6562 -9.26305 6.09849e-07 -4.7795e-06 -1.12506e-05
30.2187 -9.26393 -3.57072e-06 2.47973e-06 -1.12651e-05
28.5312 -8.7918 2.13858e-05 -3.9563e-05 -6.9892e-07
29.0937 -8.79432 2.27559e-05 -4.27233e-05 -5.74668e-06
28.5312 -8.32497 2.19847e-05 -4.06026e-05 -5.36375e-07
29.0937 -8.32736 2.33092e-05 -4.32372e-05 -4.47774e-06
29.6562 -8.79599 1.00487e-06 -3.84164e-06 -6.64084e-06
30.2187 -8.79683 -2.74305e-06 2.6975e-06 -6.54361e-06
29.6562 -8.32895 1.09138e-06 -3.58234e-06 -5.6291e-06
30.2187 -8.32974 -2.6422e-06 2.83002e-06 -5.86555e-06
26.2812 -7.84161 1.18856e-07 -3.28258e-07 -2.81542e-07
26.8437 -7.84687 9.00431e-07 -1.90207e-06 -4.02648e-07
26.2812 -7.37574 1.12163e-07 -3.1261e-07 -2.92382e-07
26.8437 -7.38069 8.91055e-07 -1.85187e-06 -3.17986e-07
27.4062 -7.85138 -1.68477e-07 2.25728e-07 -3.31165e-07
27.9687 -7.85514 1.30599e-06 -2.67634e-06 -7.37278e-07
27.4062 -7.38494 -2.36511e-07 3.5619e-07 -3.55017e-07
27.9687 -7.38848 1.2697e-06 -2.47772e-06 -3.13239e-07
26.2812 -6.90987 1.51469e-07 -2.96373e-07 3.78311e-08
26.8437 -6.91452 9.08044e-07 -1.76387e-06 1.12992e-07
26.2812 -6.44401 1.57464e-07 -2.57717e-07 2.39725e-07
26.8437 -6.44835 8.46343e-07 -1.62087e-06 2.05493e-07
27.4062 -6.91851 -1.53459e-07 3.05844e-07 3.74429e-08
27.9687 -6.92183 1.32444e-06 -2.46503e-06 1.12667e-07
27.4062 -6.45208 -9.3528e-08 2.17973e-07 1.52988e-07
27.9687 -6.45518 1.03603e-06 -1.90371e-06 1.96255e-07
28.5312 -7.85815 2.19983e-05 -4.06534e-05 -6.57563e-07
29.0937 -7.8604 2.37128e-05 -4.36986e-05 -3.8177e-06
28.5312 -7.39132 2.18281e-05 -4.02793e-05 -4.75451e-07
29.0937 -7.39344 2.37545e-05 -4.36694e-05 -3.67219e-06
29.6562 -7.8619 1.21142e-06 -3.54559e-06 -5.08099e-06
30.2187 -7.86265 -2.32827e-06 2.43285e-06 -5.70192e-06
29.6562 -7.39485 1.8037e-06 -4.2328e-06 -4.06002e-06
30.2187 -7.39556 -1.75685e-06 1.95731e-06 -4.1063e-06
28.5312 -6.92449 2.21482e-05 -4.07851e-05 -1.80965e-07
29.0937 -6.92648 2.40942e-05 -4.3277e-05 9.16826e-08
28.5312 -6.45767 2.07237e-05 -3.80862e-05 1.3758e-07
29.0937 -6.45953 2.31649e-05 -4.15195e-05 4.74274e-07
29.6562 -6.92781 1.68845e-06 -2.8933e-06 2.93751e-07
30.2187 -6.92848 -1.66845e-06 3.08221e-06 9.01617e-07
29.6562 -6.46077 1.85363e-06 -3.01791e-06 1.03827e-06
30.2187 -6.46139 -2.25116e-06 4.10111e-06 1.04942e-06
