30.7813 -9.73103 9.28438e-07 -4.54675e-06 -8.91714e-06
31.3438 -9.7301 -4.15454e-06 3.83731e-06 -9.05193e-06
30.7813 -9.26393 4.06338e-07 -4.26813e-06 -1.12511e-05
31.3438 -9.26305 -3.8843e-06 2.83921e-06 -1.12852e-05
31.9063 -9.72825 -2.46149e-05 3.68814e-05 -8.18288e-06
32.4688 -9.72548 -1.99259e-05 3.08217e-05 -1.54524e-06
31.9063 -9.26128 -2.63663e-05 3.90656e-05 -1.06421e-05
32.4688 -9.25864 -2.26864e-05 3.52687e-05 -1.26649e-06
30.7813 -8.79683 1.03808e-06 -3.7473e-06 -6.62924e-06
31.3438 -8.79599 -2.89152e-06 2.7804e-06 -6.61286e-06
30.7813 -8.32974 1.20217e-06 -3.69516e-06 -5.86162e-06
31.3438 -8.32895 -2.64068e-06 2.75195e-06 -5.62716e-06
31.9063 -8.79432 -2.635e-05 4.06506e-05 -5.7122e-06
32.4688 -8.7918 -2.42141e-05 3.78553e-05 -6.90493e-07
31.9063 -8.32736 -2.65096e-05 4.13328e-05 -4.50033e-06
32.4688 -8.32497 -2.47663e-05 3.87904e-05 -4.82883e-07
33.0314 -9.72177 -1.09861e-06 1.34874e-06 -1.08477e-06
33.5938 -9.71715 -3.73793e-07 2.47325e-07 -1.01913e-06
33.0313 -9.25511 -1.21977e-06 1.69333e-06 -6.11164e-07
33.5938 -9.2507 -3.19177e-07 1.5972e-07 -1.08978e-06
34.1563 -9.7116 -7.97599e-07 9.95173e-07 -5.91778e-07
34.7188 -9.70512 -9.9902e-08 1.87645e-08 -4.17646e-07
34.1563 -9.24541 -1.15562e-06 1.47691e-06 -7.8065e-07
34.7188 -9.23924 -6.53087e-08 -1.6478e-08 -3.87698e-07
33.0313 -8.78845 -1.30155e-06 1.96311e-06 -1.36491e-07
33.5938 -8.78426 9.17361e-09 -1.02951e-07 -3.19176e-07
33.0313 -8.32179 -1.39652e-06 2.04141e-06 -3.96765e-07
33.5938 -8.31782 6.68014e-08 -1.6713e-07 -2.51904e-07
34.1563 -8.77923 -1.24013e-06 1.70672e-06 -4.40156e-07
34.7188 -8.77336 -1.59091e-07 1.7145e-07 -2.14581e-07
34.1563 -8.31305 -1.21092e-06 1.68275e-06 -3.91883e-07
34.7188 -8.30748 -2.2285e-07 2.47472e-07 -2.89183e-07
30.7813 -7.86265 9.91241e-07 -3.21937e-06 -5.76371e-06
31.3438 -7.8619 -2.51433e-06 2.79281e-06 -5.03063e-06
30.7813 -7.39556 8.68387e-07 -2.49738e-06 -4.09875e-06
31.3438 -7.39485 -2.83106e-06 3.63177e-06 -4.07408e-06
31.9063 -7.8604 -2.6732e-05 4.19401e-05 -3.81355e-06
32.4688 -7.85815 -2.48873e-05 3.89149e-05 -7.67512e-07
31.9063 -7.39344 -2.66888e-05 4.19527e-05 -3.72364e-06
32.4688 -7.39132 -2.46503e-05 3.86149e-05 -5.16469e-07
30.7813 -6.92848 1.89765e-06 -2.9753e-06 8.86113e-07
31.3438 -6.92781 -1.70788e-06 2.87055e-06 2.8432e-07
30.7813 -6.46139 2.48174e-06 -3.93337e-06 1.05234e-06
31.3438 -6.46077 -1.73254e-06 3.08225e-06 1.0915e-06
31.9063 -6.92648 -2.61495e-05 4.20164e-05 6.81525e-08
32.4688 -6.92449 -2.4951e-05 3.91735e-05 -1.71631e-07
31.9063 -6.45953 -2.50833e-05 4.03946e-05 4.96553e-07
32.4688 -6.45767 -2.32586e-05 3.6597e-05 2.10656e-07
33.0313 -7.85514 -1.58313e-06 2.26552e-06 -6.69157e-07
33.5938 -7.85138 1.50207e-07 -3.02998e-07 -3.08418e-07
33.0313 -7.38848 -1.51975e-06 2.27776e-06 -2.50742e-07
33.5938 -7.38494 1.61153e-07 -3.31921e-07 -3.81258e-07
34.1563 -7.84687 -1.18251e-06 1.64097e-06 -4.15133e-07
34.7188 -7.84161 -2.26943e-07 2.52314e-07 -3.11007e-07
34.1563 -7.38069 -1.20696e-06 1.7011e-06 -3.37242e-07
34.7188 -7.37574 -2.439e-07 2.80124e-07 -3.16201e-07
33.0313 -6.92183 -1.49635e-06 2.34531e-06 1.97098e-07
33.5938 -6.91851 2.12737e-07 -2.97471e-07 1.03963e-07
33.0313 -6.45518 -1.15059e-06 1.82566e-06 2.69907e-07
33.5938 -6.45208 1.25518e-07 -1.61359e-07 1.35063e-07
34.1563 -6.91452 -1.09681e-06 1.64467e-06 1.30155e-07
34.7188 -6.90987 -1.9809e-07 3.03904e-07 8.47163e-08
34.1563 -6.44835 -1.014e-06 1.54159e-06 2.33918e-07
34.7188 -6.44401 -1.4904e-07 2.66247e-07 2.57965e-07
26.2812 -5.97814 9.20091e-08 -2.73812e-07 -3.69938e-07
26.8437 -5.98218 7.7524e-07 -1.6354e-06 -4.46397e-07
26.2812 -5.51228 1.34845e-07 -3.25899e-07 -2.42414e-07
26.8437 -5.51601 8.00512e-07 -1.66406e-06 -3.84915e-07
27.4062 -5.98564 -1.19568e-07 1.46772e-07 -3.68045e-07
27.9687 -5.98853 9.25896e-07 -1.86905e-06 -5.606e-07
27.4062 -5.5192 -2.03344e-07 3.24643e-07 -3.21747e-07
27.9687 -5.52186 1.03951e-06 -2.01983e-06 -3.01832e-07
26.2812 -5.04642 1.7075e-07 -3.27232e-07 9.2958e-08
26.8437 -5.04983 8.40748e-07 -1.63176e-06 1.50684e-07
26.2812 -4.58056 1.58081e-07 -2.91809e-07 1.56449e-07
26.8437 -4.58366 7.88618e-07 -1.525e-06 1.87255e-07
27.4062 -5.05276 -1.62184e-07 3.24284e-07 5.97751e-08
27.9687 -5.0552 1.07188e-06 -2.03626e-06 -9.37591e-08
27.4062 -4.58632 -1.01126e-07 2.07369e-07 7.07444e-08
27.9687 -4.58853 9.72852e-07 -1.80092e-06 1.82071e-07
28.5312 -5.99083 2.03105e-05 -3.75179e-05 -7.24519e-07
29.0937 -5.99257 2.24409e-05 -4.12056e-05 -4.06124e-06
28.5312 -5.52399 2.15553e-05 -3.97349e-05 -4.27164e-07
29.0937 -5.52559 2.30781e-05 -4.23682e-05 -4.49541e-06
29.6562 -5.99372 1.34898e-06 -3.34518e-06 -4.59937e-06
30.2187 -5.9943 -2.84089e-06 3.8837e-06 -4.7633e-06
29.6562 -5.52665 1.13439e-06 -2.9061e-06 -4.67278e-06
30.2187 -5.52718 -2.60114e-06 3.57826e-06 -4.61646e-06
28.5312 -5.05715 2.15584e-05 -3.96984e-05 -2.38851e-07
29.0937 -5.05861 2.34693e-05 -4.2108e-05 3.77984e-07
28.5312 -4.5903 2.04285e-05 -3.75617e-05 8.37593e-08
29.0937 -4.59163 2.29838e-05 -4.10195e-05 1.72439e-06
29.6562 -5.05958 1.55628e-06 -2.67377e-06 3.32681e-07
30.2187 -5.06007 -2.20751e-06 3.83603e-06 2.61487e-07
29.6562 -4.59252 1.93596e-06 -3.06953e-06 2.03643e-06
30.2187 -4.59296 -2.28926e-06 4.25234e-06 2.01706e-06
26.2812 -4.11471 1.52547e-07 -2.85084e-07 1.46644e-07
26.8437 -4.11749 8.02416e-07 -1.54992e-06 2.23188e-07
26.2812 -3.64885 8.32239e-08 -1.76069e-07 -5.23494e-08
26.8437 -3.65132 7.42061e-07 -1.4272e-06 2.76331e-07
27.4062 -4.11988 -6.8788e-08 1.39341e-07 4.26291e-08
27.9687 -4.12187 8.40073e-07 -1.59328e-06 -7.32061e-08
27.4062 -3.65344 7.44044e-08 -1.14532e-07 2.08842e-07
27.9687 -3.65521 6.91528e-07 -1.32069e-06 -1.35059e-07
26.2812 -3.183 5.20119e-08 -7.02988e-08 2.78879e-07
26.8437 -3.18516 5.63232e-07 -1.07545e-06 3.03853e-07
26.2812 -2.71715 1.35499e-07 -2.36128e-07 3.56945e-07
26.8437 -2.71899 4.12787e-07 -7.86879e-07 2.73388e-07
27.4062 -3.18701 2.06926e-07 -3.1134e-07 7.25437e-07
27.9687 -3.18855 6.0977e-07 -1.09491e-06 4.49686e-07
27.4062 -2.72057 9.14901e-08 -1.13194e-07 6.12786e-07
27.9687 -2.72189 4.5107e-07 -7.69934e-07 7.84465e-07
28.5312 -4.12346 1.92575e-05 -3.54371e-05 -1.0047e-07
29.0937 -4.12466 2.23587e-05 -3.99333e-05 1.67008e-06
28.5312 -3.65662 1.82216e-05 -3.34923e-05 1.80158e-07
29.0937 -3.65768 2.18083e-05 -3.8836e-05 2.70717e-06
29.6562 -4.12545 2.11833e-06 -3.45061e-06 1.85099e-06
30.2187 -4.12585 -2.45941e-06 4.48635e-06 1.84089e-06
29.6562 -3.65839 2.35113e-06 -3.72966e-06 3.09271e-06
30.2187 -3.65874 -2.50962e-06 4.68691e-06 2.97681e-06
28.5312 -3.18978 1.63017e-05 -2.99284e-05 4.85984e-07
29.0937 -3.19071 2.08332e-05 -3.66407e-05 6.9672e-06
28.5312 -2.72295 1.39759e-05 -2.5623e-05 8.43402e-07
29.0937 -2.72374 1.89631e-05 -3.36495e-05 4.38678e-06
29.6562 -3.19133 3.00367e-06 -4.43783e-06 7.43229e-06
30.2187 -3.19163 -2.47372e-06 5.01919e-06 6.96901e-06
29.6562 -2.72426 3.49706e-06 -5.63773e-06 5.24259e-06
30.2187 -2.72453 -3.00717e-06 5.62433e-06 4.87967e-06
30.7813 -5.9943 1.97065e-06 -4.28574e-06 -4.76397e-06
31.3438 -5.99372 -2.27288e-06 2.79987e-06 -4.61712e-06
30.7813 -5.52718 1.86023e-06 -4.00401e-06 -4.65989e-06
31.3438 -5.52665 -2.00043e-06 2.41564e-06 -4.67085e-06
31.9063 -5.99257 -2.52211e-05 3.97062e-05 -4.04499e-06
32.4688 -5.99083 -2.2941e-05 3.59221e-05 -6.72077e-07
31.9063 -5.52559 -2.587e-05 4.07354e-05 -4.46051e-06
32.4688 -5.52399 -2.43453e-05 3.81904e-05 -3.89038e-07
30.7813 -5.06007 2.32473e-06 -3.83875e-06 3.69403e-07
31.3438 -5.05958 -1.623e-06 2.72031e-06 3.263e-07
30.7813 -4.59296 2.59443e-06 -4.03418e-06 2.04648e-06
31.3438 -4.59252 -1.68551e-06 3.08294e-06 2.04327e-06
31.9063 -5.05861 -2.54559e-05 4.09437e-05 3.40462e-07
32.4688 -5.05715 -2.42512e-05 3.80845e-05 -1.70421e-07
31.9063 -4.59163 -2.47147e-05 3.99589e-05 1.72942e-06
32.4688 -4.5903 -2.28359e-05 3.59156e-05 1.8153e-07
33.0313 -5.98853 -1.22405e-06 1.77406e-06 -5.64123e-07
33.5938 -5.98564 8.08741e-08 -1.92101e-07 -3.71225e-07
33.0313 -5.52186 -1.27342e-06 1.90335e-06 -3.1129e-07
33.5938 -5.5192 1.37902e-07 -2.76296e-07 -3.93318e-07
34.1563 -5.98218 -1.03399e-06 1.43985e-06 -4.50691e-07
34.7188 -5.97814 -2.27814e-07 2.60424e-07 -3.71749e-07
34.1563 -5.51601 -1.07179e-06 1.52314e-06 -3.28766e-07
34.7188 -5.51228 -2.12879e-07 2.6269e-07 -2.62816e-07
33.0313 -5.0552 -1.28043e-06 1.96116e-06 -5.03909e-08
33.5938 -5.05276 1.97712e-07 -2.74415e-07 1.45409e-07
33.0313 -4.58853 -1.08445e-06 1.7006e-06 2.22027e-07
33.5938 -4.58632 1.49504e-07 -2.15211e-07 6.80329e-08
34.1563 -5.04983 -1.03719e-06 1.54492e-06 1.03143e-07
34.7188 -5.04642 -1.77688e-07 2.73148e-07 1.07802e-07
34.1563 -4.58366 -9.68668e-07 1.4515e-06 1.66687e-07
34.7188 -4.58056 -2.16074e-07 3.34807e-07 1.63332e-07
30.7813 -4.12585 2.76333e-06 -4.38255e-06 1.81922e-06
31.3438 -4.12545 -2.02323e-06 3.57784e-06 1.84577e-06
30.7813 -3.65874 2.91235e-06 -4.51479e-06 2.9961e-06
31.3438 -3.65839 -2.166e-06 3.93961e-06 3.11824e-06
31.9063 -4.12466 -2.40413e-05 3.88462e-05 1.69775e-06
32.4688 -4.12346 -2.16134e-05 3.39465e-05 -1.53126e-07
31.9063 -3.65768 -2.33917e-05 3.78983e-05 2.70457e-06
32.4688 -3.65662 -2.04635e-05 3.21835e-05 1.98339e-07
30.7813 -3.19163 3.27064e-06 -4.72279e-06 7.04697e-06
31.3438 -3.19133 -2.44057e-06 4.79972e-06 7.39423e-06
30.7813 -2.72453 3.51963e-06 -5.45171e-06 4.91372e-06
31.3438 -2.72426 -3.24012e-06 5.79614e-06 5.20625e-06
31.9063 -3.19071 -2.19658e-05 3.60104e-05 6.91613e-06
32.4688 -3.18978 -1.82782e-05 2.87817e-05 5.40496e-07
31.9063 -2.72374 -2.0214e-05 3.2858e-05 4.34078e-06
32.4688 -2.72295 -1.56638e-05 2.46916e-05 8.43728e-07
33.0313 -4.12187 -9.2071e-07 1.40711e-06 -6.78349e-08
33.5938 -4.11988 8.20056e-08 -1.17926e-07 4.24941e-08
33.0313 -3.65521 -8.56558e-07 1.29618e-06 -1.81115e-07
33.5938 -3.65344 -3.67207e-08 8.62597e-08 2.68435e-07
34.1563 -4.11749 -9.58389e-07 1.44343e-06 2.40846e-07
34.7188 -4.11471 -1.62684e-07 2.4978e-07 1.18746e-07
34.1563 -3.65132 -8.85117e-07 1.3277e-06 2.03705e-07
34.7188 -3.64885 -9.57734e-08 1.34625e-07 -3.2083e-08
33.0313 -3.18855 -6.59484e-07 1.05418e-06 3.90214e-07
33.5938 -3.18701 -1.59635e-07 3.16508e-07 7.57015e-07
33.0313 -2.72189 -4.71539e-07 7.97223e-07 8.2533e-07
33.5938 -2.72057 -6.1513e-08 1.42504e-07 5.80997e-07
34.1563 -3.18516 -6.39584e-07 9.73794e-07 3.14053e-07
34.7188 -3.183 -4.55967e-08 9.51453e-08 3.00504e-07
34.1563 -2.71899 -4.35046e-07 6.66806e-07 3.02676e-07
34.7188 -2.71715 -1.05545e-07 1.8318e-07 3.7035e-07
