26.2812 -2.25132 1.07872e-07 -2.52711e-07 -3.85964e-07
26.8437 -2.25285 3.57757e-07 -7.36513e-07 -3.39943e-07
26.2812 -1.78552 5.43683e-08 -1.33568e-07 -3.3338e-07
26.8437 -1.78674 5.0162e-07 -1.01844e-06 -3.94997e-07
27.4062 -2.25416 8.20778e-08 -2.12952e-07 -6.3906e-07
27.9687 -2.25526 3.85932e-07 -8.06974e-07 -9.54909e-07
27.4062 -1.78778 1.36896e-07 -3.22126e-07 -8.56776e-07
27.9687 -1.78864 5.44895e-07 -1.05531e-06 -4.37991e-07
26.2812 -1.31973 7.70565e-08 -1.5867e-07 -5.05413e-08
26.8437 -1.32062 7.13826e-07 -1.42317e-06 -2.4892e-07
26.2812 -0.853928 1.10421e-07 -2.28922e-07 -1.57969e-07
26.8437 -0.854509 7.5729e-07 -1.50553e-06 -2.78158e-07
27.4062 -1.32139 3.76633e-08 -9.24775e-08 -3.95845e-07
27.9687 -1.32203 6.58998e-07 -1.23824e-06 5.67288e-08
27.4062 -0.855006 -4.74412e-08 8.86385e-08 -8.8226e-08
27.9687 -0.855421 7.43501e-07 -1.403e-06 -8.90837e-08
28.5312 -2.25613 1.3789e-05 -2.54417e-05 -9.51772e-07
29.0937 -2.25679 1.85439e-05 -3.37817e-05 -5.63069e-06
28.5312 -1.78934 1.60329e-05 -2.95394e-05 -7.45981e-07
29.0937 -1.78986 2.01956e-05 -3.68257e-05 -8.27827e-06
29.6562 -2.25722 3.08033e-06 -5.9444e-06 -6.70852e-06
30.2187 -2.25744 -3.4705e-06 5.45706e-06 -6.40139e-06
29.6562 -1.7902 2.47475e-06 -4.90491e-06 -8.84158e-06
30.2187 -1.79038 -3.18244e-06 4.92942e-06 -8.60538e-06
28.5312 -1.32254 1.77751e-05 -3.27157e-05 -4.27439e-07
29.0937 -1.32293 2.1287e-05 -3.84453e-05 -4.00823e-06
28.5312 -0.855752 1.86564e-05 -3.43194e-05 -1.00842e-07
29.0937 -0.856001 2.18621e-05 -3.93811e-05 -3.01312e-06
29.6562 -1.32319 2.19837e-06 -4.08004e-06 -4.69205e-06
30.2187 -1.32331 -2.85704e-06 4.69559e-06 -4.56666e-06
29.6562 -0.856167 2.06259e-06 -3.72655e-06 -3.444e-06
30.2187 -0.856249 -2.77034e-06 4.65346e-06 -3.46473e-06
26.2812 -0.388132 1.54493e-07 -3.16344e-07 -2.28382e-07
26.8437 -0.388396 7.4747e-07 -1.48205e-06 -3.40967e-07
26.2812 0.0776645 1.55609e-07 -3.14459e-07 -2.12881e-07
26.8437 0.0777176 8.02427e-07 -1.585e-06 -1.74626e-07
27.4062 -0.388622 -1.05664e-07 2.00724e-07 -2.08215e-07
27.9687 -0.38881 9.02309e-07 -1.70318e-06 -2.73043e-07
27.4062 0.0777632 -1.53438e-07 2.96524e-07 -2.00684e-07
27.9687 0.0778012 9.23094e-07 -1.73808e-06 -1.00881e-07
26.2812 0.543461 1.47479e-07 -3.02734e-07 1.90733e-07
26.8437 0.543831 7.68273e-07 -1.52313e-06 2.42045e-07
26.2812 1.00926 1.6295e-07 -3.40858e-07 2.7351e-07
26.8437 1.00994 7.25364e-07 -1.44448e-06 2.87449e-07
27.4062 0.544148 -1.32672e-07 2.50068e-07 2.81782e-07
27.9687 0.544412 9.1643e-07 -1.72748e-06 8.17752e-08
27.4062 1.01053 -8.74999e-08 1.58978e-07 2.55245e-07
27.9687 1.01102 8.46392e-07 -1.6074e-06 3.57911e-07
28.5312 -0.38896 1.95506e-05 -3.59668e-05 -4.17136e-07
29.0937 -0.389073 2.23832e-05 -4.02694e-05 -3.17512e-06
28.5312 0.0778317 2.05396e-05 -3.77801e-05 -3.63813e-09
29.0937 0.0778547 2.29376e-05 -4.12161e-05 -1.88108e-06
29.6562 -0.389148 1.87043e-06 -3.33582e-06 -3.6994e-06
30.2187 -0.389186 -2.66351e-06 4.52198e-06 -3.77416e-06
29.6562 0.0778701 1.68289e-06 -2.95013e-06 -2.01311e-06
30.2187 0.077878 -2.49198e-06 4.28405e-06 -2.08255e-06
28.5312 0.544624 2.0351e-05 -3.74362e-05 1.49956e-07
29.0937 0.544783 2.27899e-05 -4.10133e-05 2.9306e-06
28.5312 1.01142 1.90175e-05 -3.49984e-05 4.89491e-07
29.0937 1.01171 2.21178e-05 -3.98449e-05 2.66652e-06
29.6562 0.544889 1.65972e-06 -2.96929e-06 2.82645e-06
30.2187 0.544942 -2.5378e-06 4.3059e-06 2.70897e-06
29.6562 1.01191 1.92081e-06 -3.47585e-06 2.86638e-06
30.2187 1.01201 -2.81219e-06 4.72968e-06 2.80684e-06
30.7813 -2.25744 3.10254e-06 -5.69422e-06 -6.30651e-06
31.3438 -2.25722 -3.75746e-06 5.66537e-06 -6.6504e-06
30.7813 -1.79038 2.82992e-06 -5.27376e-06 -8.56261e-06
31.3438 -1.7902 -3.11589e-06 4.58368e-06 -8.85819e-06
31.9063 -2.25679 -2.04966e-05 3.25038e-05 -5.59805e-06
32.4688 -2.25613 -1.57413e-05 2.46667e-05 -9.80854e-07
31.9063 -1.78986 -2.23569e-05 3.5424e-05 -8.20453e-06
32.4688 -1.78934 -1.80754e-05 2.83646e-05 -7.26443e-07
30.7813 -1.32331 2.75217e-06 -4.82761e-06 -4.59379e-06
31.3438 -1.32319 -2.4798e-06 3.86675e-06 -4.61205e-06
30.7813 -0.856249 2.73488e-06 -4.69298e-06 -3.4843e-06
31.3438 -0.856167 -2.26607e-06 3.62089e-06 -3.47166e-06
31.9063 -1.32293 -2.3353e-05 3.73348e-05 -3.9877e-06
32.4688 -1.32254 -1.99948e-05 3.14045e-05 -4.36244e-07
31.9063 -0.856001 -2.38348e-05 3.81981e-05 -2.99994e-06
32.4688 -0.855752 -2.0946e-05 3.29164e-05 -6.64485e-08
33.0313 -2.25526 -5.17183e-07 7.29124e-07 -9.17927e-07
33.5938 -2.25416 -1.11064e-07 1.18715e-07 -6.81591e-07
33.0313 -1.78864 -6.90976e-07 1.0337e-06 -5.06893e-07
33.5938 -1.78778 -2.3056e-07 3.00568e-07 -8.24921e-07
34.1563 -2.25285 -4.86171e-07 6.92423e-07 -3.44424e-07
34.7188 -2.25132 -1.39008e-07 1.73777e-07 -3.88778e-07
34.1563 -1.78674 -6.70317e-07 9.66463e-07 -3.86971e-07
34.7188 -1.78552 -5.18881e-08 5.52704e-08 -3.5834e-07
33.0313 -1.32203 -7.60677e-07 1.17298e-06 7.17037e-08
33.5938 -1.32139 -6.55375e-08 8.3391e-08 -3.6638e-07
33.0313 -0.855421 -8.91732e-07 1.36967e-06 -6.7253e-08
33.5938 -0.855006 4.81473e-08 -7.61125e-08 -1.34502e-07
34.1563 -1.32062 -8.89617e-07 1.29851e-06 -3.08709e-07
34.7188 -1.31973 -1.09307e-07 1.56854e-07 -2.21169e-08
34.1563 -0.854509 -9.6355e-07 1.41427e-06 -2.21472e-07
34.7188 -0.853928 -1.67746e-07 2.37866e-07 -1.61261e-07
30.7813 -0.389186 2.64751e-06 -4.4946e-06 -3.77076e-06
31.3438 -0.389148 -2.0457e-06 3.31021e-06 -3.722e-06
30.7813 0.077878 2.53352e-06 -4.2477e-06 -2.06539e-06
31.3438 0.0778701 -1.80692e-06 2.97204e-06 -2.02239e-06
31.9063 -0.389073 -2.43732e-05 3.91069e-05 -3.17345e-06
32.4688 -0.38896 -2.19417e-05 3.44782e-05 -3.90085e-07
31.9063 0.0778547 -2.49518e-05 4.00817e-05 -1.84972e-06
32.4688 0.0778317 -2.30691e-05 3.6255e-05 -3.27205e-08
30.7813 0.544942 2.53295e-06 -4.30346e-06 2.75651e-06
31.3438 0.544889 -1.85487e-06 2.99339e-06 2.84926e-06
30.7813 1.01201 2.73306e-06 -4.68434e-06 2.78625e-06
31.3438 1.01191 -2.13101e-06 3.40141e-06 2.87013e-06
31.9063 0.544783 -2.48426e-05 3.98483e-05 2.96381e-06
32.4688 0.544624 -2.29142e-05 3.60086e-05 1.56148e-07
31.9063 1.01171 -2.41205e-05 3.86528e-05 2.66002e-06
32.4688 1.01142 -2.1364e-05 3.35607e-05 4.37505e-07
33.0313 -0.38881 -1.01172e-06 1.55202e-06 -3.24005e-07
33.5938 -0.388622 1.28649e-07 -1.95884e-07 -1.79918e-07
33.0313 0.0778012 -1.09917e-06 1.69087e-06 -1.26932e-07
33.5938 0.0777632 2.07984e-07 -3.12711e-07 -1.65119e-07
34.1563 -0.388396 -9.29854e-07 1.36682e-06 -3.03864e-07
34.7188 -0.388132 -1.80631e-07 2.57847e-07 -2.38321e-07
34.1563 0.0777176 -9.52714e-07 1.40481e-06 -2.60841e-07
34.7188 0.0776645 -2.20106e-07 3.18109e-07 -1.92564e-07
33.0313 0.544412 -1.09076e-06 1.67467e-06 1.69312e-07
33.5938 0.544148 1.72653e-07 -2.64248e-07 2.51862e-07
33.0313 1.01102 -1.01444e-06 1.54923e-06 3.39911e-07
33.5938 1.01053 8.11175e-08 -1.28639e-07 2.04475e-07
34.1563 0.543831 -9.67932e-07 1.42213e-06 2.64907e-07
34.7188 0.543461 -2.37984e-07 3.40261e-07 1.91614e-07
34.1563 1.00994 -8.94877e-07 1.30828e-06 3.39551e-07
34.7188 1.00926 -1.84173e-07 2.57734e-07 2.60578e-07
26.2812 1.47505 1.6374e-07 -3.15548e-07 -2.75605e-07
26.8437 1.47606 7.58013e-07 -1.48155e-06 -2.84165e-07
26.2812 1.94085 1.56713e-07 -3.03989e-07 -1.74525e-07
26.8437 1.94217 7.90477e-07 -1.54139e-06 -2.73285e-07
27.4062 1.47692 -6.00997e-08 1.31637e-07 -2.80711e-07
27.9687 1.47763 8.58095e-07 -1.59831e-06 -3.21047e-07
27.4062 1.9433 -1.38615e-07 2.81979e-07 -1.98533e-07
27.9687 1.94424 9.50936e-07 -1.78068e-06 -1.39906e-07
26.2812 2.40665 1.60635e-07 -3.4204e-07 1.76484e-07
26.8437 2.40828 7.97168e-07 -1.58884e-06 1.47097e-07
26.2812 2.87245 1.69112e-07 -3.68007e-07 2.25489e-07
26.8437 2.8744 7.53996e-07 -1.52629e-06 3.27901e-07
27.4062 2.40968 -1.56085e-07 2.78245e-07 2.49317e-07
27.9687 2.41085 9.97336e-07 -1.88574e-06 8.41499e-08
27.4062 2.87607 -1.32581e-07 2.36666e-07 1.74461e-07
27.9687 2.87746 9.39754e-07 -1.80558e-06 3.34291e-07
28.5312 1.47821 1.91521e-05 -3.52022e-05 -4.7543e-07
29.0937 1.47864 2.22776e-05 -3.98937e-05 -2.66648e-06
28.5312 1.94499 2.08141e-05 -3.82771e-05 -1.10779e-07
29.0937 1.94556 2.31337e-05 -4.13666e-05 -2.96576e-06
29.6562 1.47892 2.01343e-06 -3.37582e-06 -3.07347e-06
30.2187 1.47907 -2.63454e-06 4.6828e-06 -3.11123e-06
29.6562 1.94594 1.78602e-06 -2.92706e-06 -3.05439e-06
30.2187 1.94612 -2.36296e-06 4.26297e-06 -3.05199e-06
28.5312 2.41178 2.12291e-05 -3.90636e-05 1.72594e-07
29.0937 2.41248 2.32743e-05 -4.19886e-05 1.87327e-06
28.5312 2.87857 2.04085e-05 -3.75842e-05 4.30268e-07
29.0937 2.87941 2.28307e-05 -4.13547e-05 3.1461e-06
29.6562 2.41295 1.62463e-06 -3.01296e-06 1.87418e-06
30.2187 2.41318 -2.40269e-06 3.97297e-06 1.81718e-06
29.6562 2.87996 1.76513e-06 -3.46206e-06 3.55999e-06
30.2187 2.88024 -2.53513e-06 4.00338e-06 3.4927e-06
26.2812 3.33825 1.30678e-07 -2.84363e-07 1.49833e-07
26.8437 3.34051 7.87128e-07 -1.59383e-06 2.98084e-07
26.2812 3.80405 8.66464e-08 -1.84892e-07 6.28079e-08
26.8437 3.80663 7.55131e-07 -1.53326e-06 2.7953e-07
27.4062 3.34245 -6.24646e-08 1.10427e-07 7.91831e-08
27.9687 3.34407 8.37801e-07 -1.59151e-06 1.10471e-07
27.4062 3.80884 1.37526e-08 -6.44341e-08 2.62107e-07
27.9687 3.81068 7.63903e-07 -1.4388e-06 1.54427e-09
26.2812 4.26985 5.78265e-08 -1.71621e-07 3.23341e-07
26.8437 4.27274 5.87003e-07 -1.23296e-06 4.4178e-07
26.2812 4.73566 8.37761e-08 -2.35831e-07 3.53744e-07
26.8437 4.73886 3.94181e-07 -8.64638e-07 4.67207e-07
27.4062 4.27522 9.03776e-08 -3.09538e-07 8.32649e-07
27.9687 4.27729 6.7988e-07 -1.35732e-06 4.82653e-07
27.4062 4.74161 6.28017e-08 -2.56412e-07 7.50757e-07
27.9687 4.7439 5.26228e-07 -1.15666e-06 9.36262e-07
28.5312 3.34536 1.98043e-05 -3.64525e-05 2.03379e-07
29.0937 3.34633 2.2477e-05 -4.07493e-05 2.95764e-06
28.5312 3.81215 1.91826e-05 -3.53406e-05 4.05382e-07
29.0937 3.81326 2.20885e-05 -4.02324e-05 3.91742e-06
29.6562 3.34698 1.9193e-06 -3.76051e-06 3.2966e-06
30.2187 3.3473 -2.63565e-06 4.14186e-06 3.29781e-06
29.6562 3.81399 1.9624e-06 -4.04637e-06 4.45174e-06
30.2187 3.81436 -2.73474e-06 4.10739e-06 4.43753e-06
28.5312 4.27894 1.75924e-05 -3.2471e-05 7.14649e-07
29.0937 4.28018 2.0945e-05 -3.89423e-05 8.45831e-06
28.5312 4.74574 1.52517e-05 -2.82404e-05 1.07464e-06
29.0937 4.74711 1.96454e-05 -3.62901e-05 5.76823e-06
29.6562 4.28101 1.95075e-06 -4.75846e-06 8.80672e-06
30.2187 4.28142 -3.24618e-06 4.26717e-06 8.78094e-06
29.6562 4.74803 2.60376e-06 -5.6858e-06 6.6292e-06
30.2187 4.74849 -3.4569e-06 4.86951e-06 6.45629e-06
30.7813 1.47907 2.82649e-06 -4.58729e-06 -3.12589e-06
31.3438 1.47892 -2.02182e-06 3.4738e-06 -3.10694e-06
30.7813 1.94612 2.57896e-06 -4.12449e-06 -3.08709e-06
31.3438 1.94594 -1.71032e-06 3.00575e-06 -3.02527e-06
31.9063 1.47864 -2.40941e-05 3.88287e-05 -2.64676e-06
32.4688 1.47821 -2.14858e-05 3.37887e-05 -4.60771e-07
31.9063 1.94556 -2.49885e-05 4.03273e-05 -2.97782e-06
32.4688 1.94499 -2.3296e-05 3.66192e-05 -1.21785e-07
30.7813 2.41318 2.28745e-06 -3.99063e-06 1.82812e-06
31.3438 2.41295 -1.84628e-06 2.87947e-06 1.87518e-06
30.7813 2.88024 2.30213e-06 -4.21102e-06 3.52227e-06
31.3438 2.87996 -2.18662e-06 3.24714e-06 3.54692e-06
31.9063 2.41248 -2.54517e-05 4.07293e-05 1.88995e-06
32.4688 2.41178 -2.37757e-05 3.73512e-05 1.80521e-07
31.9063 2.87941 -2.51211e-05 4.00493e-05 3.14799e-06
32.4688 2.87857 -2.29453e-05 3.60202e-05 4.27284e-07
33.0313 1.47763 -1.00255e-06 1.55644e-06 -3.06071e-07
33.5938 1.47692 1.4566e-07 -2.08068e-07 -2.40756e-07
33.0313 1.94424 -1.13571e-06 1.75653e-06 -1.57156e-07
33.5938 1.9433 1.95336e-07 -2.83473e-07 -1.72875e-07
34.1563 1.47606 -9.14106e-07 1.36282e-06 -3.38564e-07
34.7188 1.47505 -1.78946e-07 2.70398e-07 -2.68702e-07
34.1563 1.94217 -9.74863e-07 1.45088e-06 -2.3274e-07
34.7188 1.94085 -2.40834e-07 3.59245e-07 -1.96301e-07
33.0313 2.41085 -1.17584e-06 1.80223e-06 8.08403e-08
33.5938 2.40968 1.531e-07 -2.42934e-07 1.63646e-07
33.0313 2.87746 -1.1525e-06 1.73943e-06 3.5951e-07
33.5938 2.87607 1.56386e-07 -2.51941e-07 1.81774e-07
34.1563 2.40828 -9.99963e-07 1.45987e-06 1.86243e-07
34.7188 2.40665 -2.32411e-07 3.21876e-07 1.83402e-07
34.1563 2.8744 -9.98865e-07 1.44682e-06 2.83822e-07
34.7188 2.87245 -2.19259e-07 2.94195e-07 2.52378e-07
30.7813 3.3473 2.34933e-06 -4.31968e-06 3.28732e-06
31.3438 3.34698 -2.41306e-06 3.58937e-06 3.31416e-06
30.7813 3.81436 2.27186e-06 -4.39029e-06 4.42407e-06
31.3438 3.81399 -2.54508e-06 3.6067e-06 4.46334e-06
31.9063 3.34633 -2.47885e-05 3.94863e-05 2.96776e-06
32.4688 3.34536 -2.22202e-05 3.4896e-05 2.26175e-07
31.9063 3.81326 -2.44888e-05 3.88454e-05 3.86902e-06
32.4688 3.81215 -2.1578e-05 3.38656e-05 3.70151e-07
30.7813 4.28142 2.13215e-06 -4.86113e-06 8.76188e-06
31.3438 4.28101 -3.23023e-06 4.0296e-06 8.85332e-06
30.7813 4.74849 2.56609e-06 -5.36199e-06 6.49433e-06
31.3438 4.74803 -3.71218e-06 5.03431e-06 6.6426e-06
31.9063 4.28018 -2.39172e-05 3.72229e-05 8.41944e-06
32.4688 4.27894 -1.98733e-05 3.11382e-05 6.76216e-07
31.9063 4.74711 -2.22169e-05 3.47754e-05 5.78482e-06
32.4688 4.74574 -1.72825e-05 2.69865e-05 1.12729e-06
33.0313 3.34407 -1.03109e-06 1.58397e-06 1.75064e-08
33.5938 3.34245 6.25126e-08 -1.09537e-07 1.46142e-07
33.0313 3.81068 -9.13489e-07 1.39693e-06 6.57809e-08
33.5938 3.80884 -6.14622e-08 6.31994e-08 2.43764e-07
34.1563 3.34051 -9.93354e-07 1.43293e-06 2.99653e-07
34.7188 3.33825 -1.71776e-07 2.32593e-07 1.49486e-07
34.1563 3.80663 -9.55538e-07 1.37901e-06 2.47534e-07
34.7188 3.80405 -9.40258e-08 1.26507e-07 7.87053e-08
33.0313 4.27729 -8.61238e-07 1.25144e-06 5.3322e-07
33.5938 4.27522 -1.85481e-07 1.71658e-07 7.96248e-07
33.0313 4.7439 -7.29385e-07 9.92079e-07 8.52164e-07
33.5938 4.74161 -1.96732e-07 1.83361e-07 7.52534e-07
34.1563 4.27274 -8.13114e-07 1.13827e-06 4.5211e-07
34.7188 4.26985 -1.0818e-07 1.17266e-07 2.96416e-07
34.1563 4.73886 -5.4956e-07 7.41649e-07 4.62812e-07
34.7188 4.73566 -1.31191e-07 1.39494e-07 3.42641e-07
