1 0.437604
2 0.312909
3 0.616166
4 0.469974
5 0.586965
6 0.469189
7 0.567035
8 0.452849
9 0.56461
10 0.459035
11 0.557503
12 0.455632
13 0.553713
14 0.452429
15 0.553546
16 0.451655
17 0.545498
18 0.455325
19 0.541309
20 0.450965
21 0.54521
22 0.451763
23 0.546268
24 0.454057
25 0.549316
26 0.45924
27 0.55316
28 0.454433
29 0.564999
30 0.467903
31 0.579553
32 0.446798
33 0.581303
34 0.433069
35 0.56617
36 0.457994
37 0.558085
38 0.460931
39 0.548443
40 0.459128
41 0.543847
42 0.453612
43 0.546288
44 0.448257
45 0.544041
46 0.447278
47 0.54958
48 0.453293
49 0.55135
50 0.45425
51 0.552428
52 0.446154
53 0.557086
54 0.443869
55 0.563763
56 0.455865
57 0.569193
58 0.456189
59 0.59088
60 0.451308
61 0.616392
62 0.460809
63 0.466959
64 0.323256
