1 0.413171
2 0.0912874
3 0.571699
4 0.459537
5 0.499684
6 0.576608
7 0.535064
8 0.489131
9 0.500606
10 0.522805
11 0.499467
12 0.491145
13 0.478968
14 0.499878
15 0.495517
16 0.484564
17 0.486205
18 0.49592
19 0.473037
20 0.480049
21 0.495642
22 0.489958
23 0.492525
24 0.482399
25 0.489934
26 0.489612
27 0.488797
28 0.485892
29 0.470821
30 0.45823
31 0.489214
32 0.477549
33 0.473166
34 0.493471
35 0.503545
36 0.498306
37 0.472364
38 0.475954
39 0.479074
40 0.477403
41 0.481872
42 0.483779
43 0.471983
44 0.473365
45 0.489928
46 0.479703
47 0.47953
48 0.473768
49 0.47486
50 0.485887
51 0.475767
52 0.465571
53 0.462081
54 0.471288
55 0.488186
56 0.451532
57 0.419276
58 0.473405
59 0.48904
60 0.396132
61 0.385871
62 0.50677
63 0.451866
64 0.80328
