1 0.504294
2 0.53733
3 0.353486
4 0.483458
5 0.363729
6 0.518894
7 0.395948
8 0.51138
9 0.388797
10 0.513281
11 0.396318
12 0.508731
13 0.395622
14 0.514199
15 0.399529
16 0.511583
17 0.406603
18 0.509817
19 0.4089
20 0.511594
21 0.408551
22 0.512473
23 0.406741
24 0.50875
25 0.402852
26 0.504081
27 0.398327
28 0.508895
29 0.383013
30 0.491141
31 0.368515
32 0.516603
33 0.365292
34 0.533078
35 0.384406
36 0.505759
37 0.391891
38 0.501371
39 0.403194
40 0.503569
41 0.408541
42 0.509882
43 0.405891
44 0.515867
45 0.408333
46 0.51704
47 0.402385
48 0.510712
49 0.400734
50 0.509269
51 0.399646
52 0.519519
53 0.395668
54 0.521913
55 0.386003
56 0.51079
57 0.387579
58 0.508566
59 0.355246
60 0.523869
61 0.341219
62 0.49918
63 0.500971
64 0.604236
