0.033463
0.382681
0.040498
0.383749
0.257484
0.0634064
0.23255
0.0761807
0.0451002
0.375047
0.0443206
0.396807
0.227007
0.0784782
0.264274
0.0830473
0.0648788
0.244666
0.0765339
0.220944
0.337822
0.0276182
0.341001
0.0342504
0.0746468
0.213485
0.0760824
0.244571
0.336855
0.0393655
0.359401
0.0407257
0.0441997
0.419486
0.0440387
0.429626
0.263578
0.0859246
0.283363
0.0893612
0.0380273
0.434594
0.0296696
0.429277
0.32757
0.0872392
0.397893
0.0792273
0.0795939
0.2466
0.0799363
0.262507
0.379795
0.0403656
0.390608
0.0409899
0.0783435
0.304383
0.0755429
0.371388
0.394905
0.0349493
0.38708
0.02656
0.0302851
0.433256
0.0395783
0.45155
0.402215
0.0772459
0.346826
0.0851198
0.0464687
0.459708
0.0472126
0.460968
0.316929
0.0903547
0.316957
0.0889173
0.0792467
0.37892
0.0849857
0.326727
0.387671
0.0260146
0.402547
0.0336515
0.088949
0.298134
0.0864599
0.296451
0.409753
0.0395257
0.410622
0.0401183
0.0473864
0.456743
0.0471986
0.450542
0.309992
0.0872002
0.294864
0.0891015
0.0410618
0.439259
0.0323438
0.422293
0.309927
0.0826774
0.34055
0.0693956
0.0849546
0.288593
0.0866804
0.274633
0.406933
0.0402088
0.399425
0.0393342
0.0836809
0.290103
0.0743103
0.32173
0.387938
0.0339547
0.373396
0.0267062
