0.000270949
0.000243141
9.32804e-06
2.11734e-05
0.000751689
0.00413172
0.000692362
0.00189558
0.000427019
0.000465559
0.00499685
0.00216018
0.000205266
0.0001391
0.000473221
0.00584543
0.00395019
0.00079113
0.00199123
0.000703038
0.000244
0.000269672
2.16959e-05
9.47039e-06
0.000145159
0.000191581
0.00600098
0.000473837
0.000463861
0.000427594
0.0021682
0.00497719
0.00545512
0.00313211
0.0117827
0.00679433
6.01825e-05
0.00384827
0.000285765
0.0155745
0.0112704
0.00799637
0.00683529
0.00500236
0.000502697
0.0204704
0.000242531
0.0103669
0.00395004
4.63e-05
0.0154214
0.000279385
0.00316207
0.00540345
0.0068337
0.0116655
0.0200087
0.000486135
0.0100186
0.000218562
0.00800788
0.0111749
0.00497913
0.00675364
0.000656179
0.000619178
1.26256e-06
1.71378e-05
0.0042795
0.00822086
0.00484686
0.0173006
4.59818e-05
1.92065e-05
0.000298194
0.000418223
0.00349866
0.0131007
0.00103183
0.00280085
0.00852098
0.00437707
0.0174477
0.00493016
0.000614861
0.000631635
1.3093e-05
4.27555e-07
0.0127903
0.00350889
0.00250798
0.00103383
1.68619e-05
5.01015e-05
0.000415763
0.000292834
0.000120562
0.000238039
0.00157388
0.00119734
0.00192378
0.00586067
0.000250754
2.19403e-05
0.00141884
0.00142352
0.000806542
0.00076066
4.48566e-06
0.00183156
0.000386999
0.00414975
0.00551561
0.00187661
1.37975e-06
0.000202031
0.000235876
0.00012017
0.00118327
0.00157357
0.00202818
1.30793e-05
0.00426899
0.000415757
0.00140718
0.00142454
0.000757778
0.000808974
