26.5624 -9.47545 0.182861 0.0163965 1 1
27.6874 -9.4863 0.618864 0.0154748 1 1
26.5625 -8.54338 0.201233 0.00310237 1 1
27.6874 -8.55318 0.619979 0.00460534 1 1
28.8124 -9.49352 0.507531 -0.0276272 1 1
29.9375 -9.49714 0.251901 -0.0645298 1 1
28.8124 -8.55972 0.482556 -0.0264653 1 1
29.9375 -8.56298 0.276217 -0.043736 1 1
26.5625 -7.61132 0.212376 -0.0206452 1 1
27.6874 -7.62008 0.612966 -0.0215907 1 1
26.5625 -6.67927 0.210533 -0.0706977 1 1
27.6875 -6.68698 0.630509 -0.0465009 1 1
28.8124 -7.62592 0.476856 -0.0144172 1 1
29.9375 -7.62883 0.280399 0.0116796 1 1
28.8125 -6.69212 0.51454 0.0217494 1 1
29.9375 -6.69469 0.288454 0.0764607 1 1
31.0625 -9.49714 -0.25485 -0.0631001 1 1
32.1876 -9.49352 -0.494771 -0.0283354 1 1
31.0625 -8.56298 -0.276891 -0.0448185 1 1
32.1876 -8.55972 -0.47038 -0.0266659 1 1
33.3126 -9.4863 -0.581482 0.0155021 1 1
34.4376 -9.47545 -0.166135 0.0163576 1 1
33.3126 -8.55318 -0.584428 0.00466131 1 1
34.4375 -8.54338 -0.185054 0.0031253 1 1
31.0625 -7.62883 -0.273485 0.0119374 1 1
32.1876 -7.62592 -0.462446 -0.0139294 1 1
31.0625 -6.69469 -0.276106 0.0774718 1 1
32.1875 -6.69212 -0.49499 0.0217657 1 1
33.3126 -7.62008 -0.580917 -0.0215517 1 1
34.4375 -7.61132 -0.198412 -0.0206593 1 1
33.3125 -6.68698 -0.600053 -0.0465873 1 1
34.4375 -6.67927 -0.201815 -0.0705586 1 1
26.5625 -5.74722 0.210246 -0.0738662 1 1
27.6875 -5.75388 0.648279 -0.0559868 1 1
26.5625 -4.81518 0.209864 -0.108574 1 1
27.6875 -4.82076 0.656074 -0.082471 1 1
28.8125 -5.75831 0.513868 -0.00777232 1 1
29.9375 -5.76053 0.293413 0.0620534 1 1
28.8125 -4.82448 0.532816 0.0169294 1 1
29.9375 -4.82634 0.29923 0.124908 1 1
26.5625 -3.88314 0.195012 -0.106184 1 1
27.6875 -3.88765 0.659865 -0.0894664 1 1
26.5625 -2.95111 0.172248 -0.08269 1 1
27.6875 -2.95454 0.655819 -0.070757 1 1
28.8125 -3.89065 0.572876 0.0224691 1 1
29.9375 -3.89215 0.295653 0.143223 1 1
28.8125 -2.95683 0.631387 0.01562 1 1
29.9375 -2.95797 0.28175 0.101943 1 1
31.0625 -5.76053 -0.282404 0.0628695 1 1
32.1875 -5.75831 -0.497045 -0.00681721 1 1
31.0625 -4.82634 -0.283004 0.124293 1 1
32.1875 -4.82448 -0.51283 0.0167401 1 1
33.3125 -5.75388 -0.616845 -0.0562539 1 1
34.4375 -5.74722 -0.200921 -0.0735159 1 1
33.3125 -4.82076 -0.62557 -0.0827096 1 1
34.4375 -4.81518 -0.202471 -0.108033 1 1
31.0625 -3.89215 -0.280175 0.141599 1 1
32.1875 -3.89065 -0.552226 0.0220954 1 1
31.0625 -2.95797 -0.275118 0.100217 1 1
32.1875 -2.95683 -0.609993 0.0148276 1 1
33.3125 -3.88765 -0.629009 -0.0895312 1 1
34.4375 -3.88314 -0.186954 -0.105733 1 1
33.3125 -2.95454 -0.62275 -0.0705938 1 1
34.4375 -2.95111 -0.162973 -0.0821947 1 1
26.5625 -2.01913 0.174026 -0.0256077 1 1
27.6875 -2.02148 0.658852 -0.0248594 1 1
26.5625 -1.08721 0.19895 -0.00110891 1 1
27.6875 -1.08848 0.672614 -0.00410323 1 1
28.8125 -2.02305 0.634808 -0.0654317 1 1
29.9375 -2.02384 0.278206 -0.0907109 1 1
28.8125 -1.08932 0.589476 -0.0696375 1 1
29.9375 -1.08974 0.292041 -0.131598 1 1
26.5625 -0.155288 0.215579 0.00679947 1 1
27.6875 -0.155469 0.678658 -0.00434791 1 1
26.5625 0.776633 0.217298 -0.0172674 1 1
27.6875 0.777539 0.679585 -0.0204383 1 1
28.8125 -0.155589 0.563495 -0.0591483 1 1
29.9375 -0.155648 0.300887 -0.11449 1 1
28.8125 0.778143 0.563515 -0.0320868 1 1
29.9375 0.778445 0.298482 -0.0528718 1 1
31.0625 -2.02384 -0.28178 -0.0923502 1 1
32.1875 -2.02305 -0.616149 -0.0661748 1 1
31.0625 -1.08974 -0.291808 -0.132157 1 1
32.1875 -1.08932 -0.572138 -0.0702352 1 1
33.3125 -2.02148 -0.623227 -0.0247742 1 1
34.4375 -2.01913 -0.16129 -0.025124 1 1
33.3125 -1.08848 -0.635069 -0.00358324 1 1
34.4375 -1.08721 -0.18345 -0.000639138 1 1
31.0625 -0.155648 -0.298535 -0.113127 1 1
32.1875 -0.155589 -0.546529 -0.0592358 1 1
31.0625 0.778445 -0.294328 -0.0500285 1 1
32.1875 0.778143 -0.544982 -0.0321175 1 1
33.3125 -0.155469 -0.640724 -0.00407243 1 1
34.4375 -0.155288 -0.198823 0.0070967 1 1
33.3125 0.777539 -0.641401 -0.0203783 1 1
34.4375 0.776633 -0.200308 -0.0171116 1 1
26.5625 1.70855 0.217698 -0.0109817 1 1
27.6875 1.71054 0.676464 -0.0154115 1 1
26.5625 2.64048 0.217265 -0.0397024 1 1
27.6875 2.64355 0.671845 -0.0346062 1 1
28.8125 1.71187 0.557283 -0.0438237 1 1
29.9375 1.71253 0.295585 -0.0765033 1 1
28.8125 2.64559 0.54349 -0.0157388 1 1
29.9375 2.64661 0.298774 -0.00452285 1 1
26.5625 3.5724 0.20263 -0.0377272 1 1
27.6875 3.57655 0.663319 -0.0377484 1 1
26.5625 4.50433 0.179777 -0.0283439 1 1
27.6875 4.50956 0.650119 -0.0274668 1 1
28.8125 3.57932 0.557112 0.00227905 1 1
29.9375 3.5807 0.287762 0.0430283 1 1
28.8125 4.51305 0.583722 0.0198931 1 1
29.9375 4.51479 0.263535 0.064687 1 1
31.0625 1.71253 -0.291756 -0.0742156 1 1
32.1875 1.71187 -0.537707 -0.0432825 1 1
31.0625 2.64661 -0.294696 -0.00101327 1 1
32.1875 2.64559 -0.52452 -0.0141179 1 1
33.3125 1.71054 -0.638514 -0.0153413 1 1
34.4375 1.70855 -0.200534 -0.010964 1 1
33.3125 2.64355 -0.632587 -0.0344026 1 1
34.4375 2.64048 -0.198339 -0.0396986 1 1
31.0625 3.5807 -0.289514 0.045267 1 1
32.1875 3.57932 -0.53901 0.00377735 1 1
31.0625 4.51479 -0.272725 0.0656061 1 1
32.1875 4.51305 -0.56738 0.020611 1 1
33.3125 3.57655 -0.623368 -0.0375315 1 1
34.4375 3.5724 -0.184258 -0.0378028 1 1
33.3125 4.50956 -0.611333 -0.0274146 1 1
34.4375 4.50433 -0.163363 -0.0283867 1 1
