26.5624 -9.47545 -6.80841e-05 -6.40308e-05 1 1
27.6874 -9.4863 0.000252195 -0.000118189 1 1
26.5625 -8.54338 -8.123e-06 4.81864e-05 1 1
27.6874 -8.55318 0.000504395 3.88604e-06 1 1
28.8124 -9.49352 0.00010207 -0.000210258 1 1
29.9375 -9.49714 9.47399e-05 -0.000251362 1 1
28.8124 -8.55972 0.000321553 -0.000152535 1 1
29.9375 -8.56298 0.000208466 -0.000197719 1 1
26.5625 -7.61132 7.88067e-06 1.9241e-05 1 1
27.6874 -7.62008 0.000555519 -1.38741e-05 1 1
26.5625 -6.67927 8.43283e-06 -9.29178e-06 1 1
27.6875 -6.68698 0.000582722 -2.32004e-05 1 1
28.8124 -7.62592 0.000403644 -9.0099e-05 1 1
29.9375 -7.62883 0.000259401 -0.000114447 1 1
28.8125 -6.69212 0.000464045 -4.23411e-06 1 1
29.9375 -6.69469 0.000274644 5.27303e-06 1 1
31.0625 -9.49714 -0.000136735 -0.000249554 1 1
32.1876 -9.49352 -0.000133315 -0.000208375 1 1
31.0625 -8.56298 -0.000243307 -0.000195299 1 1
32.1876 -8.55972 -0.000333406 -0.000151028 1 1
33.3126 -9.4863 -0.00025781 -0.0001184 1 1
34.4376 -9.47545 5.22854e-05 -6.40945e-05 1 1
33.3126 -8.55318 -0.000475322 3.42339e-06 1 1
34.4375 -8.54338 1.4503e-05 4.79006e-05 1 1
31.0625 -7.62883 -0.000269318 -0.000110778 1 1
32.1876 -7.62592 -0.000401458 -8.81233e-05 1 1
31.0625 -6.69469 -0.000275632 5.81537e-06 1 1
32.1875 -6.69212 -0.000448955 -2.09833e-06 1 1
33.3126 -7.62008 -0.000525215 -1.4269e-05 1 1
34.4375 -7.61132 -4.67881e-06 1.9036e-05 1 1
33.3125 -6.68698 -0.000552513 -2.33206e-05 1 1
34.4375 -6.67927 -9.01076e-06 -9.40207e-06 1 1
26.5625 -5.74722 8.83366e-06 -7.41964e-06 1 1
27.6875 -5.75388 0.000601788 -2.15565e-05 1 1
26.5625 -4.81518 1.00248e-05 -2.59202e-05 1 1
27.6875 -4.82076 0.000615637 -4.32915e-05 1 1
28.8125 -5.75831 0.000469907 -1.45801e-05 1 1
29.9375 -5.76053 0.00028409 1.89762e-05 1 1
28.8125 -4.82448 0.000497249 2.48257e-05 1 1
29.9375 -4.82634 0.000296596 0.000110164 1 1
26.5625 -3.88314 5.98312e-06 -2.16793e-05 1 1
27.6875 -3.88765 0.000627256 -4.3983e-05 1 1
26.5625 -2.95111 -5.70584e-07 -1.4191e-05 1 1
27.6875 -2.95454 0.000626421 -2.96444e-05 1 1
28.8125 -3.89065 0.000538571 4.81873e-05 1 1
29.9375 -3.89215 0.000290158 0.000148067 1 1
28.8125 -2.95683 0.000599074 4.65922e-05 1 1
29.9375 -2.95797 0.000276517 0.000124807 1 1
31.0625 -5.76053 -0.000280073 2.0184e-05 1 1
32.1875 -5.75831 -0.000456704 -1.27961e-05 1 1
31.0625 -4.82634 -0.000273845 0.000109886 1 1
32.1875 -4.82448 -0.000475995 2.52855e-05 1 1
33.3125 -5.75388 -0.000569926 -2.15928e-05 1 1
34.4375 -5.74722 -8.96984e-06 -7.72323e-06 1 1
33.3125 -4.82076 -0.000583522 -4.34334e-05 1 1
34.4375 -4.81518 -1.12612e-05 -2.61578e-05 1 1
31.0625 -3.89215 -0.000275908 0.000146996 1 1
32.1875 -3.89065 -0.000517118 4.6923e-05 1 1
31.0625 -2.95797 -0.000267255 0.000124015 1 1
32.1875 -2.95683 -0.000577067 4.3741e-05 1 1
33.3125 -3.88765 -0.00059413 -4.44674e-05 1 1
34.4375 -3.88314 -6.81457e-06 -2.16441e-05 1 1
33.3125 -2.95454 -0.000592646 -3.08804e-05 1 1
34.4375 -2.95111 -4.74417e-07 -1.41451e-05 1 1
26.5625 -2.01913 -1.65804e-07 8.28899e-06 1 1
27.6875 -2.02148 0.000629898 2.38903e-05 1 1
26.5625 -1.08721 7.01189e-06 1.47251e-05 1 1
27.6875 -1.08848 0.000639598 3.6558e-05 1 1
28.8125 -2.02305 0.000603762 -1.37744e-05 1 1
29.9375 -2.02384 0.000274572 -4.19189e-05 1 1
28.8125 -1.08932 0.000556703 -1.8111e-05 1 1
29.9375 -1.08974 0.000288044 -6.63636e-05 1 1
26.5625 -0.155288 1.30652e-05 1.84817e-05 1 1
27.6875 -0.155469 0.000640381 3.46162e-05 1 1
26.5625 0.776633 1.33673e-05 8.92865e-07 1 1
27.6875 0.777539 0.000638851 1.22112e-05 1 1
28.8125 -0.155589 0.000530823 1.16292e-06 1 1
29.9375 -0.155648 0.000296462 -3.1909e-05 1 1
28.8125 0.778143 0.000525878 3.53486e-05 1 1
29.9375 0.778445 0.000292021 5.12792e-05 1 1
31.0625 -2.02384 -0.000272012 -4.1029e-05 1 1
32.1875 -2.02305 -0.000583955 -1.53977e-05 1 1
31.0625 -1.08974 -0.000284888 -6.71584e-05 1 1
32.1875 -1.08932 -0.000537629 -2.01142e-05 1 1
33.3125 -2.02148 -0.000594519 2.21914e-05 1 1
34.4375 -2.01913 3.17588e-07 8.34188e-06 1 1
33.3125 -1.08848 -0.000603426 3.51863e-05 1 1
34.4375 -1.08721 -6.4162e-06 1.47388e-05 1 1
31.0625 -0.155648 -0.000291792 -3.27979e-05 1 1
32.1875 -0.155589 -0.000512114 6.87853e-08 1 1
31.0625 0.778445 -0.000287283 5.1189e-05 1 1
32.1875 0.778143 -0.000508679 3.57965e-05 1 1
33.3125 -0.155469 -0.000604692 3.38961e-05 1 1
34.4375 -0.155288 -1.23093e-05 1.84605e-05 1 1
33.3125 0.777539 -0.000603246 1.19572e-05 1 1
34.4375 0.776633 -1.24624e-05 7.8486e-07 1 1
26.5625 1.70855 1.38873e-05 -1.62768e-06 1 1
27.6875 1.71054 0.000636201 1.70249e-05 1 1
26.5625 2.64048 1.26946e-05 -3.02938e-05 1 1
27.6875 2.64355 0.000620925 -3.54397e-06 1 1
28.8125 1.71187 0.000514157 3.72598e-05 1 1
29.9375 1.71253 0.000288139 5.16818e-05 1 1
28.8125 2.64559 0.000476491 9.64058e-05 1 1
29.9375 2.64661 0.000275257 0.000161202 1 1
26.5625 3.5724 -7.00311e-06 -5.97337e-05 1 1
27.6875 3.57655 0.0005528 -1.88178e-05 1 1
26.5625 4.50433 -6.69081e-05 5.57856e-05 1 1
27.6875 4.50956 0.000278246 0.000113264 1 1
28.8125 3.57932 0.000401013 0.000161113 1 1
29.9375 3.5807 0.000225173 0.000231611 1 1
28.8125 4.51305 0.000155201 0.000220819 1 1
29.9375 4.51479 0.000104611 0.000268408 1 1
31.0625 1.71253 -0.000286303 5.15655e-05 1 1
32.1875 1.71187 -0.000498087 3.73481e-05 1 1
31.0625 2.64661 -0.000280629 0.000161356 1 1
32.1875 2.64559 -0.000465648 9.58684e-05 1 1
33.3125 1.71054 -0.000600909 1.6954e-05 1 1
34.4375 1.70855 -1.27259e-05 -1.79074e-06 1 1
33.3125 2.64355 -0.0005859 -3.89475e-06 1 1
34.4375 2.64048 -1.05231e-05 -3.03137e-05 1 1
31.0625 3.5807 -0.000237496 0.000231666 1 1
32.1875 3.57932 -0.000398212 0.000160821 1 1
31.0625 4.51479 -0.000125767 0.000268565 1 1
32.1875 4.51305 -0.000167489 0.00022089 1 1
33.3125 3.57655 -0.000521007 -1.90613e-05 1 1
34.4375 3.5724 9.9144e-06 -5.9732e-05 1 1
33.3125 4.50956 -0.000271358 0.000113175 1 1
34.4375 4.50433 5.72996e-05 5.57631e-05 1 1
