# x y z topography
5.60601e+06 2.87182e+06 -999347 -21115.4
5.48883e+06 3.08964e+06 -1.00086e+06 -11932.2
5.63178e+06 2.88504e+06 -793787 1.01278e+06
5.51442e+06 3.10408e+06 -795032 -126425
5.36349e+06 3.30287e+06 -1.0009e+06 -16891.7
5.23006e+06 3.51115e+06 -999406 -26757
5.38849e+06 3.31828e+06 -795039 -14119.5
5.25434e+06 3.52746e+06 -793840 18613.5
5.65172e+06 2.89528e+06 -587396 3.56153e+06
5.53417e+06 3.11523e+06 -588339 705495
5.66581e+06 2.90251e+06 -380370 2.09702e+06
5.54824e+06 3.12318e+06 -380999 -378405
5.40794e+06 3.33028e+06 -588354 -14765.9
5.27322e+06 3.54014e+06 -587439 223717
5.42131e+06 3.33852e+06 -380996 -35384.8
5.28628e+06 3.54893e+06 -380419 -1515.37
5.67401e+06 2.90671e+06 -172976 3.16491e+06
5.55639e+06 3.12777e+06 -173288 877911
5.67583e+06 2.90762e+06 34593.4 2.35498e+06
5.55775e+06 3.12849e+06 34618.8 1.75715e+06
5.42882e+06 3.34314e+06 -173275 1.21248e+06
5.29362e+06 3.55387e+06 -173004 422832
5.43058e+06 3.34424e+06 34611.3 1.26812e+06
5.29587e+06 3.55539e+06 34562.1 1.75572e+06
5.67178e+06 2.90553e+06 242133 -601524
5.55358e+06 3.12611e+06 242504 387889
5.66179e+06 2.9004e+06 449402 -38075.2
5.54371e+06 3.12053e+06 450102 1.56679e+06
5.42679e+06 3.34189e+06 242489 79473.6
5.29233e+06 3.553e+06 242125 391752
5.41692e+06 3.33577e+06 450088 2.53227e+06
5.28212e+06 3.54611e+06 449393 1.39599e+06
