0 5.28498e+06 3.21753e+06 194894 -0.00446466 -0.00248033 0.000999478 5.51286e+09 1624.7
0 5.18608e+06 3.44562e+06 176327 -0.00312273 -0.00204342 -0.00106275 4.32013e+09 1585.31
0 5.1704e+06 3.50941e+06 115554 0.000701034 0.00124549 -0.000640253 3.67481e+09 1629.3
0 5.35521e+06 3.12724e+06 71663.6 0.00246429 0.000780707 0.00104859 5.17881e+09 1633.97
0 5.31679e+06 3.24326e+06 62974.5 -0.00854467 -0.00383407 0.00024835 4.3339e+09 1629.84
0 5.23177e+06 3.4214e+06 48762.4 -0.000282852 0.000881744 -0.000992119 3.63235e+09 1612.41
0 5.29187e+06 3.34754e+06 25326.9 0.00341007 0.00293052 -0.000380139 3.31989e+09 1531.05
0 5.43089e+06 3.21822e+06 -12767.4 -0.0217728 -0.0108098 4.79068e-05 1.80774e+09 1278.3
0 5.48119e+06 3.14758e+06 -14609.5 0.0141124 0.0102951 -0.000512522 1.5528e+09 1254.34
0 5.34756e+06 3.30702e+06 -34514.7 0.0091085 0.00536833 -0.000723901 2.54525e+09 1455.77
0 5.4537e+06 3.14658e+06 -136455 0.00456027 0.00614824 -0.00229099 2.23996e+09 1473.47
0 5.3176e+06 3.29919e+06 -148279 0.00336396 0.00250772 -0.00375279 3.3694e+09 1584.04
0 5.3114e+06 3.27612e+06 -198384 -0.00854025 -0.00426189 -0.00309712 3.84538e+09 1605.18
0 5.27249e+06 3.20782e+06 -281889 -0.000691712 3.69598e-05 -0.00124119 5.91486e+09 1653.83
0 5.2233e+06 3.29141e+06 -308805 0.000491926 7.63418e-05 -0.000666883 5.80345e+09 1612.82
0 5.28243e+06 3.13856e+06 -382115 -0.000155501 -0.000169483 -0.000174083 6.5968e+09 1608.27
0 5.20071e+06 3.33025e+06 -410937 0.000850414 -0.000866316 -0.000513391 5.57725e+09 1597.21
0 5.31328e+06 3.11936e+06 -458278 -7.84312e-05 -0.000634493 -0.000709725 5.93681e+09 1586.96
0 5.32877e+06 3.08691e+06 -488481 0.000585126 -0.000981432 -0.000729755 5.93645e+09 1620.85
0 5.36657e+06 3.05277e+06 -523863 -0.00153854 -0.00166194 -0.000810301 5.32863e+09 1634.02
0 5.27836e+06 3.09473e+06 -542284 0.000626654 0.000107192 -0.000479869 7.02967e+09 1641.82
0 5.23394e+06 3.15316e+06 -675266 0.00039256 -0.000454347 -4.53542e-05 6.87712e+09 1644.62
0 5.21804e+06 3.13945e+06 -797937 -0.000477208 -0.000664364 0.000820998 7.04048e+09 1623.4
0 5.19609e+06 3.19874e+06 -846209 -0.000968233 -0.000657092 0.00073538 6.46766e+09 1635.5
0 5.37358e+06 2.92166e+06 -884331 0.000705074 0.000971897 0.000882707 5.86846e+09 1643.79
0 5.10609e+06 3.33709e+06 -896313 -1.86399e-06 -0.000639739 -3.92116e-05 6.31785e+09 1637.32
0 5.16544e+06 3.23609e+06 -911857 -0.000547807 -0.000505661 0.000333566 6.36999e+09 1633.38
0 5.04905e+06 3.4099e+06 -940264 -0.000109639 -0.000435584 -9.26097e-05 6.31152e+09 1635.55
0 5.01651e+06 3.49089e+06 -945019 -0.00114177 -0.000866969 -0.000336037 5.7288e+09 1652.98
0 5.09526e+06 3.3406e+06 -958313 -1.57033e-05 -0.000617365 3.01091e-05 6.23063e+09 1613.94
0 5.00653e+06 3.47747e+06 -998552 -0.000880202 -0.000698147 -0.000130086 5.95281e+09 1651.97
0 5.05413e+06 3.39197e+06 -1.02239e+06 1.30272e-05 -0.000386985 2.77826e-05 6.08683e+09 1621.26

