38.2169 7.12805 -0.335835 0.440327 0.000142843
39.654 7.12378 -0.348777 0.414648 -0.0188911
38.2173 7.69765 -0.343393 0.440304 0.00375136
39.6545 7.69293 -0.359339 0.42879 -0.0165829
41.0912 7.11502 -0.340439 0.399409 -0.107585
42.529 7.10186 -0.334969 0.402002 -0.212888
41.0921 7.68347 -0.360934 0.431286 -0.104414
42.5297 7.66922 -0.358424 0.430381 -0.208521
38.2179 8.26722 -0.351416 0.441949 -0.000472042
39.6552 8.26215 -0.364379 0.439925 -0.0145019
38.2185 8.83669 -0.351802 0.44574 -0.0019718
39.6557 8.83117 -0.369831 0.439415 -0.00683169
41.0927 8.25191 -0.383177 0.459558 -0.114401
42.5303 8.23652 -0.44856 0.516531 -0.13234
41.0934 8.8202 -0.449357 0.530007 -0.0478026
42.531 8.80374 -1.2073 1.35568 -0.251073
43.967 7.08422 -0.249001 0.299979 -0.253204
45.405 7.06211 -0.11717 0.161455 -0.27912
43.9675 7.65013 -0.322865 0.347245 -0.0714193
45.4054 7.62623 -0.123885 0.132675 -0.0606183
46.8431 7.03557 -0.113272 0.130438 -0.149001
48.281 7.00462 -0.0880648 0.095438 -0.107341
46.8433 7.59756 -0.0536795 0.0749698 -0.141597
48.2811 7.56413 -0.0228325 0.0223082 -0.0119786
43.968 8.21599 -0.36072 0.348164 0.121383
45.4058 8.19029 -0.153753 0.112974 0.1918
43.9685 8.78174 -0.292082 0.287475 0.0569271
45.4061 8.75426 -0.102259 0.0986059 0.00816278
46.8436 8.15947 0.0414297 -0.0187324 -0.102449
48.2812 8.12356 -0.00525246 0.00556743 -0.00465956
46.8438 8.72133 0.231244 -0.19883 -0.0807896
48.2813 8.68296 0.0029374 -0.00222161 -0.00198184
