26.7181 -6.44198 -0.0028633 0.00314328 -0.0103089
28.1545 -6.47061 -0.00744584 0.0115458 -0.010593
26.7181 -5.88186 -0.0027307 0.00320474 -0.00960827
28.1546 -5.90806 -0.00726933 0.0115736 -0.0100919
29.5907 -6.49517 -0.00970723 0.0144472 -0.0104126
31.0271 -6.51568 -0.00788461 0.0108086 -0.0104244
29.5908 -5.93054 -0.0101201 0.0156598 -0.0109311
31.0271 -5.9493 -0.0084947 0.0117117 -0.0121995
26.7182 -5.32171 -0.00266217 0.0034547 -0.00880021
28.1546 -5.34546 -0.0073032 0.0119233 -0.00934805
26.7183 -4.76155 -0.00277449 0.00395364 -0.00851367
28.1548 -4.78285 -0.00748743 0.0125047 -0.00898212
29.5909 -5.36585 -0.0104875 0.0163585 -0.0114378
31.0272 -5.38286 -0.00908042 0.0125038 -0.0139264
29.5909 -4.80113 -0.0107611 0.0166531 -0.012684
31.0273 -4.81641 -0.00961907 0.0131912 -0.0159436
32.4634 -6.53209 -0.00566678 0.00653227 -0.0114091
33.8998 -6.54438 -0.00401748 0.00307784 -0.0137797
32.4635 -5.9643 -0.00600751 0.00679392 -0.0138099
33.8999 -5.97554 -0.00425999 0.00313493 -0.0166637
35.3364 -6.55257 -0.00409618 0.00230677 -0.0167184
36.7732 -6.55667 -0.00656855 0.00517782 -0.0184238
35.3364 -5.98303 -0.00401957 0.00180106 -0.020256
36.7733 -5.98677 -0.00569718 0.00320191 -0.0228732
32.4637 -5.39648 -0.00633416 0.00710997 -0.0160786
33.9001 -5.40669 -0.00466122 0.00357191 -0.0191368
32.4638 -4.82866 -0.00672713 0.00776072 -0.018304
33.9002 -4.83784 -0.00512244 0.00448536 -0.0211242
35.3365 -5.41349 -0.00423262 0.00175867 -0.0233113
36.7731 -5.4169 -0.00528677 0.00215177 -0.0273568
35.3365 -4.84399 -0.00431733 0.00256058 -0.0258201
36.773 -4.84709 -0.00517079 0.00279403 -0.0318707
