38.2097 -6.55674 -0.0162693 0.017653 -0.0155652
39.6462 -6.5528 -0.0725751 0.0631891 -0.125369
38.2094 -5.98683 -0.151708 0.179953 -0.052936
39.6459 -5.98324 -0.355879 0.377022 -0.216058
41.0837 -6.54471 -0.0330947 0.026226 -0.0616699
42.5224 -6.5325 -0.0188256 0.00746492 -0.0759472
41.0834 -5.97585 -0.0452111 0.0360349 -0.0908554
42.522 -5.96468 -0.0205035 0.00776847 -0.0917845
38.2093 -5.41696 -0.202374 0.238712 -0.0745087
39.6456 -5.41367 -0.414513 0.504804 0.181864
38.2092 -4.84713 -0.0843336 0.0989288 -0.0421998
39.6454 -4.84412 -0.116599 0.122099 -0.0889622
41.0831 -5.40694 -0.0355168 0.0210526 -0.122542
42.5217 -5.39684 -0.0177508 0.00279888 -0.111734
41.0827 -4.83809 -0.0194761 0.00132139 -0.146696
42.5212 -4.82902 -0.00970433 -0.00454531 -0.122617
43.9619 -6.51619 0.0203491 -0.0336154 -0.0765901
45.4018 -6.49579 -0.295579 0.250805 -0.239221
43.9615 -5.9498 0.0138994 -0.0262631 -0.0826921
45.4014 -5.93121 -0.187407 0.155642 -0.201986
46.8416 -6.47134 -0.229404 0.205668 -0.0559555
48.2807 -6.44289 -0.0391344 0.0283278 -0.0777227
46.8411 -5.90889 -0.192715 0.159218 -0.148868
48.2804 -5.88289 -0.0289527 0.0144182 -0.0822323
43.961 -5.38337 0.0170234 -0.0322347 -0.109852
45.4009 -5.36651 -0.103522 0.0815274 -0.152935
43.9606 -4.81689 0.0218915 -0.0380923 -0.131856
45.4004 -4.80172 -0.0955887 0.0757584 -0.157607
46.8406 -5.34627 -0.143934 0.119458 -0.117401
48.2802 -5.32265 -0.0218442 0.00892026 -0.0858888
46.8402 -4.78352 -0.141131 0.119741 -0.106895
48.2801 -4.76228 -0.0180395 0.00617287 -0.0887002
