26.7184 7.0022 0.00242355 0.000887912 -0.0204742
28.1555 7.03344 0.00231777 0.00176584 -0.0230984
26.7184 7.56232 0.00193657 0.000656842 -0.0151434
28.1556 7.59594 0.00162056 0.00169575 -0.0164804
29.5928 7.06028 -0.438014 0.743943 0.104867
31.0304 7.08268 -0.478068 0.766735 0.115402
29.593 7.62482 -0.615408 1.27165 -0.69047
31.0306 7.64892 -0.267443 0.575047 -0.496906
26.7184 8.12244 0.00123533 0.000513925 -0.00922092
28.1556 8.15845 0.000416109 0.00196313 -0.00893164
26.7185 8.68257 0.000425906 0.000211982 -0.00311185
28.1557 8.72097 -0.000622913 0.00198563 -0.00251939
29.5932 8.18937 -0.229949 0.482777 -0.265164
31.0309 8.21517 -0.0876414 0.172537 -0.0951378
29.5933 8.75393 -0.00413086 0.0069339 0.00107843
31.0312 8.78143 -0.0074607 0.0123191 0.000231295
32.4679 7.10065 -0.828691 1.34504 -0.189311
33.9054 7.11418 -0.768939 0.730259 1.80747
32.4683 7.66826 -0.299604 0.571914 -0.40659
33.9059 7.68282 -0.458995 0.849458 -0.666507
35.3429 7.12327 -0.0571116 0.178859 -0.465208
36.7796 7.12789 -0.333722 0.446258 0.00273691
35.3436 7.69262 -0.313688 0.461127 0.00347523
36.7802 7.69756 -0.336445 0.44637 0.00102298
32.4687 8.23587 -0.114999 0.155002 0.0931182
33.9065 8.25148 -0.207952 0.383215 -0.287209
32.4692 8.80348 -0.0895045 0.113206 0.0946583
33.9072 8.82004 -0.200874 0.312118 -0.00856282
35.3441 8.26191 -0.317125 0.45896 0.00597096
36.7809 8.26711 -0.336514 0.447813 0.000306192
35.3444 8.83108 -0.322826 0.454561 0.00495255
36.7816 8.83662 -0.331903 0.451353 0.00071831
