26.7185 -1.96063 -0.00346221 0.00537279 -0.0167849
28.1554 -1.96933 -0.00793791 0.0128968 -0.0200475
26.7186 -1.40048 -0.00278204 0.00490102 -0.0182775
28.1555 -1.40671 -0.00641237 0.0120095 -0.020867
29.5916 -1.97681 -0.00921486 0.0136732 -0.0229469
31.0282 -1.98305 -0.00970407 0.0139827 -0.0260845
29.5918 -1.41204 -0.0078658 0.012907 -0.0242103
31.0284 -1.41647 -0.00901513 0.0137089 -0.0275672
26.7186 -0.840301 -0.00261853 0.00442614 -0.0192816
28.1555 -0.844044 -0.00581702 0.010399 -0.0214238
26.7186 -0.280116 -0.00203165 0.00401081 -0.020274
28.1556 -0.281381 -0.00479573 0.00941634 -0.0223052
29.592 -0.847239 -0.00722699 0.0117496 -0.0251081
31.0286 -0.849882 -0.00845749 0.0130163 -0.028739
29.5922 -0.282446 -0.00578868 0.0105507 -0.025388
31.0288 -0.283303 -0.00752743 0.0122942 -0.0299241
32.4646 -1.98802 -0.0099824 0.0137613 -0.0297039
33.9007 -1.99171 -0.0111894 0.0145237 -0.032907
32.4649 -1.41998 -0.0102379 0.0145513 -0.0313277
33.901 -1.42258 -0.0121923 0.0168091 -0.0348913
35.3367 -1.99414 -0.0138323 0.016378 -0.0376865
36.7728 -1.99531 -0.0193674 0.0225001 -0.0498419
35.3369 -1.42425 -0.0162417 0.0199404 -0.0400168
36.7727 -1.42505 -0.0228047 0.026897 -0.0516011
32.4651 -0.851975 -0.0100846 0.0149384 -0.0331123
33.9012 -0.853509 -0.0128046 0.0182134 -0.036989
32.4653 -0.28399 -0.00952581 0.0145736 -0.0352477
33.9014 -0.284501 -0.0127473 0.0187511 -0.0393522
35.3372 -0.854482 -0.017078 0.0230151 -0.0414482
36.7726 -0.854904 -0.0247662 0.030517 -0.0524849
35.3374 -0.284829 -0.017505 0.0252996 -0.0431309
36.7728 -0.284914 -0.0267491 0.0339194 -0.0536757
