26.7184 4.76168 0.00272571 -0.000465955 -0.026489
28.1553 4.78318 0.0028378 6.07029e-05 -0.029637
26.7184 5.32181 0.00287754 -0.000224844 -0.0260396
28.1553 5.34574 0.00299883 0.000196199 -0.0283789
29.5922 4.80166 0.0017077 0.00345944 -0.0365008
31.0292 4.81713 -0.000520672 0.00863526 -0.0452095
29.5924 5.36632 0.00210898 0.00350958 -0.0365016
31.0295 5.38352 -0.000576345 0.0094792 -0.0452293
26.7184 5.88194 0.00276743 0.000308971 -0.0251769
28.1554 5.90832 0.00292009 0.000682627 -0.0274133
26.7184 6.44208 0.00269389 0.000731622 -0.0239875
28.1554 6.4709 0.0028039 0.00141081 -0.0270574
29.5925 5.93098 0.0025574 0.00370841 -0.0379043
31.0298 5.94993 -0.00112343 0.011296 -0.0459647
29.5927 6.49566 0.00236646 0.00513492 -0.0396099
31.0301 6.51635 -0.194109 0.266831 0.248468
32.4663 4.82957 -0.00192944 0.0119286 -0.0533446
33.9033 4.83899 -0.00482953 0.0160408 -0.0608948
32.4667 5.39735 -0.00282311 0.0140781 -0.0536505
33.9039 5.40782 -0.00561984 0.0193719 -0.0620406
35.3404 4.84535 -0.0114555 0.0290423 -0.0965567
36.7773 4.84863 -0.0122384 0.0411981 -0.173033
35.3409 5.41488 -0.0538331 -0.00130072 0.484939
36.7779 5.41851 -0.031042 0.0683608 -0.172255
32.4671 5.96515 -0.00378825 0.0164596 -0.0533959
33.9044 5.97663 -0.00580348 0.0202247 -0.0611567
32.4675 6.53295 -0.644775 0.672044 1.58444
33.9049 6.54544 -0.486615 0.412569 1.47102
35.3415 5.98437 -0.303033 0.129241 1.63174
36.7786 5.98839 -0.463006 0.637071 0.0295953
35.3421 6.55386 -0.325511 0.160796 1.57603
36.7791 6.55814 -0.326187 0.450313 0.00540179
