26.7186 0.280098 -0.00152476 0.00327105 -0.0207605
28.1556 0.281334 -0.00401012 0.00817131 -0.0228849
26.7186 0.840294 -0.000931135 0.00267828 -0.0202496
28.1555 0.844051 -0.00310121 0.0065974 -0.0222208
29.5924 0.282417 -0.00541541 0.00994805 -0.0262856
31.029 0.283323 -0.00655357 0.0109366 -0.0315802
29.5923 0.847256 -0.00389657 0.00860895 -0.0275307
31.0291 0.849946 -0.00475586 0.0101301 -0.0342026
26.7185 1.40051 -0.00038094 0.00185951 -0.0201036
28.1555 1.40678 -0.00164104 0.00433588 -0.0224913
26.7185 1.96072 0.00047259 0.000684332 -0.0214348
28.1555 1.96952 -2.94087e-05 0.0018312 -0.0249369
29.5923 1.41219 -0.00336988 0.00658164 -0.0303971
31.029 1.41668 -0.00470399 0.00841143 -0.0373445
29.5923 1.97708 -0.00150412 0.0050144 -0.0332053
31.029 1.98337 -0.00276273 0.00764734 -0.0398318
32.4655 0.284053 -0.00836427 0.0134691 -0.0378736
33.9017 0.284619 -0.0119565 0.0184671 -0.0419672
32.4657 0.852121 -0.00667189 0.0118539 -0.0408163
33.902 0.853783 -0.0116363 0.0165658 -0.0455718
35.3374 0.284925 -0.0165664 0.0248159 -0.0454952
36.7731 0.284962 -0.0250261 0.0380367 -0.0539271
35.3373 0.854787 -0.0165777 0.0213986 -0.0483224
36.7733 0.855138 -0.0101924 0.015566 -0.0575474
32.4657 1.42021 -0.00513814 0.0100556 -0.0439145
33.902 1.42277 -0.00634542 0.0149433 -0.0481835
32.4657 1.9884 -0.00339634 0.00880114 -0.0465822
33.902 1.99214 -0.00498316 0.0106806 -0.0507095
35.3376 1.42453 -0.0126184 0.0218835 -0.0512474
36.7736 1.42546 0.0105628 -0.00988499 -0.0908521
35.3379 1.99465 -0.0337503 0.0552937 -0.119284
36.7743 1.99595 -0.10425 0.124321 0.205424
