38.2118 2.56678 0.614326 -0.76967 -0.154717
39.649 2.56548 -0.0271475 0.0904612 -0.858768
38.2124 3.13746 0.425362 -0.476885 -0.83683
39.6497 3.13577 -0.0434881 0.0900645 -0.478592
41.0862 2.56257 -0.361651 0.441251 -0.435907
42.5235 2.55804 -0.563714 0.640139 -0.473278
41.087 3.13209 -0.344945 0.419027 -0.298312
42.5244 3.12644 -0.496319 0.569896 -0.353391
38.2131 3.70809 0.0598904 -0.00502978 -0.813825
39.6503 3.70603 -0.12949 0.184683 -0.3762
38.2137 4.27867 0.0179952 0.0418778 -0.553414
39.651 4.27621 -0.117268 0.192811 -0.439055
41.0877 3.70159 -0.303547 0.366421 -0.228072
42.5252 3.69483 -0.425849 0.499194 -0.332624
41.0884 4.27107 -0.265832 0.319624 -0.180252
42.526 4.26322 -0.316031 0.378193 -0.291826
43.9614 2.5519 -1.01879 1.10275 -0.897515
45.3999 2.54419 -1.66548 1.67188 -1.2428
43.9623 3.11887 -0.55974 0.617048 -0.526071
45.4007 3.10938 -0.718376 0.729546 -0.312593
46.8387 2.53483 -0.865009 0.765158 -0.412444
48.2794 2.52381 -0.356905 0.32878 -0.454734
46.8393 3.09792 -0.710291 0.633683 -0.159724
48.2794 3.08442 -0.31097 0.276243 -0.202438
43.9631 3.68579 -0.396494 0.447911 -0.402958
45.4015 3.67446 -0.377076 0.395457 -0.279902
43.964 4.25269 -0.29561 0.340366 -0.31382
45.4022 4.2395 -0.309 0.332809 -0.280668
46.8401 3.66085 -0.665291 0.648731 -0.785898
48.2795 3.64491 -0.231413 0.187292 0.43231
46.8407 4.22364 -0.377846 0.37379 -0.206732
48.2798 4.20513 -0.27914 0.208086 0.312895
