26.7185 2.52093 0.000982395 0.000168278 -0.0235606
28.1554 2.53227 0.00130822 0.000194362 -0.0282279
26.7185 3.08113 0.00148535 6.31691e-05 -0.0248055
28.1554 3.09502 0.00210588 -0.000274661 -0.0311856
29.5923 2.542 -0.000108103 0.00407078 -0.0357782
31.029 2.55014 -0.00203769 0.00731157 -0.0422091
29.5922 3.10695 0.000418906 0.00357928 -0.0374172
31.0291 3.11692 -0.00141051 0.00733697 -0.0433327
26.7184 3.64132 0.00194694 -0.000186402 -0.0255715
28.1553 3.65777 0.00246391 -9.51495e-05 -0.0318583
26.7184 4.20152 0.00234977 -0.000410085 -0.0261092
28.1553 4.22052 0.00254473 4.02732e-05 -0.0307388
29.5922 3.6719 0.000901891 0.00355484 -0.0374605
31.0291 3.68372 -0.00114497 0.00770139 -0.0441467
29.5922 4.23686 0.00125264 0.00351509 -0.0369205
31.0291 4.25053 -0.000852054 0.00810183 -0.0447447
32.4657 2.55667 -0.00233882 0.00768063 -0.0488727
33.9021 2.56158 -0.00240514 0.0081599 -0.0534859
32.4658 3.12494 -0.00140025 0.00770583 -0.0505379
33.9024 3.13101 -0.000582194 0.00689139 -0.0561542
35.3383 2.56488 -0.153483 0.251477 -0.488053
36.7748 2.56657 -0.323922 0.502586 -0.854567
35.3388 3.13509 -0.187589 0.353888 -0.912585
36.7755 3.13723 -0.677707 1.16675 -3.03527
32.4659 3.69323 -0.00110845 0.00846354 -0.0516628
33.9026 3.70041 0.000311632 0.00725091 -0.0583421
32.4661 4.26152 -0.00130934 0.00988708 -0.0529045
33.9029 4.26983 -0.0015285 0.0107857 -0.059218
35.3393 3.70528 -0.0771988 0.167423 -0.48767
36.7761 3.70784 -0.194706 0.362232 -0.908814
35.3398 4.27546 0.00143787 0.0107403 -0.096122
36.7767 4.27841 0.00407569 0.0148442 -0.17251
