38.2091 -4.27698 -0.0605136 0.0603887 -0.123477
39.6452 -4.27431 -0.0499275 0.0430367 -0.116335
38.209 -3.70653 -0.0379019 0.0383063 -0.0874767
39.6451 -3.70424 -0.0266625 0.0188344 -0.113161
41.0824 -4.26897 -0.0175409 0.000865275 -0.152309
42.5209 -4.26094 -0.000865941 -0.0140989 -0.13124
41.0821 -3.69961 -0.0213174 0.0068588 -0.153496
42.5206 -3.69265 0.0058632 -0.022691 -0.162046
38.2087 -3.13608 -0.0187428 0.0153079 -0.0768703
39.6451 -3.13419 -0.0242112 0.0178784 -0.116742
38.2088 -2.56569 -0.0241299 0.0255398 -0.0764774
39.645 -2.56416 -0.0304129 0.0281173 -0.117084
41.0819 -3.13029 -0.0270883 0.0144041 -0.155711
42.5204 -3.12444 0.0100204 -0.0278669 -0.20013
41.0817 -2.56101 -0.0346014 0.0249759 -0.158184
42.5201 -2.55625 0.00469287 -0.025718 -0.269179
43.9603 -4.25021 0.0344723 -0.0497337 -0.129446
45.4 -4.23681 -0.108438 0.0874262 -0.182772
43.9599 -3.68338 0.0322863 -0.0456059 -0.124146
45.3997 -3.67179 -0.140171 0.121377 -0.167764
46.84 -4.22072 -0.17127 0.1495 -0.106024
48.28 -4.20194 -0.0159346 0.00471128 -0.095871
46.8398 -3.65787 -0.190473 0.16623 -0.137584
48.2799 -3.64163 -0.0124172 0.00220767 -0.104549
43.9597 -3.11661 0.0546117 -0.0701824 -0.16946
45.3995 -3.10682 -0.178492 0.158245 -0.187844
43.9594 -2.54988 0.0337437 -0.0554591 -0.311462
45.3992 -2.54189 -0.257768 0.233412 -0.259366
46.8396 -3.09505 -0.17688 0.156476 -0.116485
48.2799 -3.08132 -0.0113806 0.0023612 -0.107896
46.8395 -2.53228 -0.177223 0.159892 -0.0868561
48.2798 -2.52105 -0.017105 0.00781251 -0.110039
