38.2103 -8.83641 -0.00881538 0.0107001 -0.00172096
39.647 -8.83091 -0.00725687 0.00690849 -0.00531377
38.2103 -8.26649 -0.00955359 0.0108984 -0.00511776
39.6468 -8.26139 -0.00943353 0.00823972 -0.0113649
41.0852 -8.8199 -0.00490167 0.0028902 -0.0107914
42.524 -8.80345 0.00796926 -0.00949225 -0.00422314
41.0848 -8.25111 -0.00787303 0.00324903 -0.0244176
42.5235 -8.23573 0.0014517 -0.00689796 -0.0255009
38.2101 -7.69654 -0.0104905 0.0114566 -0.00800224
39.6467 -7.69186 -0.0124795 0.0111418 -0.0152725
38.2098 -7.12662 -0.0116381 0.0124374 -0.0105768
39.6465 -7.12232 -0.0195378 0.0163573 -0.0318534
41.0844 -7.68232 -0.0121857 0.00687302 -0.0318353
42.5231 -7.668 -0.0088594 -0.000858636 -0.0525813
41.084 -7.11351 -0.0196407 0.0131655 -0.043285
42.5227 -7.10026 -0.0147708 0.0033759 -0.0659695
43.9632 -8.78145 -0.449993 0.511422 0.221363
45.4027 -8.75395 -1.79291 1.93494 0.805698
43.9629 -8.21515 -0.0045709 -0.0721798 -0.376339
45.4026 -8.18938 -2.42794 2.1746 -1.07202
46.842 -8.72101 -2.38444 2.21644 -0.00276479
48.2806 -8.68259 0.601946 -0.45718 0.448133
46.8417 -8.15849 -3.97527 3.19473 -2.5585
48.2806 -8.12247 0.256457 -0.147641 0.337093
43.9626 -7.64884 0.0325701 -0.0629529 -0.153076
45.4023 -7.62482 -1.15197 0.943112 -0.962814
43.9623 -7.08254 0.0195696 -0.033991 -0.0775083
45.4022 -7.06037 -0.438303 0.40764 -0.191643
46.842 -7.59606 -0.638067 0.489107 -0.649845
48.2805 -7.56246 -0.147299 0.127101 -0.0108035
46.8418 -7.03371 -0.528015 0.433436 -0.384631
48.281 -7.00252 -0.0660052 0.0475735 -0.0616316
