26.7184 -4.20135 -0.00317243 0.00473691 -0.00922087
28.1549 -4.22012 -0.00794401 0.0134881 -0.00884334
26.7185 -3.64117 -0.00348304 0.00538357 -0.0107522
28.1552 -3.65742 -0.00832741 0.0144494 -0.0105997
29.5911 -4.23629 -0.0107259 0.0164293 -0.0135888
31.0275 -4.24982 -0.00990013 0.0138725 -0.017725
29.591 -3.67139 -0.0108374 0.0161224 -0.0148378
31.0276 -3.68309 -0.0102601 0.0140811 -0.0194761
26.7185 -3.08102 -0.00361008 0.00578707 -0.0126624
28.1553 -3.09483 -0.00832859 0.0150313 -0.0137102
26.7185 -2.52084 -0.00355844 0.00574379 -0.0147126
28.1552 -2.5321 -0.00830588 0.0145455 -0.017207
29.5912 -3.10663 -0.0100829 0.0161537 -0.0172308
31.0278 -3.11643 -0.0101318 0.0144372 -0.0215543
29.5915 -2.54174 -0.00942973 0.0149841 -0.0205066
31.028 -2.54973 -0.00991426 0.014537 -0.0239997
32.4639 -4.26064 -0.00738633 0.00882645 -0.0204883
33.9003 -4.26877 -0.00580638 0.00573203 -0.0233404
32.4641 -3.69246 -0.00822231 0.0100401 -0.0227811
33.9003 -3.69947 -0.00699461 0.00720641 -0.0257808
35.3365 -4.27421 -0.00520057 0.00385471 -0.0283703
36.7729 -4.27695 -0.00634545 0.00398107 -0.0369746
35.3366 -3.70416 -0.00684864 0.00583925 -0.0309711
36.7729 -3.7065 -0.00843264 0.00651294 -0.0413547
32.4643 -3.1243 -0.00889931 0.0114213 -0.0252134
33.9005 -3.1302 -0.0081521 0.00932913 -0.0282536
32.4644 -2.55613 -0.00951689 0.0127136 -0.0277027
33.9006 -2.56093 -0.00949278 0.0119666 -0.0307696
35.3365 -3.13415 -0.00861513 0.00909197 -0.0330115
36.7731 -3.13608 -0.0120093 0.0115464 -0.0445842
35.3367 -2.56412 -0.0107432 0.0127147 -0.0354422
36.7727 -2.56568 -0.014685 0.0175833 -0.0473172
