38.2143 4.84888 0.0484909 -0.0449363 -0.117702
39.6516 4.84607 -0.0919444 0.147091 -0.273542
38.2149 5.41877 0.0117564 0.0091768 -0.177046
39.6522 5.41559 -0.075892 0.120141 -0.219659
41.089 4.8402 -0.248085 0.295285 -0.137508
42.5267 4.83127 -0.26069 0.315776 -0.248738
41.0896 5.40898 -0.262827 0.311439 -0.119319
42.5273 5.39898 -0.256314 0.310806 -0.223416
38.2155 5.98864 -0.271752 0.471568 -1.08814
39.6528 5.98506 -0.194536 0.247632 -0.107684
38.2163 6.55834 -0.397951 0.560205 -0.259051
39.6533 6.55452 -0.292111 0.349955 -0.0363816
41.0902 5.97775 -0.286231 0.341655 -0.114773
42.5278 5.96668 -0.284396 0.341811 -0.220005
41.0907 6.54649 -0.314521 0.370192 -0.11028
42.5284 6.53434 -0.310548 0.372203 -0.216742
43.9647 4.81931 -0.247524 0.296831 -0.333872
45.4029 4.80431 -0.272259 0.301696 -0.28351
43.9652 5.38562 -0.245 0.298631 -0.337004
45.4034 5.3689 -0.239851 0.273282 -0.2852
46.8413 4.7863 -0.290173 0.290662 -0.163903
48.2801 4.76528 -0.144395 0.1922 -0.690539
46.8418 5.34881 -0.253262 0.25772 -0.162732
48.2804 5.32537 -0.161828 0.224778 -0.803206
43.9658 5.95189 -0.230033 0.285402 -0.310515
45.404 5.93341 -0.202313 0.23897 -0.280691
43.9664 6.51813 -0.217591 0.272137 -0.29845
45.4045 6.49783 -0.157659 0.198849 -0.280682
46.8422 5.91119 -0.214079 0.222301 -0.159721
48.2807 5.88527 -0.162325 0.213617 -0.589704
46.8427 6.47345 -0.168672 0.181432 -0.15541
48.2809 6.445 -0.133468 0.15884 -0.26723
