26.7181 -8.68251 -0.00200116 0.00333704 -0.00192263
28.1541 -8.72088 -0.0058594 0.0103493 -0.00152514
26.7181 -8.12236 -0.00234237 0.00315226 -0.00516408
28.1542 -8.1583 -0.00649975 0.010864 -0.00429266
29.5904 -8.75381 -0.00706997 0.0120472 -0.00141392
31.0267 -8.78128 -0.00596257 0.00958759 -0.00163614
29.5905 -8.18914 -0.00756958 0.0122773 -0.0033336
31.0268 -8.21485 -0.00619739 0.0095027 -0.00347785
26.7181 -7.56221 -0.00276392 0.00305016 -0.00820505
28.1543 -7.59573 -0.00724067 0.0116867 -0.0072036
26.7181 -7.00209 -0.002966 0.00308863 -0.0101705
28.1544 -7.03317 -0.0075153 0.0118219 -0.00974335
29.5905 -7.62452 -0.00826371 0.0129719 -0.00526024
31.0269 -7.64856 -0.00643865 0.00976361 -0.00528787
29.5906 -7.05986 -0.00885007 0.0133611 -0.00824825
31.027 -7.08209 -0.00723074 0.00998358 -0.00825412
32.4629 -8.80329 -0.0045933 0.00674485 -0.00151601
33.8995 -8.81986 -0.00344161 0.00464995 -0.00184466
32.4629 -8.23546 -0.00487466 0.00636928 -0.00394447
33.8995 -8.25097 -0.00372329 0.00424056 -0.00490378
35.3362 -8.83087 -0.00383868 0.00475666 -0.00200338
36.7735 -8.83639 -0.0066927 0.00847423 -0.00205093
35.3362 -8.26127 -0.00445915 0.00437971 -0.00637602
36.7734 -8.26641 -0.00737294 0.00799013 -0.00601525
32.4631 -7.66775 -0.00496646 0.00648422 -0.00595123
33.8995 -7.68212 -0.00381162 0.00370533 -0.0078882
32.4632 -7.09989 -0.00536411 0.00628366 -0.00891101
33.8996 -7.11326 -0.00380395 0.00328973 -0.0108908
35.3364 -7.69173 -0.00442642 0.00400855 -0.0100403
36.7732 -7.69652 -0.00763834 0.00780031 -0.00955961
35.3363 -7.12216 -0.00414862 0.00324271 -0.0133093
36.7733 -7.12659 -0.00745957 0.00710392 -0.0137159
