38.2087 -1.99532 -0.0303029 0.0325981 -0.0764508
39.6449 -1.99417 -0.0381408 0.0390506 -0.11743
38.2085 -1.42505 -0.0333161 0.0383868 -0.0776005
39.6447 -1.42421 -0.0455806 0.0499184 -0.119349
41.0815 -1.99172 -0.0454268 0.0361889 -0.161064
42.5198 -1.988 -0.0313087 -0.00459825 -0.427418
41.0816 -1.42244 -0.054137 0.0509164 -0.165437
42.5194 -1.41977 -0.00659651 -0.0284897 -0.533193
38.2084 -0.854882 -0.0352434 0.041789 -0.0775618
39.6446 -0.854403 -0.0520507 0.0593567 -0.117222
38.2081 -0.284895 -0.0390839 0.04437 -0.0765947
39.6443 -0.284792 -0.0604485 0.0721835 -0.116079
41.0815 -0.85335 -0.0635183 0.0685678 -0.169481
42.5192 -0.851711 0.108132 -0.133118 -0.737332
41.0814 -0.284436 -0.0781519 0.0879803 -0.172774
42.5191 -0.283841 -0.0422974 0.00580425 -1.0575
43.9591 -1.9831 0.0264955 -0.0579265 -0.52759
45.3989 -1.97693 -0.317319 0.291193 -0.322559
43.9587 -1.41629 -0.00783761 -0.0319164 -0.848667
45.3985 -1.41195 -0.378801 0.349278 -0.437602
46.8392 -1.9695 -0.216487 0.197616 -0.0879508
48.2798 -1.96082 -0.0393161 0.0293115 -0.127004
46.8389 -1.40671 -0.268365 0.246345 -0.108264
48.2796 -1.40057 -0.0698413 0.0575511 -0.152415
43.9583 -0.849612 -0.120765 0.0780098 -1.27824
45.398 -0.847062 -0.487995 0.453651 -0.618659
43.9579 -0.283136 -0.386962 0.313178 -1.86242
45.3976 -0.282325 -0.661043 0.627658 -0.794711
46.8386 -0.843963 -0.318537 0.294224 -0.0717307
48.2795 -0.840322 -0.100092 0.0858921 -0.153285
46.8382 -0.281304 -0.380712 0.352194 -0.0419325
48.2794 -0.280099 -0.135154 0.118501 -0.132474
