38.2085 0.284993 -0.0403509 0.0532287 -0.0783734
39.6448 0.284983 -0.0711751 0.0861523 -0.132685
38.2093 0.85522 -0.032222 0.042369 -0.0734782
39.6459 0.854979 -0.109272 0.133665 -0.086464
41.0819 0.284741 -0.0960055 0.111027 -0.174951
42.5198 0.284341 -0.366164 0.364467 -1.31014
41.0831 0.854193 -0.189886 0.220097 -0.135692
42.5208 0.852854 -0.932491 1.0574 -2.00412
38.2102 1.42563 0.0224734 -0.0273487 -0.019473
39.647 1.42509 -0.274499 0.330455 -0.00105768
38.211 1.99616 0.27124 -0.363981 0.35562
39.6481 1.99526 -0.217621 0.291667 -0.601595
41.0842 1.42364 0.16632 -0.172255 -0.592536
42.5217 1.42128 -0.950855 1.09385 -2.00255
41.0853 1.99309 -0.159474 0.208119 -0.520017
42.5227 1.98964 -0.691054 0.786895 -0.717223
43.9578 0.283702 -0.89744 0.783329 -2.49451
45.3976 0.282798 -0.972481 0.924202 -0.899432
43.9586 0.850898 -1.40104 1.37224 -2.61945
45.398 0.848287 -1.55516 1.46963 -0.969141
46.8381 0.281723 -0.505299 0.466887 0.0397286
48.2793 0.280476 -0.156713 0.139141 -0.0942378
46.8383 0.84511 -0.820711 0.753429 0.11273
48.2793 0.841404 -0.146817 0.130968 -0.0828701
43.9596 1.418 -1.80836 1.82515 -2.24798
45.3983 1.41373 -2.11088 1.94496 -1.35556
43.9605 1.98494 -1.59701 1.72872 -1.60173
45.399 1.97902 -2.18694 2.06608 -1.89495
46.8385 1.40848 -1.11383 1.02228 -0.36784
48.2793 1.40231 -0.166417 0.151568 -0.175717
46.8386 1.97174 -1.05164 0.933435 -0.649956
48.2793 1.96313 -0.299548 0.274433 -0.485231
