
1 5.29455e+16
2 5.29455e+16
3 5.29454e+16
4 5.29454e+16
5 5.29454e+16
6 5.29452e+16
7 5.29452e+16
8 5.2945e+16
9 5.29445e+16
10 5.29444e+16
11 5.29421e+16
12 5.29395e+16
13 5.2932e+16
14 5.29243e+16
15 5.29064e+16
16 5.28897e+16
17 5.28575e+16
18 5.28249e+16
19 5.27608e+16
20 5.26908e+16
21 5.25559e+16
22 5.22736e+16
23 5.1845e+16
24 5.1497e+16
25 5.12872e+16
26 5.1005e+16
27 5.0948e+16
28 5.09172e+16
29 5.09166e+16
30 5.08907e+16
31 5.08869e+16
32 5.08025e+16
33 5.07894e+16
34 5.07893e+16
35 5.07892e+16
36 5.07855e+16
37 5.07854e+16
38 5.07782e+16
39 5.07625e+16
40 5.07606e+16
41 5.07604e+16
42 5.07558e+16
43 5.07461e+16
44 5.07217e+16
45 5.0593e+16
46 5.04431e+16
47 4.99571e+16
48 4.96944e+16
49 4.90535e+16
50 4.72543e+16
51 4.72543e+16
52 4.72543e+16
53 4.72543e+16
54 4.72543e+16
55 4.72542e+16
56 4.7254e+16
57 4.7254e+16
58 4.72532e+16
59 4.72517e+16
60 4.72503e+16
61 4.72433e+16
62 4.72388e+16
63 4.72362e+16
64 4.72291e+16
65 4.72234e+16
66 4.72232e+16
67 4.722e+16
68 4.72159e+16
69 4.7215e+16
70 4.7214e+16
71 4.72117e+16
72 4.71798e+16
73 4.71755e+16
74 4.7175e+16
75 4.71617e+16
76 4.71587e+16
77 4.71563e+16
78 4.71502e+16
79 4.71494e+16
80 4.71465e+16
81 4.70923e+16
82 4.70896e+16
83 4.70846e+16
84 4.70832e+16
85 4.70015e+16
86 4.69173e+16
87 4.69099e+16
88 4.6908e+16
89 4.69078e+16
90 4.69077e+16
91 4.69073e+16
92 4.69072e+16
93 4.69048e+16
94 4.69043e+16
95 4.67994e+16
96 4.67893e+16
97 4.67881e+16
98 4.67045e+16
99 4.67043e+16
100 4.62504e+16
101 4.62504e+16
102 4.62504e+16
103 4.62504e+16
104 4.62504e+16
105 4.62504e+16
106 4.62503e+16
107 4.62503e+16
108 4.62496e+16
109 4.62494e+16
110 4.62494e+16
111 4.62481e+16
112 4.62466e+16
113 4.62465e+16
114 4.62465e+16
115 4.62464e+16
116 4.62464e+16
117 4.62461e+16
118 4.62461e+16
119 4.62449e+16
120 4.62448e+16
121 4.62442e+16
122 4.62434e+16
123 4.62425e+16
124 4.62409e+16
125 4.62404e+16
126 4.62398e+16
127 4.62386e+16
128 4.62386e+16
129 4.62386e+16
130 4.62362e+16
131 4.62354e+16
132 4.62343e+16
133 4.62318e+16
134 4.62318e+16
135 4.62304e+16
136 4.62301e+16
137 4.62268e+16
138 4.62134e+16
139 4.6206e+16
140 4.6206e+16
141 4.61963e+16
142 4.61961e+16
143 4.61961e+16
144 4.61767e+16
145 4.61733e+16
146 4.6173e+16
147 4.61729e+16
148 4.61121e+16
149 4.60565e+16
150 4.60185e+16
151 4.60185e+16
152 4.60185e+16
153 4.60185e+16
154 4.60185e+16
155 4.60185e+16
156 4.60185e+16
157 4.60185e+16
158 4.6018e+16
159 4.60167e+16
160 4.6016e+16
161 4.60151e+16
162 4.60146e+16
163 4.60146e+16
164 4.60146e+16
165 4.60146e+16
166 4.60144e+16
167 4.60143e+16
168 4.60142e+16
169 4.60142e+16
170 4.60142e+16
171 4.60141e+16
172 4.60138e+16
173 4.60134e+16
174 4.60128e+16
175 4.60127e+16
176 4.60124e+16
177 4.60117e+16
178 4.60117e+16
179 4.60113e+16
180 4.60113e+16
181 4.60106e+16
182 4.60106e+16
183 4.60105e+16
184 4.60104e+16
185 4.60104e+16
186 4.60095e+16
187 4.60094e+16
188 4.60083e+16
189 4.60077e+16
190 4.60076e+16
191 4.60072e+16
192 4.59942e+16
193 4.59924e+16
194 4.59609e+16
195 4.59586e+16
196 4.59517e+16
197 4.59306e+16
198 4.59305e+16
199 4.59172e+16
200 4.5917e+16
201 4.5917e+16
202 4.5917e+16
203 4.5917e+16
204 4.5917e+16
205 4.5917e+16
206 4.5917e+16
207 4.5917e+16
208 4.5917e+16
209 4.5917e+16
210 4.5917e+16
211 4.5917e+16
212 4.59169e+16
213 4.59168e+16
214 4.59168e+16
215 4.59167e+16
216 4.59167e+16
217 4.59167e+16
218 4.59166e+16
219 4.59166e+16
220 4.59165e+16
221 4.59165e+16
222 4.59165e+16
223 4.59165e+16
224 4.59164e+16
225 4.59163e+16
226 4.59162e+16
227 4.59159e+16
228 4.59159e+16
229 4.59158e+16
230 4.59158e+16
231 4.59157e+16
232 4.59154e+16
233 4.59152e+16
234 4.59152e+16
235 4.59151e+16
236 4.59146e+16
237 4.59145e+16
238 4.59143e+16
239 4.59142e+16
240 4.59103e+16
241 4.59091e+16
242 4.58982e+16
243 4.58974e+16
244 4.58927e+16
245 4.58902e+16
246 4.58872e+16
247 4.5885e+16
248 4.58781e+16
249 4.58776e+16
250 4.58757e+16
251 4.58757e+16
252 4.58757e+16
253 4.58757e+16
254 4.58757e+16
255 4.58757e+16
256 4.58757e+16
257 4.58757e+16
258 4.58757e+16
259 4.58757e+16
260 4.58757e+16
261 4.58757e+16
262 4.58757e+16
263 4.58757e+16
264 4.58757e+16
265 4.58757e+16
266 4.58757e+16
267 4.58757e+16
268 4.58757e+16
269 4.58757e+16
270 4.58757e+16
271 4.58757e+16
272 4.58757e+16
273 4.58757e+16
274 4.58757e+16
275 4.58757e+16
276 4.58757e+16
277 4.58757e+16
278 4.58757e+16
279 4.58757e+16
280 4.5875e+16
281 4.58729e+16
282 4.58728e+16
283 4.58728e+16
284 4.58728e+16
285 4.58715e+16
286 4.58713e+16
287 4.58688e+16
288 4.58682e+16
289 4.58674e+16
290 4.58667e+16
291 4.58663e+16
292 4.58649e+16
293 4.58619e+16
294 4.58539e+16
295 4.58539e+16
296 4.58515e+16
297 4.58358e+16
298 4.58358e+16
299 4.58324e+16
300 4.58224e+16
301 4.58224e+16
302 4.58224e+16
303 4.58224e+16
304 4.58224e+16
305 4.58224e+16
306 4.58224e+16
307 4.58224e+16
308 4.58224e+16
309 4.58224e+16
310 4.58224e+16
311 4.58224e+16
312 4.58224e+16
313 4.58224e+16
314 4.58224e+16
315 4.58224e+16
316 4.58224e+16
317 4.58224e+16
318 4.58224e+16
319 4.58224e+16
320 4.58224e+16
321 4.58224e+16
322 4.58224e+16
323 4.58224e+16
324 4.58223e+16
325 4.58223e+16
326 4.58223e+16
327 4.58223e+16
328 4.58223e+16
329 4.58223e+16
330 4.58223e+16
331 4.58223e+16
332 4.58223e+16
333 4.58222e+16
334 4.58222e+16
335 4.58222e+16
336 4.58222e+16
337 4.58221e+16
338 4.58219e+16
339 4.58219e+16
340 4.58218e+16
341 4.58218e+16
342 4.58218e+16
343 4.58218e+16
344 4.58218e+16
345 4.58218e+16
346 4.58217e+16
347 4.58216e+16
348 4.58216e+16
349 4.58216e+16
350 4.58216e+16
351 4.58216e+16
352 4.58216e+16
353 4.58216e+16
354 4.58216e+16
355 4.58216e+16
356 4.58216e+16
357 4.58216e+16
358 4.58216e+16
359 4.58216e+16
360 4.58216e+16
361 4.58216e+16
362 4.58216e+16
363 4.58216e+16
364 4.58216e+16
365 4.58216e+16
366 4.58216e+16
367 4.58216e+16
368 4.58216e+16
369 4.58216e+16
370 4.58216e+16
371 4.58216e+16
372 4.58216e+16
373 4.58216e+16
374 4.58216e+16
375 4.58216e+16
376 4.58216e+16
377 4.58216e+16
378 4.58216e+16
379 4.58216e+16
380 4.58216e+16
381 4.58216e+16
382 4.58216e+16
383 4.58216e+16
384 4.58216e+16
385 4.58216e+16
386 4.58216e+16
387 4.58216e+16
388 4.58215e+16
389 4.58215e+16
390 4.58215e+16
391 4.58215e+16
392 4.58215e+16
393 4.58215e+16
394 4.58215e+16
395 4.58215e+16
396 4.58215e+16
397 4.58215e+16
398 4.58215e+16
399 4.58215e+16
400 4.58215e+16
401 4.58215e+16
402 4.58215e+16
403 4.58215e+16
404 4.58215e+16
405 4.58215e+16
406 4.58215e+16
407 4.58215e+16
408 4.58215e+16
409 4.58215e+16
410 4.58215e+16
411 4.58215e+16
412 4.58215e+16
413 4.58215e+16
414 4.58215e+16
415 4.58215e+16
416 4.58215e+16
417 4.58215e+16
418 4.58215e+16
419 4.58215e+16
420 4.58215e+16
421 4.58215e+16
422 4.58215e+16
423 4.58215e+16
424 4.58215e+16
425 4.58215e+16
426 4.58215e+16
427 4.58215e+16
428 4.58215e+16
429 4.58215e+16
430 4.58215e+16
431 4.58215e+16
432 4.58215e+16
433 4.58215e+16
434 4.58215e+16
435 4.58215e+16
436 4.58215e+16
437 4.58214e+16
438 4.58214e+16
439 4.58214e+16
440 4.58214e+16
441 4.58214e+16
442 4.58214e+16
443 4.58214e+16
444 4.58214e+16
445 4.58214e+16
446 4.58214e+16
447 4.58214e+16
448 4.58214e+16
449 4.58214e+16
450 4.58214e+16
451 4.58214e+16
452 4.58214e+16
453 4.58214e+16
454 4.58214e+16
455 4.58214e+16
456 4.58214e+16
457 4.58214e+16
458 4.58214e+16
459 4.58214e+16
460 4.58214e+16
461 4.58214e+16
462 4.58214e+16
463 4.58214e+16
464 4.58214e+16
465 4.58214e+16
466 4.58214e+16
467 4.58214e+16
468 4.58214e+16
469 4.58214e+16
470 4.58214e+16
471 4.58214e+16
472 4.58214e+16
473 4.58214e+16
474 4.58214e+16
475 4.58214e+16
476 4.58214e+16
477 4.58214e+16
478 4.58214e+16
479 4.58214e+16
480 4.58214e+16
481 4.58214e+16
482 4.58214e+16
483 4.58214e+16
484 4.58214e+16
485 4.58214e+16
486 4.58214e+16
487 4.58214e+16
488 4.58214e+16
489 4.58214e+16
490 4.58214e+16
491 4.58214e+16
492 4.58214e+16
493 4.58214e+16
494 4.58214e+16
495 4.58214e+16
496 4.58214e+16
497 4.58214e+16
498 4.58214e+16
499 4.58214e+16
500 4.58214e+16
501 4.58214e+16
502 4.58214e+16
503 4.58214e+16
504 4.58214e+16
505 4.58214e+16
506 4.58214e+16
507 4.58214e+16
508 4.58214e+16
509 4.58214e+16
510 4.58214e+16
511 4.58214e+16
512 4.58214e+16
513 4.58214e+16
514 4.58214e+16
515 4.58214e+16
516 4.58214e+16
517 4.58214e+16
518 4.58214e+16
519 4.58214e+16
520 4.58214e+16
521 4.58214e+16
522 4.58214e+16
523 4.58214e+16
524 4.58214e+16
525 4.58214e+16
526 4.58214e+16
527 4.58214e+16
528 4.58214e+16
529 4.58214e+16
530 4.58214e+16
531 4.58214e+16
532 4.58214e+16
533 4.58214e+16
534 4.58214e+16
535 4.58214e+16
536 4.58214e+16
537 4.58214e+16
538 4.58214e+16
539 4.58214e+16
540 4.58214e+16
541 4.58214e+16
542 4.58214e+16
543 4.58214e+16
544 4.58214e+16
545 4.58214e+16
546 4.58214e+16
547 4.58214e+16
548 4.58214e+16
549 4.58214e+16
550 4.58214e+16
551 4.58214e+16
552 4.58214e+16
553 4.58214e+16
554 4.58214e+16
555 4.58214e+16
556 4.58214e+16
557 4.58214e+16
558 4.58214e+16
559 4.58214e+16
560 4.58214e+16
561 4.58214e+16
562 4.58214e+16
563 4.58214e+16
564 4.58214e+16
565 4.58214e+16
566 4.58214e+16
567 4.58214e+16
568 4.58214e+16
569 4.58214e+16
570 4.58214e+16
571 4.58214e+16
572 4.58214e+16
573 4.58214e+16
574 4.58214e+16
575 4.58214e+16
576 4.58214e+16
577 4.58214e+16
578 4.58214e+16
579 4.58214e+16
580 4.58214e+16
581 4.58214e+16
582 4.58214e+16
583 4.58214e+16
584 4.58214e+16
585 4.58214e+16
586 4.58214e+16
587 4.58214e+16
588 4.58214e+16
589 4.58214e+16
590 4.58214e+16
591 4.58214e+16
592 4.58214e+16
593 4.58214e+16
594 4.58214e+16
595 4.58214e+16
596 4.58214e+16
597 4.58214e+16
598 4.58214e+16
599 4.58214e+16
600 4.58214e+16
601 4.58214e+16
602 4.58214e+16
603 4.58214e+16
604 4.58214e+16
605 4.58214e+16
606 4.58214e+16
607 4.58214e+16
608 4.58214e+16
609 4.58214e+16
610 4.58214e+16
611 4.58214e+16
612 4.58214e+16
613 4.58214e+16
614 4.58214e+16
615 4.58214e+16
616 4.58214e+16
617 4.58214e+16
618 4.58214e+16
619 4.58214e+16
620 4.58214e+16
621 4.58214e+16
622 4.58214e+16
623 4.58214e+16
624 4.58214e+16
625 4.58214e+16
626 4.58214e+16
627 4.58214e+16
628 4.58214e+16
629 4.58214e+16
630 4.58214e+16
631 4.58214e+16
632 4.58214e+16
633 4.58214e+16
634 4.58214e+16
635 4.58214e+16
636 4.58214e+16
637 4.58214e+16
638 4.58214e+16
639 4.58214e+16
640 4.58214e+16
641 4.58214e+16
642 4.58214e+16
643 4.58214e+16
644 4.58214e+16
645 4.58214e+16
646 4.58214e+16
647 4.58214e+16
648 4.58214e+16
649 4.58214e+16
650 4.58214e+16
651 4.58214e+16
652 4.58214e+16
653 4.58214e+16
654 4.58214e+16
655 4.58214e+16
656 4.58214e+16
657 4.58214e+16
658 4.58214e+16
659 4.58214e+16
660 4.58214e+16
661 4.58214e+16
662 4.58214e+16
663 4.58214e+16
664 4.58214e+16
665 4.58214e+16
666 4.58214e+16
667 4.58214e+16
668 4.58214e+16
669 4.58214e+16
670 4.58214e+16
671 4.58214e+16
672 4.58214e+16
673 4.58214e+16
674 4.58214e+16
675 4.58214e+16
676 4.58214e+16
677 4.58214e+16
678 4.58214e+16
679 4.58214e+16
680 4.58214e+16
681 4.58214e+16
682 4.58214e+16
683 4.58214e+16
684 4.58214e+16
685 4.58214e+16
686 4.58214e+16
687 4.58214e+16
688 4.58214e+16
689 4.58214e+16
690 4.58214e+16
691 4.58214e+16
692 4.58214e+16
693 4.58214e+16
694 4.58214e+16
695 4.58214e+16
696 4.58214e+16
697 4.58214e+16
698 4.58214e+16
699 4.58214e+16
700 4.58214e+16
701 4.58214e+16
702 4.58214e+16
703 4.58214e+16
704 4.58214e+16
705 4.58214e+16
706 4.58214e+16
707 4.58214e+16
708 4.58214e+16
709 4.58214e+16
710 4.58214e+16
711 4.58214e+16
712 4.58214e+16
713 4.58214e+16
714 4.58214e+16
715 4.58214e+16
716 4.58214e+16
717 4.58214e+16
718 4.58214e+16
719 4.58214e+16
720 4.58214e+16
721 4.58214e+16
722 4.58214e+16
723 4.58214e+16
724 4.58214e+16
725 4.58214e+16
726 4.58214e+16
727 4.58214e+16
728 4.58214e+16
729 4.58214e+16
730 4.58214e+16
731 4.58214e+16
732 4.58214e+16
733 4.58214e+16
734 4.58214e+16
735 4.58214e+16
736 4.58214e+16
737 4.58214e+16
738 4.58214e+16
739 4.58214e+16
740 4.58214e+16
741 4.58214e+16
742 4.58214e+16
743 4.58214e+16
744 4.58214e+16
745 4.58214e+16
746 4.58214e+16
747 4.58214e+16
748 4.58214e+16
749 4.58214e+16
750 4.58214e+16
751 4.58214e+16
752 4.58214e+16
753 4.58214e+16
754 4.58214e+16
755 4.58214e+16
756 4.58214e+16
757 4.58214e+16
758 4.58214e+16
759 4.58214e+16
760 4.58214e+16
761 4.58214e+16
762 4.58214e+16
763 4.58214e+16
764 4.58214e+16
765 4.58214e+16
766 4.58214e+16
767 4.58214e+16
768 4.58214e+16
769 4.58214e+16
770 4.58214e+16
771 4.58214e+16
772 4.58214e+16
773 4.58214e+16
774 4.58214e+16
775 4.58214e+16
776 4.58214e+16
777 4.58214e+16
778 4.58214e+16
779 4.58214e+16
780 4.58214e+16
781 4.58214e+16
782 4.58214e+16
783 4.58214e+16
784 4.58214e+16
785 4.58214e+16
786 4.58214e+16
787 4.58214e+16
788 4.58214e+16
789 4.58214e+16
790 4.58214e+16
791 4.58214e+16
792 4.58214e+16
793 4.58214e+16
794 4.58214e+16
795 4.58214e+16
796 4.58214e+16
797 4.58214e+16
798 4.58214e+16
799 4.58214e+16
800 4.58214e+16
801 4.58214e+16
802 4.58214e+16
803 4.58214e+16
804 4.58214e+16
805 4.58214e+16
806 4.58214e+16
807 4.58214e+16
808 4.58214e+16
809 4.58214e+16
810 4.58214e+16
811 4.58214e+16
812 4.58214e+16
813 4.58214e+16
814 4.58214e+16
815 4.58214e+16
816 4.58214e+16
817 4.58214e+16
818 4.58214e+16
819 4.58214e+16
820 4.58214e+16
821 4.58214e+16
822 4.58214e+16
823 4.58214e+16
824 4.58214e+16
825 4.58214e+16
826 4.58214e+16
827 4.58214e+16
828 4.58214e+16
829 4.58214e+16
830 4.58214e+16
831 4.58214e+16
832 4.58214e+16
833 4.58214e+16
834 4.58214e+16
835 4.58214e+16
836 4.58214e+16
837 4.58214e+16
838 4.58214e+16
839 4.58214e+16
840 4.58214e+16
841 4.58214e+16
842 4.58214e+16
843 4.58214e+16
844 4.58214e+16
845 4.58214e+16
846 4.58214e+16
847 4.58214e+16
848 4.58214e+16
849 4.58214e+16
850 4.58214e+16
851 4.58214e+16
852 4.58214e+16
853 4.58214e+16
854 4.58214e+16
855 4.58214e+16
856 4.58214e+16
857 4.58214e+16
858 4.58214e+16
859 4.58214e+16
860 4.58214e+16
861 4.58214e+16
862 4.58214e+16
863 4.58214e+16
864 4.58214e+16
865 4.58214e+16
866 4.58214e+16
867 4.58214e+16
868 4.58214e+16
869 4.58214e+16
870 4.58214e+16
871 4.58214e+16
872 4.58214e+16
873 4.58214e+16
874 4.58214e+16
875 4.58214e+16
876 4.58214e+16
877 4.58214e+16
878 4.58214e+16
879 4.58214e+16
880 4.58214e+16
881 4.58214e+16
882 4.58214e+16
883 4.58214e+16
884 4.58214e+16
885 4.58214e+16
886 4.58214e+16
887 4.58214e+16
888 4.58214e+16
889 4.58214e+16
890 4.58214e+16
891 4.58214e+16
892 4.58214e+16
893 4.58214e+16
894 4.58214e+16
895 4.58214e+16
896 4.58214e+16
897 4.58214e+16
898 4.58214e+16
899 4.58214e+16
900 4.58214e+16
901 4.58214e+16
902 4.58214e+16
903 4.58214e+16
904 4.58214e+16
905 4.58214e+16
906 4.58214e+16
907 4.58214e+16
908 4.58214e+16
909 4.58214e+16
910 4.58214e+16
911 4.58214e+16
912 4.58214e+16
913 4.58214e+16
914 4.58214e+16
915 4.58214e+16
916 4.58214e+16
917 4.58214e+16
918 4.58214e+16
919 4.58214e+16
920 4.58214e+16
921 4.58214e+16
922 4.58214e+16
923 4.58214e+16
924 4.58214e+16
925 4.58214e+16
926 4.58214e+16
927 4.58214e+16
928 4.58214e+16
929 4.58214e+16
930 4.58214e+16
931 4.58214e+16
932 4.58214e+16
933 4.58214e+16
934 4.58214e+16
935 4.58214e+16
936 4.58214e+16
937 4.58214e+16
938 4.58214e+16
939 4.58214e+16
940 4.58214e+16
941 4.58214e+16
942 4.58214e+16
943 4.58214e+16
944 4.58214e+16
945 4.58214e+16
946 4.58214e+16
947 4.58214e+16
948 4.58214e+16
949 4.58214e+16
950 4.58214e+16
951 4.58214e+16
952 4.58214e+16
953 4.58214e+16
954 4.58214e+16
955 4.58214e+16
956 4.58214e+16
957 4.58214e+16
958 4.58214e+16
959 4.58214e+16
960 4.58214e+16
961 4.58214e+16
962 4.58214e+16
963 4.58214e+16
964 4.58214e+16
965 4.58214e+16
966 4.58214e+16
967 4.58214e+16
968 4.58214e+16
969 4.58214e+16
970 4.58214e+16
971 4.58214e+16
972 4.58214e+16
973 4.58214e+16
974 4.58214e+16
975 4.58214e+16
976 4.58214e+16
977 4.58214e+16
978 4.58214e+16
979 4.58214e+16
980 4.58214e+16
981 4.58214e+16
982 4.58214e+16
983 4.58214e+16
984 4.58214e+16
985 4.58214e+16
986 4.58214e+16
987 4.58214e+16
988 4.58214e+16
989 4.58214e+16
990 4.58214e+16
991 4.58214e+16
992 4.58214e+16
993 4.58214e+16
994 4.58214e+16
995 4.58214e+16
996 4.58214e+16
997 4.58214e+16
998 4.58214e+16
999 4.58214e+16
1000 4.58214e+16
1001 4.58214e+16
1002 4.58214e+16
1003 4.58214e+16
1004 4.58214e+16
1005 4.58214e+16
1006 4.58214e+16
1007 4.58214e+16
1008 4.58214e+16
1009 4.58214e+16
1010 4.58214e+16
1011 4.58214e+16
1012 4.58214e+16
1013 4.58214e+16
1014 4.58214e+16
1015 4.58214e+16
1016 4.58214e+16
1017 4.58214e+16
1018 4.58214e+16
1019 4.58214e+16
1020 4.58214e+16
1021 4.58214e+16
1022 4.58214e+16
1023 4.58214e+16
1024 4.58214e+16
1025 4.58214e+16
1026 4.58214e+16
1027 4.58214e+16
1028 4.58214e+16
1029 4.58214e+16
1030 4.58214e+16
1031 4.58214e+16
1032 4.58214e+16
1033 4.58214e+16
1034 4.58214e+16
1035 4.58214e+16
1036 4.58214e+16
1037 4.58214e+16
1038 4.58214e+16
1039 4.58214e+16
1040 4.58214e+16
1041 4.58214e+16
1042 4.58214e+16
1043 4.58214e+16
1044 4.58214e+16
1045 4.58214e+16
1046 4.58214e+16
1047 4.58214e+16
1048 4.58214e+16
1049 4.58214e+16
1050 4.58214e+16
1051 4.58214e+16
1052 4.58214e+16
1053 4.58214e+16
1054 4.58214e+16
1055 4.58214e+16
1056 4.58214e+16
1057 4.58214e+16
1058 4.58214e+16
1059 4.58214e+16
1060 4.58214e+16
1061 4.58214e+16
1062 4.58214e+16
1063 4.58214e+16
1064 4.58214e+16
1065 4.58214e+16
1066 4.58214e+16
1067 4.58214e+16
1068 4.58214e+16
1069 4.58214e+16
1070 4.58214e+16
1071 4.58214e+16
1072 4.58214e+16
1073 4.58214e+16
1074 4.58214e+16
1075 4.58214e+16
1076 4.58214e+16
1077 4.58214e+16
1078 4.58214e+16
1079 4.58214e+16
1080 4.58214e+16
1081 4.58214e+16
1082 4.58214e+16
1083 4.58214e+16
1084 4.58214e+16
1085 4.58214e+16
1086 4.58214e+16
1087 4.58214e+16
1088 4.58214e+16
1089 4.58214e+16
1090 4.58214e+16
1091 4.58214e+16
1092 4.58214e+16
1093 4.58214e+16
1094 4.58214e+16
1095 4.58214e+16
1096 4.58214e+16
1097 4.58214e+16
1098 4.58214e+16
1099 4.58214e+16
1100 4.58214e+16
1101 4.58214e+16
1102 4.58214e+16
1103 4.58214e+16
1104 4.58214e+16
1105 4.58214e+16
1106 4.58214e+16
1107 4.58214e+16
1108 4.58214e+16
1109 4.58214e+16
1110 4.58214e+16
1111 4.58214e+16
1112 4.58214e+16
1113 4.58214e+16
1114 4.58214e+16
1115 4.58214e+16
1116 4.58214e+16
1117 4.58214e+16
1118 4.58214e+16
1119 4.58214e+16
1120 4.58214e+16
1121 4.58214e+16
1122 4.58214e+16
1123 4.58214e+16
1124 4.58214e+16
1125 4.58214e+16
1126 4.58214e+16
1127 4.58214e+16
1128 4.58214e+16
1129 4.58214e+16
1130 4.58214e+16
1131 4.58214e+16
1132 4.58214e+16
1133 4.58214e+16
1134 4.58214e+16
1135 4.58214e+16
1136 4.58214e+16
1137 4.58214e+16
1138 4.58214e+16
1139 4.58214e+16
1140 4.58214e+16
1141 4.58214e+16
1142 4.58214e+16
1143 4.58214e+16
1144 4.58214e+16
1145 4.58214e+16
1146 4.58214e+16
1147 4.58214e+16
1148 4.58214e+16
1149 4.58214e+16
1150 4.58214e+16
1151 4.58214e+16
1152 4.58214e+16
1153 4.58214e+16
1154 4.58214e+16
1155 4.58214e+16
1156 4.58214e+16
1157 4.58214e+16
1158 4.58214e+16
1159 4.58214e+16
1160 4.58214e+16
1161 4.58214e+16
1162 4.58214e+16
1163 4.58214e+16
1164 4.58214e+16
1165 4.58214e+16
1166 4.58214e+16
1167 4.58214e+16
1168 4.58214e+16
1169 4.58214e+16
1170 4.58214e+16
1171 4.58214e+16
1172 4.58214e+16
1173 4.58214e+16
1174 4.58214e+16
1175 4.58214e+16
1176 4.58214e+16
1177 4.58214e+16
1178 4.58214e+16
1179 4.58214e+16
1180 4.58214e+16
1181 4.58214e+16
1182 4.58214e+16
1183 4.58214e+16
1184 4.58214e+16
1185 4.58214e+16
1186 4.58214e+16
1187 4.58214e+16
1188 4.58214e+16
1189 4.58214e+16
1190 4.58214e+16
1191 4.58214e+16
1192 4.58214e+16
1193 4.58214e+16
1194 4.58214e+16
1195 4.58214e+16
1196 4.58214e+16
1197 4.58214e+16
1198 4.58214e+16
1199 4.58214e+16
1200 4.58214e+16
1201 4.58214e+16
1202 4.58214e+16
1203 4.58214e+16
1204 4.58214e+16
1205 4.58214e+16
1206 4.58214e+16
1207 4.58214e+16
1208 4.58214e+16
1209 4.58214e+16
1210 4.58214e+16
1211 4.58214e+16
1212 4.58214e+16
1213 4.58214e+16
1214 4.58214e+16
1215 4.58214e+16
1216 4.58214e+16
1217 4.58214e+16
1218 4.58214e+16
1219 4.58214e+16
1220 4.58214e+16
1221 4.58214e+16
1222 4.58214e+16
1223 4.58214e+16
1224 4.58214e+16
1225 4.58214e+16
1226 4.58214e+16
1227 4.58214e+16
1228 4.58214e+16
1229 4.58214e+16
1230 4.58214e+16
1231 4.58214e+16
1232 4.58214e+16
1233 4.58214e+16
1234 4.58214e+16
1235 4.58214e+16
1236 4.58214e+16
1237 4.58214e+16
1238 4.58214e+16
1239 4.58214e+16
1240 4.58214e+16
1241 4.58214e+16
1242 4.58214e+16
1243 4.58214e+16
1244 4.58214e+16
1245 4.58214e+16
1246 4.58214e+16
1247 4.58214e+16
1248 4.58214e+16
1249 4.58214e+16
1250 4.58214e+16
1251 4.58214e+16
1252 4.58214e+16
1253 4.58214e+16
1254 4.58214e+16
1255 4.58214e+16
1256 4.58214e+16
1257 4.58214e+16
1258 4.58214e+16
1259 4.58214e+16
1260 4.58214e+16
1261 4.58214e+16
1262 4.58214e+16
1263 4.58214e+16
1264 4.58214e+16
1265 4.58214e+16
1266 4.58214e+16
1267 4.58214e+16
1268 4.58214e+16
1269 4.58214e+16
1270 4.58214e+16
1271 4.58214e+16
1272 4.58214e+16
1273 4.58214e+16
1274 4.58214e+16
1275 4.58214e+16
1276 4.58214e+16
1277 4.58214e+16
1278 4.58214e+16
1279 4.58214e+16
1280 4.58214e+16
1281 4.58214e+16
1282 4.58214e+16
1283 4.58214e+16
1284 4.58214e+16
1285 4.58214e+16
1286 4.58214e+16
1287 4.58214e+16
1288 4.58214e+16
1289 4.58214e+16
1290 4.58214e+16
1291 4.58214e+16
1292 4.58214e+16
1293 4.58214e+16
1294 4.58214e+16
1295 4.58214e+16
1296 4.58214e+16
1297 4.58214e+16
1298 4.58214e+16
1299 4.58214e+16
1300 4.58214e+16
1301 4.58214e+16
1302 4.58214e+16
1303 4.58214e+16
1304 4.58214e+16
1305 4.58214e+16
1306 4.58214e+16
1307 4.58214e+16
1308 4.58214e+16
1309 4.58214e+16
1310 4.58214e+16
1311 4.58214e+16
1312 4.58214e+16
1313 4.58214e+16
1314 4.58214e+16
1315 4.58214e+16
1316 4.58214e+16
1317 4.58214e+16
1318 4.58214e+16
1319 4.58214e+16
1320 4.58214e+16
1321 4.58214e+16
1322 4.58214e+16
1323 4.58214e+16
1324 4.58214e+16
1325 4.58214e+16
1326 4.58214e+16
1327 4.58214e+16
1328 4.58214e+16
1329 4.58214e+16
1330 4.58214e+16
1331 4.58214e+16
1332 4.58214e+16
1333 4.58214e+16
1334 4.58214e+16
1335 4.58214e+16
1336 4.58214e+16
1337 4.58214e+16
1338 4.58214e+16
1339 4.58214e+16
1340 4.58214e+16
1341 4.58214e+16
1342 4.58214e+16
1343 4.58214e+16
1344 4.58214e+16
1345 4.58214e+16
1346 4.58214e+16
1347 4.58214e+16
1348 4.58214e+16
1349 4.58214e+16
1350 4.58214e+16
1351 4.58214e+16
1352 4.58214e+16
1353 4.58214e+16
1354 4.58214e+16
1355 4.58214e+16
1356 4.58214e+16
1357 4.58214e+16
1358 4.58214e+16
1359 4.58214e+16
1360 4.58214e+16
1361 4.58214e+16
1362 4.58214e+16
1363 4.58214e+16
1364 4.58214e+16
1365 4.58214e+16
1366 4.58214e+16
1367 4.58214e+16
1368 4.58214e+16
1369 4.58214e+16
1370 4.58214e+16
1371 4.58214e+16
1372 4.58214e+16
1373 4.58214e+16
1374 4.58214e+16
1375 4.58214e+16
1376 4.58214e+16
1377 4.58214e+16
1378 4.58214e+16
1379 4.58214e+16
1380 4.58214e+16
1381 4.58214e+16
1382 4.58214e+16
1383 4.58214e+16
1384 4.58214e+16
1385 4.58214e+16
1386 4.58214e+16
1387 4.58214e+16
1388 4.58214e+16
1389 4.58214e+16
1390 4.58214e+16
1391 4.58214e+16
1392 4.58214e+16
1393 4.58214e+16
1394 4.58214e+16
1395 4.58214e+16
1396 4.58214e+16
1397 4.58214e+16
1398 4.58214e+16
1399 4.58214e+16
1400 4.58214e+16
1401 4.58214e+16
1402 4.58214e+16
1403 4.58214e+16
1404 4.58214e+16
1405 4.58214e+16
1406 4.58214e+16
1407 4.58214e+16
1408 4.58214e+16
1409 4.58214e+16
1410 4.58214e+16
1411 4.58214e+16
1412 4.58214e+16
1413 4.58214e+16
1414 4.58214e+16
1415 4.58214e+16
1416 4.58214e+16
1417 4.58214e+16
1418 4.58214e+16
1419 4.58214e+16
1420 4.58214e+16
1421 4.58214e+16
1422 4.58214e+16
1423 4.58214e+16
1424 4.58214e+16
1425 4.58214e+16
1426 4.58214e+16
1427 4.58214e+16
1428 4.58214e+16
1429 4.58214e+16
1430 4.58214e+16
1431 4.58214e+16
1432 4.58214e+16
1433 4.58214e+16
1434 4.58214e+16
1435 4.58214e+16
1436 4.58214e+16
1437 4.58214e+16
1438 4.58214e+16
1439 4.58214e+16
1440 4.58214e+16
1441 4.58214e+16
1442 4.58214e+16
1443 4.58214e+16
1444 4.58214e+16
1445 4.58214e+16
1446 4.58214e+16
1447 4.58214e+16
1448 4.58214e+16
1449 4.58214e+16
1450 4.58214e+16
1451 4.58214e+16
1452 4.58214e+16
1453 4.58214e+16
1454 4.58214e+16
1455 4.58214e+16
1456 4.58214e+16
1457 4.58214e+16
1458 4.58214e+16
1459 4.58214e+16
1460 4.58214e+16
1461 4.58214e+16
1462 4.58214e+16
1463 4.58214e+16
1464 4.58214e+16
1465 4.58214e+16
1466 4.58214e+16
1467 4.58214e+16
1468 4.58214e+16
1469 4.58214e+16
1470 4.58214e+16
1471 4.58214e+16
1472 4.58214e+16
1473 4.58214e+16
1474 4.58214e+16
1475 4.58214e+16
1476 4.58214e+16
1477 4.58214e+16
1478 4.58214e+16
1479 4.58214e+16
1480 4.58214e+16
1481 4.58214e+16
1482 4.58214e+16
1483 4.58214e+16
1484 4.58214e+16
1485 4.58214e+16
1486 4.58214e+16
1487 4.58214e+16
1488 4.58214e+16
1489 4.58214e+16
1490 4.58214e+16
1491 4.58214e+16
1492 4.58214e+16
1493 4.58214e+16
1494 4.58214e+16
1495 4.58214e+16
1496 4.58214e+16
1497 4.58214e+16
1498 4.58214e+16
1499 4.58214e+16
1500 4.58214e+16
1501 4.58214e+16
1502 4.58214e+16
1503 4.58214e+16
1504 4.58214e+16
1505 4.58214e+16
1506 4.58214e+16
1507 4.58214e+16
1508 4.58214e+16
1509 4.58214e+16
1510 4.58214e+16
1511 4.58214e+16
1512 4.58214e+16
1513 4.58214e+16
1514 4.58214e+16
1515 4.58214e+16
1516 4.58214e+16
1517 4.58214e+16
1518 4.58214e+16
1519 4.58214e+16
1520 4.58214e+16
1521 4.58214e+16
1522 4.58214e+16
1523 4.58214e+16
1524 4.58214e+16
1525 4.58214e+16
1526 4.58214e+16
1527 4.58214e+16
1528 4.58214e+16
1529 4.58214e+16
1530 4.58214e+16
1531 4.58214e+16
1532 4.58214e+16
1533 4.58214e+16
1534 4.58214e+16
1535 4.58214e+16
1536 4.58214e+16
1537 4.58214e+16
1538 4.58214e+16
1539 4.58214e+16
1540 4.58214e+16
1541 4.58214e+16
1542 4.58214e+16
1543 4.58214e+16
1544 4.58214e+16
1545 4.58214e+16
1546 4.58214e+16
1547 4.58214e+16
1548 4.58214e+16
1549 4.58214e+16
1550 4.58214e+16
1551 4.58214e+16
1552 4.58214e+16
1553 4.58214e+16
1554 4.58214e+16
1555 4.58214e+16
1556 4.58214e+16
1557 4.58214e+16
1558 4.58214e+16
1559 4.58214e+16
1560 4.58214e+16
1561 4.58214e+16
1562 4.58214e+16
1563 4.58214e+16
1564 4.58214e+16
1565 4.58214e+16
1566 4.58214e+16
1567 4.58214e+16
1568 4.58214e+16
1569 4.58214e+16
1570 4.58214e+16
1571 4.58214e+16
1572 4.58214e+16
1573 4.58214e+16
1574 4.58214e+16
1575 4.58214e+16
1576 4.58214e+16
1577 4.58214e+16
1578 4.58214e+16
1579 4.58214e+16
1580 4.58214e+16
1581 4.58214e+16
1582 4.58214e+16
1583 4.58214e+16
1584 4.58214e+16
1585 4.58214e+16
1586 4.58214e+16
1587 4.58214e+16
1588 4.58214e+16
1589 4.58214e+16
1590 4.58214e+16
1591 4.58214e+16
1592 4.58214e+16
1593 4.58214e+16
1594 4.58214e+16
1595 4.58214e+16
1596 4.58214e+16
1597 4.58214e+16
1598 4.58214e+16
1599 4.58214e+16
1600 4.58214e+16
1601 4.58214e+16
1602 4.58214e+16
1603 4.58214e+16
1604 4.58214e+16
1605 4.58214e+16
1606 4.58214e+16
1607 4.58214e+16
1608 4.58214e+16
1609 4.58214e+16
1610 4.58214e+16
1611 4.58214e+16
1612 4.58214e+16
1613 4.58214e+16
1614 4.58214e+16
1615 4.58214e+16
1616 4.58214e+16
1617 4.58214e+16
1618 4.58214e+16
1619 4.58214e+16
1620 4.58214e+16
1621 4.58214e+16
1622 4.58214e+16
1623 4.58214e+16
1624 4.58214e+16
1625 4.58214e+16
1626 4.58214e+16
1627 4.58214e+16
1628 4.58214e+16
1629 4.58214e+16
1630 4.58214e+16
1631 4.58214e+16
1632 4.58214e+16
1633 4.58214e+16
1634 4.58214e+16
1635 4.58214e+16
1636 4.58214e+16
1637 4.58214e+16
1638 4.58214e+16
1639 4.58214e+16
1640 4.58214e+16
1641 4.58214e+16
1642 4.58214e+16
1643 4.58214e+16
1644 4.58214e+16
1645 4.58214e+16
1646 4.58214e+16
1647 4.58214e+16
1648 4.58214e+16
1649 4.58214e+16
1650 4.58214e+16
1651 4.58214e+16
1652 4.58214e+16
1653 4.58214e+16
1654 4.58214e+16
1655 4.58214e+16
1656 4.58214e+16
1657 4.58214e+16
1658 4.58214e+16
1659 4.58214e+16
1660 4.58214e+16
1661 4.58214e+16
1662 4.58214e+16
1663 4.58214e+16
1664 4.58214e+16
1665 4.58214e+16
1666 4.58214e+16
1667 4.58214e+16
1668 4.58214e+16
1669 4.58214e+16
1670 4.58214e+16
1671 4.58214e+16
1672 4.58214e+16
1673 4.58214e+16
1674 4.58214e+16
1675 4.58214e+16
1676 4.58214e+16
1677 4.58214e+16
1678 4.58214e+16
1679 4.58214e+16
1680 4.58214e+16
1681 4.58214e+16
1682 4.58214e+16
1683 4.58214e+16
1684 4.58214e+16
1685 4.58214e+16
1686 4.58214e+16
1687 4.58214e+16
1688 4.58214e+16
1689 4.58214e+16
1690 4.58214e+16
1691 4.58214e+16
1692 4.58214e+16
1693 4.58214e+16
1694 4.58214e+16
1695 4.58214e+16
1696 4.58214e+16
1697 4.58214e+16
1698 4.58214e+16
1699 4.58214e+16
1700 4.58214e+16
1701 4.58214e+16
1702 4.58214e+16
1703 4.58214e+16
1704 4.58214e+16
1705 4.58214e+16
1706 4.58214e+16
1707 4.58214e+16
1708 4.58214e+16
1709 4.58214e+16
1710 4.58214e+16
1711 4.58214e+16
1712 4.58214e+16
1713 4.58214e+16
1714 4.58214e+16
1715 4.58214e+16
1716 4.58214e+16
1717 4.58214e+16
1718 4.58214e+16
1719 4.58214e+16
1720 4.58214e+16
1721 4.58214e+16
1722 4.58214e+16
1723 4.58214e+16
1724 4.58214e+16
1725 4.58214e+16
1726 4.58214e+16
1727 4.58214e+16
1728 4.58214e+16
1729 4.58214e+16
1730 4.58214e+16
1731 4.58214e+16
1732 4.58214e+16
1733 4.58214e+16
1734 4.58214e+16
1735 4.58214e+16
1736 4.58214e+16
1737 4.58214e+16
1738 4.58214e+16
1739 4.58214e+16
1740 4.58214e+16
1741 4.58214e+16
1742 4.58214e+16
1743 4.58214e+16
1744 4.58214e+16
1745 4.58214e+16
1746 4.58214e+16
1747 4.58214e+16
1748 4.58214e+16
1749 4.58214e+16
1750 4.58214e+16
1751 4.58214e+16
1752 4.58214e+16
1753 4.58214e+16
1754 4.58214e+16
1755 4.58214e+16
1756 4.58214e+16
1757 4.58214e+16
1758 4.58214e+16
1759 4.58214e+16
1760 4.58214e+16
1761 4.58214e+16
1762 4.58214e+16
1763 4.58214e+16
1764 4.58214e+16
1765 4.58214e+16
1766 4.58214e+16
1767 4.58214e+16
1768 4.58214e+16
1769 4.58214e+16
1770 4.58214e+16
1771 4.58214e+16
1772 4.58214e+16
1773 4.58214e+16
1774 4.58214e+16
1775 4.58214e+16
1776 4.58214e+16
1777 4.58214e+16
1778 4.58214e+16
1779 4.58214e+16
1780 4.58214e+16
1781 4.58214e+16
1782 4.58214e+16
1783 4.58214e+16
1784 4.58214e+16
1785 4.58214e+16
1786 4.58214e+16
1787 4.58214e+16
1788 4.58214e+16
1789 4.58214e+16
1790 4.58214e+16
1791 4.58214e+16
1792 4.58214e+16
1793 4.58214e+16
1794 4.58214e+16
1795 4.58214e+16
1796 4.58214e+16
1797 4.58214e+16
1798 4.58214e+16
1799 4.58214e+16
1800 4.58214e+16
1801 4.58214e+16
1802 4.58214e+16
1803 4.58214e+16
1804 4.58214e+16
1805 4.58214e+16
1806 4.58214e+16
1807 4.58214e+16
1808 4.58214e+16
1809 4.58214e+16
1810 4.58214e+16
1811 4.58214e+16
1812 4.58214e+16
1813 4.58214e+16
1814 4.58214e+16
1815 4.58214e+16
1816 4.58214e+16
1817 4.58214e+16
1818 4.58214e+16
1819 4.58214e+16
1820 4.58214e+16
1821 4.58214e+16
1822 4.58214e+16
1823 4.58214e+16
1824 4.58214e+16
1825 4.58214e+16
1826 4.58214e+16
1827 4.58214e+16
1828 4.58214e+16
1829 4.58214e+16
1830 4.58214e+16
1831 4.58214e+16
1832 4.58214e+16
1833 4.58214e+16
1834 4.58214e+16
1835 4.58214e+16
1836 4.58214e+16
1837 4.58214e+16
1838 4.58214e+16
1839 4.58214e+16
1840 4.58214e+16
1841 4.58214e+16
1842 4.58214e+16
1843 4.58214e+16
1844 4.58214e+16
1845 4.58214e+16
1846 4.58214e+16
1847 4.58214e+16
1848 4.58214e+16
1849 4.58214e+16
1850 4.58214e+16
1851 4.58214e+16
1852 4.58214e+16
1853 4.58214e+16
1854 4.58214e+16
1855 4.58214e+16
1856 4.58214e+16
1857 4.58214e+16
1858 4.58214e+16
1859 4.58214e+16
1860 4.58214e+16
1861 4.58214e+16
1862 4.58214e+16
1863 4.58214e+16
1864 4.58214e+16
1865 4.58214e+16
1866 4.58214e+16
1867 4.58214e+16
1868 4.58214e+16
1869 4.58214e+16
1870 4.58214e+16
1871 4.58214e+16
1872 4.58214e+16
1873 4.58214e+16
1874 4.58214e+16
1875 4.58214e+16
1876 4.58214e+16
1877 4.58214e+16
1878 4.58214e+16
1879 4.58214e+16
1880 4.58214e+16
1881 4.58214e+16
1882 4.58214e+16
1883 4.58214e+16
1884 4.58214e+16
1885 4.58214e+16
1886 4.58214e+16
1887 4.58214e+16
1888 4.58214e+16
1889 4.58214e+16
1890 4.58214e+16
1891 4.58214e+16
1892 4.58214e+16
1893 4.58214e+16
1894 4.58214e+16
1895 4.58214e+16
1896 4.58214e+16
1897 4.58214e+16
1898 4.58214e+16
1899 4.58214e+16
1900 4.58214e+16
1901 4.58214e+16
1902 4.58214e+16
1903 4.58214e+16
1904 4.58214e+16
1905 4.58214e+16
1906 4.58214e+16
1907 4.58214e+16
1908 4.58214e+16
1909 4.58214e+16
1910 4.58214e+16
1911 4.58214e+16
1912 4.58214e+16
1913 4.58214e+16
1914 4.58214e+16
1915 4.58214e+16
1916 4.58214e+16
1917 4.58214e+16
1918 4.58214e+16
1919 4.58214e+16
1920 4.58214e+16
1921 4.58214e+16
1922 4.58214e+16
1923 4.58214e+16
1924 4.58214e+16
1925 4.58214e+16
1926 4.58214e+16
1927 4.58214e+16
1928 4.58214e+16
1929 4.58214e+16
1930 4.58214e+16
1931 4.58214e+16
1932 4.58214e+16
1933 4.58214e+16
1934 4.58214e+16
1935 4.58214e+16
1936 4.58214e+16
1937 4.58214e+16
1938 4.58214e+16
1939 4.58214e+16
1940 4.58214e+16
1941 4.58214e+16
1942 4.58214e+16
1943 4.58214e+16
1944 4.58214e+16
1945 4.58214e+16
1946 4.58214e+16
1947 4.58214e+16
1948 4.58214e+16
1949 4.58214e+16
1950 4.58214e+16
1951 4.58214e+16
1952 4.58214e+16
1953 4.58214e+16
1954 4.58214e+16
1955 4.58214e+16
1956 4.58214e+16
1957 4.58214e+16
1958 4.58214e+16
1959 4.58214e+16
1960 4.58214e+16
1961 4.58214e+16
1962 4.58214e+16
1963 4.58214e+16
1964 4.58214e+16
1965 4.58214e+16
1966 4.58214e+16
1967 4.58214e+16
1968 4.58214e+16
1969 4.58214e+16
1970 4.58214e+16
1971 4.58214e+16
1972 4.58214e+16
1973 4.58214e+16
1974 4.58214e+16
1975 4.58214e+16
1976 4.58214e+16
1977 4.58214e+16
1978 4.58214e+16
1979 4.58214e+16
1980 4.58214e+16
1981 4.58214e+16
1982 4.58214e+16
1983 4.58214e+16
1984 4.58214e+16
1985 4.58214e+16
1986 4.58214e+16
1987 4.58214e+16
1988 4.58214e+16
1989 4.58214e+16
1990 4.58214e+16
1991 4.58214e+16
1992 4.58214e+16
1993 4.58214e+16
1994 4.58214e+16
1995 4.58214e+16
1996 4.58214e+16
1997 4.58214e+16
1998 4.58214e+16
1999 4.58214e+16
2000 4.58214e+16
2001 4.58214e+16
2002 4.58214e+16
2003 4.58214e+16
2004 4.58214e+16
2005 4.58214e+16
2006 4.58214e+16
2007 4.58214e+16
2008 4.58214e+16
2009 4.58214e+16
2010 4.58214e+16
2011 4.58214e+16
2012 4.58214e+16
2013 4.58214e+16
2014 4.58214e+16
2015 4.58214e+16
2016 4.58214e+16
2017 4.58214e+16
2018 4.58214e+16
2019 4.58214e+16
2020 4.58214e+16
2021 4.58214e+16
2022 4.58214e+16
2023 4.58214e+16
2024 4.58214e+16
2025 4.58214e+16
2026 4.58214e+16
2027 4.58214e+16
2028 4.58214e+16
2029 4.58214e+16
2030 4.58214e+16
2031 4.58214e+16
2032 4.58214e+16
2033 4.58214e+16
2034 4.58214e+16
2035 4.58214e+16
2036 4.58214e+16
2037 4.58214e+16
2038 4.58214e+16
2039 4.58214e+16
2040 4.58214e+16
2041 4.58214e+16
2042 4.58214e+16
2043 4.58214e+16
2044 4.58214e+16
2045 4.58214e+16
2046 4.58214e+16
2047 4.58214e+16
2048 4.58214e+16
2049 4.58214e+16
2050 4.58214e+16
2051 4.58214e+16
2052 4.58214e+16
2053 4.58214e+16
2054 4.58214e+16
2055 4.58214e+16
2056 4.58214e+16
2057 4.58214e+16
2058 4.58214e+16
2059 4.58214e+16
2060 4.58214e+16
2061 4.58214e+16
2062 4.58214e+16
2063 4.58214e+16
2064 4.58214e+16
2065 4.58214e+16
2066 4.58214e+16
2067 4.58214e+16
2068 4.58214e+16
2069 4.58214e+16
2070 4.58214e+16
2071 4.58214e+16
2072 4.58214e+16
2073 4.58214e+16
2074 4.58214e+16
2075 4.58214e+16
2076 4.58214e+16
2077 4.58214e+16
2078 4.58214e+16
2079 4.58214e+16
2080 4.58214e+16
2081 4.58214e+16
2082 4.58214e+16
2083 4.58214e+16
2084 4.58214e+16
2085 4.58214e+16
2086 4.58214e+16
2087 4.58214e+16
2088 4.58214e+16
2089 4.58214e+16
2090 4.58214e+16
2091 4.58214e+16
2092 4.58214e+16
2093 4.58214e+16
2094 4.58214e+16
2095 4.58214e+16
2096 4.58214e+16
2097 4.58214e+16
2098 4.58214e+16
2099 4.58214e+16
2100 4.58214e+16
2101 4.58214e+16
2102 4.58214e+16
2103 4.58214e+16
2104 4.58214e+16
2105 4.58214e+16
2106 4.58214e+16
2107 4.58214e+16
2108 4.58214e+16
2109 4.58214e+16
2110 4.58214e+16
2111 4.58214e+16
2112 4.58214e+16
2113 4.58214e+16
2114 4.58214e+16
2115 4.58214e+16
2116 4.58214e+16
2117 4.58214e+16
2118 4.58214e+16
2119 4.58214e+16
2120 4.58214e+16
2121 4.58214e+16
2122 4.58214e+16
2123 4.58214e+16
2124 4.58214e+16
2125 4.58214e+16
2126 4.58214e+16
2127 4.58214e+16
2128 4.58214e+16
2129 4.58214e+16
2130 4.58214e+16
2131 4.58214e+16
2132 4.58214e+16
2133 4.58214e+16
2134 4.58214e+16
2135 4.58214e+16
2136 4.58214e+16
2137 4.58214e+16
2138 4.58214e+16
2139 4.58214e+16
2140 4.58214e+16
2141 4.58214e+16
2142 4.58214e+16
2143 4.58214e+16
2144 4.58214e+16
2145 4.58214e+16
2146 4.58214e+16
2147 4.58214e+16
2148 4.58214e+16
2149 4.58214e+16
2150 4.58214e+16
2151 4.58214e+16
2152 4.58214e+16
2153 4.58214e+16
2154 4.58214e+16
2155 4.58214e+16
2156 4.58214e+16
2157 4.58214e+16
2158 4.58214e+16
2159 4.58214e+16
2160 4.58214e+16
2161 4.58214e+16
2162 4.58214e+16
2163 4.58214e+16
2164 4.58214e+16
2165 4.58214e+16
2166 4.58214e+16
2167 4.58214e+16
2168 4.58214e+16
2169 4.58214e+16
2170 4.58214e+16
2171 4.58214e+16
2172 4.58214e+16
2173 4.58214e+16
2174 4.58214e+16
2175 4.58214e+16
2176 4.58214e+16
2177 4.58214e+16
2178 4.58214e+16
2179 4.58214e+16
2180 4.58214e+16
2181 4.58214e+16
2182 4.58214e+16
2183 4.58214e+16
2184 4.58214e+16
2185 4.58214e+16
2186 4.58214e+16
2187 4.58214e+16
2188 4.58214e+16
2189 4.58214e+16
2190 4.58214e+16
2191 4.58214e+16
2192 4.58214e+16
2193 4.58214e+16
2194 4.58214e+16
2195 4.58214e+16
2196 4.58214e+16
2197 4.58214e+16
2198 4.58214e+16
2199 4.58214e+16
2200 4.58214e+16
2201 4.58214e+16
2202 4.58214e+16
2203 4.58214e+16
2204 4.58214e+16
2205 4.58214e+16
2206 4.58214e+16
2207 4.58214e+16
2208 4.58214e+16
2209 4.58214e+16
2210 4.58214e+16
2211 4.58214e+16
2212 4.58214e+16
2213 4.58214e+16
2214 4.58214e+16
2215 4.58214e+16
2216 4.58214e+16
2217 4.58214e+16
2218 4.58214e+16
2219 4.58214e+16
2220 4.58214e+16
2221 4.58214e+16
2222 4.58214e+16
2223 4.58214e+16
2224 4.58214e+16
2225 4.58214e+16
2226 4.58214e+16
2227 4.58214e+16
2228 4.58214e+16
2229 4.58214e+16
2230 4.58214e+16
2231 4.58214e+16
2232 4.58214e+16
2233 4.58214e+16
2234 4.58214e+16
2235 4.58214e+16
2236 4.58214e+16
2237 4.58214e+16
2238 4.58214e+16
2239 4.58214e+16
2240 4.58214e+16
2241 4.58214e+16
2242 4.58214e+16
2243 4.58214e+16
2244 4.58214e+16
2245 4.58214e+16
2246 4.58214e+16
2247 4.58214e+16
2248 4.58214e+16
2249 4.58214e+16
2250 4.58214e+16
2251 4.58214e+16
2252 4.58214e+16
2253 4.58214e+16
2254 4.58214e+16
2255 4.58214e+16
2256 4.58214e+16
2257 4.58214e+16
2258 4.58214e+16
2259 4.58214e+16
2260 4.58214e+16
2261 4.58214e+16
2262 4.58214e+16
2263 4.58214e+16
2264 4.58214e+16
2265 4.58214e+16
2266 4.58214e+16
2267 4.58214e+16
2268 4.58214e+16
2269 4.58214e+16
2270 4.58214e+16
2271 4.58214e+16
2272 4.58214e+16
2273 4.58214e+16
2274 4.58214e+16
2275 4.58214e+16
2276 4.58214e+16
2277 4.58214e+16
2278 4.58214e+16
2279 4.58214e+16
2280 4.58214e+16
2281 4.58214e+16
2282 4.58214e+16
2283 4.58214e+16
2284 4.58214e+16
2285 4.58214e+16
2286 4.58214e+16
2287 4.58214e+16
2288 4.58214e+16
2289 4.58214e+16
2290 4.58214e+16
2291 4.58214e+16
2292 4.58214e+16
2293 4.58214e+16
2294 4.58214e+16
2295 4.58214e+16
2296 4.58214e+16
2297 4.58214e+16
2298 4.58214e+16
2299 4.58214e+16
2300 4.58214e+16
2301 4.58214e+16
2302 4.58214e+16
2303 4.58214e+16
2304 4.58214e+16
2305 4.58214e+16
2306 4.58214e+16
2307 4.58214e+16
2308 4.58214e+16
2309 4.58214e+16
2310 4.58214e+16
2311 4.58214e+16
2312 4.58214e+16
2313 4.58214e+16
2314 4.58214e+16
2315 4.58214e+16
2316 4.58214e+16
2317 4.58214e+16
2318 4.58214e+16
2319 4.58214e+16
2320 4.58214e+16
2321 4.58214e+16
2322 4.58214e+16
2323 4.58214e+16
2324 4.58214e+16
2325 4.58214e+16
2326 4.58214e+16
2327 4.58214e+16
2328 4.58214e+16
2329 4.58214e+16
2330 4.58214e+16
2331 4.58214e+16
2332 4.58214e+16
2333 4.58214e+16
2334 4.58214e+16
2335 4.58214e+16
2336 4.58214e+16
2337 4.58214e+16
2338 4.58214e+16
2339 4.58214e+16
2340 4.58214e+16
2341 4.58214e+16
2342 4.58214e+16
2343 4.58214e+16
2344 4.58214e+16
2345 4.58214e+16
2346 4.58214e+16
2347 4.58214e+16
2348 4.58214e+16
2349 4.58214e+16
2350 4.58214e+16
2351 4.58214e+16
2352 4.58214e+16
2353 4.58214e+16
2354 4.58214e+16
2355 4.58214e+16
2356 4.58214e+16
2357 4.58214e+16
2358 4.58214e+16
2359 4.58214e+16
2360 4.58214e+16
2361 4.58214e+16
2362 4.58214e+16
2363 4.58214e+16
2364 4.58214e+16
2365 4.58214e+16
2366 4.58214e+16
2367 4.58214e+16
2368 4.58214e+16
2369 4.58214e+16
2370 4.58214e+16
2371 4.58214e+16
2372 4.58214e+16
2373 4.58214e+16
2374 4.58214e+16
2375 4.58214e+16
2376 4.58214e+16
2377 4.58214e+16
2378 4.58214e+16
2379 4.58214e+16
2380 4.58214e+16
2381 4.58214e+16
2382 4.58214e+16
2383 4.58214e+16
2384 4.58214e+16
2385 4.58214e+16
2386 4.58214e+16
2387 4.58214e+16
2388 4.58214e+16
2389 4.58214e+16
2390 4.58214e+16
2391 4.58214e+16
2392 4.58214e+16
2393 4.58214e+16
2394 4.58214e+16
2395 4.58214e+16
2396 4.58214e+16
2397 4.58214e+16
2398 4.58214e+16
2399 4.58214e+16
2400 4.58214e+16
2401 4.58214e+16
2402 4.58214e+16
2403 4.58214e+16
2404 4.58214e+16
2405 4.58214e+16
2406 4.58214e+16
2407 4.58214e+16
2408 4.58214e+16
2409 4.58214e+16
2410 4.58214e+16
2411 4.58214e+16
2412 4.58214e+16
2413 4.58214e+16
2414 4.58214e+16
2415 4.58214e+16
2416 4.58214e+16
2417 4.58214e+16
2418 4.58214e+16
2419 4.58214e+16
2420 4.58214e+16
2421 4.58214e+16
2422 4.58214e+16
2423 4.58214e+16
2424 4.58214e+16
2425 4.58214e+16
2426 4.58214e+16
2427 4.58214e+16
2428 4.58214e+16
2429 4.58214e+16
2430 4.58214e+16
2431 4.58214e+16
2432 4.58214e+16
2433 4.58214e+16
2434 4.58214e+16
2435 4.58214e+16
2436 4.58214e+16
2437 4.58214e+16
2438 4.58214e+16
2439 4.58214e+16
2440 4.58214e+16
2441 4.58214e+16
2442 4.58214e+16
2443 4.58214e+16
2444 4.58214e+16
2445 4.58214e+16
2446 4.58214e+16
2447 4.58214e+16
2448 4.58214e+16
2449 4.58214e+16
2450 4.58214e+16
2451 4.58214e+16
2452 4.58214e+16
2453 4.58214e+16
2454 4.58214e+16
2455 4.58214e+16
2456 4.58214e+16
2457 4.58214e+16
2458 4.58214e+16
2459 4.58214e+16
2460 4.58214e+16
2461 4.58214e+16
2462 4.58214e+16
2463 4.58214e+16
2464 4.58214e+16
2465 4.58214e+16
2466 4.58214e+16
2467 4.58214e+16
2468 4.58214e+16
2469 4.58214e+16
2470 4.58214e+16
2471 4.58214e+16
2472 4.58214e+16
2473 4.58214e+16
2474 4.58214e+16
2475 4.58214e+16
2476 4.58214e+16
2477 4.58214e+16
2478 4.58214e+16
2479 4.58214e+16
2480 4.58214e+16
2481 4.58214e+16
2482 4.58214e+16
2483 4.58214e+16
2484 4.58214e+16
2485 4.58214e+16
2486 4.58214e+16
2487 4.58214e+16
2488 4.58214e+16
2489 4.58214e+16
2490 4.58214e+16
2491 4.58214e+16
2492 4.58214e+16
2493 4.58214e+16
2494 4.58214e+16
2495 4.58214e+16
2496 4.58214e+16
2497 4.58214e+16
2498 4.58214e+16
2499 4.58214e+16
2500 4.58214e+16
2501 4.58214e+16
2502 4.58214e+16
2503 4.58214e+16
2504 4.58214e+16
2505 4.58214e+16
2506 4.58214e+16
2507 4.58214e+16
2508 4.58214e+16
2509 4.58214e+16
2510 4.58214e+16
2511 4.58214e+16
2512 4.58214e+16
2513 4.58214e+16
2514 4.58214e+16
2515 4.58214e+16
2516 4.58214e+16
2517 4.58214e+16
2518 4.58214e+16
2519 4.58214e+16
2520 4.58214e+16
2521 4.58214e+16
2522 4.58214e+16
2523 4.58214e+16
2524 4.58214e+16
2525 4.58214e+16
2526 4.58214e+16
2527 4.58214e+16
2528 4.58214e+16
2529 4.58214e+16
2530 4.58214e+16
2531 4.58214e+16
2532 4.58214e+16
2533 4.58214e+16
2534 4.58214e+16
2535 4.58214e+16
2536 4.58214e+16
2537 4.58214e+16
2538 4.58214e+16
2539 4.58214e+16
2540 4.58214e+16
2541 4.58214e+16
2542 4.58214e+16
2543 4.58214e+16
2544 4.58214e+16
2545 4.58214e+16
2546 4.58214e+16
2547 4.58214e+16
2548 4.58214e+16
2549 4.58214e+16
2550 4.58214e+16
2551 4.58214e+16
2552 4.58214e+16
2553 4.58214e+16
2554 4.58214e+16
2555 4.58214e+16
2556 4.58214e+16
2557 4.58214e+16
2558 4.58214e+16
2559 4.58214e+16
2560 4.58214e+16
2561 4.58214e+16
2562 4.58214e+16
2563 4.58214e+16
2564 4.58214e+16
2565 4.58214e+16
2566 4.58214e+16
2567 4.58214e+16
2568 4.58214e+16
2569 4.58214e+16
2570 4.58214e+16
2571 4.58214e+16
2572 4.58214e+16
2573 4.58214e+16
2574 4.58214e+16
2575 4.58214e+16
2576 4.58214e+16
2577 4.58214e+16
2578 4.58214e+16
2579 4.58214e+16
2580 4.58214e+16
2581 4.58214e+16
2582 4.58214e+16
2583 4.58214e+16
2584 4.58214e+16
2585 4.58214e+16
2586 4.58214e+16
2587 4.58214e+16
2588 4.58214e+16
2589 4.58214e+16
2590 4.58214e+16
2591 4.58214e+16
2592 4.58214e+16
2593 4.58214e+16
2594 4.58214e+16
2595 4.58214e+16
2596 4.58214e+16
2597 4.58214e+16
2598 4.58214e+16
2599 4.58214e+16
2600 4.58214e+16
2601 4.58214e+16
2602 4.58214e+16
2603 4.58214e+16
2604 4.58214e+16
2605 4.58214e+16
2606 4.58214e+16
2607 4.58214e+16
2608 4.58214e+16
2609 4.58214e+16
2610 4.58214e+16
2611 4.58214e+16
2612 4.58214e+16
2613 4.58214e+16
2614 4.58214e+16
2615 4.58214e+16
2616 4.58214e+16
2617 4.58214e+16
2618 4.58214e+16
2619 4.58214e+16
2620 4.58214e+16
2621 4.58214e+16
2622 4.58214e+16
2623 4.58214e+16
2624 4.58214e+16
2625 4.58214e+16
2626 4.58214e+16
2627 4.58214e+16
2628 4.58214e+16
2629 4.58214e+16
2630 4.58214e+16
2631 4.58214e+16
2632 4.58214e+16
2633 4.58214e+16
2634 4.58214e+16
2635 4.58214e+16
2636 4.58214e+16
2637 4.58214e+16
2638 4.58214e+16
2639 4.58214e+16
2640 4.58214e+16
2641 4.58214e+16
2642 4.58214e+16
2643 4.58214e+16
2644 4.58214e+16
2645 4.58214e+16
2646 4.58214e+16
2647 4.58214e+16
2648 4.58214e+16
2649 4.58214e+16
2650 4.58214e+16
2651 4.58214e+16
2652 4.58214e+16
2653 4.58214e+16
2654 4.58214e+16
2655 4.58214e+16
2656 4.58214e+16
2657 4.58214e+16
2658 4.58214e+16
2659 4.58214e+16
2660 4.58214e+16
2661 4.58214e+16
2662 4.58214e+16
2663 4.58214e+16
2664 4.58214e+16
2665 4.58214e+16
2666 4.58214e+16
2667 4.58214e+16
2668 4.58214e+16
2669 4.58214e+16
2670 4.58214e+16
2671 4.58214e+16
2672 4.58214e+16
2673 4.58214e+16
2674 4.58214e+16
2675 4.58214e+16
2676 4.58214e+16
2677 4.58214e+16
2678 4.58214e+16
2679 4.58214e+16
2680 4.58214e+16
2681 4.58214e+16
2682 4.58214e+16
2683 4.58214e+16
2684 4.58214e+16
2685 4.58214e+16
2686 4.58214e+16
2687 4.58214e+16
2688 4.58214e+16
2689 4.58214e+16
2690 4.58214e+16
2691 4.58214e+16
2692 4.58214e+16
2693 4.58214e+16
2694 4.58214e+16
2695 4.58214e+16
2696 4.58214e+16
2697 4.58214e+16
2698 4.58214e+16
2699 4.58214e+16
2700 4.58214e+16
2701 4.58214e+16
2702 4.58214e+16
2703 4.58214e+16
2704 4.58214e+16
2705 4.58214e+16
2706 4.58214e+16
2707 4.58214e+16
2708 4.58214e+16
2709 4.58214e+16
2710 4.58214e+16
2711 4.58214e+16
2712 4.58214e+16
2713 4.58214e+16
2714 4.58214e+16
2715 4.58214e+16
2716 4.58214e+16
2717 4.58214e+16
2718 4.58214e+16
2719 4.58214e+16
2720 4.58214e+16
2721 4.58214e+16
2722 4.58214e+16
2723 4.58214e+16
2724 4.58214e+16
2725 4.58214e+16
2726 4.58214e+16
2727 4.58214e+16
2728 4.58214e+16
2729 4.58214e+16
2730 4.58214e+16
2731 4.58214e+16
2732 4.58214e+16
2733 4.58214e+16
2734 4.58214e+16
2735 4.58214e+16
2736 4.58214e+16
2737 4.58214e+16
2738 4.58214e+16
2739 4.58214e+16
2740 4.58214e+16
2741 4.58214e+16
2742 4.58214e+16
2743 4.58214e+16
2744 4.58214e+16
2745 4.58214e+16
2746 4.58214e+16
2747 4.58214e+16
2748 4.58214e+16
2749 4.58214e+16
2750 4.58214e+16
2751 4.58214e+16
2752 4.58214e+16
2753 4.58214e+16
2754 4.58214e+16
2755 4.58214e+16
2756 4.58214e+16
2757 4.58214e+16
2758 4.58214e+16
2759 4.58214e+16
2760 4.58214e+16
2761 4.58214e+16
2762 4.58214e+16
2763 4.58214e+16
2764 4.58214e+16
2765 4.58214e+16
2766 4.58214e+16
2767 4.58214e+16
2768 4.58214e+16
2769 4.58214e+16
2770 4.58214e+16
2771 4.58214e+16
2772 4.58214e+16
2773 4.58214e+16
2774 4.58214e+16
2775 4.58214e+16
2776 4.58214e+16
2777 4.58214e+16
2778 4.58214e+16
2779 4.58214e+16
2780 4.58214e+16
2781 4.58214e+16
2782 4.58214e+16
2783 4.58214e+16
2784 4.58214e+16
2785 4.58214e+16
2786 4.58214e+16
2787 4.58214e+16
2788 4.58214e+16
2789 4.58214e+16
2790 4.58214e+16
2791 4.58214e+16
2792 4.58214e+16
2793 4.58214e+16
2794 4.58214e+16
2795 4.58214e+16
2796 4.58214e+16
2797 4.58214e+16
2798 4.58214e+16
2799 4.58214e+16
2800 4.58214e+16
2801 4.58214e+16
2802 4.58214e+16
2803 4.58214e+16
2804 4.58214e+16
2805 4.58214e+16
2806 4.58214e+16
2807 4.58214e+16
2808 4.58214e+16
2809 4.58214e+16
2810 4.58214e+16
2811 4.58214e+16
2812 4.58214e+16
2813 4.58214e+16
2814 4.58214e+16
2815 4.58214e+16
2816 4.58214e+16
2817 4.58214e+16
2818 4.58214e+16
2819 4.58214e+16
2820 4.58214e+16
2821 4.58214e+16
2822 4.58214e+16
2823 4.58214e+16
2824 4.58214e+16
2825 4.58214e+16
2826 4.58214e+16
2827 4.58214e+16
2828 4.58214e+16
2829 4.58214e+16
2830 4.58214e+16
2831 4.58214e+16
2832 4.58214e+16
2833 4.58214e+16
2834 4.58214e+16
2835 4.58214e+16
2836 4.58214e+16
2837 4.58214e+16
2838 4.58214e+16
2839 4.58214e+16
2840 4.58214e+16
2841 4.58214e+16
2842 4.58214e+16
2843 4.58214e+16
2844 4.58214e+16
2845 4.58214e+16
2846 4.58214e+16
2847 4.58214e+16
2848 4.58214e+16
2849 4.58214e+16
2850 4.58214e+16
2851 4.58214e+16
2852 4.58214e+16
2853 4.58214e+16
2854 4.58214e+16
2855 4.58214e+16
2856 4.58214e+16
2857 4.58214e+16
2858 4.58214e+16
2859 4.58214e+16
2860 4.58214e+16
2861 4.58214e+16
2862 4.58214e+16
2863 4.58214e+16
2864 4.58214e+16
2865 4.58214e+16
2866 4.58214e+16
2867 4.58214e+16
2868 4.58214e+16
2869 4.58214e+16
2870 4.58214e+16
2871 4.58214e+16
2872 4.58214e+16
2873 4.58214e+16
2874 4.58214e+16
2875 4.58214e+16
2876 4.58214e+16
2877 4.58214e+16
2878 4.58214e+16
2879 4.58214e+16
2880 4.58214e+16
2881 4.58214e+16
2882 4.58214e+16
2883 4.58214e+16
2884 4.58214e+16
2885 4.58214e+16
2886 4.58214e+16
2887 4.58214e+16
2888 4.58214e+16
2889 4.58214e+16
2890 4.58214e+16
2891 4.58214e+16
2892 4.58214e+16
2893 4.58214e+16
2894 4.58214e+16
2895 4.58214e+16
2896 4.58214e+16
2897 4.58214e+16
2898 4.58214e+16
2899 4.58214e+16
2900 4.58214e+16
2901 4.58214e+16
2902 4.58214e+16
2903 4.58214e+16
2904 4.58214e+16
2905 4.58214e+16
2906 4.58214e+16
2907 4.58214e+16
2908 4.58214e+16
2909 4.58214e+16
2910 4.58214e+16
2911 4.58214e+16
2912 4.58214e+16
2913 4.58214e+16
2914 4.58214e+16
2915 4.58214e+16
2916 4.58214e+16
2917 4.58214e+16
2918 4.58214e+16
2919 4.58214e+16
2920 4.58214e+16
2921 4.58214e+16
2922 4.58214e+16
2923 4.58214e+16
2924 4.58214e+16
2925 4.58214e+16
2926 4.58214e+16
2927 4.58214e+16
2928 4.58214e+16
2929 4.58214e+16
2930 4.58214e+16
2931 4.58214e+16
2932 4.58214e+16
2933 4.58214e+16
2934 4.58214e+16
2935 4.58214e+16
2936 4.58214e+16
2937 4.58214e+16
2938 4.58214e+16
2939 4.58214e+16
2940 4.58214e+16
2941 4.58214e+16
2942 4.58214e+16
2943 4.58214e+16
2944 4.58214e+16
2945 4.58214e+16
2946 4.58214e+16
2947 4.58214e+16
2948 4.58214e+16
2949 4.58214e+16
2950 4.58214e+16
2951 4.58214e+16
2952 4.58214e+16
2953 4.58214e+16
2954 4.58214e+16
2955 4.58214e+16
2956 4.58214e+16
2957 4.58214e+16
2958 4.58214e+16
2959 4.58214e+16
2960 4.58214e+16
2961 4.58214e+16
2962 4.58214e+16
2963 4.58214e+16
2964 4.58214e+16
2965 4.58214e+16
2966 4.58214e+16
2967 4.58214e+16
2968 4.58214e+16
2969 4.58214e+16
2970 4.58214e+16
2971 4.58214e+16
2972 4.58214e+16
2973 4.58214e+16
2974 4.58214e+16
2975 4.58214e+16
2976 4.58214e+16
2977 4.58214e+16
2978 4.58214e+16
2979 4.58214e+16
2980 4.58214e+16
2981 4.58214e+16
2982 4.58214e+16
2983 4.58214e+16
2984 4.58214e+16
2985 4.58214e+16
2986 4.58214e+16
2987 4.58214e+16
2988 4.58214e+16
2989 4.58214e+16
2990 4.58214e+16
2991 4.58214e+16
2992 4.58214e+16
2993 4.58214e+16
2994 4.58214e+16
2995 4.58214e+16
2996 4.58214e+16
2997 4.58214e+16
2998 4.58214e+16
2999 4.58214e+16
3000 4.58214e+16
3001 4.58214e+16
3002 4.58214e+16
3003 4.58214e+16
3004 4.58214e+16
3005 4.58214e+16
3006 4.58214e+16
3007 4.58214e+16
3008 4.58214e+16
3009 4.58214e+16
3010 4.58214e+16
3011 4.58214e+16
3012 4.58214e+16
3013 4.58214e+16
3014 4.58214e+16
3015 4.58214e+16
3016 4.58214e+16
3017 4.58214e+16
3018 4.58214e+16
3019 4.58214e+16
3020 4.58214e+16
3021 4.58214e+16
3022 4.58214e+16
3023 4.58214e+16
3024 4.58214e+16
3025 4.58214e+16
3026 4.58214e+16
3027 4.58214e+16
3028 4.58214e+16
3029 4.58214e+16
3030 4.58214e+16
3031 4.58214e+16
3032 4.58214e+16
3033 4.58214e+16
3034 4.58214e+16
3035 4.58214e+16
3036 4.58214e+16
3037 4.58214e+16
3038 4.58214e+16
3039 4.58214e+16
3040 4.58214e+16
3041 4.58214e+16
3042 4.58214e+16
3043 4.58214e+16
3044 4.58214e+16
3045 4.58214e+16
3046 4.58214e+16
3047 4.58214e+16
3048 4.58214e+16
3049 4.58214e+16
3050 4.58214e+16
3051 4.58214e+16
3052 4.58214e+16
3053 4.58214e+16
3054 4.58214e+16
3055 4.58214e+16
3056 4.58214e+16
3057 4.58214e+16
3058 4.58214e+16
3059 4.58214e+16
3060 4.58214e+16
3061 4.58214e+16
3062 4.58214e+16
3063 4.58214e+16
3064 4.58214e+16
3065 4.58214e+16
3066 4.58214e+16
3067 4.58214e+16
3068 4.58214e+16
3069 4.58214e+16
3070 4.58214e+16
3071 4.58214e+16
3072 4.58214e+16
3073 4.58214e+16
3074 4.58214e+16
3075 4.58214e+16
3076 4.58214e+16
3077 4.58214e+16
3078 4.58214e+16
3079 4.58214e+16
3080 4.58214e+16
3081 4.58214e+16
3082 4.58214e+16
3083 4.58214e+16
3084 4.58214e+16
3085 4.58214e+16
3086 4.58214e+16
3087 4.58214e+16
3088 4.58214e+16
3089 4.58214e+16
3090 4.58214e+16
3091 4.58214e+16
3092 4.58214e+16
3093 4.58214e+16
3094 4.58214e+16
3095 4.58214e+16
3096 4.58214e+16
3097 4.58214e+16
3098 4.58214e+16
3099 4.58214e+16
3100 4.58214e+16
3101 4.58214e+16
3102 4.58214e+16
3103 4.58214e+16
3104 4.58214e+16
3105 4.58214e+16
3106 4.58214e+16
3107 4.58214e+16
3108 4.58214e+16
3109 4.58214e+16
3110 4.58214e+16
3111 4.58214e+16
3112 4.58214e+16
3113 4.58214e+16
3114 4.58214e+16
3115 4.58214e+16
3116 4.58214e+16
3117 4.58214e+16
3118 4.58214e+16
3119 4.58214e+16
3120 4.58214e+16
3121 4.58214e+16
3122 4.58214e+16
3123 4.58214e+16
3124 4.58214e+16
3125 4.58214e+16
3126 4.58214e+16
3127 4.58214e+16
3128 4.58214e+16
3129 4.58214e+16
3130 4.58214e+16
3131 4.58214e+16
3132 4.58214e+16
3133 4.58214e+16
3134 4.58214e+16
3135 4.58214e+16
3136 4.58214e+16
3137 4.58214e+16
3138 4.58214e+16
3139 4.58214e+16
3140 4.58214e+16
3141 4.58214e+16
3142 4.58214e+16
3143 4.58214e+16
3144 4.58214e+16
3145 4.58214e+16
3146 4.58214e+16
3147 4.58214e+16
3148 4.58214e+16
3149 4.58214e+16
3150 4.58214e+16
3151 4.58214e+16
3152 4.58214e+16
3153 4.58214e+16
3154 4.58214e+16
3155 4.58214e+16
3156 4.58214e+16
3157 4.58214e+16
3158 4.58214e+16
3159 4.58214e+16
3160 4.58214e+16
3161 4.58214e+16
3162 4.58214e+16
3163 4.58214e+16
3164 4.58214e+16
3165 4.58214e+16
3166 4.58214e+16
3167 4.58214e+16
3168 4.58214e+16
3169 4.58214e+16
3170 4.58214e+16
3171 4.58214e+16
3172 4.58214e+16
3173 4.58214e+16
3174 4.58214e+16
3175 4.58214e+16
3176 4.58214e+16
3177 4.58214e+16
3178 4.58214e+16
3179 4.58214e+16
3180 4.58214e+16
3181 4.58214e+16
3182 4.58214e+16
3183 4.58214e+16
3184 4.58214e+16
3185 4.58214e+16
3186 4.58214e+16
3187 4.58214e+16
3188 4.58214e+16
3189 4.58214e+16
3190 4.58214e+16
3191 4.58214e+16
3192 4.58214e+16
3193 4.58214e+16
3194 4.58214e+16
3195 4.58214e+16
3196 4.58214e+16
3197 4.58214e+16
3198 4.58214e+16
3199 4.58214e+16
3200 4.58214e+16
3201 4.58214e+16
3202 4.58214e+16
3203 4.58214e+16
3204 4.58214e+16
3205 4.58214e+16
3206 4.58214e+16
3207 4.58214e+16
3208 4.58214e+16
3209 4.58214e+16
3210 4.58214e+16
3211 4.58214e+16
3212 4.58214e+16
3213 4.58214e+16
3214 4.58214e+16
3215 4.58214e+16
3216 4.58214e+16
3217 4.58214e+16
3218 4.58214e+16
3219 4.58214e+16
3220 4.58214e+16
3221 4.58214e+16
3222 4.58214e+16
3223 4.58214e+16
3224 4.58214e+16
3225 4.58214e+16
3226 4.58214e+16
3227 4.58214e+16
3228 4.58214e+16
3229 4.58214e+16
3230 4.58214e+16
3231 4.58214e+16
3232 4.58214e+16
3233 4.58214e+16
3234 4.58214e+16
3235 4.58214e+16
3236 4.58214e+16
3237 4.58214e+16
3238 4.58214e+16
3239 4.58214e+16
3240 4.58214e+16
3241 4.58214e+16
3242 4.58214e+16
3243 4.58214e+16
3244 4.58214e+16
3245 4.58214e+16
3246 4.58214e+16
3247 4.58214e+16
3248 4.58214e+16
3249 4.58214e+16
3250 4.58214e+16
3251 4.58214e+16
3252 4.58214e+16
3253 4.58214e+16
3254 4.58214e+16
3255 4.58214e+16
3256 4.58214e+16
3257 4.58214e+16
3258 4.58214e+16
3259 4.58214e+16
3260 4.58214e+16
3261 4.58214e+16
3262 4.58214e+16
3263 4.58214e+16
3264 4.58214e+16
3265 4.58214e+16
3266 4.58214e+16
3267 4.58214e+16
3268 4.58214e+16
3269 4.58214e+16
3270 4.58214e+16
3271 4.58214e+16
3272 4.58214e+16
3273 4.58214e+16
3274 4.58214e+16
3275 4.58214e+16
3276 4.58214e+16
3277 4.58214e+16
3278 4.58214e+16
3279 4.58214e+16
3280 4.58214e+16
3281 4.58214e+16
3282 4.58214e+16
3283 4.58214e+16
3284 4.58214e+16
3285 4.58214e+16
3286 4.58214e+16
3287 4.58214e+16
3288 4.58214e+16
3289 4.58214e+16
3290 4.58214e+16
3291 4.58214e+16
3292 4.58214e+16
3293 4.58214e+16
3294 4.58214e+16
3295 4.58214e+16
3296 4.58214e+16
3297 4.58214e+16
3298 4.58214e+16
3299 4.58214e+16
3300 4.58214e+16
3301 4.58214e+16
3302 4.58214e+16
3303 4.58214e+16
3304 4.58214e+16
3305 4.58214e+16
3306 4.58214e+16
3307 4.58214e+16
3308 4.58214e+16
3309 4.58214e+16
3310 4.58214e+16
3311 4.58214e+16
3312 4.58214e+16
3313 4.58214e+16
3314 4.58214e+16
3315 4.58214e+16
3316 4.58214e+16
3317 4.58214e+16
3318 4.58214e+16
3319 4.58214e+16
3320 4.58214e+16
3321 4.58214e+16
3322 4.58214e+16
3323 4.58214e+16
3324 4.58214e+16
3325 4.58214e+16
3326 4.58214e+16
3327 4.58214e+16
3328 4.58214e+16
3329 4.58214e+16
3330 4.58214e+16
3331 4.58214e+16
3332 4.58214e+16
3333 4.58214e+16
3334 4.58214e+16
3335 4.58214e+16
3336 4.58214e+16
3337 4.58214e+16
3338 4.58214e+16
3339 4.58214e+16
3340 4.58214e+16
3341 4.58214e+16
3342 4.58214e+16
3343 4.58214e+16
3344 4.58214e+16
3345 4.58214e+16
3346 4.58214e+16
3347 4.58214e+16
3348 4.58214e+16
3349 4.58214e+16
3350 4.58214e+16
3351 4.58214e+16
3352 4.58214e+16
3353 4.58214e+16
3354 4.58214e+16
3355 4.58214e+16
3356 4.58214e+16
3357 4.58214e+16
3358 4.58214e+16
3359 4.58214e+16
3360 4.58214e+16
3361 4.58214e+16
3362 4.58214e+16
3363 4.58214e+16
3364 4.58214e+16
3365 4.58214e+16
3366 4.58214e+16
3367 4.58214e+16
3368 4.58214e+16
3369 4.58214e+16
3370 4.58214e+16
3371 4.58214e+16
3372 4.58214e+16
3373 4.58214e+16
3374 4.58214e+16
3375 4.58214e+16
3376 4.58214e+16
3377 4.58214e+16
3378 4.58214e+16
3379 4.58214e+16
3380 4.58214e+16
3381 4.58214e+16
3382 4.58214e+16
3383 4.58214e+16
3384 4.58214e+16
3385 4.58214e+16
3386 4.58214e+16
3387 4.58214e+16
3388 4.58214e+16
3389 4.58214e+16
3390 4.58214e+16
3391 4.58214e+16
3392 4.58214e+16
3393 4.58214e+16
3394 4.58214e+16
3395 4.58214e+16
3396 4.58214e+16
3397 4.58214e+16
3398 4.58214e+16
3399 4.58214e+16
3400 4.58214e+16
3401 4.58214e+16
3402 4.58214e+16
3403 4.58214e+16
3404 4.58214e+16
3405 4.58214e+16
3406 4.58214e+16
3407 4.58214e+16
3408 4.58214e+16
3409 4.58214e+16
3410 4.58214e+16
3411 4.58214e+16
3412 4.58214e+16
3413 4.58214e+16
3414 4.58214e+16
3415 4.58214e+16
3416 4.58214e+16
3417 4.58214e+16
3418 4.58214e+16
3419 4.58214e+16
3420 4.58214e+16
3421 4.58214e+16
3422 4.58214e+16
3423 4.58214e+16
3424 4.58214e+16
3425 4.58214e+16
3426 4.58214e+16
3427 4.58214e+16
3428 4.58214e+16
3429 4.58214e+16
3430 4.58214e+16
3431 4.58214e+16
3432 4.58214e+16
3433 4.58214e+16
3434 4.58214e+16
3435 4.58214e+16
3436 4.58214e+16
3437 4.58214e+16
3438 4.58214e+16
3439 4.58214e+16
3440 4.58214e+16
3441 4.58214e+16
3442 4.58214e+16
3443 4.58214e+16
3444 4.58214e+16
3445 4.58214e+16
3446 4.58214e+16
3447 4.58214e+16
3448 4.58214e+16
3449 4.58214e+16
3450 4.58214e+16
3451 4.58214e+16
3452 4.58214e+16
3453 4.58214e+16
3454 4.58214e+16
3455 4.58214e+16
3456 4.58214e+16
3457 4.58214e+16
3458 4.58214e+16
3459 4.58214e+16
3460 4.58214e+16
3461 4.58214e+16
3462 4.58214e+16
3463 4.58214e+16
3464 4.58214e+16
3465 4.58214e+16
3466 4.58214e+16
3467 4.58214e+16
3468 4.58214e+16
3469 4.58214e+16
3470 4.58214e+16
3471 4.58214e+16
3472 4.58214e+16
3473 4.58214e+16
3474 4.58214e+16
3475 4.58214e+16
3476 4.58214e+16
3477 4.58214e+16
3478 4.58214e+16
3479 4.58214e+16
3480 4.58214e+16
3481 4.58214e+16
3482 4.58214e+16
3483 4.58214e+16
3484 4.58214e+16
3485 4.58214e+16
3486 4.58214e+16
3487 4.58214e+16
3488 4.58214e+16
3489 4.58214e+16
3490 4.58214e+16
3491 4.58214e+16
3492 4.58214e+16
3493 4.58214e+16
3494 4.58214e+16
3495 4.58214e+16
3496 4.58214e+16
3497 4.58214e+16
3498 4.58214e+16
3499 4.58214e+16
3500 4.58214e+16
3501 4.58214e+16
3502 4.58214e+16
3503 4.58214e+16
3504 4.58214e+16
3505 4.58214e+16
3506 4.58214e+16
3507 4.58214e+16
3508 4.58214e+16
3509 4.58214e+16
3510 4.58214e+16
3511 4.58214e+16
3512 4.58214e+16
3513 4.58214e+16
3514 4.58214e+16
3515 4.58214e+16
3516 4.58214e+16
3517 4.58214e+16
3518 4.58214e+16
3519 4.58214e+16
3520 4.58214e+16
3521 4.58214e+16
3522 4.58214e+16
3523 4.58214e+16
3524 4.58214e+16
3525 4.58214e+16
3526 4.58214e+16
3527 4.58214e+16
3528 4.58214e+16
3529 4.58214e+16
3530 4.58214e+16
3531 4.58214e+16
3532 4.58214e+16
3533 4.58214e+16
3534 4.58214e+16
3535 4.58214e+16
3536 4.58214e+16
3537 4.58214e+16
3538 4.58214e+16
3539 4.58214e+16
3540 4.58214e+16
3541 4.58214e+16
3542 4.58214e+16
3543 4.58214e+16
3544 4.58214e+16
3545 4.58214e+16
3546 4.58214e+16
3547 4.58214e+16
3548 4.58214e+16
3549 4.58214e+16
3550 4.58214e+16
3551 4.58214e+16
3552 4.58214e+16
3553 4.58214e+16
3554 4.58214e+16
3555 4.58214e+16
3556 4.58214e+16
3557 4.58214e+16
3558 4.58214e+16
3559 4.58214e+16
3560 4.58214e+16
3561 4.58214e+16
3562 4.58214e+16
3563 4.58214e+16
3564 4.58214e+16
3565 4.58214e+16
3566 4.58214e+16
3567 4.58214e+16
3568 4.58214e+16
3569 4.58214e+16
3570 4.58214e+16
3571 4.58214e+16
3572 4.58214e+16
3573 4.58214e+16
3574 4.58214e+16
3575 4.58214e+16
3576 4.58214e+16
3577 4.58214e+16
3578 4.58214e+16
3579 4.58214e+16
3580 4.58214e+16
3581 4.58214e+16
3582 4.58214e+16
3583 4.58214e+16
3584 4.58214e+16
3585 4.58214e+16
3586 4.58214e+16
3587 4.58214e+16
3588 4.58214e+16
3589 4.58214e+16
3590 4.58214e+16
3591 4.58214e+16
3592 4.58214e+16
3593 4.58214e+16
3594 4.58214e+16
3595 4.58214e+16
3596 4.58214e+16
3597 4.58214e+16
3598 4.58214e+16
3599 4.58214e+16
3600 4.58214e+16
3601 4.58214e+16
3602 4.58214e+16
3603 4.58214e+16
3604 4.58214e+16
3605 4.58214e+16
3606 4.58214e+16
3607 4.58214e+16
3608 4.58214e+16
3609 4.58214e+16
3610 4.58214e+16
3611 4.58214e+16
3612 4.58214e+16
3613 4.58214e+16
3614 4.58214e+16
3615 4.58214e+16
3616 4.58214e+16
3617 4.58214e+16
3618 4.58214e+16
3619 4.58214e+16
3620 4.58214e+16
3621 4.58214e+16
3622 4.58214e+16
3623 4.58214e+16
3624 4.58214e+16
3625 4.58214e+16
3626 4.58214e+16
3627 4.58214e+16
3628 4.58214e+16
3629 4.58214e+16
3630 4.58214e+16
3631 4.58214e+16
3632 4.58214e+16
3633 4.58214e+16
3634 4.58214e+16
3635 4.58214e+16
3636 4.58214e+16
3637 4.58214e+16
3638 4.58214e+16
3639 4.58214e+16
3640 4.58214e+16
3641 4.58214e+16
3642 4.58214e+16
3643 4.58214e+16
3644 4.58214e+16
3645 4.58214e+16
3646 4.58214e+16
3647 4.58214e+16
3648 4.58214e+16
3649 4.58214e+16
3650 4.58214e+16
3651 4.58214e+16
3652 4.58214e+16
3653 4.58214e+16
3654 4.58214e+16
3655 4.58214e+16
3656 4.58214e+16
3657 4.58214e+16
3658 4.58214e+16
3659 4.58214e+16
3660 4.58214e+16
3661 4.58214e+16
3662 4.58214e+16
3663 4.58214e+16
3664 4.58214e+16
3665 4.58214e+16
3666 4.58214e+16
3667 4.58214e+16
3668 4.58214e+16
3669 4.58214e+16
3670 4.58214e+16
3671 4.58214e+16
3672 4.58214e+16
3673 4.58214e+16
3674 4.58214e+16
3675 4.58214e+16
3676 4.58214e+16
3677 4.58214e+16
3678 4.58214e+16
3679 4.58214e+16
3680 4.58214e+16
3681 4.58214e+16
3682 4.58214e+16
3683 4.58214e+16
3684 4.58214e+16
3685 4.58214e+16
3686 4.58214e+16
3687 4.58214e+16
3688 4.58214e+16
3689 4.58214e+16
3690 4.58214e+16
3691 4.58214e+16
3692 4.58214e+16
3693 4.58214e+16
3694 4.58214e+16
3695 4.58214e+16
3696 4.58214e+16
3697 4.58214e+16
3698 4.58214e+16
3699 4.58214e+16
3700 4.58214e+16
3701 4.58214e+16
3702 4.58214e+16
3703 4.58214e+16
3704 4.58214e+16
3705 4.58214e+16
3706 4.58214e+16
3707 4.58214e+16
3708 4.58214e+16
3709 4.58214e+16
3710 4.58214e+16
3711 4.58214e+16
3712 4.58214e+16
3713 4.58214e+16
3714 4.58214e+16
3715 4.58214e+16
3716 4.58214e+16
3717 4.58214e+16
3718 4.58214e+16
3719 4.58214e+16
3720 4.58214e+16
3721 4.58214e+16
3722 4.58214e+16
3723 4.58214e+16
3724 4.58214e+16
3725 4.58214e+16
3726 4.58214e+16
3727 4.58214e+16
3728 4.58214e+16
3729 4.58214e+16
3730 4.58214e+16
3731 4.58214e+16
3732 4.58214e+16
3733 4.58214e+16
3734 4.58214e+16
3735 4.58214e+16
3736 4.58214e+16
3737 4.58214e+16
3738 4.58214e+16
3739 4.58214e+16
3740 4.58214e+16
3741 4.58214e+16
3742 4.58214e+16
3743 4.58214e+16
3744 4.58214e+16
3745 4.58214e+16
3746 4.58214e+16
3747 4.58214e+16
3748 4.58214e+16
3749 4.58214e+16
3750 4.58214e+16
3751 4.58214e+16
3752 4.58214e+16
3753 4.58214e+16
3754 4.58214e+16
3755 4.58214e+16
3756 4.58214e+16
3757 4.58214e+16
3758 4.58214e+16
3759 4.58214e+16
3760 4.58214e+16
3761 4.58214e+16
3762 4.58214e+16
3763 4.58214e+16
3764 4.58214e+16
3765 4.58214e+16
3766 4.58214e+16
3767 4.58214e+16
3768 4.58214e+16
3769 4.58214e+16
3770 4.58214e+16
3771 4.58214e+16
3772 4.58214e+16
3773 4.58214e+16
3774 4.58214e+16
3775 4.58214e+16
3776 4.58214e+16
3777 4.58214e+16
3778 4.58214e+16
3779 4.58214e+16
3780 4.58214e+16
3781 4.58214e+16
3782 4.58214e+16
3783 4.58214e+16
3784 4.58214e+16
3785 4.58214e+16
3786 4.58214e+16
3787 4.58214e+16
3788 4.58214e+16
3789 4.58214e+16
3790 4.58214e+16
3791 4.58214e+16
3792 4.58214e+16
3793 4.58214e+16
3794 4.58214e+16
3795 4.58214e+16
3796 4.58214e+16
3797 4.58214e+16
3798 4.58214e+16
3799 4.58214e+16
3800 4.58214e+16
3801 4.58214e+16
3802 4.58214e+16
3803 4.58214e+16
3804 4.58214e+16
3805 4.58214e+16
3806 4.58214e+16
3807 4.58214e+16
3808 4.58214e+16
3809 4.58214e+16
3810 4.58214e+16
3811 4.58214e+16
3812 4.58214e+16
3813 4.58214e+16
3814 4.58214e+16
3815 4.58214e+16
3816 4.58214e+16
3817 4.58214e+16
3818 4.58214e+16
3819 4.58214e+16
3820 4.58214e+16
3821 4.58214e+16
3822 4.58214e+16
3823 4.58214e+16
3824 4.58214e+16
3825 4.58214e+16
3826 4.58214e+16
3827 4.58214e+16
3828 4.58214e+16
3829 4.58214e+16
3830 4.58214e+16
3831 4.58214e+16
3832 4.58214e+16
3833 4.58214e+16
3834 4.58214e+16
3835 4.58214e+16
3836 4.58214e+16
3837 4.58214e+16
3838 4.58214e+16
3839 4.58214e+16
3840 4.58214e+16
3841 4.58214e+16
3842 4.58214e+16
3843 4.58214e+16
3844 4.58214e+16
3845 4.58214e+16
3846 4.58214e+16
3847 4.58214e+16
3848 4.58214e+16
3849 4.58214e+16
3850 4.58214e+16
3851 4.58214e+16
3852 4.58214e+16
3853 4.58214e+16
3854 4.58214e+16
3855 4.58214e+16
3856 4.58214e+16
3857 4.58214e+16
3858 4.58214e+16
3859 4.58214e+16
3860 4.58214e+16
3861 4.58214e+16
3862 4.58214e+16
3863 4.58214e+16
3864 4.58214e+16
3865 4.58214e+16
3866 4.58214e+16
3867 4.58214e+16
3868 4.58214e+16
3869 4.58214e+16
3870 4.58214e+16
3871 4.58214e+16
3872 4.58214e+16
3873 4.58214e+16
3874 4.58214e+16
3875 4.58214e+16
3876 4.58214e+16
3877 4.58214e+16
3878 4.58214e+16
3879 4.58214e+16
3880 4.58214e+16
3881 4.58214e+16
3882 4.58214e+16
3883 4.58214e+16
3884 4.58214e+16
3885 4.58214e+16
3886 4.58214e+16
3887 4.58214e+16
3888 4.58214e+16
3889 4.58214e+16
3890 4.58214e+16
3891 4.58214e+16
3892 4.58214e+16
3893 4.58214e+16
3894 4.58214e+16
3895 4.58214e+16
3896 4.58214e+16
3897 4.58214e+16
3898 4.58214e+16
3899 4.58214e+16
3900 4.58214e+16
3901 4.58214e+16
3902 4.58214e+16
3903 4.58214e+16
3904 4.58214e+16
3905 4.58214e+16
3906 4.58214e+16
3907 4.58214e+16
3908 4.58214e+16
3909 4.58214e+16
3910 4.58214e+16
3911 4.58214e+16
3912 4.58214e+16
3913 4.58214e+16
3914 4.58214e+16
3915 4.58214e+16
3916 4.58214e+16
3917 4.58214e+16
3918 4.58214e+16
3919 4.58214e+16
3920 4.58214e+16
3921 4.58214e+16
3922 4.58214e+16
3923 4.58214e+16
3924 4.58214e+16
3925 4.58214e+16
3926 4.58214e+16
3927 4.58214e+16
3928 4.58214e+16
3929 4.58214e+16
3930 4.58214e+16
3931 4.58214e+16
3932 4.58214e+16
3933 4.58214e+16
3934 4.58214e+16
3935 4.58214e+16
3936 4.58214e+16
3937 4.58214e+16
3938 4.58214e+16
3939 4.58214e+16
3940 4.58214e+16
3941 4.58214e+16
3942 4.58214e+16
3943 4.58214e+16
3944 4.58214e+16
3945 4.58214e+16
3946 4.58214e+16
3947 4.58214e+16
3948 4.58214e+16
3949 4.58214e+16
3950 4.58214e+16
3951 4.58214e+16
3952 4.58214e+16
3953 4.58214e+16
3954 4.58214e+16
3955 4.58214e+16
3956 4.58214e+16
3957 4.58214e+16
3958 4.58214e+16
3959 4.58214e+16
3960 4.58214e+16
3961 4.58214e+16
3962 4.58214e+16
3963 4.58214e+16
3964 4.58214e+16
3965 4.58214e+16
3966 4.58214e+16
3967 4.58214e+16
3968 4.58214e+16
3969 4.58214e+16
3970 4.58214e+16
3971 4.58214e+16
3972 4.58214e+16
3973 4.58214e+16
3974 4.58214e+16
3975 4.58214e+16
3976 4.58214e+16
3977 4.58214e+16
3978 4.58214e+16
3979 4.58214e+16
3980 4.58214e+16
3981 4.58214e+16
3982 4.58214e+16
3983 4.58214e+16
3984 4.58214e+16
3985 4.58214e+16
3986 4.58214e+16
3987 4.58214e+16
3988 4.58214e+16
3989 4.58214e+16
3990 4.58214e+16
3991 4.58214e+16
3992 4.58214e+16
3993 4.58214e+16
3994 4.58214e+16
3995 4.58214e+16
3996 4.58214e+16
3997 4.58214e+16
3998 4.58214e+16
3999 4.58214e+16
4000 4.58214e+16
4001 4.58214e+16
4002 4.58214e+16
4003 4.58214e+16
4004 4.58214e+16
4005 4.58214e+16
4006 4.58214e+16
4007 4.58214e+16
4008 4.58214e+16
4009 4.58214e+16
4010 4.58214e+16
4011 4.58214e+16
4012 4.58214e+16
4013 4.58214e+16
4014 4.58214e+16
4015 4.58214e+16
4016 4.58214e+16
4017 4.58214e+16
4018 4.58214e+16
4019 4.58214e+16
4020 4.58214e+16
4021 4.58214e+16
4022 4.58214e+16
4023 4.58214e+16
4024 4.58214e+16
4025 4.58214e+16
4026 4.58214e+16
4027 4.58214e+16
4028 4.58214e+16
4029 4.58214e+16
4030 4.58214e+16
4031 4.58214e+16
4032 4.58214e+16
4033 4.58214e+16
4034 4.58214e+16
4035 4.58214e+16
4036 4.58214e+16
4037 4.58214e+16
4038 4.58214e+16
4039 4.58214e+16
4040 4.58214e+16
4041 4.58214e+16
4042 4.58214e+16
4043 4.58214e+16
4044 4.58214e+16
4045 4.58214e+16
4046 4.58214e+16
4047 4.58214e+16
4048 4.58214e+16
4049 4.58214e+16
4050 4.58214e+16
4051 4.58214e+16
4052 4.58214e+16
4053 4.58214e+16
4054 4.58214e+16
4055 4.58214e+16
4056 4.58214e+16
4057 4.58214e+16
4058 4.58214e+16
4059 4.58214e+16
4060 4.58214e+16
4061 4.58214e+16
4062 4.58214e+16
4063 4.58214e+16
4064 4.58214e+16
4065 4.58214e+16
4066 4.58214e+16
4067 4.58214e+16
4068 4.58214e+16
4069 4.58214e+16
4070 4.58214e+16
4071 4.58214e+16
4072 4.58214e+16
4073 4.58214e+16
4074 4.58214e+16
4075 4.58214e+16
4076 4.58214e+16
4077 4.58214e+16
4078 4.58214e+16
4079 4.58214e+16
4080 4.58214e+16
4081 4.58214e+16
4082 4.58214e+16
4083 4.58214e+16
4084 4.58214e+16
4085 4.58214e+16
4086 4.58214e+16
4087 4.58214e+16
4088 4.58214e+16
4089 4.58214e+16
4090 4.58214e+16
4091 4.58214e+16
4092 4.58214e+16
4093 4.58214e+16
4094 4.58214e+16
4095 4.58214e+16
4096 4.58214e+16
4097 4.58214e+16
4098 4.58214e+16
4099 4.58214e+16
4100 4.58214e+16
4101 4.58214e+16
4102 4.58214e+16
4103 4.58214e+16
4104 4.58214e+16
4105 4.58214e+16
4106 4.58214e+16
4107 4.58214e+16
4108 4.58214e+16
4109 4.58214e+16
4110 4.58214e+16
4111 4.58214e+16
4112 4.58214e+16
4113 4.58214e+16
4114 4.58214e+16
4115 4.58214e+16
4116 4.58214e+16
4117 4.58214e+16
4118 4.58214e+16
4119 4.58214e+16
4120 4.58214e+16
4121 4.58214e+16
4122 4.58214e+16
4123 4.58214e+16
4124 4.58214e+16
4125 4.58214e+16
4126 4.58214e+16
4127 4.58214e+16
4128 4.58214e+16
4129 4.58214e+16
4130 4.58214e+16
4131 4.58214e+16
4132 4.58214e+16
4133 4.58214e+16
4134 4.58214e+16
4135 4.58214e+16
4136 4.58214e+16
4137 4.58214e+16
4138 4.58214e+16
4139 4.58214e+16
4140 4.58214e+16
4141 4.58214e+16
4142 4.58214e+16
4143 4.58214e+16
4144 4.58214e+16
4145 4.58214e+16
4146 4.58214e+16
4147 4.58214e+16
4148 4.58214e+16
4149 4.58214e+16
4150 4.58214e+16
4151 4.58214e+16
4152 4.58214e+16
4153 4.58214e+16
4154 4.58214e+16
4155 4.58214e+16
4156 4.58214e+16
4157 4.58214e+16
4158 4.58214e+16
4159 4.58214e+16
4160 4.58214e+16
4161 4.58214e+16
4162 4.58214e+16
4163 4.58214e+16
4164 4.58214e+16
4165 4.58214e+16
4166 4.58214e+16
4167 4.58214e+16
4168 4.58214e+16
4169 4.58214e+16
4170 4.58214e+16
4171 4.58214e+16
4172 4.58214e+16
4173 4.58214e+16
4174 4.58214e+16
4175 4.58214e+16
4176 4.58214e+16
4177 4.58214e+16
4178 4.58214e+16
4179 4.58214e+16
4180 4.58214e+16
4181 4.58214e+16
4182 4.58214e+16
4183 4.58214e+16
4184 4.58214e+16
4185 4.58214e+16
4186 4.58214e+16
4187 4.58214e+16
4188 4.58214e+16
4189 4.58214e+16
4190 4.58214e+16
4191 4.58214e+16
4192 4.58214e+16
4193 4.58214e+16
4194 4.58214e+16
4195 4.58214e+16
4196 4.58214e+16
4197 4.58214e+16
4198 4.58214e+16
4199 4.58214e+16
4200 4.58214e+16
4201 4.58214e+16
4202 4.58214e+16
4203 4.58214e+16
4204 4.58214e+16
4205 4.58214e+16
4206 4.58214e+16
4207 4.58214e+16
4208 4.58214e+16
4209 4.58214e+16
4210 4.58214e+16
4211 4.58214e+16
4212 4.58214e+16
4213 4.58214e+16
4214 4.58214e+16
4215 4.58214e+16
4216 4.58214e+16
4217 4.58214e+16
4218 4.58214e+16
4219 4.58214e+16
4220 4.58214e+16
4221 4.58214e+16
4222 4.58214e+16
4223 4.58214e+16
4224 4.58214e+16
4225 4.58214e+16
4226 4.58214e+16
4227 4.58214e+16
4228 4.58214e+16
4229 4.58214e+16
4230 4.58214e+16
4231 4.58214e+16
4232 4.58214e+16
4233 4.58214e+16
4234 4.58214e+16
4235 4.58214e+16
4236 4.58214e+16
4237 4.58214e+16
4238 4.58214e+16
4239 4.58214e+16
4240 4.58214e+16
4241 4.58214e+16
4242 4.58214e+16
4243 4.58214e+16
4244 4.58214e+16
4245 4.58214e+16
4246 4.58214e+16
4247 4.58214e+16
4248 4.58214e+16
4249 4.58214e+16
4250 4.58214e+16
4251 4.58214e+16
4252 4.58214e+16
4253 4.58214e+16
4254 4.58214e+16
4255 4.58214e+16
4256 4.58214e+16
4257 4.58214e+16
4258 4.58214e+16
4259 4.58214e+16
4260 4.58214e+16
4261 4.58214e+16
4262 4.58214e+16
4263 4.58214e+16
4264 4.58214e+16
4265 4.58214e+16
4266 4.58214e+16
4267 4.58214e+16
4268 4.58214e+16
4269 4.58214e+16
4270 4.58214e+16
4271 4.58214e+16
4272 4.58214e+16
4273 4.58214e+16
4274 4.58214e+16
4275 4.58214e+16
4276 4.58214e+16
4277 4.58214e+16
4278 4.58214e+16
4279 4.58214e+16
4280 4.58214e+16
4281 4.58214e+16
4282 4.58214e+16
4283 4.58214e+16
4284 4.58214e+16
4285 4.58214e+16
4286 4.58214e+16
4287 4.58214e+16
4288 4.58214e+16
4289 4.58214e+16
4290 4.58214e+16
4291 4.58214e+16
4292 4.58214e+16
4293 4.58214e+16
4294 4.58214e+16
4295 4.58214e+16
4296 4.58214e+16
4297 4.58214e+16
4298 4.58214e+16
4299 4.58214e+16
4300 4.58214e+16
4301 4.58214e+16
4302 4.58214e+16
4303 4.58214e+16
4304 4.58214e+16
4305 4.58214e+16
4306 4.58214e+16
4307 4.58214e+16
4308 4.58214e+16
4309 4.58214e+16
4310 4.58214e+16
4311 4.58214e+16
4312 4.58214e+16
4313 4.58214e+16
4314 4.58214e+16
4315 4.58214e+16
4316 4.58214e+16
4317 4.58214e+16
4318 4.58214e+16
4319 4.58214e+16
4320 4.58214e+16
4321 4.58214e+16
4322 4.58214e+16
4323 4.58214e+16
4324 4.58214e+16
4325 4.58214e+16
4326 4.58214e+16
4327 4.58214e+16
4328 4.58214e+16
4329 4.58214e+16
4330 4.58214e+16
4331 4.58214e+16
4332 4.58214e+16
4333 4.58214e+16
4334 4.58214e+16
4335 4.58214e+16
4336 4.58214e+16
4337 4.58214e+16
4338 4.58214e+16
4339 4.58214e+16
4340 4.58214e+16
4341 4.58214e+16
4342 4.58214e+16
4343 4.58214e+16
4344 4.58214e+16
4345 4.58214e+16
4346 4.58214e+16
4347 4.58214e+16
4348 4.58214e+16
4349 4.58214e+16
4350 4.58214e+16
4351 4.58214e+16
4352 4.58214e+16
4353 4.58214e+16
4354 4.58214e+16
4355 4.58214e+16
4356 4.58214e+16
4357 4.58214e+16
4358 4.58214e+16
4359 4.58214e+16
4360 4.58214e+16
4361 4.58214e+16
4362 4.58214e+16
4363 4.58214e+16
4364 4.58214e+16
4365 4.58214e+16
4366 4.58214e+16
4367 4.58214e+16
4368 4.58214e+16
4369 4.58214e+16
4370 4.58214e+16
4371 4.58214e+16
4372 4.58214e+16
4373 4.58214e+16
4374 4.58214e+16
4375 4.58214e+16
4376 4.58214e+16
4377 4.58214e+16
4378 4.58214e+16
4379 4.58214e+16
4380 4.58214e+16
4381 4.58214e+16
4382 4.58214e+16
4383 4.58214e+16
4384 4.58214e+16
4385 4.58214e+16
4386 4.58214e+16
4387 4.58214e+16
4388 4.58214e+16
4389 4.58214e+16
4390 4.58214e+16
4391 4.58214e+16
4392 4.58214e+16
4393 4.58214e+16
4394 4.58214e+16
4395 4.58214e+16
4396 4.58214e+16
4397 4.58214e+16
4398 4.58214e+16
4399 4.58214e+16
4400 4.58214e+16
4401 4.58214e+16
4402 4.58214e+16
4403 4.58214e+16
4404 4.58214e+16
4405 4.58214e+16
4406 4.58214e+16
4407 4.58214e+16
4408 4.58214e+16
4409 4.58214e+16
4410 4.58214e+16
4411 4.58214e+16
4412 4.58214e+16
4413 4.58214e+16
4414 4.58214e+16
4415 4.58214e+16
4416 4.58214e+16
4417 4.58214e+16
4418 4.58214e+16
4419 4.58214e+16
4420 4.58214e+16
4421 4.58214e+16
4422 4.58214e+16
4423 4.58214e+16
4424 4.58214e+16
4425 4.58214e+16
4426 4.58214e+16
4427 4.58214e+16
4428 4.58214e+16
4429 4.58214e+16
4430 4.58214e+16
4431 4.58214e+16
4432 4.58214e+16
4433 4.58214e+16
4434 4.58214e+16
4435 4.58214e+16
4436 4.58214e+16
4437 4.58214e+16
4438 4.58214e+16
4439 4.58214e+16
4440 4.58214e+16
4441 4.58214e+16
4442 4.58214e+16
4443 4.58214e+16
4444 4.58214e+16
4445 4.58214e+16
