# 1: Time step number
# 2: Time (years)
# 3: Number of mesh cells
# 4: Number of Stokes degrees of freedom
# 5: Number of temperature degrees of freedom
# 6: Iterations for temperature solver
# 7: Iterations for Stokes solver
# 8: Velocity iterations in Stokes preconditioner
# 9: Schur complement iterations in Stokes preconditioner
# 10: Time step size (years)
# 11: Visualization file name
 0 0.0000e+00 128 4356 1377 0  92  750 1565 0.0000e+00                     "" 
 0 0.0000e+00   0    0    0 0  48  352  829 0.0000e+00                     "" 
 1 4.0661e+05 128 4356 1377 3   0    0    0 4.0661e+05 time_yr/solution-00000 
 0 0.0000e+00   0    0    0 0  52  420  914 0.0000e+00                     "" 
 0 0.0000e+00   0    0    0 0  21  117  371 0.0000e+00                     "" 
 2 7.9672e+05 128 4356 1377 3   0    0    0 3.9011e+05 time_yr/solution-00001 
 0 0.0000e+00   0    0    0 0  55  414  978 0.0000e+00                     "" 
 3 1.2676e+06 128 4356 1377 3   0    0    0 4.7084e+05 time_yr/solution-00002 
 0 0.0000e+00   0    0    0 0  89  649 1563 0.0000e+00                     "" 
 4 1.6898e+06 128 4356 1377 3   0    0    0 4.2220e+05 time_yr/solution-00003 
 0 0.0000e+00   0    0    0 0  92  652 1640 0.0000e+00                     "" 
 5 2.2774e+06 128 4356 1377 2   0    0    0 5.8767e+05 time_yr/solution-00004 
 0 0.0000e+00   0    0    0 0  93  615 1690 0.0000e+00                     "" 
 0 0.0000e+00   0    0    0 0   7   40  138 0.0000e+00                     "" 
 6 3.0424e+06 128 4356 1377 2   0    0    0 7.6492e+05 time_yr/solution-00005 
 0 0.0000e+00   0    0    0 0  96  633 1759 0.0000e+00                     "" 
 7 3.8903e+06 128 4356 1377 2   0    0    0 8.4790e+05 time_yr/solution-00006 
 0 0.0000e+00   0    0    0 0  90  561 1639 0.0000e+00                     "" 
 8 4.7526e+06 128 4356 1377 2   0    0    0 8.6235e+05 time_yr/solution-00007 
 0 0.0000e+00   0    0    0 0 138  885 2529 0.0000e+00                     "" 
 0 0.0000e+00   0    0    0 0   2   15   50 0.0000e+00                     "" 
 9 5.6136e+06 128 4356 1377 2   0    0    0 8.6098e+05 time_yr/solution-00008 
 0 0.0000e+00   0    0    0 0 118  754 2127 0.0000e+00                     "" 
10 6.4559e+06 128 4356 1377 1   0    0    0 8.4236e+05 time_yr/solution-00009 
 0 0.0000e+00   0    0    0 0 147  928 2665 0.0000e+00                     "" 
11 7.2785e+06 128 4356 1377 1   0    0    0 8.2256e+05 time_yr/solution-00010 
 0 0.0000e+00   0    0    0 0 147  996 2682 0.0000e+00                     "" 
12 8.0791e+06 128 4356 1377 1   0    0    0 8.0058e+05 time_yr/solution-00011 
 0 0.0000e+00   0    0    0 0 147  928 2683 0.0000e+00                     "" 
13 8.8583e+06 128 4356 1377 1   0    0    0 7.7918e+05 time_yr/solution-00012 
 0 0.0000e+00   0    0    0 0  96  604 1751 0.0000e+00                     "" 
14 9.6196e+06 128 4356 1377 1   0    0    0 7.6133e+05 time_yr/solution-00013 
 0 0.0000e+00   0    0    0 0 146  926 2656 0.0000e+00                     "" 
15 1.0365e+07 128 4356 1377 1   0    0    0 7.4586e+05 time_yr/solution-00014 
 0 0.0000e+00   0    0    0 0 315 1962 5765 0.0000e+00                     "" 
16 1.1096e+07 128 4356 1377 1   0    0    0 7.3068e+05 time_yr/solution-00015 
 0 0.0000e+00   0    0    0 0 240 1550 4367 0.0000e+00                     "" 
17 1.1817e+07 128 4356 1377 1   0    0    0 7.2077e+05 time_yr/solution-00016 
 0 0.0000e+00   0    0    0 0 146  938 2647 0.0000e+00                     "" 
 0 0.0000e+00   0    0    0 0   0    0    0 7.1195e+05 time_yr/solution-00017 
