6.07091e+06 263209 -937697 95.3763
6.00103e+06 789479 -941127 75.3887
6.10133e+06 264693 -670491 82.696
6.20983e+06 270611 -957487 -9.9057
6.15452e+06 810718 -963598 2.73964
6.24515e+06 272215 -685140 -7.61588
6.1908e+06 815537 -689642 17.1451
5.91103e+06 1.31237e+06 -941476 115.391
5.80047e+06 1.83144e+06 -938669 106.19
5.82897e+06 1.84021e+06 -671154 101.434
6.065e+06 1.34607e+06 -964367 -425.989
5.93712e+06 1.8733e+06 -959072 -1047.96
6.1006e+06 1.35379e+06 -690194 -607.081
5.9698e+06 1.88345e+06 -686204 -1292.76
6.12555e+06 265839 -402644 104.583
6.14369e+06 266650 -134222 134.546
6.26972e+06 273366 -411605 -14.5691
6.21684e+06 819048 -414392 2.00092
6.28412e+06 274086 -137260 -26.5083
6.23278e+06 821210 -138202 0.240892
5.8518e+06 1.84728e+06 -403022 103.342
5.86912e+06 1.85272e+06 -134348 111.174
6.12603e+06 1.35923e+06 -414705 -466.524
5.99262e+06 1.89053e+06 -412189 -1462.63
6.14092e+06 1.36239e+06 -138290 -264.299
6.00615e+06 1.89472e+06 -137441 -1372.49
6.1443e+06 266662 134345 108.036
6.12754e+06 265886 403024 23.5718
6.28447e+06 274106 137409 -13.473
6.23333e+06 821203 138350 0.755991
6.2722e+06 273512 412125 0.874757
6.22103e+06 819347 414969 -1.40665
5.86922e+06 1.8527e+06 134358 110.903
5.85212e+06 1.84724e+06 403054 99.7165
6.14133e+06 1.36235e+06 138385 -229.196
6.00626e+06 1.89468e+06 137460 -1256.68
6.12776e+06 1.35919e+06 414989 -63.7431
5.99293e+06 1.89042e+06 412226 -770.537
6.10506e+06 264755 671168 99.4675
6.07648e+06 263251 938683 94.0697
6.00577e+06 789589 941944 107.077
6.25136e+06 272427 686213 -22.0851
6.19784e+06 816021 690669 -10.823
6.21865e+06 270776 959028 -296.679
6.16271e+06 811102 964982 -10.5009
5.82936e+06 1.8401e+06 671196 98.078
5.91384e+06 1.31235e+06 941952 118.908
5.80079e+06 1.83122e+06 938712 100.234
6.10384e+06 1.35376e+06 690668 -55.0302
5.97e+06 1.88318e+06 686212 -440.49
6.06867e+06 1.34588e+06 964979 -10.7038
5.93684e+06 1.87277e+06 959006 -64.5212
