2.50223 -8.74994 1.57309e-09 -3.71668e-08 -3.31618e-10
7.50805 -8.81646 -1.13557e-08 8.99832e-08 3.21924e-09
2.50225 -6.24994 3.76803e-10 -1.86399e-08 -3.99346e-09
7.50823 -6.29781 -1.21533e-08 9.67973e-08 5.43044e-09
12.5122 -8.81662 -2.21293e-08 1.00996e-07 1.78495e-09
17.5054 -8.7506 -3.96395e-09 1.35726e-08 1.96332e-09
12.5107 -6.29816 -2.15198e-08 9.91611e-08 4.27314e-09
17.5043 -6.25103 -2.99625e-09 1.06424e-08 3.13596e-09
2.50285 -3.75016 7.51005e-10 -1.78815e-08 -4.66521e-10
7.50882 -3.77848 -1.28868e-08 1.01539e-07 7.46054e-09
2.50403 -1.25007 1.32597e-09 -2.29052e-08 1.48473e-08
7.50952 -1.25929 -1.18951e-08 9.01577e-08 -4.70031e-10
12.5089 -3.7787 -1.99019e-08 9.23198e-08 8.57165e-09
17.5035 -3.7507 -2.28116e-09 8.28361e-09 4.81832e-09
12.5071 -1.25936 -1.71041e-08 7.78956e-08 7.77006e-09
17.5026 -1.25015 -2.10711e-09 7.11311e-09 5.94337e-09
2.50407 1.25145 6.08545e-10 -2.7073e-08 2.63151e-08
7.50892 1.26065 -1.03884e-08 7.86344e-08 1.06258e-09
2.50398 3.75393 -2.67346e-09 -1.65188e-08 5.17067e-08
7.50593 3.78171 -8.42692e-09 5.57711e-08 1.61786e-08
12.5057 1.26023 -1.48909e-08 6.68738e-08 2.59325e-09
17.5019 1.25033 -2.60236e-09 7.76062e-09 6.77973e-09
12.5043 3.78056 -1.25202e-08 5.4644e-08 5.93296e-09
17.5015 3.75091 -4.60499e-09 1.38014e-08 3.68115e-09
2.50145 6.25398 -4.56717e-09 -9.04718e-09 4.52392e-08
7.50388 6.30036 -5.80215e-09 2.97174e-08 1.69515e-08
2.49999 8.75179 -2.13039e-09 -2.78668e-09 1.46149e-08
7.50092 8.81761 -3.25543e-09 2.24186e-08 1.94042e-09
12.5025 6.29939 -9.2075e-09 4.3029e-08 -2.95172e-09
17.5012 6.25096 -6.33879e-09 2.16996e-08 -4.38424e-09
12.5016 8.81717 -7.57202e-09 3.61445e-08 -2.78262e-09
17.5011 8.75054 -8.16319e-09 2.95545e-08 -7.16202e-09
