26.2812 -9.70512 1.83197e-06 -5.51136e-06 -4.66427e-06
26.8437 -9.7116 1.98023e-07 -3.49675e-06 -8.1938e-06
26.2812 -9.23924 3.65977e-06 -8.14259e-06 -1.99112e-06
26.8437 -9.24541 8.43545e-07 -2.26098e-06 -1.64837e-06
27.4062 -9.71715 -1.65005e-06 6.65159e-07 -6.7664e-06
27.9686 -9.72177 2.65179e-06 -6.63086e-06 -4.48108e-06
27.4062 -9.2507 -1.69732e-06 2.78108e-06 -1.3919e-06
27.9687 -9.25511 1.09316e-06 -2.05435e-06 1.2388e-08
26.2812 -8.77336 3.56042e-06 -7.05409e-06 4.47044e-07
26.8437 -8.77923 1.14518e-06 -1.51152e-06 2.19658e-06
26.2812 -8.30748 3.52843e-06 -7.52126e-06 -1.14056e-06
26.8437 -8.31305 7.64945e-07 -2.15791e-06 -1.99776e-06
27.4062 -8.78426 -8.02011e-07 2.02708e-06 1.43054e-06
27.9687 -8.78845 1.67602e-06 -3.03938e-06 3.54704e-07
27.4062 -8.31782 -1.45245e-06 2.34127e-06 -1.44838e-06
27.9687 -8.32179 1.51816e-06 -3.03021e-06 -5.48882e-07
28.5312 -9.72548 1.6506e-05 -3.06122e-05 -7.00656e-07
29.0937 -9.72825 1.64453e-05 -3.17844e-05 -6.32578e-06
28.5312 -9.25864 1.89296e-05 -3.45398e-05 8.17548e-07
29.0937 -9.26128 2.11764e-05 -4.18708e-05 -1.13743e-05
29.6562 -9.7301 1.69765e-06 -5.74522e-06 -7.97453e-06
30.2187 -9.73103 -1.9208e-06 2.26795e-06 -3.02242e-06
29.6562 -9.26305 -8.17261e-07 -2.68923e-06 -1.25132e-05
30.2187 -9.26393 -3.52276e-06 2.52944e-06 -1.08576e-05
28.5312 -8.7918 2.07409e-05 -3.88562e-05 -2.1798e-06
29.0937 -8.79432 2.27922e-05 -4.29962e-05 -6.39935e-06
28.5312 -8.32497 2.13504e-05 -3.92203e-05 1.67631e-07
29.0937 -8.32736 2.34314e-05 -4.34547e-05 -4.47124e-06
29.6562 -8.79599 -1.27606e-07 -1.91218e-06 -6.83113e-06
30.2187 -8.79683 -2.68717e-06 2.19087e-06 -7.87931e-06
29.6562 -8.32895 1.60001e-07 -2.15873e-06 -6.34621e-06
30.2187 -8.32974 -2.42145e-06 2.44136e-06 -5.89871e-06
26.2812 -7.84161 3.43493e-06 -7.05733e-06 -3.26467e-07
26.8437 -7.84687 9.26352e-07 -1.63244e-06 6.48616e-07
26.2812 -7.37574 3.4866e-06 -7.17669e-06 -3.97743e-07
26.8437 -7.38069 8.18182e-07 -1.84643e-06 -8.00978e-07
27.4062 -7.85138 -1.06207e-06 2.17551e-06 4.24295e-07
27.9687 -7.85514 1.71567e-06 -3.34808e-06 -3.98094e-07
27.4062 -7.38494 -1.26435e-06 2.2511e-06 -6.6567e-07
27.9687 -7.38848 1.60822e-06 -3.13122e-06 -3.71062e-07
26.2812 -6.90987 3.55127e-06 -7.03735e-06 5.62803e-07
26.8437 -6.91452 9.46284e-07 -1.76765e-06 3.80296e-07
26.2812 -6.44401 3.44525e-06 -6.81855e-06 6.19922e-07
26.8437 -6.44835 8.89311e-07 -1.7341e-06 9.23081e-08
27.4062 -6.91851 -1.15976e-06 2.32812e-06 3.46371e-07
27.9687 -6.92183 1.75994e-06 -3.25461e-06 2.30682e-07
27.4062 -6.45208 -1.13773e-06 2.19744e-06 1.27033e-08
27.9687 -6.45518 1.60753e-06 -2.96239e-06 2.69122e-07
28.5312 -7.85815 2.14875e-05 -3.97822e-05 -8.94626e-07
29.0937 -7.8604 2.39763e-05 -4.43182e-05 -4.33284e-06
28.5312 -7.39132 2.15633e-05 -3.97548e-05 -3.37581e-07
29.0937 -7.39344 2.40158e-05 -4.41422e-05 -3.68403e-06
29.6562 -7.8619 3.04509e-07 -2.00971e-06 -5.28502e-06
30.2187 -7.86265 -2.16993e-06 2.01434e-06 -6.23648e-06
29.6562 -7.39485 9.68499e-07 -2.815e-06 -4.24709e-06
30.2187 -7.39556 -1.56418e-06 1.61023e-06 -4.16945e-06
28.5312 -6.92449 2.16728e-05 -3.99172e-05 -2.06982e-07
29.0937 -6.92648 2.44747e-05 -4.3925e-05 2.34525e-07
28.5312 -6.45767 2.00676e-05 -3.68717e-05 1.70119e-07
29.0937 -6.45953 2.36112e-05 -4.23108e-05 5.19576e-07
29.6562 -6.92781 8.91487e-07 -1.46457e-06 4.11913e-07
30.2187 -6.92848 -1.44346e-06 2.64929e-06 7.08439e-07
29.6562 -6.46077 1.05835e-06 -1.65051e-06 9.10024e-07
30.2187 -6.46139 -2.01836e-06 3.70926e-06 1.08426e-06
