26.2812 -2.25132 2.37495e-06 -4.85944e-06 -5.64624e-07
26.8437 -2.25285 6.52412e-07 -1.30692e-06 -2.04475e-07
26.2812 -1.78552 2.77635e-06 -5.67332e-06 -7.26683e-07
26.8437 -1.78674 6.67852e-07 -1.35491e-06 -5.10876e-07
27.4062 -2.25416 -9.18359e-07 1.72644e-06 -5.23655e-07
27.9687 -2.25526 1.02126e-06 -1.99309e-06 -8.31872e-07
27.4062 -1.78778 -8.33644e-07 1.5618e-06 -6.78893e-07
27.9687 -1.78864 1.15324e-06 -2.21642e-06 -6.70269e-07
26.2812 -1.31973 2.90445e-06 -5.90929e-06 -5.33068e-07
26.8437 -1.32062 8.88063e-07 -1.76988e-06 -2.96566e-07
26.2812 -0.853928 2.98997e-06 -6.06614e-06 -3.38941e-07
26.8437 -0.854509 8.58464e-07 -1.70395e-06 -2.33045e-07
27.4062 -1.32139 -9.63166e-07 1.83741e-06 -4.03674e-07
27.9687 -1.32203 1.20435e-06 -2.27104e-06 -6.09553e-08
27.4062 -0.855006 -1.03356e-06 1.99155e-06 -5.70928e-08
27.9687 -0.855421 1.31227e-06 -2.46778e-06 1.09854e-07
28.5312 -2.25613 1.30816e-05 -2.4128e-05 -7.98713e-07
29.0937 -2.25679 1.96045e-05 -3.57106e-05 -5.91413e-06
28.5312 -1.78934 1.5344e-05 -2.82572e-05 -5.17813e-07
29.0937 -1.78986 2.10146e-05 -3.83156e-05 -8.55958e-06
29.6562 -2.25722 2.00498e-06 -4.03948e-06 -6.50396e-06
30.2187 -2.25744 -3.05017e-06 4.72773e-06 -6.49918e-06
29.6562 -1.7902 1.55209e-06 -3.30009e-06 -9.08937e-06
30.2187 -1.79038 -3.0136e-06 4.629e-06 -8.77515e-06
28.5312 -1.32254 1.71743e-05 -3.16108e-05 -4.28222e-07
29.0937 -1.32293 2.19635e-05 -3.96535e-05 -3.8469e-06
28.5312 -0.855752 1.79634e-05 -3.30461e-05 -1.44189e-07
29.0937 -0.856001 2.24926e-05 -4.05127e-05 -2.96123e-06
29.6562 -1.32319 1.35729e-06 -2.59273e-06 -4.47555e-06
30.2187 -1.32331 -2.71783e-06 4.46406e-06 -4.40362e-06
29.6562 -0.856167 1.3188e-06 -2.4167e-06 -3.32741e-06
30.2187 -0.856249 -2.61294e-06 4.38742e-06 -3.32326e-06
26.2812 -0.388132 2.97331e-06 -6.0306e-06 -6.27455e-07
26.8437 -0.388396 8.91271e-07 -1.76378e-06 -1.8054e-07
26.2812 0.0776645 3.06349e-06 -6.20281e-06 -2.60685e-07
26.8437 0.0777176 8.33348e-07 -1.64573e-06 -2.97511e-07
27.4062 -0.388622 -1.14152e-06 2.19897e-06 -1.8014e-07
27.9687 -0.38881 1.37281e-06 -2.58854e-06 -2.25486e-07
27.4062 0.0777632 -1.14777e-06 2.21376e-06 -2.55493e-08
27.9687 0.0778012 1.47286e-06 -2.77306e-06 -2.17832e-07
26.2812 0.543461 3.06042e-06 -6.20618e-06 4.09842e-07
26.8437 0.543831 8.48497e-07 -1.68321e-06 3.16542e-07
26.2812 1.00926 2.94551e-06 -5.98671e-06 5.53486e-07
26.8437 1.00994 8.20444e-07 -1.63016e-06 2.31459e-07
27.4062 0.544148 -1.13288e-06 2.18122e-06 1.81326e-07
27.9687 0.544412 1.44075e-06 -2.71751e-06 2.11322e-07
27.4062 1.01053 -1.07331e-06 2.06615e-06 1.02397e-07
27.9687 1.01102 1.38274e-06 -2.61859e-06 3.88522e-07
28.5312 -0.38896 1.89298e-05 -3.4826e-05 -4.88679e-07
29.0937 -0.389073 2.28874e-05 -4.11743e-05 -3.09488e-06
28.5312 0.0778317 1.99204e-05 -3.66413e-05 4.98044e-08
29.0937 0.0778547 2.33168e-05 -4.18977e-05 -1.82659e-06
29.6562 -0.389148 1.17301e-06 -2.10991e-06 -3.62447e-06
30.2187 -0.389186 -2.45046e-06 4.15684e-06 -3.72763e-06
29.6562 0.0778701 9.60847e-07 -1.68262e-06 -1.79093e-06
30.2187 0.077878 -2.22489e-06 3.82494e-06 -1.88095e-06
28.5312 0.544624 1.98182e-05 -3.64556e-05 1.19199e-07
29.0937 0.544783 2.32436e-05 -4.18288e-05 2.94878e-06
28.5312 1.01142 1.84224e-05 -3.39012e-05 4.20702e-07
29.0937 1.01171 2.26091e-05 -4.07316e-05 2.77243e-06
29.6562 0.544889 9.60347e-07 -1.74012e-06 2.78142e-06
30.2187 0.544942 -2.26084e-06 3.82837e-06 2.81619e-06
29.6562 1.01191 1.16555e-06 -2.1533e-06 2.97618e-06
30.2187 1.01201 -2.59592e-06 4.3515e-06 3.00243e-06
30.7813 -2.25744 2.84036e-06 -5.2588e-06 -6.36784e-06
31.3438 -2.25722 -2.62885e-06 3.82021e-06 -6.5464e-06
30.7813 -1.79038 2.57639e-06 -4.86674e-06 -8.8671e-06
31.3438 -1.7902 -2.10419e-06 2.91011e-06 -9.06569e-06
31.9063 -2.25679 -2.17149e-05 3.44308e-05 -5.99675e-06
32.4688 -2.25613 -1.46999e-05 2.30404e-05 -8.3971e-07
31.9063 -1.78986 -2.32668e-05 3.6861e-05 -8.61875e-06
32.4688 -1.78934 -1.74215e-05 2.73426e-05 -6.29739e-07
30.7813 -1.32331 2.53929e-06 -4.46647e-06 -4.51048e-06
31.3438 -1.32319 -1.64226e-06 2.49766e-06 -4.47565e-06
30.7813 -0.856249 2.51561e-06 -4.31975e-06 -3.30854e-06
31.3438 -0.856167 -1.38418e-06 2.17543e-06 -3.38431e-06
31.9063 -1.32293 -2.40739e-05 3.84977e-05 -3.87502e-06
32.4688 -1.32254 -1.92251e-05 3.01992e-05 -3.38142e-07
31.9063 -0.856001 -2.44746e-05 3.92246e-05 -3.04077e-06
32.4688 -0.855752 -2.02957e-05 3.18891e-05 -2.52561e-07
33.0313 -2.25526 -1.28536e-06 1.91691e-06 -8.30604e-07
33.5938 -2.25416 1.01122e-06 -1.56354e-06 -5.7863e-07
33.0313 -1.78864 -1.36311e-06 2.05941e-06 -6.4757e-07
33.5938 -1.78778 1.00455e-06 -1.54903e-06 -6.50652e-07
34.1563 -2.25285 -7.54209e-07 1.09472e-06 -2.40993e-07
34.7188 -2.25132 -3.14085e-06 4.49358e-06 -5.681e-07
34.1563 -1.78674 -9.43491e-07 1.35965e-06 -5.56882e-07
34.7188 -1.78552 -3.59482e-06 5.14808e-06 -7.28425e-07
33.0313 -1.32203 -1.51786e-06 2.33149e-06 -7.1301e-08
33.5938 -1.32139 1.14851e-06 -1.73884e-06 -2.34831e-07
33.0313 -0.855421 -1.50638e-06 2.32131e-06 1.62472e-07
33.5938 -0.855006 1.26561e-06 -1.91286e-06 -2.78331e-07
34.1563 -1.32062 -1.03588e-06 1.51432e-06 -3.03035e-07
34.7188 -1.31973 -3.83242e-06 5.5092e-06 -5.35243e-07
34.1563 -0.854509 -1.10155e-06 1.62165e-06 -7.15082e-08
34.7188 -0.853928 -3.84826e-06 5.54541e-06 -3.17021e-07
30.7813 -0.389186 2.43082e-06 -4.13071e-06 -3.76194e-06
31.3438 -0.389148 -1.23616e-06 1.98153e-06 -3.68373e-06
30.7813 0.077878 2.24543e-06 -3.76452e-06 -1.89091e-06
31.3438 0.0778701 -9.86828e-07 1.62494e-06 -1.79309e-06
31.9063 -0.389073 -2.48738e-05 3.99115e-05 -3.13031e-06
32.4688 -0.38896 -2.13045e-05 3.34768e-05 -3.76063e-07
31.9063 0.0778547 -2.53231e-05 4.06779e-05 -1.76327e-06
32.4688 0.0778317 -2.24271e-05 3.52456e-05 1.37311e-07
30.7813 0.544942 2.25642e-06 -3.83862e-06 2.72354e-06
31.3438 0.544889 -1.02447e-06 1.63131e-06 2.77556e-06
30.7813 1.01201 2.52418e-06 -4.34221e-06 3.03353e-06
31.3438 1.01191 -1.26331e-06 1.97506e-06 2.9197e-06
31.9063 0.544783 -2.52883e-05 4.05635e-05 3.00044e-06
32.4688 0.544624 -2.22093e-05 3.48995e-05 2.28099e-07
31.9063 1.01171 -2.47141e-05 3.96031e-05 2.75773e-06
32.4688 1.01142 -2.06461e-05 3.24392e-05 2.35273e-07
33.0313 -0.38881 -1.61786e-06 2.48501e-06 -2.65961e-07
33.5938 -0.388622 1.34706e-06 -2.02982e-06 -1.51306e-07
33.0313 0.0778012 -1.65679e-06 2.54891e-06 -2.8812e-07
33.5938 0.0777632 1.41935e-06 -2.13659e-06 -8.1504e-08
34.1563 -0.388396 -1.12019e-06 1.64808e-06 -2.443e-07
34.7188 -0.388132 -3.81938e-06 5.50444e-06 -6.38679e-07
34.1563 0.0777176 -1.02978e-06 1.51855e-06 -3.23927e-07
34.7188 0.0776645 -3.95346e-06 5.7061e-06 -2.40371e-07
33.0313 0.544412 -1.61103e-06 2.47565e-06 1.23899e-07
33.5938 0.544148 1.27918e-06 -1.92839e-06 1.52494e-07
33.0313 1.01102 -1.51054e-06 2.30512e-06 5.59983e-07
33.5938 1.01053 1.24143e-06 -1.87395e-06 1.57156e-07
34.1563 0.543831 -1.11179e-06 1.6309e-06 4.57827e-07
34.7188 0.543461 -3.92894e-06 5.66316e-06 4.18947e-07
34.1563 1.00994 -1.05405e-06 1.54657e-06 2.22069e-07
34.7188 1.00926 -3.77734e-06 5.43409e-06 5.58082e-07
26.2812 1.47505 2.97946e-06 -6.00356e-06 -5.13778e-07
26.8437 1.47606 8.86166e-07 -1.74362e-06 -1.29183e-07
26.2812 1.94085 3.11675e-06 -6.27538e-06 -4.71455e-07
26.8437 1.94217 8.61788e-07 -1.6642e-06 -5.14231e-07
27.4062 1.47692 -1.08771e-06 2.10411e-06 -1.11845e-07
27.9687 1.47763 1.36973e-06 -2.56142e-06 -3.28343e-07
27.4062 1.9433 -1.12048e-06 2.18327e-06 -3.01526e-07
27.9687 1.94424 1.49264e-06 -2.78644e-06 -3.38613e-07
26.2812 2.40665 3.14271e-06 -6.39999e-06 3.78843e-07
26.8437 2.40828 8.47027e-07 -1.73711e-06 6.81344e-07
26.2812 2.87245 3.07473e-06 -6.26451e-06 3.36636e-07
26.8437 2.8744 8.7252e-07 -1.64194e-06 -7.38224e-07
27.4062 2.40968 -1.16596e-06 2.20483e-06 4.80644e-07
27.9687 2.41085 1.4519e-06 -2.76957e-06 3.9359e-07
27.4062 2.87607 -1.11432e-06 2.21876e-06 -6.37694e-07
27.9687 2.87746 1.45978e-06 -2.73773e-06 -1.05761e-07
28.5312 1.47821 1.85337e-05 -3.40694e-05 -3.89289e-07
29.0937 1.47864 2.2774e-05 -4.07871e-05 -2.63882e-06
28.5312 1.94499 2.01265e-05 -3.70122e-05 -1.14088e-07
29.0937 1.94556 2.35163e-05 -4.2063e-05 -2.84015e-06
29.6562 1.47892 1.24031e-06 -2.02734e-06 -2.89413e-06
30.2187 1.47907 -2.42792e-06 4.32727e-06 -3.09608e-06
29.6562 1.94594 1.00202e-06 -1.56151e-06 -2.88856e-06
30.2187 1.94612 -2.07465e-06 3.74652e-06 -2.73434e-06
28.5312 2.41178 2.05423e-05 -3.7791e-05 6.71225e-08
29.0937 2.41248 2.35236e-05 -4.24503e-05 2.02968e-06
28.5312 2.87857 1.97155e-05 -3.63212e-05 5.40969e-07
29.0937 2.87941 2.31619e-05 -4.19744e-05 3.38395e-06
29.6562 2.41295 7.93631e-07 -1.58495e-06 2.2438e-06
30.2187 2.41318 -2.09133e-06 3.41893e-06 2.0497e-06
29.6562 2.87996 8.6676e-07 -1.88231e-06 3.5409e-06
30.2187 2.88024 -2.34481e-06 3.62397e-06 4.01939e-06
26.2812 3.33825 3.20085e-06 -6.61948e-06 1.04528e-06
26.8437 3.34051 8.60018e-07 -1.93952e-06 1.85826e-06
26.2812 3.80405 3.10773e-06 -6.22346e-06 -4.64366e-07
26.8437 3.80663 8.93651e-07 -1.43503e-06 -2.24469e-06
27.4062 3.34245 -1.22832e-06 2.1873e-06 1.43238e-06
27.9687 3.34407 1.26272e-06 -2.43909e-06 4.90637e-07
27.4062 3.80884 -8.18408e-07 1.82264e-06 -1.6883e-06
27.9687 3.81068 1.36236e-06 -2.46166e-06 -7.31934e-07
26.2812 4.26985 3.32263e-06 -6.99672e-06 1.59141e-06
26.8437 4.27274 8.88065e-07 -1.99146e-06 1.43076e-06
26.2812 4.73566 1.64168e-06 -4.01794e-06 3.70674e-06
26.8437 4.73886 5.72944e-07 -2.54765e-06 7.71079e-06
27.4062 4.27522 -1.42316e-06 2.53838e-06 1.27117e-06
27.9687 4.27729 8.99533e-07 -1.69864e-06 2.90624e-08
27.4062 4.74161 -1.01029e-06 7.30553e-07 6.75894e-06
27.9687 4.7439 2.27824e-06 -5.22516e-06 5.28277e-06
28.5312 3.34536 1.89567e-05 -3.48498e-05 -1.53061e-07
29.0937 3.34633 2.26929e-05 -4.11682e-05 3.21551e-06
28.5312 3.81215 1.84399e-05 -3.41307e-05 1.52474e-06
29.0937 3.81326 2.23519e-05 -4.07655e-05 4.35366e-06
29.6562 3.34698 9.66142e-07 -2.2055e-06 4.30358e-06
30.2187 3.3473 -2.4486e-06 3.79737e-06 3.49881e-06
29.6562 3.81399 7.90423e-07 -1.98373e-06 4.41993e-06
30.2187 3.81436 -2.49844e-06 3.52264e-06 5.78912e-06
28.5312 4.27894 1.63485e-05 -2.99044e-05 -1.06477e-06
29.0937 4.28018 2.10759e-05 -3.93219e-05 9.39644e-06
28.5312 4.74574 1.49573e-05 -2.77772e-05 1.52486e-06
29.0937 4.74711 1.57533e-05 -2.91074e-05 4.66618e-06
29.6562 4.28101 5.21347e-07 -2.4756e-06 1.03111e-05
30.2187 4.28142 -3.10574e-06 4.07005e-06 8.48513e-06
29.6562 4.74803 2.68214e-06 -5.91104e-06 7.15091e-06
30.2187 4.74849 -1.92855e-06 3.02301e-06 1.74545e-06
30.7813 1.47907 2.5294e-06 -4.09295e-06 -3.03882e-06
31.3438 1.47892 -1.18876e-06 2.09303e-06 -2.84527e-06
30.7813 1.94612 2.29144e-06 -3.66319e-06 -2.76514e-06
31.3438 1.94594 -9.08668e-07 1.67855e-06 -2.85719e-06
31.9063 1.47864 -2.46277e-05 3.96847e-05 -2.6284e-06
32.4688 1.47821 -2.08012e-05 3.27094e-05 -3.88823e-07
31.9063 1.94556 -2.5374e-05 4.0935e-05 -2.80052e-06
32.4688 1.94499 -2.26803e-05 3.56432e-05 1.14947e-08
30.7813 2.41318 1.97982e-06 -3.49037e-06 2.02461e-06
31.3438 2.41295 -1.05443e-06 1.54799e-06 2.26221e-06
30.7813 2.88024 2.029e-06 -3.80138e-06 4.01961e-06
31.3438 2.87996 -1.2659e-06 1.73701e-06 3.53066e-06
31.9063 2.41248 -2.57264e-05 4.11571e-05 2.05658e-06
32.4688 2.41178 -2.30666e-05 3.62535e-05 -3.22293e-08
31.9063 2.87941 -2.55078e-05 4.06539e-05 3.3226e-06
32.4688 2.87857 -2.22228e-05 3.48792e-05 4.86091e-07
33.0313 1.47763 -1.61462e-06 2.49797e-06 -3.09393e-07
33.5938 1.47692 1.32471e-06 -1.98726e-06 -1.51645e-07
33.0313 1.94424 -1.62768e-06 2.5291e-06 -4.12431e-07
33.5938 1.9433 1.34438e-06 -2.00721e-06 -2.7259e-07
34.1563 1.47606 -1.12051e-06 1.65989e-06 -1.83095e-07
34.7188 1.47505 -3.79149e-06 5.49569e-06 -5.28706e-07
34.1563 1.94217 -1.06512e-06 1.60316e-06 -5.51491e-07
34.7188 1.94085 -3.95468e-06 5.7355e-06 -4.74244e-07
33.0313 2.41085 -1.74355e-06 2.65004e-06 4.08953e-07
33.5938 2.40968 1.37827e-06 -2.11772e-06 5.62281e-07
33.0313 2.87746 -1.71239e-06 2.64082e-06 -7.72549e-08
33.5938 2.87607 1.44269e-06 -2.11083e-06 -6.73026e-07
34.1563 2.40828 -1.08756e-06 1.56053e-06 5.65958e-07
34.7188 2.40665 -4.09332e-06 5.87978e-06 3.7399e-07
34.1563 2.8744 -1.00709e-06 1.53675e-06 -5.86214e-07
34.7188 2.87245 -4.03526e-06 5.7924e-06 3.53968e-07
30.7813 3.3473 2.08753e-06 -3.9067e-06 3.51942e-06
31.3438 3.34698 -1.45261e-06 1.90418e-06 4.2769e-06
30.7813 3.81436 1.9098e-06 -3.95968e-06 5.78439e-06
31.3438 3.81399 -1.31373e-06 1.58675e-06 4.4494e-06
31.9063 3.34633 -2.50138e-05 3.98209e-05 3.2144e-06
32.4688 3.34536 -2.13505e-05 3.35756e-05 -1.99638e-07
31.9063 3.81326 -2.48422e-05 3.93474e-05 4.38886e-06
32.4688 3.81215 -2.09461e-05 3.27167e-05 1.62445e-06
30.7813 4.28142 2.10812e-06 -4.76298e-06 8.36664e-06
31.3438 4.28101 -1.90234e-06 1.63598e-06 1.03361e-05
30.7813 4.74849 1.67304e-06 -3.09953e-06 1.79215e-06
31.3438 4.74803 -3.85233e-06 5.18088e-06 7.16578e-06
31.9063 4.28018 -2.42173e-05 3.75741e-05 9.3436e-06
32.4688 4.27894 -1.82329e-05 2.88005e-05 -1.04904e-06
31.9063 4.74711 -1.78292e-05 2.79065e-05 4.64797e-06
32.4688 4.74574 -1.702e-05 2.65124e-05 1.52444e-06
33.0313 3.34407 -1.5373e-06 2.30914e-06 5.15655e-07
33.5938 3.34245 1.28058e-06 -2.08029e-06 1.44382e-06
33.0313 3.81068 -1.54402e-06 2.46268e-06 -7.19584e-07
33.5938 3.80884 1.24606e-06 -1.67334e-06 -1.68349e-06
34.1563 3.34051 -1.3077e-06 1.73463e-06 1.8542e-06
34.7188 3.33825 -4.22114e-06 5.98494e-06 1.04376e-06
34.1563 3.80663 -8.04792e-07 1.4611e-06 -2.32e-06
34.7188 3.80405 -3.9784e-06 5.79757e-06 -4.80093e-07
33.0313 4.27729 -1.00711e-06 1.55709e-06 -5.92177e-08
33.5938 4.27522 1.51771e-06 -2.44773e-06 1.20537e-06
33.0313 4.7439 -3.44012e-06 4.47874e-06 5.33533e-06
33.5938 4.74161 1.42522e-07 -1.23478e-06 6.80544e-06
34.1563 4.27274 -1.32976e-06 1.75884e-06 1.51093e-06
34.7188 4.26985 -4.50117e-06 6.28653e-06 1.59768e-06
34.1563 4.73886 -1.95424e-06 1.74104e-06 7.71607e-06
34.7188 4.73566 -2.71643e-06 3.38097e-06 3.70784e-06
