30.7813 -9.73103 1.06964e-06 -2.81607e-06 -3.04509e-06
31.3438 -9.7301 -4.2031e-06 4.28809e-06 -7.92637e-06
30.7813 -9.26393 4.68662e-07 -4.23642e-06 -1.08234e-05
31.3438 -9.26305 -2.76258e-06 6.38756e-07 -1.24293e-05
31.9063 -9.72825 -1.98299e-05 2.97644e-05 -6.43001e-06
32.4688 -9.72548 -1.8786e-05 2.93075e-05 -6.76544e-07
31.9063 -9.26128 -2.63444e-05 3.88299e-05 -1.1292e-05
32.4688 -9.25864 -2.09842e-05 3.32276e-05 8.21316e-07
30.7813 -8.79683 5.97591e-07 -3.39287e-06 -7.90258e-06
31.3438 -8.79599 -1.78139e-06 8.88148e-07 -6.84667e-06
30.7813 -8.32974 9.70931e-07 -3.30543e-06 -5.85626e-06
31.3438 -8.32895 -1.78787e-06 1.14953e-06 -6.34564e-06
31.9063 -8.79432 -2.65591e-05 4.08014e-05 -6.34424e-06
32.4688 -8.7918 -2.39071e-05 3.69761e-05 -2.06704e-06
31.9063 -8.32736 -2.66886e-05 4.16272e-05 -4.47536e-06
32.4688 -8.32497 -2.39859e-05 3.77112e-05 5.69985e-08
33.0314 -9.72177 -4.55718e-06 5.58244e-06 -4.53898e-06
33.5938 -9.71715 -2.04954e-07 -1.77568e-06 -6.73441e-06
33.0313 -9.25511 -1.25832e-06 1.97307e-06 1.26263e-07
33.5938 -9.2507 1.59819e-06 -2.82099e-06 -1.40969e-06
34.1563 -9.7116 -2.96387e-06 1.85805e-06 -8.2354e-06
34.7188 -9.70512 -3.92341e-06 4.26276e-06 -4.66027e-06
34.1563 -9.24541 -1.56654e-06 1.84193e-06 -1.61058e-06
34.7188 -9.23924 -5.36629e-06 7.17461e-06 -1.99527e-06
33.0313 -8.78845 -1.85452e-06 2.91523e-06 2.21882e-07
33.5938 -8.78426 1.40814e-06 -1.69858e-06 1.50865e-06
33.0313 -8.32179 -1.94696e-06 2.84402e-06 -5.6068e-07
33.5938 -8.31782 1.27455e-06 -2.29454e-06 -1.42199e-06
34.1563 -8.77923 -8.17178e-07 1.79649e-06 2.15248e-06
34.7188 -8.77336 -4.42011e-06 6.50038e-06 4.47989e-07
34.1563 -8.31305 -1.54685e-06 1.74588e-06 -2.05179e-06
34.7188 -8.30748 -4.87429e-06 6.74795e-06 -1.11746e-06
30.7813 -7.86265 7.06212e-07 -2.86872e-06 -6.23747e-06
31.3438 -7.8619 -1.58529e-06 1.20328e-06 -5.27236e-06
30.7813 -7.39556 6.10664e-07 -2.08895e-06 -4.19424e-06
31.3438 -7.39485 -1.93283e-06 2.11863e-06 -4.22779e-06
31.9063 -7.8604 -2.71038e-05 4.24158e-05 -4.27845e-06
32.4688 -7.85815 -2.43931e-05 3.81159e-05 -8.53983e-07
31.9063 -7.39344 -2.69453e-05 4.23759e-05 -3.67743e-06
32.4688 -7.39132 -2.41593e-05 3.79065e-05 -2.54597e-07
30.7813 -6.92848 1.57828e-06 -2.48987e-06 6.72545e-07
31.3438 -6.92781 -8.49042e-07 1.46287e-06 2.94711e-07
30.7813 -6.46139 2.25199e-06 -3.5424e-06 1.0762e-06
31.3438 -6.46077 -9.5289e-07 1.76149e-06 9.04685e-07
31.9063 -6.92648 -2.65078e-05 4.26406e-05 2.80351e-07
32.4688 -6.92449 -2.43642e-05 3.82088e-05 -3.59294e-07
31.9063 -6.45953 -2.55441e-05 4.11172e-05 4.15054e-07
32.4688 -6.45767 -2.25333e-05 3.54625e-05 2.35913e-07
33.0313 -7.85514 -2.14828e-06 3.20713e-06 -3.83176e-07
33.5938 -7.85138 1.4236e-06 -2.05264e-06 3.63364e-07
33.0313 -7.38848 -1.98553e-06 2.91982e-06 -5.63171e-07
33.5938 -7.38494 1.31772e-06 -2.12031e-06 -5.82768e-07
34.1563 -7.84687 -1.10757e-06 1.79043e-06 6.43727e-07
34.7188 -7.84161 -4.49586e-06 6.39939e-06 -3.67702e-07
34.1563 -7.38069 -1.26877e-06 1.66679e-06 -8.80818e-07
34.7188 -7.37574 -4.6354e-06 6.59367e-06 -4.2242e-07
33.0313 -6.92183 -2.06967e-06 3.28098e-06 4.39043e-07
33.5938 -6.91851 1.41832e-06 -2.09706e-06 1.74068e-07
33.0313 -6.45518 -1.82575e-06 2.85661e-06 2.33955e-07
33.5938 -6.45208 1.36377e-06 -2.03339e-06 9.6537e-08
34.1563 -6.91452 -1.13448e-06 1.78209e-06 5.09347e-07
34.7188 -6.90987 -4.4591e-06 6.56974e-06 6.32037e-07
34.1563 -6.44835 -1.1829e-06 1.75259e-06 4.5436e-08
34.7188 -6.44401 -4.30386e-06 6.33952e-06 6.4701e-07
26.2812 -5.97814 3.30015e-06 -6.83188e-06 -6.30121e-07
26.8437 -5.98218 8.56919e-07 -1.79388e-06 -4.33874e-07
26.2812 -5.51228 3.41341e-06 -7.00972e-06 -4.47429e-07
26.8437 -5.51601 9.01693e-07 -1.85104e-06 -3.24381e-07
27.4062 -5.98564 -1.17693e-06 2.19462e-06 -3.30619e-07
27.9687 -5.98853 1.541e-06 -3.00871e-06 -4.76923e-07
27.4062 -5.5192 -1.25371e-06 2.35563e-06 -2.97211e-07
27.9687 -5.52186 1.56469e-06 -3.00548e-06 -2.85486e-07
26.2812 -5.04642 3.38926e-06 -6.82829e-06 1.75581e-07
26.8437 -5.04983 8.90142e-07 -1.72363e-06 1.79938e-07
26.2812 -4.58056 3.32398e-06 -6.62032e-06 6.12311e-07
26.8437 -4.58366 8.81963e-07 -1.70954e-06 1.867e-07
27.4062 -5.05276 -1.19586e-06 2.32212e-06 8.1601e-08
27.9687 -5.0552 1.58436e-06 -3.00767e-06 -1.27165e-07
27.4062 -4.58632 -1.13568e-06 2.19151e-06 6.51623e-09
27.9687 -4.58853 1.50756e-06 -2.7905e-06 2.83621e-07
28.5312 -5.99083 1.96593e-05 -3.63321e-05 -7.79362e-07
29.0937 -5.99257 2.29527e-05 -4.21126e-05 -4.00257e-06
28.5312 -5.52399 2.09979e-05 -3.86953e-05 -3.56126e-07
29.0937 -5.52559 2.34446e-05 -4.30164e-05 -4.44303e-06
29.6562 -5.99372 6.34904e-07 -2.08884e-06 -4.58896e-06
30.2187 -5.9943 -2.64512e-06 3.51958e-06 -4.89755e-06
29.6562 -5.52665 4.62583e-07 -1.68583e-06 -4.4663e-06
30.2187 -5.52718 -2.36138e-06 3.18624e-06 -4.51439e-06
28.5312 -5.05715 2.09491e-05 -3.85509e-05 -9.41568e-08
29.0937 -5.05861 2.38384e-05 -4.27728e-05 3.69837e-07
28.5312 -4.5903 1.97653e-05 -3.63374e-05 1.097e-07
29.0937 -4.59163 2.34082e-05 -4.17896e-05 1.68019e-06
29.6562 -5.05958 8.45112e-07 -1.44802e-06 2.02574e-07
30.2187 -5.06007 -1.9758e-06 3.43021e-06 2.16007e-07
29.6562 -4.59252 1.21412e-06 -1.81536e-06 1.95273e-06
30.2187 -4.59296 -2.0807e-06 3.90496e-06 2.08414e-06
26.2812 -4.11471 3.20758e-06 -6.43749e-06 3.56375e-07
26.8437 -4.11749 9.52723e-07 -1.85198e-06 1.91461e-07
26.2812 -3.64885 3.15452e-06 -6.31172e-06 5.29249e-07
26.8437 -3.65132 8.56112e-07 -1.66107e-06 2.16045e-07
27.4062 -4.11988 -1.11033e-06 2.14789e-06 4.10326e-08
27.9687 -4.12187 1.38208e-06 -2.6258e-06 -1.50062e-07
27.4062 -3.65344 -9.55973e-07 1.88489e-06 2.96435e-07
27.9687 -3.65521 1.31528e-06 -2.48133e-06 -3.22169e-08
26.2812 -3.183 2.91584e-06 -5.81956e-06 6.77288e-07
26.8437 -3.18516 7.59743e-07 -1.45564e-06 3.69595e-07
26.2812 -2.71715 2.52933e-06 -5.06475e-06 5.33421e-07
26.8437 -2.71899 5.41113e-07 -1.0383e-06 2.93783e-07
27.4062 -3.18701 -8.50122e-07 1.72841e-06 7.34055e-07
27.9687 -3.18855 1.25765e-06 -2.32423e-06 3.71932e-07
27.4062 -2.72057 -8.20012e-07 1.61583e-06 3.32113e-07
27.9687 -2.72189 1.15534e-06 -2.0877e-06 8.68529e-07
28.5312 -4.12346 1.8598e-05 -3.42182e-05 -6.2506e-08
29.0937 -4.12466 2.28982e-05 -4.09147e-05 1.59006e-06
28.5312 -3.65662 1.75899e-05 -3.23245e-05 2.2437e-07
29.0937 -3.65768 2.24493e-05 -4.00068e-05 2.56377e-06
29.6562 -4.12545 1.36573e-06 -2.13539e-06 1.80588e-06
30.2187 -4.12585 -2.30314e-06 4.21228e-06 1.80056e-06
29.6562 -3.65839 1.55975e-06 -2.34339e-06 3.06453e-06
30.2187 -3.65874 -2.30485e-06 4.33726e-06 2.99188e-06
28.5312 -3.18978 1.55909e-05 -2.86238e-05 4.6113e-07
29.0937 -3.19071 2.16889e-05 -3.81343e-05 7.35381e-06
28.5312 -2.72295 1.32165e-05 -2.42492e-05 6.13333e-07
29.0937 -2.72374 2.00757e-05 -3.5621e-05 4.67356e-06
29.6562 -3.19133 2.09283e-06 -2.81113e-06 7.67176e-06
30.2187 -3.19163 -2.40486e-06 4.94827e-06 7.39597e-06
29.6562 -2.72426 2.43937e-06 -3.78341e-06 5.2082e-06
30.2187 -2.72453 -2.72536e-06 5.15367e-06 5.01897e-06
30.7813 -5.9943 1.82385e-06 -4.05959e-06 -4.86292e-06
31.3438 -5.99372 -1.48989e-06 1.52358e-06 -4.57112e-06
30.7813 -5.52718 1.60704e-06 -3.57326e-06 -4.62968e-06
31.3438 -5.52665 -1.25408e-06 1.22354e-06 -4.49174e-06
31.9063 -5.99257 -2.56924e-05 4.04727e-05 -3.99638e-06
32.4688 -5.99083 -2.22333e-05 3.48319e-05 -5.59782e-07
31.9063 -5.52559 -2.62191e-05 4.12918e-05 -4.48403e-06
32.4688 -5.52399 -2.38908e-05 3.74588e-05 -4.84444e-07
30.7813 -5.06007 1.9911e-06 -3.32138e-06 1.22586e-07
31.3438 -5.05958 -8.60646e-07 1.44273e-06 1.74172e-07
30.7813 -4.59296 2.39712e-06 -3.70228e-06 2.05078e-06
31.3438 -4.59252 -1.00918e-06 1.96612e-06 2.00209e-06
31.9063 -5.05861 -2.58628e-05 4.15916e-05 3.06358e-07
32.4688 -5.05715 -2.35761e-05 3.7009e-05 -2.58068e-07
31.9063 -4.59163 -2.52369e-05 4.07893e-05 1.67384e-06
32.4688 -4.5903 -2.21624e-05 3.4874e-05 2.95466e-07
33.0313 -5.98853 -1.87194e-06 2.77457e-06 -5.43138e-07
33.5938 -5.98564 1.30576e-06 -2.02032e-06 -2.8776e-07
33.0313 -5.52186 -1.84578e-06 2.79967e-06 -2.20952e-07
33.5938 -5.5192 1.38904e-06 -2.15685e-06 -3.76109e-07
34.1563 -5.98218 -1.13089e-06 1.60917e-06 -3.08716e-07
34.7188 -5.97814 -4.40082e-06 6.23932e-06 -6.08225e-07
34.1563 -5.51601 -1.18649e-06 1.67565e-06 -4.24922e-07
34.7188 -5.51228 -4.46572e-06 6.36443e-06 -4.74382e-07
33.0313 -5.0552 -1.88534e-06 2.88648e-06 -8.1546e-08
33.5938 -5.05276 1.48787e-06 -2.22563e-06 8.96301e-08
33.0313 -4.58853 -1.74006e-06 2.69842e-06 1.50532e-07
33.5938 -4.58632 1.35396e-06 -2.0204e-06 1.23785e-07
34.1563 -5.04983 -1.11546e-06 1.67365e-06 1.88044e-07
34.7188 -5.04642 -4.36498e-06 6.32698e-06 1.77737e-07
34.1563 -4.58366 -1.08675e-06 1.62041e-06 1.30737e-07
34.7188 -4.58056 -4.18819e-06 6.12926e-06 6.04083e-07
30.7813 -4.12585 2.56369e-06 -4.05272e-06 1.78157e-06
31.3438 -4.12545 -1.20958e-06 2.24604e-06 1.87541e-06
30.7813 -3.65874 2.71371e-06 -4.1763e-06 3.0362e-06
31.3438 -3.65839 -1.36892e-06 2.62036e-06 3.03264e-06
31.9063 -4.12466 -2.47273e-05 3.99454e-05 1.67837e-06
32.4688 -4.12346 -2.08819e-05 3.2803e-05 -1.08153e-07
31.9063 -3.65768 -2.40938e-05 3.89992e-05 2.4835e-06
32.4688 -3.65662 -1.97688e-05 3.10898e-05 1.81956e-07
30.7813 -3.19163 3.08935e-06 -4.37856e-06 7.41295e-06
31.3438 -3.19133 -1.42501e-06 3.15276e-06 7.58526e-06
30.7813 -2.72453 3.23034e-06 -4.95255e-06 5.059e-06
31.3438 -2.72426 -2.10052e-06 3.92928e-06 5.2523e-06
31.9063 -3.19071 -2.28861e-05 3.7532e-05 7.32746e-06
32.4688 -3.18978 -1.74306e-05 2.74434e-05 4.80412e-07
31.9063 -2.72374 -2.14197e-05 3.48285e-05 4.71695e-06
32.4688 -2.72295 -1.472e-05 2.31908e-05 6.46825e-07
33.0313 -4.12187 -1.5964e-06 2.448e-06 -5.52839e-08
33.5938 -4.11988 1.32776e-06 -2.00252e-06 -2.76516e-08
33.0313 -3.65521 -1.52365e-06 2.3314e-06 -1.02533e-07
33.5938 -3.65344 1.23301e-06 -1.83164e-06 2.1337e-07
34.1563 -4.11749 -1.11928e-06 1.66931e-06 1.53096e-07
34.7188 -4.11471 -4.1263e-06 5.99815e-06 3.41792e-07
34.1563 -3.65132 -1.09302e-06 1.64259e-06 2.78089e-07
34.7188 -3.64885 -3.99173e-06 5.82058e-06 5.34297e-07
33.0313 -3.18855 -1.33488e-06 2.09787e-06 4.38198e-07
33.5938 -3.18701 1.04907e-06 -1.51125e-06 6.76687e-07
33.0313 -2.72189 -1.22962e-06 1.96619e-06 8.59805e-07
33.5938 -2.72057 1.06062e-06 -1.55459e-06 4.90736e-07
34.1563 -3.18516 -9.05531e-07 1.3809e-06 4.66731e-07
34.7188 -3.183 -3.67896e-06 5.37668e-06 6.89241e-07
34.1563 -2.71899 -7.38365e-07 1.10681e-06 2.19297e-07
34.7188 -2.71715 -3.15822e-06 4.60165e-06 5.25429e-07
