31.0628 -5.76061 -0.00536346 0.00545745 -0.0176394
32.1877 -5.75829 -0.00447041 0.00384692 -0.017115
31.0629 -4.82634 -0.00640636 0.00722971 -0.0206682
32.1878 -4.8244 -0.00519919 0.00508454 -0.0199534
33.3127 -5.75376 -0.0033727 0.00221043 -0.0162486
34.4375 -5.747 -0.00213764 0.000297476 -0.015718
33.3127 -4.8206 -0.0039036 0.00298164 -0.0193301
34.4376 -4.81493 -0.00240969 0.000623179 -0.0190964
31.063 -3.8921 -0.00686768 0.00821321 -0.0230774
32.1879 -3.89061 -0.00536211 0.00568953 -0.0219932
31.063 -2.95794 -0.00667511 0.00825464 -0.0252319
32.1878 -2.95687 -0.00507117 0.00589835 -0.024448
33.3128 -3.88757 -0.00385215 0.00313143 -0.0217597
34.4377 -3.88298 -0.00221281 0.000466984 -0.0221891
33.3129 -2.95457 -0.00343866 0.00331876 -0.0239338
34.4377 -2.95108 -0.00187491 0.000649455 -0.0236606
