31.063 -2.02397 -0.00451401 0.00528222 -0.0332463
32.1878 -2.02315 -0.00488393 0.00557479 -0.0289403
31.063 -1.09009 0.823059 -1.31974 1.11626
32.1878 -1.08962 -0.00524464 0.00726845 -0.024799
33.313 -2.02156 -0.00361701 0.00392171 -0.0267703
34.4377 -2.0192 -0.00188387 0.00123765 -0.025747
33.313 -1.08876 -0.00485187 0.00688493 -0.0291524
34.4379 -1.08742 -0.00275695 0.0032193 -0.0312463
31.0629 -0.156099 0.964103 -1.60038 -2.25544
32.1879 -0.155941 0.00177236 -0.002903 -0.00664889
31.0629 0.778016 -0.00585341 0.00948186 0.00751759
32.188 0.777724 -0.00638853 0.0104598 -0.0109137
33.313 -0.155772 -0.00512194 0.00692733 -0.0269799
34.4378 -0.155639 -0.00132303 0.0013403 -0.0359769
33.313 0.77707 -0.00377618 0.0065807 -0.028585
34.4378 0.776072 -0.00111118 0.0028188 -0.0392703
