26.5626 1.70863 0.000518331 -0.00177629 0.0116575
27.6877 1.71054 0.00141063 -0.00326881 0.00992413
26.5625 2.64056 0.00052608 -0.00188634 0.00803467
27.6876 2.64356 0.0018219 -0.00423247 0.00731001
28.8127 1.71178 -0.00628697 0.0105243 0.0177942
29.9378 1.71239 -0.0118379 0.0200315 0.0160442
28.8126 2.64554 -0.0166038 0.0272011 0.0319657
29.9377 2.64649 0.0308281 -0.0527605 -0.0144225
26.5625 3.57246 0.000552486 -0.00186169 0.0053581
27.6875 3.57656 0.00175579 -0.0040517 0.00506788
26.5625 4.50436 0.000818892 -0.00195644 0.00180046
27.6874 4.50956 0.00218677 -0.00447664 0.0017851
28.8125 3.57926 0.0395744 -0.0629817 -0.0679769
29.9376 3.58059 -1.01384 1.58579 1.34873
28.8124 4.51302 0.0165867 -0.0287855 -0.00860506
29.9374 4.51474 -2.28761 4.08267 -0.658022
