31.0628 1.71227 -0.0115419 0.0188266 0.00466267
32.188 1.71144 -0.0101577 0.0169688 -0.0121551
31.0627 2.64638 -0.00319235 0.00356719 0.0170778
32.1878 2.64521 -0.0172934 0.0286817 -0.0119912
33.313 1.71 -0.00762982 0.0133231 -0.0314427
34.4377 1.7079 -0.00259098 0.00652354 -0.0450886
33.3129 2.64301 -0.0157373 0.0266972 -0.0307024
34.4376 2.63984 -0.00794118 0.0147369 -0.0398067
31.0625 3.58049 0.452598 -0.887344 1.0775
32.1876 3.579 -0.0261928 0.0433473 -0.0117777
31.0624 4.5147 1.27831 -2.07866 -0.159663
32.1874 4.51291 -0.392318 0.599837 0.173185
33.3127 3.57611 -0.025165 0.0423667 -0.0313778
34.4376 3.57175 -0.018725 0.0257075 0.0119484
33.3125 4.50934 -0.208688 0.309616 0.0628534
34.4375 4.50404 -0.386427 0.473484 0.536792
