31.0624 -9.49719 -0.00160208 0.00190232 -0.00227852
32.1875 -9.49356 -0.00142531 0.00153933 -0.0022272
31.0626 -8.56305 -0.00236293 0.00214831 -0.00626474
32.1875 -8.55976 -0.00211352 0.0014511 -0.00647828
33.3125 -9.48624 -0.00105954 0.000807703 -0.00239095
34.4376 -9.47536 -0.000990806 0.000605689 -0.00242716
33.3126 -8.55323 -0.00153339 0.000826934 -0.00621095
34.4376 -8.54337 -0.00118963 0.000241821 -0.00607407
31.0626 -7.62894 -0.00300137 0.00271563 -0.00985085
32.1876 -7.62596 -0.00270383 0.00190607 -0.0100653
31.0628 -6.69473 -0.00426094 0.00362341 -0.0139926
32.1876 -6.69211 -0.00358999 0.00255834 -0.0139503
33.3126 -7.62005 -0.00225376 0.00104358 -0.00986429
34.4375 -7.61127 -0.00138425 -0.000106237 -0.00938547
33.3126 -6.68691 -0.00287996 0.00150255 -0.013385
34.4375 -6.67912 -0.00192938 5.35094e-05 -0.0129338
