26.5628 -2.01914 0.0237597 -0.169086 -1.50393
27.6881 -2.02153 1.01158 -2.0838 -1.56682
26.5627 -1.08723 0.237677 -0.563639 -1.8595
27.688 -1.08859 0.0336481 -0.106316 -0.986138
28.8133 -2.02314 0.0221412 -0.0438114 -0.0189074
29.9383 -2.02397 -0.0051788 0.00652446 -0.0338125
28.8131 -1.0896 -0.409468 0.786076 2.78842
29.9382 -1.09011 0.0771714 -0.122139 0.925287
26.5627 -0.155302 0.457526 -0.919379 0.906184
27.6879 -0.155617 0.437383 -0.842338 -0.855934
26.5626 0.776652 0.220852 -0.375964 -2.02916
27.6877 0.77743 1.00187 -1.85249 -1.69867
28.8131 -0.155849 -1.62333 2.94414 -2.33586
29.9379 -0.156046 0.637209 -1.16242 -3.87753
28.8128 0.7779 0.0903879 -0.141084 -0.575695
29.9379 0.778066 -0.0102463 0.0167747 0.0174498
