26.5624 -9.47563 -0.000538678 0.000446729 -0.00171641
27.6874 -9.4864 -0.00123477 0.00174827 -0.00157606
26.5625 -8.54376 -0.00114698 0.000660105 -0.00512691
27.6874 -8.55349 -0.00186641 0.00227011 -0.00418038
28.8124 -9.49362 -0.00148554 0.00211124 -0.00173954
29.9374 -9.49722 -0.00171028 0.00227531 -0.00216053
28.8125 -8.55988 -0.0023392 0.0027551 -0.00472471
29.9375 -8.5631 -0.00266304 0.00285387 -0.00568241
26.5625 -7.61174 -0.00197727 0.000826808 -0.0101314
27.6876 -7.62042 -0.00338198 0.00393616 -0.00888128
26.5625 -6.67974 -0.0033488 0.000801029 -0.0228687
27.6877 -6.68735 0.000330551 -0.00472756 -0.015973
28.8127 -7.62618 -0.00395346 0.00540067 -0.00715632
29.9376 -7.629 -0.00376832 0.00413012 -0.008978
28.8128 -6.69241 -0.00668703 0.00942258 -0.0118103
29.9378 -6.69485 -0.00493305 0.00548391 -0.0129339
