26.5626 -5.74768 -0.00793742 -0.00960893 -0.114218
27.6878 -5.75423 -0.0185404 0.0315561 -0.0186763
26.5626 -4.81554 -0.0171355 0.00278889 -0.167269
27.6879 -4.82103 -0.0240348 0.024764 -0.11641
28.8129 -5.75858 -0.0119922 0.0223561 0.00283876
29.938 -5.7607 -0.00610184 0.00725897 -0.0173968
28.813 -4.82466 -0.0152763 0.0189186 -0.0508391
29.9381 -4.82643 -0.00740348 0.00935846 -0.0216619
26.5627 -3.88335 -0.0238775 0.127905 0.521324
27.688 -3.88776 0.0883092 -0.143057 0.17226
26.5627 -2.95118 -0.195307 0.346047 -0.392204
27.6881 -2.95459 0.382569 -0.768157 -0.179196
28.8131 -3.89068 -0.010196 0.0135369 -0.0293417
29.9382 -3.89213 -0.00800566 0.0103982 -0.0244058
28.8133 -2.95682 -0.00837236 0.0116511 -0.0314217
29.9383 -2.9579 -0.00768037 0.00950882 -0.0279029
