30.7819 -2.25752 -0.00436697 0.0066795 -0.00724045
31.3442 -2.25728 -0.0041403 0.00604968 -0.00760156
30.7818 -1.79058 -0.00421261 0.00666491 -0.00837651
31.3442 -1.79038 -0.00406769 0.00593165 -0.0087988
31.9065 -2.25685 -0.00375546 0.00550802 -0.00794161
32.4691 -2.25619 -0.00331355 0.00469685 -0.00811016
31.9065 -1.79001 -0.00375766 0.00511069 -0.00918747
32.4691 -1.78948 -0.00318564 0.00445406 -0.00942794
30.7818 -1.32362 -0.00399162 0.0064281 -0.00929074
31.3442 -1.32348 -0.0037678 0.00584212 -0.0099956
30.7818 -0.856648 -0.00383992 0.00608433 -0.00929264
31.3441 -0.856548 -0.00346797 0.00533825 -0.0105516
31.9066 -1.3232 -0.00375646 0.00530414 -0.0105778
32.4691 -1.32279 -0.00308011 0.00438298 -0.0105724
31.9066 -0.856359 -0.00359079 0.00513572 -0.011359
32.4692 -0.856086 -0.00308154 0.00452529 -0.011311
33.0317 -2.2553 -0.00266366 0.00348523 -0.00840509
33.5942 -2.2542 -0.00178747 0.00217594 -0.00854637
33.0317 -1.78877 -0.00240431 0.00315168 -0.00946935
33.5943 -1.78789 -0.00125963 0.00153315 -0.00973131
34.1566 -2.25289 -0.000829156 0.000580902 -0.00867138
34.7189 -2.25136 -0.00026329 -0.000198166 -0.0089738
34.1566 -1.78684 -0.00034849 5.47767e-05 -0.0100353
34.7189 -1.7856 -3.19659e-05 -0.000466056 -0.0102028
33.0317 -1.32226 -0.0022076 0.00294707 -0.0105258
33.5943 -1.32162 -0.000920616 0.00127705 -0.0107943
33.0317 -0.855737 -0.0020999 0.00292263 -0.011119
33.5943 -0.855314 -0.000779648 0.000870277 -0.0111715
34.1567 -1.32082 3.60438e-05 -0.000261116 -0.0109893
34.7189 -1.31985 -4.04127e-07 -0.000619604 -0.010712
34.1567 -0.854787 0.000252797 -0.000708395 -0.0113125
34.719 -0.854157 0.000111527 -0.000537251 -0.0109306
30.7817 -0.389645 -0.00342822 0.00558949 -0.0087901
31.3441 -0.389575 -0.00297826 0.00470069 -0.0100947
30.7817 0.0774026 -0.00306917 0.00520061 -0.00805353
31.3442 0.077437 -0.0025656 0.00420972 -0.00915329
31.9066 -0.389465 -0.00344839 0.00507833 -0.0113955
32.4692 -0.389311 -0.00315029 0.00480649 -0.0113462
31.9067 0.0774819 -0.00317125 0.0046643 -0.0101249
32.4692 0.0775222 -0.0036237 0.00508889 -0.0107526
30.7817 0.544488 -0.0029408 0.00503101 -0.00778977
31.3442 0.544459 -0.00245389 0.00416218 -0.00896052
30.7817 1.01161 -0.00264288 0.0051877 -0.00915368
31.3442 1.01151 -0.00259858 0.00463759 -0.00947721
31.9067 0.544372 -0.00289513 0.00490157 -0.00952781
32.4693 0.544232 -0.00319475 0.0052687 -0.00977601
31.9068 1.01129 -0.0031204 0.00532709 -0.0092385
32.4693 1.01097 -0.00334793 0.00554949 -0.00879295
33.0318 -0.389137 -0.00206505 0.00303555 -0.0112407
33.5943 -0.388941 -0.000599235 0.000762057 -0.0113397
33.0318 0.0774882 -0.00212849 0.00292349 -0.0109922
33.5942 0.0774249 -0.00069627 0.000792763 -0.0111109
34.1567 -0.388719 0.000253951 -0.000465789 -0.0113153
34.719 -0.38848 0.000388466 -0.000323592 -0.0106085
34.1567 0.0773477 -4.14035e-05 -0.000241955 -0.0108039
34.7189 0.0772547 -0.000112885 -0.000140626 -0.0104405
33.0318 0.544024 -0.00203072 0.00300596 -0.00982767
33.5942 0.543715 -0.000595334 0.000867599 -0.010173
33.0318 1.01054 -0.00197377 0.00334844 -0.00873637
33.5942 1.01 -0.000578302 0.00119334 -0.00890543
34.1567 0.543344 -0.000162059 0.000367774 -0.0100027
34.7189 0.542927 6.74229e-06 0.000175433 -0.00976625
34.1567 1.00939 -0.000520361 0.000753952 -0.0087596
34.7189 1.00866 -0.000428006 0.000490267 -0.00892388
