# x y z topography
5.64363e+06 2.76975e+06 -1.08814e+06 1852.39
5.62973e+06 2.79729e+06 -1.08849e+06 1860.9
5.6474e+06 2.7716e+06 -1.06256e+06 1896.4
5.63402e+06 2.79943e+06 -1.063e+06 1895.18
5.61545e+06 2.82464e+06 -1.08876e+06 1976.68
5.60134e+06 2.85208e+06 -1.08907e+06 2022.89
5.61966e+06 2.82676e+06 -1.06325e+06 1931.59
5.6053e+06 2.8541e+06 -1.0635e+06 2032.17
5.65077e+06 2.77326e+06 -1.03691e+06 1949.69
5.63777e+06 2.8013e+06 -1.03741e+06 1983.69
5.6541e+06 2.77489e+06 -1.01124e+06 2030.21
5.64092e+06 2.80286e+06 -1.0117e+06 2022.45
5.62378e+06 2.82884e+06 -1.03772e+06 1968.87
5.60929e+06 2.85614e+06 -1.03794e+06 2013.92
5.62756e+06 2.83075e+06 -1.01212e+06 1895.29
5.61358e+06 2.85832e+06 -1.01243e+06 2038.84
5.58727e+06 2.87954e+06 -1.08939e+06 2020.44
5.57365e+06 2.90724e+06 -1.08979e+06 1902.96
5.59121e+06 2.88158e+06 -1.06381e+06 1999.1
5.57764e+06 2.90932e+06 -1.06422e+06 2005.54
5.5597e+06 2.93476e+06 -1.09014e+06 1989.82
5.54464e+06 2.9617e+06 -1.09026e+06 1972.75
5.5636e+06 2.93682e+06 -1.06453e+06 1978.82
5.54848e+06 2.96376e+06 -1.06464e+06 2020.36
5.59504e+06 2.88355e+06 -1.03821e+06 2000.95
5.58141e+06 2.91129e+06 -1.0386e+06 1987.16
5.59907e+06 2.88563e+06 -1.01265e+06 1920.31
5.58513e+06 2.91323e+06 -1.01297e+06 2038.89
5.56749e+06 2.93888e+06 -1.03893e+06 1922.45
5.55237e+06 2.96584e+06 -1.03904e+06 2039.41
5.57129e+06 2.94089e+06 -1.01332e+06 1978.75
5.55623e+06 2.9679e+06 -1.01343e+06 2022.54
5.65754e+06 2.77658e+06 -985601 2092.94
5.64402e+06 2.80441e+06 -985990 2118.43
5.66128e+06 2.77841e+06 -960011 2080.47
5.6474e+06 2.80608e+06 -960330 2147.37
5.63097e+06 2.83247e+06 -986461 1925.59
5.61763e+06 2.86039e+06 -986881 2053.64
5.6341e+06 2.83405e+06 -960750 2002.66
5.62101e+06 2.86212e+06 -961203 2028.33
5.66485e+06 2.78016e+06 -934393 2079.87
5.65082e+06 2.80778e+06 -934679 2162.88
5.66812e+06 2.78177e+06 -908723 2109.73
5.65421e+06 2.80947e+06 -909022 2154.48
5.63714e+06 2.83558e+06 -935025 2114.63
5.624e+06 2.86364e+06 -935461 2050.14
5.64029e+06 2.83716e+06 -909318 2185.27
5.62669e+06 2.86501e+06 -909669 2116.1
5.60326e+06 2.88779e+06 -987117 1954.82
5.58882e+06 2.91516e+06 -987344 1924.45
5.60706e+06 2.88976e+06 -961510 1874.1
5.59247e+06 2.91707e+06 -961703 2035.97
5.57464e+06 2.94266e+06 -987616 1963.26
5.55979e+06 2.96981e+06 -987766 2062.04
5.5779e+06 2.94439e+06 -961901 1990.29
5.56309e+06 2.97158e+06 -962057 2093.45
5.61033e+06 2.89145e+06 -935807 2044.99
5.59593e+06 2.91888e+06 -936027 1986.59
5.61314e+06 2.8929e+06 -910026 2052.6
5.5992e+06 2.92059e+06 -910318 2013.37
5.58128e+06 2.94618e+06 -936207 2078.01
5.56638e+06 2.97334e+06 -936345 2129.09
5.58453e+06 2.9479e+06 -910490 2046.99
5.56956e+06 2.97505e+06 -910616 2105.95
5.52954e+06 2.98862e+06 -1.09037e+06 2092.92
5.51483e+06 3.01575e+06 -1.09056e+06 2064.05
5.53341e+06 2.99072e+06 -1.06476e+06 2104.15
5.51866e+06 3.01784e+06 -1.06494e+06 2105.6
5.50027e+06 3.04296e+06 -1.09078e+06 2080.19
5.48542e+06 3.07e+06 -1.09095e+06 2010.27
5.50413e+06 3.04509e+06 -1.06517e+06 2087.86
5.4893e+06 3.07218e+06 -1.06533e+06 2042.22
5.53722e+06 2.99278e+06 -1.03914e+06 2112.56
5.52242e+06 3.01991e+06 -1.03931e+06 2126.69
5.54094e+06 2.9948e+06 -1.01351e+06 2121.45
5.52609e+06 3.02191e+06 -1.01366e+06 2141.82
5.50775e+06 3.0471e+06 -1.03951e+06 2133.08
5.49287e+06 3.07418e+06 -1.03966e+06 2079.76
5.51125e+06 3.04904e+06 -1.01382e+06 2154.67
5.49627e+06 3.07608e+06 -1.01395e+06 2107.49
5.4703e+06 3.0969e+06 -1.09106e+06 1989.17
5.45521e+06 3.12382e+06 -1.09117e+06 1982.13
5.47403e+06 3.09902e+06 -1.06541e+06 2019.53
5.45887e+06 3.12592e+06 -1.06551e+06 1977.04
5.43995e+06 3.15064e+06 -1.09125e+06 1924.53
5.42444e+06 3.17732e+06 -1.09128e+06 1918.92
5.44367e+06 3.1528e+06 -1.0656e+06 1957.33
5.42829e+06 3.17957e+06 -1.06566e+06 1910.19
5.47772e+06 3.10111e+06 -1.03976e+06 2070.76
5.46261e+06 3.12806e+06 -1.03987e+06 2058.74
5.48121e+06 3.10309e+06 -1.01407e+06 2114.27
5.46613e+06 3.13009e+06 -1.01419e+06 2060.45
5.44737e+06 3.15495e+06 -1.03995e+06 1983.62
5.43191e+06 3.1817e+06 -1.04e+06 1957.14
5.45091e+06 3.157e+06 -1.01427e+06 2049.55
5.43548e+06 3.1838e+06 -1.01432e+06 1910.38
5.54473e+06 2.99685e+06 -987881 2125.56
5.52982e+06 3.02395e+06 -988023 2136.1
5.54834e+06 2.9988e+06 -962222 2107.22
5.53343e+06 3.02593e+06 -962362 2170.83
5.51478e+06 3.051e+06 -988144 2153.07
5.49982e+06 3.07808e+06 -988276 2154.86
5.51826e+06 3.05293e+06 -962456 2121.1
5.50341e+06 3.08009e+06 -962604 2163.68
5.5517e+06 3.00063e+06 -936521 2075.92
5.53682e+06 3.02779e+06 -936661 2166.87
5.55491e+06 3.00236e+06 -910792 2184.48
5.54003e+06 3.02956e+06 -910932 2138.93
5.52173e+06 3.05485e+06 -936767 2113.34
5.50695e+06 3.08208e+06 -936925 2073.32
5.52509e+06 3.05672e+06 -911061 2159.18
5.5105e+06 3.08407e+06 -911247 2024.03
5.48466e+06 3.10505e+06 -988374 2093.86
5.46936e+06 3.13194e+06 -988448 2109.76
5.48819e+06 3.10705e+06 -962690 2093.76
5.47273e+06 3.13387e+06 -962735 2129.31
5.45408e+06 3.15884e+06 -988524 2068.16
5.43878e+06 3.18573e+06 -988597 2015.5
5.45738e+06 3.16075e+06 -962801 2110
5.44189e+06 3.18756e+06 -962841 2111.43
5.49172e+06 3.10905e+06 -937007 2066.2
5.47615e+06 3.13583e+06 -937033 2099.99
5.49547e+06 3.11117e+06 -911361 2050.47
5.47984e+06 3.13794e+06 -911375 1994.83
5.4608e+06 3.16273e+06 -937097 2079.34
5.44501e+06 3.18938e+06 -937084 2128.66
5.46422e+06 3.16472e+06 -911393 2061.95
5.44835e+06 3.19135e+06 -911369 2156.21
5.67143e+06 2.78339e+06 -883057 2123.76
5.6576e+06 2.81115e+06 -883361 2156.25
5.67478e+06 2.78504e+06 -857396 2079.09
5.661e+06 2.81284e+06 -857701 2146.61
5.64365e+06 2.83885e+06 -883645 2201.54
5.62958e+06 2.86649e+06 -883912 2215.54
5.64694e+06 2.8405e+06 -857962 2197.52
5.63276e+06 2.86811e+06 -858206 2215
5.67792e+06 2.78658e+06 -831704 2095.28
5.66411e+06 2.81439e+06 -831997 2104.96
5.68096e+06 2.78807e+06 -805997 2053.79
5.66706e+06 2.81585e+06 -806268 2117.24
5.65004e+06 2.84206e+06 -832249 2163.78
5.63589e+06 2.8697e+06 -832490 2211.61
5.6532e+06 2.84366e+06 -806545 2196.81
5.63903e+06 2.8713e+06 -806777 2180.77
5.6158e+06 2.89427e+06 -884224 2210.55
5.60207e+06 2.92209e+06 -884546 2121.34
5.61876e+06 2.8958e+06 -858476 2193.83
5.60468e+06 2.92346e+06 -858735 2184.17
5.58747e+06 2.94946e+06 -884728 2125.58
5.57256e+06 2.97665e+06 -884859 2150.93
5.59024e+06 2.95092e+06 -858937 2196.12
5.57562e+06 2.97829e+06 -859111 2152.09
5.6218e+06 2.89737e+06 -832741 2242.49
5.6075e+06 2.92493e+06 -832960 2222.05
5.62473e+06 2.89888e+06 -806989 2236.83
5.61041e+06 2.92645e+06 -807199 2257.84
5.59309e+06 2.95243e+06 -833161 2244.12
5.57859e+06 2.97988e+06 -833349 2181
5.59597e+06 2.95395e+06 -807392 2233.92
5.58146e+06 2.98142e+06 -807573 2223.75
5.684e+06 2.78956e+06 -780291 2050.13
5.66995e+06 2.81729e+06 -780533 2086.87
5.68675e+06 2.79091e+06 -754545 2048.12
5.67265e+06 2.81863e+06 -754772 2120.19
5.65612e+06 2.84513e+06 -780806 2192.71
5.64193e+06 2.87278e+06 -781029 2173.45
5.65869e+06 2.84642e+06 -755019 2203.12
5.64458e+06 2.87413e+06 -755244 2189.66
5.6894e+06 2.79221e+06 -728783 2063.15
5.67535e+06 2.81997e+06 -729010 2125.55
5.69198e+06 2.79348e+06 -703013 2063.21
5.67801e+06 2.8213e+06 -703243 2111.84
5.66134e+06 2.84775e+06 -729242 2183.04
5.64724e+06 2.87549e+06 -729463 2200.15
5.66396e+06 2.84907e+06 -703463 2167
5.64984e+06 2.87681e+06 -703674 2192.62
5.62757e+06 2.90035e+06 -781226 2261.58
5.61325e+06 2.92793e+06 -781430 2232.53
5.63037e+06 2.90179e+06 -755457 2228
5.61607e+06 2.92941e+06 -755658 2234.7
5.59878e+06 2.95544e+06 -781612 2236.81
5.58433e+06 2.98296e+06 -781799 2229.96
5.60162e+06 2.95694e+06 -755839 2248.97
5.58717e+06 2.98447e+06 -756018 2192.79
5.63314e+06 2.90322e+06 -729683 2224.12
5.61888e+06 2.93088e+06 -729884 2217.99
5.63575e+06 2.90457e+06 -703889 2196.7
5.6215e+06 2.93225e+06 -704085 2195.92
5.60442e+06 2.95842e+06 -730058 2216.67
5.58991e+06 2.98594e+06 -730225 2190.58
5.60702e+06 2.9598e+06 -704251 2168.74
5.59253e+06 2.98735e+06 -704415 2171.32
5.55797e+06 3.00402e+06 -885041 2157.96
5.54324e+06 3.03132e+06 -885201 2096.54
5.56115e+06 3.00574e+06 -859307 2179.1
5.54663e+06 3.03318e+06 -859498 2078.32
5.52834e+06 3.05852e+06 -885334 2131.51
5.51377e+06 3.0859e+06 -885521 1931.44
5.53176e+06 3.06042e+06 -859633 2118.73
5.51697e+06 3.0877e+06 -859782 2029.81
5.56409e+06 3.00734e+06 -833539 2201.64
5.54977e+06 3.0349e+06 -833754 2142.99
5.56692e+06 3.00887e+06 -807752 2192.19
5.55259e+06 3.03645e+06 -807960 2112.07
5.53512e+06 3.06228e+06 -833920 2033.81
5.52011e+06 3.08946e+06 -834031 1979.35
5.53813e+06 3.06395e+06 -808149 2062.84
5.52298e+06 3.09107e+06 -808237 2082.37
5.49911e+06 3.11324e+06 -885694 1964.68
5.48361e+06 3.1401e+06 -885728 1976.14
5.50232e+06 3.11506e+06 -859951 1947.87
5.48718e+06 3.14216e+06 -860044 1915.5
5.46757e+06 3.16666e+06 -885678 2033.32
5.45149e+06 3.19319e+06 -885620 2125.44
5.47092e+06 3.1686e+06 -859959 2042.48
5.45439e+06 3.19489e+06 -859833 2076.12
5.50515e+06 3.11667e+06 -834151 1963.2
5.49038e+06 3.14399e+06 -834297 1850.79
5.50774e+06 3.11814e+06 -808311 2034.06
5.49313e+06 3.14558e+06 -808479 1863.43
5.47413e+06 3.17046e+06 -834217 2061.46
5.45729e+06 3.19659e+06 -834049 2057.83
5.477e+06 3.17213e+06 -808421 2022.23
5.46015e+06 3.19827e+06 -808256 2111.85
5.56982e+06 3.01045e+06 -781976 2168.45
5.55532e+06 3.03794e+06 -782155 2138.42
5.57259e+06 3.01195e+06 -756182 2175.96
5.55801e+06 3.03942e+06 -756346 2165.06
5.54096e+06 3.06552e+06 -782353 2071.45
5.52578e+06 3.09264e+06 -782434 2093.26
5.54364e+06 3.067e+06 -756538 2025.95
5.52849e+06 3.09416e+06 -756622 2084.28
5.57535e+06 3.01344e+06 -730386 2135.82
5.56066e+06 3.04087e+06 -730531 2172.88
5.57804e+06 3.0149e+06 -704580 2123.1
5.56328e+06 3.0423e+06 -704711 2134.04
5.54607e+06 3.06835e+06 -730689 2061.58
5.53107e+06 3.09561e+06 -730792 2168.35
5.5485e+06 3.0697e+06 -704840 2100.72
5.53335e+06 3.09689e+06 -704922 2113.18
5.51039e+06 3.11965e+06 -782488 2097.17
5.49529e+06 3.14682e+06 -782583 1926.45
5.51283e+06 3.12103e+06 -756637 2110.62
5.49714e+06 3.14788e+06 -756647 2079.78
5.4792e+06 3.17341e+06 -782533 1976.33
5.46296e+06 3.19992e+06 -782458 2136.61
5.48133e+06 3.17466e+06 -756637 2157.33
5.46574e+06 3.20156e+06 -756657 2108.65
5.51524e+06 3.1224e+06 -730783 2070.83
5.4995e+06 3.14924e+06 -730783 2159.17
5.51763e+06 3.12376e+06 -704929 2082.04
5.50251e+06 3.15097e+06 -705009 1989.95
5.4841e+06 3.17627e+06 -730830 2080.54
5.46869e+06 3.20329e+06 -730877 2052.39
5.48729e+06 3.17812e+06 -705080 1947.16
5.47161e+06 3.20501e+06 -705094 1966.19
5.40872e+06 3.20387e+06 -1.09127e+06 1899.47
5.39282e+06 3.23032e+06 -1.09122e+06 1937.51
5.41262e+06 3.20619e+06 -1.06566e+06 1914.82
5.39674e+06 3.23267e+06 -1.06562e+06 1928.31
5.37679e+06 3.25669e+06 -1.09115e+06 1967.72
5.36067e+06 3.283e+06 -1.09105e+06 1991.45
5.38079e+06 3.25911e+06 -1.06556e+06 1963.6
5.3646e+06 3.28541e+06 -1.06546e+06 1960.39
5.4162e+06 3.20831e+06 -1.03999e+06 1971.63
5.40045e+06 3.2349e+06 -1.03998e+06 1936.98
5.41967e+06 3.21037e+06 -1.0143e+06 1947.64
5.40387e+06 3.23695e+06 -1.01428e+06 1919.45
5.38463e+06 3.26145e+06 -1.03995e+06 1980.31
5.36844e+06 3.28777e+06 -1.03985e+06 1966.3
5.38821e+06 3.26362e+06 -1.01428e+06 1983.55
5.3722e+06 3.29007e+06 -1.01422e+06 1944.48
5.34443e+06 3.30924e+06 -1.09093e+06 1995.8
5.32817e+06 3.33547e+06 -1.09081e+06 1987.36
5.34831e+06 3.31165e+06 -1.06534e+06 1994.46
5.33194e+06 3.33783e+06 -1.0652e+06 1996.81
5.31177e+06 3.36161e+06 -1.09066e+06 1994.48
5.29524e+06 3.38767e+06 -1.09048e+06 1947.74
5.31543e+06 3.36392e+06 -1.06503e+06 2007.07
5.29896e+06 3.39005e+06 -1.06487e+06 1971.91
5.35216e+06 3.31403e+06 -1.03973e+06 1998.64
5.33571e+06 3.34019e+06 -1.03958e+06 2007.47
5.3559e+06 3.31635e+06 -1.01411e+06 1942.39
5.33942e+06 3.34252e+06 -1.01396e+06 1964
5.31914e+06 3.36627e+06 -1.03941e+06 2007.66
5.30276e+06 3.39248e+06 -1.03928e+06 1980.44
5.32293e+06 3.36867e+06 -1.01381e+06 1966.56
5.3064e+06 3.39481e+06 -1.01365e+06 2009.59
5.42323e+06 3.21248e+06 -988624 2051.81
5.40736e+06 3.23905e+06 -988594 1998.72
5.42629e+06 3.2143e+06 -962861 2020.18
5.41039e+06 3.24087e+06 -962826 2168.2
5.39165e+06 3.26571e+06 -988592 2017.73
5.37585e+06 3.29231e+06 -988572 1959.24
5.39474e+06 3.26758e+06 -962834 1908.79
5.37927e+06 3.29441e+06 -962874 1951.79
5.42906e+06 3.21594e+06 -937043 2094.85
5.41317e+06 3.24254e+06 -937012 2134.97
5.43233e+06 3.21789e+06 -911319 2104.61
5.41665e+06 3.24463e+06 -911325 2054.9
5.39779e+06 3.26944e+06 -937071 2048.61
5.38262e+06 3.29647e+06 -937165 1961.62
5.4014e+06 3.27163e+06 -911405 2053.66
5.386e+06 3.29854e+06 -911462 1846.51
5.35954e+06 3.31861e+06 -988459 1909.55
5.343e+06 3.34476e+06 -988305 2007.49
5.36306e+06 3.32079e+06 -962784 1924.98
5.34642e+06 3.3469e+06 -962618 1955.37
5.32629e+06 3.3708e+06 -988120 2028.49
5.30965e+06 3.39689e+06 -987946 1930.74
5.32947e+06 3.37281e+06 -962395 2048.99
5.31268e+06 3.39883e+06 -962202 2103.21
5.36647e+06 3.3229e+06 -937091 1882.56
5.34952e+06 3.34884e+06 -936878 2090.69
5.36996e+06 3.32506e+06 -911409 1899.32
5.35266e+06 3.3508e+06 -911141 1930.89
5.33247e+06 3.37471e+06 -936645 2006.05
5.31562e+06 3.40071e+06 -936445 2119.34
5.33528e+06 3.37649e+06 -910860 2169.75
5.31875e+06 3.40271e+06 -910723 2103.3
5.27841e+06 3.41353e+06 -1.09024e+06 1960.42
5.26188e+06 3.43959e+06 -1.09007e+06 1857
5.28234e+06 3.41607e+06 -1.06468e+06 1966.45
5.26549e+06 3.44196e+06 -1.06444e+06 1953.47
5.24519e+06 3.46554e+06 -1.08985e+06 1934.65
5.22729e+06 3.4907e+06 -1.08939e+06 2025.82
5.24837e+06 3.46765e+06 -1.06415e+06 2091.04
5.23067e+06 3.49296e+06 -1.06373e+06 2061.26
5.28621e+06 3.41858e+06 -1.03911e+06 1965.55
5.26939e+06 3.44451e+06 -1.03888e+06 1828.74
5.28978e+06 3.42089e+06 -1.01347e+06 1941.14
5.27321e+06 3.44701e+06 -1.0133e+06 1924.38
5.25214e+06 3.47015e+06 -1.03857e+06 2077.36
5.23441e+06 3.49546e+06 -1.03816e+06 1897.08
5.25628e+06 3.47289e+06 -1.01306e+06 1859.33
5.23924e+06 3.4987e+06 -1.0128e+06 1654.85
5.20945e+06 3.51589e+06 -1.08893e+06 2141.07
5.19254e+06 3.5417e+06 -1.08867e+06 1926.95
5.21327e+06 3.51848e+06 -1.06338e+06 2034.9
5.19708e+06 3.5448e+06 -1.06328e+06 1936.01
5.17595e+06 3.56774e+06 -1.08849e+06 2003.85
5.15865e+06 3.59329e+06 -1.08815e+06 1766.3
5.18057e+06 3.57092e+06 -1.06312e+06 1761.59
5.16282e+06 3.59619e+06 -1.0627e+06 1703.76
5.21763e+06 3.52142e+06 -1.03794e+06 1912.89
5.20156e+06 3.54785e+06 -1.03787e+06 1758
5.22239e+06 3.52463e+06 -1.01258e+06 1806.72
5.20518e+06 3.55032e+06 -1.01229e+06 1807.71
5.18454e+06 3.57365e+06 -1.03762e+06 1667.73
5.15089e+06 3.60669e+06 -1.0357e+06 1679.83
5.18763e+06 3.57578e+06 -1.01194e+06 1677.8
5.15424e+06 3.60904e+06 -1.01012e+06 1715.62
5.29324e+06 3.42313e+06 -987815 2016.5
5.27677e+06 3.44934e+06 -987675 1812.86
5.29615e+06 3.42501e+06 -962057 2075.97
5.27954e+06 3.45115e+06 -961898 1915.23
5.25989e+06 3.47528e+06 -987457 1830.38
5.24294e+06 3.50117e+06 -987228 1807.41
5.26284e+06 3.47723e+06 -961720 1971.83
5.24543e+06 3.50283e+06 -961413 1765.34
5.29889e+06 3.42679e+06 -936268 2062.34
5.28236e+06 3.453e+06 -936128 2063.27
5.30229e+06 3.42899e+06 -910599 2108.73
5.28576e+06 3.45522e+06 -910463 2021.1
5.26589e+06 3.47924e+06 -935998 1993.84
5.24862e+06 3.50496e+06 -935726 1941.99
5.269e+06 3.4813e+06 -910289 1951.19
5.25184e+06 3.50711e+06 -910042 1962.68
5.22554e+06 3.52675e+06 -986908 1707.12
5.20778e+06 3.55209e+06 -986519 1825.1
5.22777e+06 3.52826e+06 -961057 1885.14
5.21047e+06 3.55393e+06 -960764 1900.9
5.19041e+06 3.5777e+06 -986205 1746.11
5.17291e+06 3.60322e+06 -985867 1761.13
5.1933e+06 3.5797e+06 -960497 1841.29
5.17605e+06 3.60541e+06 -960213 1770.07
5.23093e+06 3.53039e+06 -935375 1982.99
5.21354e+06 3.55603e+06 -935079 1974.13
5.23429e+06 3.53267e+06 -909729 1930.43
5.21675e+06 3.55822e+06 -909417 1949.01
5.19627e+06 3.58174e+06 -934802 1902.67
5.16399e+06 3.61587e+06 -933333 1829.55
5.19928e+06 3.58382e+06 -909117 1888.23
5.16699e+06 3.61797e+06 -907691 1790.55
5.4355e+06 3.21977e+06 -885578 2112.17
5.42025e+06 3.24679e+06 -885658 1995.5
5.43862e+06 3.22162e+06 -859828 2109.5
5.42355e+06 3.24877e+06 -859938 2087.12
5.40509e+06 3.27386e+06 -885754 1989.87
5.38924e+06 3.30053e+06 -885738 1835.11
5.40832e+06 3.27582e+06 -860022 1920.32
5.39187e+06 3.30214e+06 -859914 2082.11
5.44178e+06 3.2235e+06 -834085 2124.25
5.42658e+06 3.25059e+06 -834173 2088.41
5.44473e+06 3.22525e+06 -808306 2102.79
5.42942e+06 3.25229e+06 -808375 2055.6
5.41106e+06 3.27748e+06 -834211 1992.66
5.39426e+06 3.3036e+06 -834049 2033.67
5.41344e+06 3.27892e+06 -808342 2155.35
5.39676e+06 3.30513e+06 -808204 2098.52
5.37274e+06 3.32679e+06 -885613 2086.47
5.35542e+06 3.35253e+06 -885347 1989.01
5.37475e+06 3.32803e+06 -859692 2020.03
5.35803e+06 3.35418e+06 -859530 2128.95
5.33849e+06 3.37853e+06 -885146 2152.02
5.32208e+06 3.40485e+06 -885035 2095.66
5.3419e+06 3.38069e+06 -859466 2138.39
5.32546e+06 3.40701e+06 -859354 2050.33
5.37731e+06 3.32963e+06 -833862 2174.18
5.36132e+06 3.35624e+06 -833823 2115.77
5.38034e+06 3.3315e+06 -808103 2188.16
5.3643e+06 3.35811e+06 -808061 2130.08
5.34521e+06 3.38279e+06 -833766 2105.63
5.32858e+06 3.40901e+06 -833628 2043.21
5.34791e+06 3.3845e+06 -807967 2070.21
5.33121e+06 3.41069e+06 -807824 2058.65
5.44752e+06 3.2269e+06 -782503 2109.85
5.43195e+06 3.2538e+06 -782533 2111.4
5.45024e+06 3.22851e+06 -756692 2090.33
5.43441e+06 3.25528e+06 -756686 2088.66
5.41572e+06 3.2803e+06 -782466 2068.34
5.39961e+06 3.30688e+06 -782414 2065.59
5.41827e+06 3.28185e+06 -756633 2132.91
5.40254e+06 3.30868e+06 -756638 2055.47
5.45303e+06 3.23017e+06 -730891 2094.12
5.43712e+06 3.2569e+06 -730873 2062.38
5.45583e+06 3.23183e+06 -705092 1978.48
5.43979e+06 3.2585e+06 -705059 1977.07
5.42105e+06 3.28354e+06 -730835 2094.82
5.40508e+06 3.31023e+06 -730809 2011.29
5.42372e+06 3.28515e+06 -705022 2036.41
5.4076e+06 3.31178e+06 -704977 2052.33
5.38355e+06 3.33349e+06 -782371 2095.66
5.36702e+06 3.35982e+06 -782262 2098.33
5.38646e+06 3.33529e+06 -756596 2132.62
5.36976e+06 3.36153e+06 -756465 2053.21
5.35042e+06 3.38609e+06 -782141 2100.98
5.33379e+06 3.41235e+06 -782015 2064.15
5.35314e+06 3.38782e+06 -756347 2093.88
5.33649e+06 3.41408e+06 -756224 2065.01
5.3889e+06 3.3368e+06 -730754 2043.88
5.37231e+06 3.36313e+06 -730645 2066.64
5.39131e+06 3.3383e+06 -704911 2024.23
5.37477e+06 3.36466e+06 -704811 2062.96
5.35573e+06 3.38945e+06 -730535 2068.96
5.33905e+06 3.41572e+06 -730413 2043.55
5.35816e+06 3.39099e+06 -704702 2048.48
5.34147e+06 3.41726e+06 -704582 2037.46
5.30568e+06 3.43118e+06 -884926 2048.98
5.28906e+06 3.45737e+06 -884780 2025.16
5.30882e+06 3.43321e+06 -859210 2003.7
5.29211e+06 3.45937e+06 -859057 2003.45
5.27208e+06 3.48333e+06 -884575 1942.02
5.25506e+06 3.50927e+06 -884363 1948.11
5.27521e+06 3.4854e+06 -858871 1969.16
5.25813e+06 3.51131e+06 -858656 1911.84
5.31172e+06 3.43508e+06 -833455 2043.91
5.29489e+06 3.46118e+06 -833288 2004.92
5.31441e+06 3.43683e+06 -807668 2034.02
5.29758e+06 3.46294e+06 -807506 2015.05
5.27808e+06 3.4873e+06 -833125 1952.34
5.26093e+06 3.51318e+06 -832907 1959.33
5.28065e+06 3.48899e+06 -807331 1991.03
5.26351e+06 3.51491e+06 -807122 1978.01
5.23771e+06 3.53497e+06 -884093 1906.61
5.21997e+06 3.56042e+06 -883758 1965.51
5.24073e+06 3.53701e+06 -858390 1951.74
5.22311e+06 3.56256e+06 -858086 1936.99
5.20223e+06 3.58586e+06 -883423 1954.93
5.18479e+06 3.6115e+06 -883140 1870.21
5.20524e+06 3.58793e+06 -857739 1911.45
5.18737e+06 3.61329e+06 -857396 1923.37
5.24343e+06 3.53883e+06 -832633 1906.38
5.22596e+06 3.5645e+06 -832365 1915.3
5.24612e+06 3.54065e+06 -806874 1956.92
5.2286e+06 3.5663e+06 -806606 1962.44
5.20823e+06 3.58999e+06 -832052 1973.82
5.19026e+06 3.61531e+06 -831702 1967.88
5.21098e+06 3.59188e+06 -806324 1951.41
5.1932e+06 3.61735e+06 -806015 1936.89
5.31704e+06 3.43853e+06 -781872 2047
5.30022e+06 3.46467e+06 -781717 2033.33
5.3197e+06 3.44025e+06 -756080 2037.9
5.30281e+06 3.46636e+06 -755921 2024.5
5.28324e+06 3.49071e+06 -781541 1993.05
5.26612e+06 3.51665e+06 -781341 1970.11
5.28583e+06 3.49242e+06 -755751 2003.67
5.26879e+06 3.51843e+06 -755571 1950.04
5.32225e+06 3.4419e+06 -730273 2027.43
5.30534e+06 3.46802e+06 -730119 2025.96
5.32467e+06 3.44347e+06 -704449 2018.89
5.30779e+06 3.46962e+06 -704303 2000.5
5.2884e+06 3.49412e+06 -729960 1986.66
5.27142e+06 3.52019e+06 -729795 1917.2
5.29088e+06 3.49575e+06 -704154 1967.29
5.27389e+06 3.52184e+06 -703996 1897.76
5.24877e+06 3.54244e+06 -781110 1947.38
5.23124e+06 3.5681e+06 -780850 1956.13
5.25147e+06 3.54426e+06 -755352 1960.13
5.2339e+06 3.56991e+06 -755095 1949.64
5.2136e+06 3.59369e+06 -780574 1954.73
5.19583e+06 3.61919e+06 -780278 1947.44
5.21631e+06 3.59555e+06 -754836 1928.53
5.1985e+06 3.62105e+06 -754546 1921.37
5.25409e+06 3.54602e+06 -729582 1929.93
5.23648e+06 3.57167e+06 -729329 1909.56
5.25654e+06 3.54768e+06 -703788 1894.65
5.23893e+06 3.57334e+06 -703544 1896.74
5.21886e+06 3.59731e+06 -729075 1913.61
5.20103e+06 3.62281e+06 -728792 1905.55
5.22121e+06 3.59893e+06 -703287 1892.44
5.20338e+06 3.62445e+06 -703015 1880.05
5.69443e+06 2.79468e+06 -677227 2078.12
5.68056e+06 2.82256e+06 -677461 2119.31
5.69678e+06 2.79584e+06 -651428 2102.02
5.68294e+06 2.82375e+06 -651657 2136.9
5.66647e+06 2.85034e+06 -677669 2164.14
5.65234e+06 2.87809e+06 -677872 2193.35
5.66887e+06 2.85155e+06 -651860 2191.96
5.65476e+06 2.87932e+06 -652057 2211.86
5.69906e+06 2.79696e+06 -625622 2129.42
5.6853e+06 2.82492e+06 -625850 2133.61
5.70128e+06 2.79805e+06 -599809 2128.44
5.68756e+06 2.82605e+06 -600033 2131.75
5.67129e+06 2.85276e+06 -626052 2177.78
5.65722e+06 2.88058e+06 -626247 2187.52
5.67358e+06 2.85392e+06 -600230 2228.1
5.65948e+06 2.88173e+06 -600415 2179.09
5.63817e+06 2.90582e+06 -678069 2198.45
5.62388e+06 2.93349e+06 -678254 2211.32
5.64057e+06 2.90706e+06 -652246 2216.22
5.62628e+06 2.93475e+06 -652424 2202.2
5.60948e+06 2.9611e+06 -678424 2186.72
5.595e+06 2.98867e+06 -678585 2167.37
5.6119e+06 2.96238e+06 -652590 2199.49
5.59739e+06 2.98995e+06 -652742 2171.42
5.64303e+06 2.90833e+06 -626429 2196.01
5.62866e+06 2.93599e+06 -626591 2210.68
5.64528e+06 2.90949e+06 -600588 2215.52
5.63103e+06 2.93723e+06 -600757 2171.25
5.61426e+06 2.96363e+06 -626750 2191.78
5.59969e+06 2.99118e+06 -626890 2182.14
5.61677e+06 2.96496e+06 -600923 2152.69
5.60204e+06 2.99244e+06 -601041 2154.23
5.70339e+06 2.79908e+06 -573983 2140.11
5.68962e+06 2.82707e+06 -574194 2146.82
5.70543e+06 2.80008e+06 -548151 2145.34
5.69162e+06 2.82806e+06 -548348 2158.92
5.67566e+06 2.85497e+06 -574385 2196.03
5.66157e+06 2.8828e+06 -574563 2180.33
5.67767e+06 2.85598e+06 -548533 2205.91
5.66364e+06 2.88385e+06 -548708 2188.75
5.70736e+06 2.80103e+06 -522307 2140.18
5.69353e+06 2.82902e+06 -522494 2164.42
5.70918e+06 2.80192e+06 -496454 2136.23
5.6954e+06 2.82995e+06 -496637 2162.67
5.67957e+06 2.85694e+06 -522669 2188.25
5.66556e+06 2.88483e+06 -522839 2193.14
5.68144e+06 2.85788e+06 -496803 2167.06
5.66742e+06 2.88578e+06 -496964 2171.84
5.64742e+06 2.91059e+06 -574734 2207.45
5.6333e+06 2.93841e+06 -574910 2171.08
5.64952e+06 2.91168e+06 -548876 2203.08
5.63525e+06 2.93943e+06 -549029 2178.04
5.619e+06 2.96614e+06 -575068 2202.03
5.60427e+06 2.99363e+06 -575179 2156.45
5.62086e+06 2.96712e+06 -549171 2166.09
5.60627e+06 2.9947e+06 -549292 2134.24
5.65138e+06 2.91264e+06 -522993 2176.89
5.63711e+06 2.94041e+06 -523140 2209.32
5.65321e+06 2.91359e+06 -497109 2190.65
5.63888e+06 2.94133e+06 -497244 2169.55
5.62278e+06 2.96814e+06 -523280 2206.24
5.60809e+06 2.99568e+06 -523388 2167.31
5.6245e+06 2.96905e+06 -497373 2165.12
5.60982e+06 2.99661e+06 -497475 2190.19
5.58042e+06 3.01619e+06 -678734 2147.39
5.56577e+06 3.04367e+06 -678873 2075.59
5.58277e+06 3.01746e+06 -652881 2140.12
5.56822e+06 3.04501e+06 -653028 2060.28
5.55087e+06 3.07101e+06 -678982 2187.71
5.53544e+06 3.09807e+06 -679027 2119.19
5.55325e+06 3.07233e+06 -653125 2111.12
5.53773e+06 3.09935e+06 -653158 2138.28
5.58515e+06 3.01875e+06 -627033 2156.75
5.57056e+06 3.0463e+06 -627171 2151.73
5.58743e+06 3.01999e+06 -601171 2154.22
5.57274e+06 3.04749e+06 -601293 2092.11
5.55558e+06 3.07363e+06 -627264 2138.66
5.54013e+06 3.1007e+06 -627302 2150.69
5.55785e+06 3.07489e+06 -601393 2133.84
5.54249e+06 3.10202e+06 -601441 2256.51
5.51992e+06 3.12507e+06 -679060 2138.89
5.50504e+06 3.15243e+06 -679175 2217.3
5.5223e+06 3.12641e+06 -653202 2179.12
5.50696e+06 3.15352e+06 -653257 2060.02
5.48989e+06 3.17963e+06 -679253 1910.66
5.47435e+06 3.20661e+06 -679281 1929.07
5.49176e+06 3.18072e+06 -653328 2046.91
5.4767e+06 3.208e+06 -653414 1949.98
5.52458e+06 3.12771e+06 -627331 2162.31
5.50943e+06 3.15494e+06 -627404 2113.5
5.52678e+06 3.12896e+06 -601451 2156.58
5.51176e+06 3.15628e+06 -601537 2118.12
5.49423e+06 3.18215e+06 -627472 2099.1
5.47882e+06 3.20924e+06 -627518 1913.81
5.49667e+06 3.18357e+06 -601616 2069.24
5.48103e+06 3.21054e+06 -601634 2020.75
5.5895e+06 3.02111e+06 -575287 2210.68
5.5747e+06 3.04857e+06 -575392 2111.1
5.59134e+06 3.02211e+06 -549381 2198.57
5.57664e+06 3.04963e+06 -549491 2060.4
5.56007e+06 3.07612e+06 -575515 2141.15
5.54473e+06 3.10328e+06 -575565 2038.17
5.56192e+06 3.07714e+06 -549599 2307.82
5.54648e+06 3.10426e+06 -549637 2032.37
5.59319e+06 3.02311e+06 -523475 2186.44
5.57874e+06 3.05079e+06 -523605 2022.65
5.59526e+06 3.02423e+06 -497589 2073.23
5.58079e+06 3.05191e+06 -497711 2119.83
5.56388e+06 3.07823e+06 -523695 2280.86
5.54826e+06 3.10526e+06 -523713 2069.8
5.56567e+06 3.07923e+06 -497775 2110.9
5.55009e+06 3.10629e+06 -497796 2117.24
5.52888e+06 3.13015e+06 -575560 2217.42
5.51366e+06 3.15738e+06 -575622 2100.98
5.53092e+06 3.13131e+06 -549661 2209.81
5.51567e+06 3.15853e+06 -549718 2103.11
5.4985e+06 3.18463e+06 -575690 2015.28
5.4829e+06 3.21164e+06 -575712 1987.11
5.50036e+06 3.18571e+06 -549769 2088.13
5.48473e+06 3.21271e+06 -549787 2015.96
5.53294e+06 3.13245e+06 -523760 2162.43
5.51779e+06 3.15975e+06 -523824 2082.97
5.53473e+06 3.13347e+06 -497838 2095.99
5.51973e+06 3.16086e+06 -497911 2115.87
5.50242e+06 3.18691e+06 -523866 2036.96
5.48677e+06 3.21391e+06 -523882 1963.6
5.50447e+06 3.1881e+06 -497962 1998.15
5.4887e+06 3.21504e+06 -497966 1974.77
5.71093e+06 2.80278e+06 -470595 2125.02
5.69717e+06 2.83083e+06 -470770 2133.37
5.7127e+06 2.80365e+06 -444736 2121.53
5.69896e+06 2.83172e+06 -444904 2144.88
5.68325e+06 2.85879e+06 -470931 2150.58
5.66922e+06 2.8867e+06 -471084 2167.44
5.68498e+06 2.85967e+06 -445053 2153.44
5.67102e+06 2.88762e+06 -445202 2125.72
5.71431e+06 2.80444e+06 -418865 2095.76
5.70057e+06 2.83252e+06 -419024 2108.63
5.71575e+06 2.80515e+06 -392981 2088.58
5.70199e+06 2.83322e+06 -393129 2099.85
5.68662e+06 2.86049e+06 -419166 2125.6
5.67261e+06 2.88843e+06 -419304 2133.25
5.68819e+06 2.86128e+06 -393273 2116.76
5.67406e+06 2.88917e+06 -393395 2111.77
5.65504e+06 2.91454e+06 -471224 2149.71
5.64065e+06 2.94226e+06 -471345 2191.77
5.65677e+06 2.91543e+06 -445329 2174.29
5.64242e+06 2.94319e+06 -445447 2097.07
5.62618e+06 2.96994e+06 -471460 2178.98
5.61156e+06 2.99754e+06 -471562 2139.12
5.62798e+06 2.9709e+06 -445557 2145.84
5.61356e+06 2.99862e+06 -445668 1993.53
5.65836e+06 2.91625e+06 -419424 2139.24
5.64401e+06 2.94402e+06 -419535 2154.98
5.65984e+06 2.91702e+06 -393510 2100.9
5.64554e+06 2.94482e+06 -393618 2075.31
5.62976e+06 2.97185e+06 -419654 2057.68
5.61569e+06 2.99976e+06 -419785 1965.4
5.6311e+06 2.97256e+06 -393718 2030.62
5.61713e+06 3.00054e+06 -393851 1959.46
5.71714e+06 2.80583e+06 -367095 2067.28
5.70335e+06 2.8339e+06 -367231 2086.08
5.7184e+06 2.80645e+06 -341201 2054.96
5.7046e+06 2.83452e+06 -341327 2084.01
5.68952e+06 2.86195e+06 -367365 2115
5.67537e+06 2.88984e+06 -367477 2120.21
5.69066e+06 2.86253e+06 -341445 2083.31
5.67656e+06 2.89045e+06 -341553 2113.86
5.7196e+06 2.80704e+06 -315303 2029.09
5.70584e+06 2.83514e+06 -315422 2034.63
5.72073e+06 2.8076e+06 -289400 2007.95
5.70702e+06 2.83573e+06 -289513 2006.6
5.6919e+06 2.86315e+06 -315531 2067.23
5.67776e+06 2.89106e+06 -315629 2083.55
5.69308e+06 2.86375e+06 -289614 2050.19
5.67887e+06 2.89163e+06 -289702 2018.54
5.66126e+06 2.91775e+06 -367592 2097.28
5.64712e+06 2.94565e+06 -367705 2115.15
5.66256e+06 2.91842e+06 -341667 2056.81
5.64842e+06 2.94633e+06 -341774 2090.52
5.63254e+06 2.97332e+06 -367789 2057.88
5.61825e+06 3.00113e+06 -367894 1852.14
5.634e+06 2.97409e+06 -341864 2006.07
5.61955e+06 3.00183e+06 -341951 1997.71
5.6636e+06 2.91897e+06 -315728 2086.36
5.64933e+06 2.94681e+06 -315820 2053.53
5.66466e+06 2.91951e+06 -289789 2039.76
5.65033e+06 2.94733e+06 -289870 2066.53
5.63493e+06 2.97459e+06 -315904 1970.91
5.62078e+06 3.00249e+06 -316002 1940.79
5.63605e+06 2.97518e+06 -289954 2011.46
5.62188e+06 3.00309e+06 -290044 1962.59
5.59729e+06 3.02534e+06 -471694 2009.68
5.58327e+06 3.05327e+06 -471847 2093.55
5.59941e+06 3.02649e+06 -445802 1972.9
5.58552e+06 3.05451e+06 -445961 1900.87
5.56773e+06 3.08037e+06 -471872 1918.06
5.55168e+06 3.10718e+06 -471856 2194.44
5.56985e+06 3.08154e+06 -445975 1873.2
5.55334e+06 3.10812e+06 -445922 2125.86
5.60149e+06 3.02761e+06 -419909 1924.87
5.58725e+06 3.05545e+06 -420031 1758.92
5.603e+06 3.02843e+06 -393971 1830.81
5.58878e+06 3.05629e+06 -394088 1646.26
5.57164e+06 3.08253e+06 -420048 1971.7
5.55568e+06 3.10943e+06 -420039 1807.09
5.57363e+06 3.08364e+06 -394136 2033.78
5.55776e+06 3.11059e+06 -394136 1622.28
5.53664e+06 3.13456e+06 -471923 1998.19
5.5217e+06 3.16199e+06 -471999 2053.61
5.53875e+06 3.13576e+06 -446023 1966.94
5.52396e+06 3.16329e+06 -446107 2038.06
5.50629e+06 3.18915e+06 -472035 1901.37
5.49042e+06 3.21605e+06 -472031 1941.38
5.50798e+06 3.19014e+06 -446096 1860.16
5.49201e+06 3.21699e+06 -446085 1929.97
5.54113e+06 3.13711e+06 -420139 1973.04
5.52596e+06 3.16444e+06 -420192 1823.39
5.54281e+06 3.13806e+06 -394201 2099.13
5.52743e+06 3.16528e+06 -394234 1742.2
5.50979e+06 3.19119e+06 -420167 1918.2
5.49369e+06 3.21797e+06 -420146 1859.8
5.51139e+06 3.19212e+06 -394220 1865.37
5.49531e+06 3.21893e+06 -394203 1810.33
5.60435e+06 3.02917e+06 -368023 1817.15
5.59058e+06 3.05728e+06 -368158 1532
5.60566e+06 3.02988e+06 -342072 1832.09
5.59226e+06 3.05821e+06 -342221 1624.78
5.57527e+06 3.08455e+06 -368194 1924.14
5.55864e+06 3.11109e+06 -368143 1652.32
5.57639e+06 3.08518e+06 -342218 1784.69
5.55964e+06 3.11166e+06 -342160 1706.63
5.60671e+06 3.03045e+06 -316105 1695.15
5.59272e+06 3.05847e+06 -316212 1595.27
5.60755e+06 3.03091e+06 -290126 1809.21
5.59318e+06 3.05872e+06 -290205 1771.69
5.57704e+06 3.08554e+06 -316219 1540.16
5.56132e+06 3.11261e+06 -316222 1695.75
5.57809e+06 3.08614e+06 -290244 1614.58
5.5632e+06 3.11367e+06 -290294 1629.04
5.54357e+06 3.1385e+06 -368196 1975.65
5.52863e+06 3.16597e+06 -368257 1758.27
5.54486e+06 3.13923e+06 -342227 1943.23
5.52978e+06 3.16664e+06 -342277 1708.95
5.51276e+06 3.19292e+06 -368256 1785.81
5.49686e+06 3.21984e+06 -368252 1867.18
5.51401e+06 3.19364e+06 -342284 1788.95
5.49819e+06 3.22062e+06 -342287 1742.33
5.54657e+06 3.1402e+06 -316285 1792.82
5.5308e+06 3.16722e+06 -316294 1732.67
5.54799e+06 3.141e+06 -290328 1580.96
5.53173e+06 3.16775e+06 -290310 1706.88
5.51514e+06 3.1943e+06 -316307 1765.86
5.49938e+06 3.22133e+06 -316314 1719.19
5.51606e+06 3.19483e+06 -290322 1727.48
5.50051e+06 3.22199e+06 -290339 1689.38
5.45858e+06 3.23346e+06 -679282 1940.81
5.44232e+06 3.26002e+06 -679222 2005.57
5.46104e+06 3.23492e+06 -653429 1950.39
5.44474e+06 3.26147e+06 -653366 1975.81
5.4262e+06 3.28666e+06 -679179 2021.42
5.40998e+06 3.31324e+06 -679125 2035.86
5.42847e+06 3.28804e+06 -653309 2050.09
5.41222e+06 3.31462e+06 -653253 2049.92
5.46321e+06 3.23621e+06 -627539 1941.96
5.44702e+06 3.26284e+06 -627493 1980.59
5.46518e+06 3.23738e+06 -601628 1956.89
5.44913e+06 3.26411e+06 -601599 2017.86
5.43066e+06 3.28937e+06 -627427 2057.74
5.41442e+06 3.31597e+06 -627375 2061.71
5.43287e+06 3.29071e+06 -601548 2050.46
5.41657e+06 3.31729e+06 -601493 2059.64
5.39361e+06 3.33973e+06 -679052 2036.62
5.37713e+06 3.36615e+06 -678963 2058.32
5.39587e+06 3.34113e+06 -653185 2071.89
5.37941e+06 3.36758e+06 -653103 2070.47
5.36052e+06 3.39249e+06 -678858 2054.02
5.34383e+06 3.41878e+06 -678744 2034.16
5.36282e+06 3.39394e+06 -653005 2064.62
5.34614e+06 3.42026e+06 -652897 2041.26
5.3981e+06 3.34251e+06 -627314 2073.76
5.38164e+06 3.36898e+06 -627236 2072.03
5.40025e+06 3.34385e+06 -601434 2084.59
5.38378e+06 3.37032e+06 -601360 2070.04
5.36505e+06 3.39536e+06 -627144 2068.07
5.34838e+06 3.42169e+06 -627041 2044.12
5.36721e+06 3.39673e+06 -601273 2066.05
5.35052e+06 3.42306e+06 -601174 2035.1
5.46698e+06 3.23845e+06 -575699 1986.21
5.45104e+06 3.26526e+06 -575685 2024.25
5.46889e+06 3.23959e+06 -549784 2027.39
5.45293e+06 3.2664e+06 -549769 2027.72
5.4349e+06 3.29195e+06 -575650 2037.39
5.41863e+06 3.31855e+06 -575599 2063.13
5.43681e+06 3.2931e+06 -549737 2061.23
5.42059e+06 3.31976e+06 -549696 2067.79
5.47089e+06 3.24078e+06 -523876 2006.86
5.4549e+06 3.26758e+06 -523860 2015.86
5.47275e+06 3.24188e+06 -497955 1961.97
5.45679e+06 3.26871e+06 -497942 1998.5
5.43876e+06 3.29429e+06 -523829 2043.32
5.42246e+06 3.3209e+06 -523782 2053.45
5.44062e+06 3.29542e+06 -497911 2018.23
5.42425e+06 3.322e+06 -497861 2038.67
5.40229e+06 3.34512e+06 -575542 2063.06
5.38583e+06 3.3716e+06 -575472 2065.01
5.40426e+06 3.34634e+06 -549643 2068.85
5.3878e+06 3.37284e+06 -549577 2067.94
5.36927e+06 3.39803e+06 -575392 2063.93
5.35258e+06 3.42438e+06 -575297 2023.75
5.37124e+06 3.39929e+06 -549501 2045.09
5.35456e+06 3.42565e+06 -549412 2022.38
5.40612e+06 3.3475e+06 -523732 2057.44
5.38966e+06 3.37401e+06 -523670 2053.03
5.4079e+06 3.3486e+06 -497814 2047.55
5.39146e+06 3.37514e+06 -497757 2030.7
5.37314e+06 3.40049e+06 -523602 2037.15
5.35644e+06 3.42685e+06 -523516 2011.46
5.37492e+06 3.40162e+06 -497691 2010.76
5.35819e+06 3.42798e+06 -497608 1990.76
5.32704e+06 3.445e+06 -678616 2018.03
5.31017e+06 3.47118e+06 -678479 1997.05
5.32936e+06 3.4465e+06 -652777 2021.45
5.31251e+06 3.47271e+06 -652647 1992.93
5.29326e+06 3.49733e+06 -678336 1948.55
5.27628e+06 3.52343e+06 -678186 1903.16
5.29556e+06 3.49884e+06 -652506 1983.67
5.27848e+06 3.52491e+06 -652351 1936.72
5.33165e+06 3.44798e+06 -626932 2019.72
5.31474e+06 3.47417e+06 -626803 2001.25
5.33376e+06 3.44935e+06 -601067 2032.65
5.3168e+06 3.47552e+06 -600937 2006.13
5.29767e+06 3.50024e+06 -626654 1975.8
5.28051e+06 3.52626e+06 -626494 1939.36
5.29968e+06 3.50157e+06 -600789 1988.93
5.28249e+06 3.52759e+06 -600633 1972.87
5.259e+06 3.54933e+06 -677994 1881.56
5.24137e+06 3.57501e+06 -677759 1868.85
5.26119e+06 3.55082e+06 -652167 1894.52
5.24362e+06 3.57654e+06 -651947 1910
5.22363e+06 3.6006e+06 -677509 1884.12
5.20565e+06 3.62603e+06 -677227 1893.25
5.22593e+06 3.60219e+06 -651713 1885.62
5.20792e+06 3.62761e+06 -651438 1872.29
5.26316e+06 3.55215e+06 -626311 1919.93
5.24569e+06 3.57796e+06 -626114 1903.08
5.26512e+06 3.55347e+06 -600456 1950.04
5.24766e+06 3.5793e+06 -600268 1922.69
5.22812e+06 3.6037e+06 -625904 1876.06
5.21026e+06 3.62924e+06 -625658 1866.22
5.2302e+06 3.60514e+06 -600081 1872.59
5.21248e+06 3.63079e+06 -599862 1827.41
5.33575e+06 3.45064e+06 -575188 2006.94
5.3188e+06 3.47682e+06 -575065 2031.32
5.33773e+06 3.45192e+06 -549308 2016.02
5.32077e+06 3.47811e+06 -549191 1998.9
5.3017e+06 3.50291e+06 -574926 1982.56
5.28439e+06 3.52885e+06 -574765 1991.8
5.30362e+06 3.50418e+06 -549054 1996.07
5.28621e+06 3.53007e+06 -548891 2007.58
5.33957e+06 3.45311e+06 -523414 1987.14
5.32262e+06 3.47932e+06 -523304 1995.86
5.34131e+06 3.45424e+06 -497511 1973.51
5.32435e+06 3.48045e+06 -497405 1976.67
5.30547e+06 3.5054e+06 -523175 1980.63
5.28805e+06 3.5313e+06 -523018 1987.58
5.30722e+06 3.50656e+06 -497285 1974.76
5.28982e+06 3.53248e+06 -497139 1987.67
5.26695e+06 3.55471e+06 -574588 1939.9
5.24955e+06 3.58059e+06 -574416 1934.07
5.26875e+06 3.55593e+06 -548721 1970.66
5.25146e+06 3.5819e+06 -548568 1908.33
5.23221e+06 3.60652e+06 -574250 1861.89
5.21459e+06 3.63226e+06 -574054 1802.64
5.23416e+06 3.60787e+06 -548415 1827.32
5.21647e+06 3.63357e+06 -548221 1812.01
5.27058e+06 3.55717e+06 -522857 1952.86
5.25335e+06 3.58319e+06 -522718 1919.62
5.27233e+06 3.55835e+06 -496984 1928.06
5.25512e+06 3.5844e+06 -496855 1866.73
5.23601e+06 3.60915e+06 -522569 1824.73
5.21834e+06 3.63487e+06 -522386 1767.08
5.23779e+06 3.61037e+06 -496715 1741.05
5.20465e+06 3.64433e+06 -495868 1713.62
5.47444e+06 3.24289e+06 -472019 1956.04
5.45849e+06 3.26973e+06 -472008 1992.17
5.47611e+06 3.24388e+06 -446081 1921.98
5.46012e+06 3.27071e+06 -446069 1968.01
5.44231e+06 3.29645e+06 -471979 1999.71
5.42596e+06 3.32305e+06 -471935 2025.9
5.44393e+06 3.29743e+06 -446042 1991.25
5.42759e+06 3.32405e+06 -446001 2021.62
5.47775e+06 3.24486e+06 -420141 1953.19
5.46166e+06 3.27164e+06 -420123 1925.59
5.47927e+06 3.24576e+06 -394190 1901.58
5.46317e+06 3.27255e+06 -394175 1949.51
5.44541e+06 3.29833e+06 -420094 1992.14
5.42914e+06 3.325e+06 -420062 1998.48
5.44692e+06 3.29924e+06 -394147 1938.1
5.43065e+06 3.32592e+06 -394120 1991.46
5.40966e+06 3.34969e+06 -471894 2024.46
5.39322e+06 3.37625e+06 -471842 2016.25
5.41129e+06 3.3507e+06 -445965 2013.47
5.39487e+06 3.37728e+06 -445918 2016.69
5.37661e+06 3.40269e+06 -471774 1998.81
5.35987e+06 3.42905e+06 -471695 1982.24
5.37824e+06 3.40372e+06 -445855 1991.11
5.36148e+06 3.43009e+06 -445780 1982.35
5.41283e+06 3.35165e+06 -420028 2012.92
5.39637e+06 3.37822e+06 -419983 1987.94
5.4143e+06 3.35256e+06 -394086 1972.06
5.39779e+06 3.3791e+06 -394040 1974.66
5.37975e+06 3.40468e+06 -419924 1983.95
5.36298e+06 3.43105e+06 -419854 1969.31
5.38114e+06 3.40556e+06 -393985 1983.89
5.36436e+06 3.43193e+06 -393920 1965.04
5.48085e+06 3.2467e+06 -368243 1821.07
5.46468e+06 3.27345e+06 -368225 1876.25
5.48216e+06 3.24748e+06 -342279 1823.68
5.46595e+06 3.27421e+06 -342258 1876.59
5.4484e+06 3.30014e+06 -368199 1916.42
5.43208e+06 3.3268e+06 -368169 1949.89
5.44966e+06 3.3009e+06 -342234 1899.31
5.43337e+06 3.32759e+06 -342209 1922.4
5.48332e+06 3.24816e+06 -316303 1787.27
5.46713e+06 3.27492e+06 -316287 1805.01
5.48453e+06 3.24888e+06 -290334 1692.19
5.46823e+06 3.27558e+06 -290312 1795.12
5.45091e+06 3.30166e+06 -316268 1896.45
5.43461e+06 3.32835e+06 -316244 1885.17
5.45199e+06 3.30231e+06 -290293 1836.09
5.43567e+06 3.32899e+06 -290270 1861.64
5.41562e+06 3.35338e+06 -368131 1960.95
5.39915e+06 3.37996e+06 -368093 1965.66
5.41689e+06 3.35417e+06 -342172 1945.22
5.40047e+06 3.38078e+06 -342140 1928.21
5.3825e+06 3.40642e+06 -368042 1974.84
5.36566e+06 3.43276e+06 -367978 1974.11
5.38382e+06 3.40725e+06 -342094 1970.94
5.36658e+06 3.43335e+06 -342011 2032.91
5.41809e+06 3.35491e+06 -316209 1931.84
5.40162e+06 3.3815e+06 -316176 1956.42
5.41877e+06 3.35532e+06 -290216 1849.44
5.40221e+06 3.38187e+06 -290181 1969.13
5.38498e+06 3.40799e+06 -316134 1936.23
5.36775e+06 3.4341e+06 -316054 2046.14
5.3859e+06 3.40857e+06 -290158 1954.53
5.36876e+06 3.43475e+06 -290091 2108.9
5.343e+06 3.45533e+06 -471605 1968.14
5.32599e+06 3.48153e+06 -471501 1979.86
5.34457e+06 3.45635e+06 -445691 1966.85
5.32748e+06 3.48251e+06 -445587 1965.12
5.30884e+06 3.50763e+06 -471386 1969.48
5.29147e+06 3.53359e+06 -471250 1952.62
5.31029e+06 3.5086e+06 -445475 1981.41
5.29297e+06 3.5346e+06 -445350 1966.69
5.34604e+06 3.45731e+06 -419770 1962.55
5.32895e+06 3.48347e+06 -419671 1997.72
5.34741e+06 3.4582e+06 -393840 1960.62
5.3304e+06 3.48442e+06 -393753 1962.72
5.31175e+06 3.50956e+06 -419564 1958.89
5.29444e+06 3.53558e+06 -419448 1949.71
5.31324e+06 3.51055e+06 -393656 1936.81
5.29592e+06 3.53657e+06 -393547 1927.12
5.27396e+06 3.55945e+06 -471102 1926.24
5.25673e+06 3.5855e+06 -470980 1917.21
5.2755e+06 3.5605e+06 -445214 1936.53
5.2581e+06 3.58644e+06 -445084 1861.74
5.23943e+06 3.61151e+06 -470850 1774.63
5.20632e+06 3.64551e+06 -470051 1712.04
5.24062e+06 3.61233e+06 -444947 1791.27
5.20766e+06 3.64644e+06 -444203 1744.88
5.27701e+06 3.56152e+06 -419323 1923.77
5.25946e+06 3.58737e+06 -419188 1894.78
5.27849e+06 3.56252e+06 -393429 1889.09
5.26101e+06 3.58843e+06 -393307 1835.57
5.2418e+06 3.61315e+06 -419044 1831.66
5.2241e+06 3.63888e+06 -418896 1718.45
5.24348e+06 3.6143e+06 -393182 1768.18
5.22586e+06 3.64011e+06 -393049 1711.99
5.34876e+06 3.45907e+06 -367908 1956.64
5.33174e+06 3.4853e+06 -367826 1943.6
5.34968e+06 3.45967e+06 -341946 2054.73
5.33297e+06 3.48611e+06 -341888 1952.68
5.31459e+06 3.51144e+06 -367735 1917.98
5.29735e+06 3.53753e+06 -367639 1885.82
5.31584e+06 3.51228e+06 -341805 1927.18
5.29863e+06 3.53839e+06 -341718 1860.4
5.35079e+06 3.46039e+06 -315992 1963.64
5.33408e+06 3.48684e+06 -315942 1960.25
5.35185e+06 3.46108e+06 -290035 2035.87
5.3348e+06 3.48731e+06 -289972 2100.56
5.31695e+06 3.51301e+06 -315866 1891.43
5.29969e+06 3.5391e+06 -315782 1858.43
5.31759e+06 3.51345e+06 -289900 1982.48
5.30066e+06 3.53975e+06 -289841 1827.61
5.27995e+06 3.5635e+06 -367531 1850.53
5.26249e+06 3.58944e+06 -367420 1790.72
5.28125e+06 3.56439e+06 -341620 1812.02
5.2638e+06 3.59033e+06 -341517 1765.69
5.24507e+06 3.6154e+06 -367312 1712.08
5.21219e+06 3.64962e+06 -366705 1596.02
5.24634e+06 3.61627e+06 -341415 1689.32
5.21326e+06 3.65036e+06 -340840 1609.74
5.28237e+06 3.56515e+06 -315695 1793.67
5.26495e+06 3.59112e+06 -315604 1740.63
5.28336e+06 3.56582e+06 -289763 1752.93
5.26594e+06 3.5918e+06 -289680 1704.88
5.24747e+06 3.61706e+06 -315508 1663.85
5.21437e+06 3.65114e+06 -314977 1580.82
5.24846e+06 3.61774e+06 -289592 1670.02
5.21545e+06 3.6519e+06 -289113 1557.13
5.72176e+06 2.8081e+06 -263497 1991.77
5.70798e+06 2.83621e+06 -263597 2014.63
5.72266e+06 2.80854e+06 -237591 2028.96
5.70881e+06 2.83662e+06 -237679 2043.81
5.69404e+06 2.86423e+06 -263689 2020.71
5.67987e+06 2.89214e+06 -263771 2069.67
5.69491e+06 2.86467e+06 -237764 2060.03
5.68099e+06 2.89271e+06 -237847 1999.63
5.72349e+06 2.80895e+06 -211681 2050.43
5.70984e+06 2.83713e+06 -211767 2052.62
5.72421e+06 2.8093e+06 -185768 2068
5.71061e+06 2.83751e+06 -185846 2068.97
5.696e+06 2.86521e+06 -211846 2049.36
5.68195e+06 2.89319e+06 -211918 2077.03
5.69675e+06 2.86559e+06 -185916 2074.21
5.68251e+06 2.89348e+06 -185973 2060.41
5.66567e+06 2.92003e+06 -263851 2056.76
5.65133e+06 2.94785e+06 -263924 2009.08
5.66685e+06 2.92064e+06 -237922 2022.74
5.65252e+06 2.94847e+06 -237990 2070.46
5.63713e+06 2.97575e+06 -264006 1941.82
5.62285e+06 3.0036e+06 -264082 1988.95
5.63824e+06 2.97633e+06 -238060 1917.28
5.62382e+06 3.00411e+06 -238125 1956.29
5.66794e+06 2.9212e+06 -211992 2005.57
5.65374e+06 2.9491e+06 -212057 2018.8
5.66846e+06 2.92147e+06 -186037 2038.48
5.65431e+06 2.9494e+06 -186097 2049.09
5.63931e+06 2.97689e+06 -212114 1979.64
5.62468e+06 3.00457e+06 -212163 1907.76
5.6397e+06 2.97709e+06 -186141 2056.46
5.62512e+06 3.0048e+06 -186187 1956.68
5.72483e+06 2.80961e+06 -159851 2080.9
5.71108e+06 2.83775e+06 -159915 2089.11
5.72538e+06 2.80988e+06 -133933 2090.36
5.71159e+06 2.83799e+06 -133986 2115.4
5.69715e+06 2.86579e+06 -159974 2095.73
5.68306e+06 2.89376e+06 -160027 2137.8
5.69769e+06 2.86606e+06 -134036 2132.36
5.68361e+06 2.89404e+06 -134082 2117.27
5.72581e+06 2.81009e+06 -108011 2103.63
5.71198e+06 2.83819e+06 -108054 2120.03
5.72616e+06 2.81026e+06 -82088.6 2096.55
5.71238e+06 2.83839e+06 -82122.8 2118.95
5.69809e+06 2.86626e+06 -108096 2118.14
5.68402e+06 2.89424e+06 -108134 2102.61
5.69847e+06 2.86645e+06 -82155.1 2119.27
5.68443e+06 2.89445e+06 -82185.6 2155.57
5.66895e+06 2.92171e+06 -160081 2127.28
5.6546e+06 2.94954e+06 -160128 2089.19
5.66938e+06 2.92193e+06 -134125 2116.9
5.65498e+06 2.94974e+06 -134164 2128.3
5.63995e+06 2.97722e+06 -160166 2079.12
5.62543e+06 3.00496e+06 -160208 2028.97
5.64048e+06 2.97749e+06 -134200 2098.43
5.62594e+06 3.00523e+06 -134236 2098.9
5.66977e+06 2.92213e+06 -108169 2109.28
5.65543e+06 2.94997e+06 -108202 2111.74
5.67024e+06 2.92237e+06 -82214.2 2155.39
5.65593e+06 2.95023e+06 -82240.8 2100.59
5.64097e+06 2.97775e+06 -108233 2083.92
5.6264e+06 3.00547e+06 -108262 2059.62
5.64152e+06 2.97804e+06 -82266.1 2093.86
5.62691e+06 3.00574e+06 -82288.6 2069.06
5.6085e+06 3.03143e+06 -264156 1754.95
5.59412e+06 3.05924e+06 -264228 1841.22
5.60933e+06 3.03187e+06 -238186 1839.57
5.59507e+06 3.05975e+06 -238256 1764.23
5.57909e+06 3.0867e+06 -264270 1561.14
5.56431e+06 3.11429e+06 -264325 1624.2
5.58001e+06 3.0872e+06 -238293 1621.38
5.5647e+06 3.1145e+06 -238321 1640.87
5.61014e+06 3.0323e+06 -212216 1898.36
5.59622e+06 3.06038e+06 -212293 1737.15
5.61092e+06 3.03272e+06 -186245 1892.37
5.59696e+06 3.06078e+06 -186313 1614.9
5.58116e+06 3.08782e+06 -212326 1717.67
5.56555e+06 3.11497e+06 -212336 1596.8
5.5818e+06 3.08818e+06 -186338 1818.54
5.56665e+06 3.11558e+06 -186364 1472.48
5.54898e+06 3.14156e+06 -264351 1567.41
5.53275e+06 3.16833e+06 -264334 1710.73
5.54952e+06 3.14187e+06 -238353 1661.41
5.53372e+06 3.16888e+06 -238356 1740.81
5.51692e+06 3.19533e+06 -264337 1728.93
5.50131e+06 3.22246e+06 -264351 1673.74
5.51788e+06 3.19588e+06 -238359 1739.96
5.50208e+06 3.22291e+06 -238365 1729.13
5.55031e+06 3.14231e+06 -212363 1805.65
5.5347e+06 3.16945e+06 -212376 1672.47
5.55141e+06 3.14292e+06 -186387 1692.28
5.53568e+06 3.17e+06 -186395 1612.94
5.51906e+06 3.19656e+06 -212387 1703.27
5.50308e+06 3.22348e+06 -212387 1744.47
5.52011e+06 3.19716e+06 -186408 1738.9
5.50382e+06 3.22392e+06 -186398 1754.59
5.61133e+06 3.03294e+06 -160262 1888.66
5.59722e+06 3.06092e+06 -160317 1796.34
5.6116e+06 3.03308e+06 -134278 1995.14
5.59758e+06 3.0611e+06 -134327 1884.38
5.58236e+06 3.08848e+06 -160350 1765.19
5.56718e+06 3.11587e+06 -160376 1745.35
5.58289e+06 3.08877e+06 -134362 1806.99
5.56712e+06 3.11583e+06 -134372 1860.53
5.61201e+06 3.03329e+06 -108296 1966.29
5.59794e+06 3.06129e+06 -108337 1793.23
5.61244e+06 3.03352e+06 -82314.4 2037.34
5.5982e+06 3.06143e+06 -82343.4 1952.05
5.58314e+06 3.0889e+06 -108364 1836.41
5.56716e+06 3.11584e+06 -108367 1968.53
5.58336e+06 3.08901e+06 -82363.2 1883.33
5.56745e+06 3.116e+06 -82367 1943
5.55192e+06 3.14321e+06 -160396 1853.17
5.53656e+06 3.1705e+06 -160411 1638.09
5.55197e+06 3.14324e+06 -134393 1714.44
5.53714e+06 3.17083e+06 -134417 1747.42
5.52064e+06 3.19746e+06 -160412 1728.32
5.50422e+06 3.22414e+06 -160398 1760.88
5.521e+06 3.19767e+06 -134411 1789.19
5.50464e+06 3.22439e+06 -134399 1827.32
5.55173e+06 3.1431e+06 -108380 1888.96
5.5369e+06 3.17069e+06 -108403 1898.74
5.5516e+06 3.14302e+06 -82371.1 1991.78
5.5366e+06 3.17052e+06 -82387.4 1908.4
5.5212e+06 3.19779e+06 -108406 1770.01
5.5051e+06 3.22465e+06 -108401 1819.06
5.52135e+06 3.19788e+06 -82399.2 1882.63
5.50552e+06 3.2249e+06 -82401.9 1876.63
5.72644e+06 2.8104e+06 -56164.6 2105.32
5.71264e+06 2.83852e+06 -56189.5 2134.09
5.72658e+06 2.81046e+06 -30239 2121.27
5.71276e+06 2.83857e+06 -30253.9 2135.35
5.69875e+06 2.86659e+06 -56213.3 2118.09
5.68475e+06 2.89461e+06 -56235.8 2106.91
5.69885e+06 2.86664e+06 -30268.3 2137.82
5.68489e+06 2.89468e+06 -30282.4 2121.01
5.72662e+06 2.81048e+06 -4312.86 2127.21
5.71286e+06 2.83862e+06 -4318.24 2134.34
5.72665e+06 2.8105e+06 21613.4 2127.79
5.71288e+06 2.83863e+06 21617.9 2151.77
5.69899e+06 2.86671e+06 -4323.58 2156.31
5.68499e+06 2.89473e+06 -4329.03 2136.43
5.69897e+06 2.8667e+06 21621.6 2148.57
5.68494e+06 2.8947e+06 21625 2139.44
5.6706e+06 2.92255e+06 -56256.9 2085.62
5.65629e+06 2.95041e+06 -56276.9 2100.68
5.67076e+06 2.92263e+06 -30295.9 2132.1
5.65633e+06 2.95043e+06 -30308 2127.1
5.64183e+06 2.97819e+06 -56295.4 2088.89
5.6272e+06 3.00589e+06 -56311.7 2054.33
5.64176e+06 2.97815e+06 -30318.9 2144.45
5.62715e+06 3.00586e+06 -30329.5 2098.64
5.67081e+06 2.92265e+06 -4334.1 2149.43
5.65632e+06 2.95042e+06 -4338.75 2149.42
5.67074e+06 2.92261e+06 21627.7 2141.38
5.65629e+06 2.9504e+06 21629.8 2164.55
5.64173e+06 2.97813e+06 -4343.51 2154.45
5.62712e+06 3.00584e+06 -4348.2 2138.61
5.64169e+06 2.97811e+06 21631.3 2158.39
5.62711e+06 3.00583e+06 21632.8 2139.74
5.72654e+06 2.81044e+06 47539.2 2127.29
5.71269e+06 2.83854e+06 47552.8 2139.68
5.72625e+06 2.8103e+06 73463.6 2126.28
5.71239e+06 2.83838e+06 73487 2166.3
5.69879e+06 2.8666e+06 47566.2 2157.22
5.68478e+06 2.89461e+06 47578.7 2164.61
5.69853e+06 2.86647e+06 73510.2 2162.9
5.6845e+06 2.89447e+06 73531.2 2171.74
5.72592e+06 2.81014e+06 99387.4 2125.3
5.71212e+06 2.83825e+06 99421.5 2139.28
5.72556e+06 2.80996e+06 125311 2107.26
5.71175e+06 2.83806e+06 125355 2156.57
5.69825e+06 2.86632e+06 99454.4 2155.77
5.68411e+06 2.89427e+06 99482.5 2179.24
5.69778e+06 2.86609e+06 125395 2158.34
5.68365e+06 2.89403e+06 125432 2156.55
5.67056e+06 2.92252e+06 47589.3 2169.22
5.65613e+06 2.95031e+06 47598.1 2170.16
5.67023e+06 2.92234e+06 73548.9 2168.96
5.6558e+06 2.95013e+06 73564.7 2196.23
5.64152e+06 2.97801e+06 47605.3 2160.68
5.62695e+06 3.00574e+06 47612.9 2144.49
5.64125e+06 2.97787e+06 73579.3 2181.83
5.62668e+06 3.00559e+06 73593.3 2180.64
5.66978e+06 2.92211e+06 99507.1 2181.03
5.6554e+06 2.94992e+06 99531.2 2182.47
5.66938e+06 2.9219e+06 125466 2171.35
5.65508e+06 2.94975e+06 125499 2173.32
5.64093e+06 2.9777e+06 99553.3 2192.64
5.62638e+06 3.00542e+06 99573.7 2142.79
5.64054e+06 2.97748e+06 125527 2203.17
5.62585e+06 3.00513e+06 125551 2165.94
5.61254e+06 3.03357e+06 -56327.9 2025.88
5.59816e+06 3.0614e+06 -56347.3 1947.87
5.61264e+06 3.03362e+06 -30340.3 2062.95
5.59803e+06 3.06132e+06 -30350.9 2021.28
5.58369e+06 3.08919e+06 -56363.4 1887.79
5.56788e+06 3.11624e+06 -56364.7 2023.45
5.58367e+06 3.08918e+06 -30361.5 1906.8
5.56892e+06 3.11682e+06 -30366.1 1975.06
5.61258e+06 3.03358e+06 -4352.85 2095.87
5.59791e+06 3.06126e+06 -4356.6 2063.99
5.61246e+06 3.03351e+06 21634 2073.14
5.59776e+06 3.06117e+06 21634.8 2120.52
5.58328e+06 3.08896e+06 -4361.36 1913.22
5.56907e+06 3.1169e+06 -4367.63 1790.97
5.58297e+06 3.08878e+06 21634.7 1987.05
5.56823e+06 3.11642e+06 21633.9 2033.26
5.55175e+06 3.1431e+06 -56366.4 1974.74
5.53653e+06 3.17047e+06 -56379.9 1933.57
5.55264e+06 3.14359e+06 -30367.4 1775.15
5.53644e+06 3.17041e+06 -30374.5 1999.86
5.52135e+06 3.19788e+06 -56392.2 1926.93
5.50583e+06 3.22508e+06 -56398.7 1809.11
5.52105e+06 3.19769e+06 -30383.3 1979.25
5.50573e+06 3.22502e+06 -30390.9 1998.06
5.55312e+06 3.14386e+06 -4369.39 1761.5
5.5366e+06 3.1705e+06 -4368.51 1928.37
5.55259e+06 3.14356e+06 21632.6 1760.66
5.53784e+06 3.17122e+06 21640.2 1863.11
5.52073e+06 3.1975e+06 -4373.53 1857.16
5.50514e+06 3.22466e+06 -4382.16 1945.53
5.52197e+06 3.19821e+06 21637.2 1536.17
5.50508e+06 3.22462e+06 21623.3 1987.67
5.6123e+06 3.03342e+06 47619.6 2123.4
5.59766e+06 3.06111e+06 47626.6 2090.29
5.61202e+06 3.03326e+06 73605.9 2115.22
5.59731e+06 3.06091e+06 73617.1 2123.41
5.58271e+06 3.08863e+06 47630.4 2019.37
5.56753e+06 3.11603e+06 47631.8 1977.58
5.58221e+06 3.08835e+06 73623.5 2116.55
5.56694e+06 3.11569e+06 73628 2069.86
5.61171e+06 3.03309e+06 99592.1 2170.08
5.59679e+06 3.06062e+06 99606.3 2158.78
5.61119e+06 3.0328e+06 125576 2161.94
5.59635e+06 3.06038e+06 125597 2151.03
5.58169e+06 3.08806e+06 99617.3 2140.22
5.56656e+06 3.11547e+06 99627.4 2114.49
5.58131e+06 3.08784e+06 125613 2126.83
5.56616e+06 3.11524e+06 125627 2112.91
5.55201e+06 3.14323e+06 47629.8 1940.6
5.53797e+06 3.17128e+06 47637.7 1858.83
5.55162e+06 3.143e+06 73630.8 2076.19
5.53645e+06 3.1704e+06 73632.9 1796.81
5.52268e+06 3.19861e+06 47640.1 1727.45
5.50554e+06 3.22488e+06 47630.6 1840.07
5.52121e+06 3.19777e+06 73637.7 2002.98
5.50545e+06 3.22483e+06 73640.4 1917.82
5.55135e+06 3.14284e+06 99636.4 2097.9
5.53597e+06 3.17012e+06 99643.2 2151.92
5.55087e+06 3.14256e+06 125638 2089.47
5.53564e+06 3.16993e+06 125650 2022.73
5.52025e+06 3.19721e+06 99642.1 1991.51
5.50446e+06 3.22425e+06 99638.1 1979.17
5.52015e+06 3.19714e+06 125657 2119.27
5.50389e+06 3.22391e+06 125645 2036.1
5.48538e+06 3.24939e+06 -264349 1689.68
5.46914e+06 3.27613e+06 -264330 1790.42
5.4861e+06 3.24981e+06 -238361 1814.42
5.47008e+06 3.27669e+06 -238353 1799.01
5.45285e+06 3.30283e+06 -264309 1788.73
5.43657e+06 3.32955e+06 -264290 1919.85
5.45383e+06 3.30342e+06 -238335 1809.73
5.4374e+06 3.33005e+06 -238311 2012.81
5.48692e+06 3.25029e+06 -212377 1782.4
5.47086e+06 3.27716e+06 -212369 1828.14
5.48758e+06 3.25068e+06 -186387 1822.12
5.47158e+06 3.27758e+06 -186381 1832.04
5.45468e+06 3.30394e+06 -212356 1819.6
5.43813e+06 3.3305e+06 -212328 2001.06
5.45537e+06 3.30436e+06 -186369 1831.39
5.43889e+06 3.33097e+06 -186347 1959.45
5.41945e+06 3.35574e+06 -264229 1904.7
5.40247e+06 3.38203e+06 -264177 2029.62
5.4203e+06 3.35627e+06 -238257 1881.66
5.40303e+06 3.38238e+06 -238196 2089.05
5.38613e+06 3.40871e+06 -264155 2120.68
5.36902e+06 3.43492e+06 -264093 2027.02
5.38636e+06 3.40886e+06 -238161 2119.41
5.36956e+06 3.43527e+06 -238120 2178.51
5.42101e+06 3.35671e+06 -212278 1930.51
5.40382e+06 3.38287e+06 -212227 2198.94
5.42178e+06 3.35718e+06 -186303 1957.51
5.40451e+06 3.3833e+06 -186255 2184.31
5.38714e+06 3.40936e+06 -212195 2196.62
5.37034e+06 3.43577e+06 -212159 2202.39
5.38783e+06 3.4098e+06 -186227 2207.16
5.37103e+06 3.43621e+06 -186195 2222.25
5.48812e+06 3.251e+06 -160391 1829.47
5.47223e+06 3.27797e+06 -160391 1862.32
5.48868e+06 3.25133e+06 -134397 1894.69
5.47266e+06 3.27823e+06 -134394 1925.98
5.456e+06 3.30473e+06 -160380 1883.04
5.43948e+06 3.33133e+06 -160360 1922.34
5.45636e+06 3.30495e+06 -134383 1909.24
5.43991e+06 3.33159e+06 -134368 1935.75
5.4891e+06 3.25157e+06 -108399 1829.88
5.47301e+06 3.27843e+06 -108394 1915.92
5.48947e+06 3.25179e+06 -82400 1918.01
5.47334e+06 3.27863e+06 -82395.5 1891
5.45674e+06 3.30518e+06 -108386 1956.29
5.44032e+06 3.33184e+06 -108374 1970.15
5.45712e+06 3.30541e+06 -82389.4 1954.77
5.44072e+06 3.33208e+06 -82380.4 1969.37
5.42238e+06 3.35755e+06 -160323 2048.59
5.40511e+06 3.38368e+06 -160280 2176.82
5.42282e+06 3.35783e+06 -134336 2161.3
5.40562e+06 3.384e+06 -134302 2149.61
5.38843e+06 3.41018e+06 -160256 2232.33
5.37163e+06 3.43659e+06 -160227 2232.7
5.38894e+06 3.4105e+06 -134281 2257.9
5.37213e+06 3.43692e+06 -134257 2244.1
5.42323e+06 3.35808e+06 -108349 2117.96
5.40604e+06 3.38427e+06 -108322 2181.12
5.42358e+06 3.3583e+06 -82360.2 2054.19
5.40637e+06 3.38447e+06 -82339 2233.77
5.38936e+06 3.41077e+06 -108305 2255.93
5.37255e+06 3.43719e+06 -108285 2252.28
5.38969e+06 3.41098e+06 -82325.7 2253.74
5.37288e+06 3.4374e+06 -82310.4 2255.4
5.35212e+06 3.46125e+06 -264043 2059.04
5.33506e+06 3.48749e+06 -263985 2038.15
5.35299e+06 3.46182e+06 -238088 2159.09
5.33593e+06 3.48806e+06 -238036 2077.22
5.31786e+06 3.51363e+06 -263920 1927.06
5.30123e+06 3.54014e+06 -263883 1972.64
5.3187e+06 3.51419e+06 -237976 2196.47
5.30215e+06 3.54076e+06 -237945 1713.68
5.35377e+06 3.46232e+06 -212132 2156.8
5.33671e+06 3.48857e+06 -212085 2079.89
5.35409e+06 3.46254e+06 -186157 2210.44
5.33703e+06 3.48878e+06 -186116 2197.72
5.31982e+06 3.51493e+06 -212044 2005.63
5.30332e+06 3.54154e+06 -212020 1916.25
5.32019e+06 3.51517e+06 -186083 2026.98
5.30359e+06 3.54172e+06 -186057 1999.64
5.28418e+06 3.56637e+06 -263825 1799.59
5.26673e+06 3.59234e+06 -263748 1728.56
5.28506e+06 3.56697e+06 -237892 1807.26
5.26749e+06 3.59286e+06 -237817 1742.85
5.24921e+06 3.61826e+06 -263667 1655.01
5.2163e+06 3.65249e+06 -263237 1574.55
5.24993e+06 3.61875e+06 -237742 1691.2
5.21703e+06 3.65301e+06 -237357 1619.48
5.28596e+06 3.56757e+06 -211960 1843.6
5.26836e+06 3.59345e+06 -211891 1769.64
5.28652e+06 3.56795e+06 -186014 1861.68
5.26899e+06 3.59388e+06 -185956 1811.17
5.25082e+06 3.61937e+06 -211825 1730.28
5.21776e+06 3.65351e+06 -211477 1631.89
5.25146e+06 3.61981e+06 -185898 1741.89
5.21832e+06 3.65391e+06 -185589 1674.1
5.35469e+06 3.46292e+06 -160195 2223.93
5.33762e+06 3.48917e+06 -160159 2214.2
5.3552e+06 3.46325e+06 -134230 2244.7
5.33813e+06 3.4895e+06 -134201 2224.91
5.32043e+06 3.51533e+06 -160120 2160
5.30379e+06 3.54186e+06 -160098 1962.05
5.32094e+06 3.51566e+06 -134169 2210.04
5.30396e+06 3.54197e+06 -134143 2092.03
5.35561e+06 3.46352e+06 -108263 2250.2
5.33855e+06 3.48977e+06 -108239 2243.13
5.35594e+06 3.46374e+06 -82293.3 2249.66
5.33887e+06 3.48999e+06 -82274.5 2248.01
5.32135e+06 3.51594e+06 -108213 2212.58
5.30403e+06 3.54202e+06 -108184 2209.18
5.32168e+06 3.51615e+06 -82253.7 2219.23
5.30435e+06 3.54223e+06 -82230.9 2222.82
5.28699e+06 3.56828e+06 -160069 1923.45
5.26955e+06 3.59427e+06 -160019 1794.97
5.28719e+06 3.56842e+06 -134120 2049.35
5.27014e+06 3.59468e+06 -134086 1862.24
5.25216e+06 3.62029e+06 -159971 1745.56
5.21886e+06 3.65429e+06 -159701 1650.75
5.25286e+06 3.62078e+06 -134047 1708.38
5.21956e+06 3.65478e+06 -133818 1634.45
5.28693e+06 3.56824e+06 -108159 1983.42
5.27014e+06 3.59468e+06 -108138 1898.58
5.28745e+06 3.5686e+06 -82212.7 2001.42
5.27065e+06 3.59504e+06 -82197 1942.4
5.2532e+06 3.62102e+06 -108112 1714
5.22022e+06 3.65524e+06 -107934 1624.89
5.25345e+06 3.62119e+06 -82176.4 1684.53
5.22071e+06 3.65558e+06 -82046.7 1589.53
5.48985e+06 3.25201e+06 -56398.6 1838.95
5.4736e+06 3.27878e+06 -56393.5 1917.02
5.48997e+06 3.25208e+06 -30392.3 1862.21
5.47376e+06 3.27887e+06 -30388.2 1950.43
5.45736e+06 3.30555e+06 -56388.3 1965.48
5.44103e+06 3.33227e+06 -56382.3 1964.16
5.45752e+06 3.30565e+06 -30384.4 1982.91
5.44118e+06 3.33237e+06 -30380 1968.26
5.4898e+06 3.25197e+06 -4384.8 1883.5
5.47376e+06 3.27887e+06 -4382.29 1969.15
5.48973e+06 3.25193e+06 21622.3 1908.43
5.47373e+06 3.27886e+06 21624.2 1945.68
5.45756e+06 3.30568e+06 -4379.72 1976.92
5.44122e+06 3.33239e+06 -4377.1 1994.82
5.45751e+06 3.30565e+06 21625.1 1975.47
5.44118e+06 3.33237e+06 21625.6 2001.77
5.42419e+06 3.35868e+06 -56370.1 2118.34
5.40693e+06 3.38482e+06 -56354.2 2095.24
5.42466e+06 3.35898e+06 -30374.2 2120.29
5.40739e+06 3.38511e+06 -30363.7 2103.46
5.38993e+06 3.41113e+06 -56341.7 2253.46
5.37312e+06 3.43755e+06 -56330.4 2247.97
5.39008e+06 3.41123e+06 -30353 2264.58
5.37327e+06 3.43765e+06 -30345.1 2234.18
5.42472e+06 3.35901e+06 -4373.55 2057.67
5.40779e+06 3.38537e+06 -4368.11 2131.61
5.4247e+06 3.35901e+06 21626.1 2016.36
5.40812e+06 3.38559e+06 21626.8 2037.42
5.39078e+06 3.41167e+06 -4363.12 2114.32
5.37364e+06 3.43789e+06 -4359.99 2161.45
5.39143e+06 3.41209e+06 21626.5 2103.08
5.37426e+06 3.43829e+06 21624.5 2032.17
5.48969e+06 3.2519e+06 47631.1 1941.31
5.47367e+06 3.27882e+06 47631.8 1985.71
5.48948e+06 3.25178e+06 73640 1952.59
5.47344e+06 3.27868e+06 73639.1 1945.59
5.45749e+06 3.30564e+06 47631.3 1985.09
5.44113e+06 3.33235e+06 47629 1998.37
5.45734e+06 3.30555e+06 73637.4 1984.58
5.44092e+06 3.33222e+06 73631.1 2016.11
5.48878e+06 3.25136e+06 99640.4 2033.89
5.47296e+06 3.27839e+06 99642.8 2005.14
5.48801e+06 3.25091e+06 125642 2043.38
5.47244e+06 3.27808e+06 125648 2027.14
5.45685e+06 3.30525e+06 99639.2 1988.94
5.44045e+06 3.33193e+06 99630.1 2036.4
5.45628e+06 3.30491e+06 125640 2017.03
5.43995e+06 3.33163e+06 125628 2024.37
5.42462e+06 3.35896e+06 47625.2 2011.4
5.40803e+06 3.38553e+06 47620.5 2029.26
5.42447e+06 3.35887e+06 73624.5 1999.33
5.40785e+06 3.38542e+06 73615.1 2042.02
5.39131e+06 3.41202e+06 47614.9 2005.81
5.37446e+06 3.43842e+06 47608.2 2001.89
5.391e+06 3.41182e+06 73602.3 2044.91
5.37417e+06 3.43824e+06 73590.1 2031.17
5.42404e+06 3.35861e+06 99620.2 2027.63
5.40745e+06 3.38517e+06 99606.7 2018.43
5.42348e+06 3.35827e+06 125613 2033.27
5.40691e+06 3.38484e+06 125596 2038.8
5.39063e+06 3.41159e+06 99589.1 2035.51
5.37379e+06 3.438e+06 99570.9 2030.68
5.39024e+06 3.41135e+06 125575 2024
5.3734e+06 3.43775e+06 125551 2014.53
5.35618e+06 3.46389e+06 -56318.2 2252.27
5.33911e+06 3.49014e+06 -56305.1 2239.79
5.35633e+06 3.46399e+06 -30337.9 2235.26
5.33926e+06 3.49024e+06 -30331.3 2269.61
5.32191e+06 3.51631e+06 -56290.6 2224.37
5.30459e+06 3.54239e+06 -56274.7 2217.62
5.32206e+06 3.51641e+06 -30324.1 2230.58
5.30474e+06 3.54249e+06 -30316 2201.98
5.35669e+06 3.46423e+06 -4358.59 2147.56
5.33993e+06 3.49068e+06 -4358.9 2151.77
5.35734e+06 3.46465e+06 21620.4 2190.44
5.34026e+06 3.49089e+06 21611.4 2075.48
5.32243e+06 3.51665e+06 -4359.31 2183.84
5.3048e+06 3.54253e+06 -4358.81 2174.16
5.32271e+06 3.51683e+06 21603.4 2116.94
5.3054e+06 3.54293e+06 21598.2 2068.81
5.28768e+06 3.56876e+06 -56265 2004.31
5.27051e+06 3.59494e+06 -56252.4 1974.07
5.28761e+06 3.5687e+06 -30309.1 2034.9
5.27035e+06 3.59483e+06 -30302.1 2034.29
5.25311e+06 3.62096e+06 -56235.5 1834.78
5.22071e+06 3.65558e+06 -56153.7 1661.14
5.25271e+06 3.62068e+06 -30295.6 1702.57
5.22028e+06 3.65528e+06 -30256.3 1714.16
5.28799e+06 3.56896e+06 -4359.66 2090.14
5.27114e+06 3.59536e+06 -4361.67 1946.94
5.28833e+06 3.56919e+06 21590.7 1974.45
5.27119e+06 3.59539e+06 21581.7 1844.55
5.25329e+06 3.62108e+06 -4361.07 1922.41
5.22051e+06 3.65544e+06 -4360.07 1756.28
5.25373e+06 3.62138e+06 21572.8 1742.71
5.22102e+06 3.6558e+06 21534.2 1596.33
5.35752e+06 3.46476e+06 47598.9 2006.67
5.34015e+06 3.49082e+06 47585 2084.11
5.35719e+06 3.46455e+06 73574.7 2017.89
5.34016e+06 3.49083e+06 73557.4 2031.2
5.3229e+06 3.51696e+06 47570.7 2101.11
5.30587e+06 3.54324e+06 47556.5 1991.22
5.32298e+06 3.51701e+06 73537.3 2007.22
5.30562e+06 3.54307e+06 73514 1961.32
5.35684e+06 3.46433e+06 99549.8 2012.59
5.33982e+06 3.49061e+06 99526.1 2015.46
5.35645e+06 3.46407e+06 125524 2001.06
5.3394e+06 3.49034e+06 125494 2002.11
5.32262e+06 3.51678e+06 99499.2 1994.62
5.30531e+06 3.54287e+06 99470.2 1963.21
5.32219e+06 3.51649e+06 125461 1984.32
5.30488e+06 3.54258e+06 125425 1950.49
5.28848e+06 3.56928e+06 47540.4 1923.92
5.27102e+06 3.59527e+06 47524.4 1852.05
5.2882e+06 3.56909e+06 73490.2 1914.13
5.27085e+06 3.59516e+06 73468.2 1808.01
5.25352e+06 3.62124e+06 47507.8 1761.17
5.22086e+06 3.65569e+06 47426.9 1616.83
5.2535e+06 3.62122e+06 73445.7 1708.82
5.22049e+06 3.65542e+06 73319.5 1597.11
5.28792e+06 3.5689e+06 99440.4 1897.26
5.27097e+06 3.59524e+06 99420.4 1685.86
5.2875e+06 3.56862e+06 125388 1900
5.27107e+06 3.59531e+06 125375 1500.83
5.25406e+06 3.6216e+06 99400.1 1711.87
5.22023e+06 3.65525e+06 99214.1 1513.91
5.25435e+06 3.6218e+06 125353 1837.15
5.21996e+06 3.65506e+06 125108 1435.51
5.72508e+06 2.80973e+06 151232 2113.83
5.71121e+06 2.83779e+06 151284 2127.49
5.72444e+06 2.80941e+06 177149 2117.26
5.71056e+06 2.83747e+06 177211 2164.24
5.69719e+06 2.86579e+06 151333 2163.87
5.68315e+06 2.89377e+06 151380 2172.7
5.69657e+06 2.86547e+06 177268 2176.54
5.6825e+06 2.89344e+06 177324 2189.94
5.72367e+06 2.80903e+06 203061 2139.9
5.70984e+06 2.83711e+06 203134 2155.38
5.72295e+06 2.80868e+06 228975 2115.33
5.70913e+06 2.83676e+06 229058 2139.12
5.69585e+06 2.86511e+06 203201 2193.21
5.68175e+06 2.89306e+06 203264 2190.5
5.69513e+06 2.86475e+06 229133 2180.42
5.68105e+06 2.8927e+06 229205 2160.84
5.66891e+06 2.92165e+06 151423 2190.71
5.65454e+06 2.94947e+06 151461 2160.2
5.66825e+06 2.92131e+06 177374 2182.49
5.65387e+06 2.94912e+06 177420 2202.97
5.64007e+06 2.97723e+06 151498 2158.44
5.6254e+06 3.00489e+06 151529 2158.29
5.63947e+06 2.97691e+06 177465 2194.74
5.62493e+06 3.00464e+06 177506 2179.22
5.66762e+06 2.92099e+06 203326 2201.99
5.6534e+06 2.94887e+06 203385 2185.53
5.667e+06 2.92067e+06 229279 2188.08
5.65276e+06 2.94853e+06 229344 2166.89
5.63891e+06 2.97662e+06 203434 2184.56
5.6243e+06 3.0043e+06 203478 2158.03
5.63822e+06 2.97625e+06 229397 2171.59
5.62359e+06 3.00391e+06 229447 2158.56
5.72224e+06 2.80833e+06 254889 2110.73
5.70842e+06 2.8364e+06 254981 2131.16
5.7213e+06 2.80787e+06 280794 2096.37
5.70748e+06 2.83594e+06 280896 2118.08
5.69432e+06 2.86434e+06 255061 2156.08
5.68025e+06 2.89229e+06 255142 2163.92
5.69345e+06 2.8639e+06 280987 2154.02
5.67936e+06 2.89183e+06 281076 2157.63
5.7202e+06 2.80733e+06 306691 2086.63
5.70639e+06 2.83539e+06 306803 2114.03
5.71905e+06 2.80676e+06 332585 2073.87
5.70523e+06 2.83482e+06 332706 2101.75
5.69245e+06 2.8634e+06 306908 2136.75
5.67833e+06 2.89131e+06 307003 2152.36
5.69127e+06 2.8628e+06 332819 2129.28
5.67714e+06 2.8907e+06 332921 2140.85
5.66618e+06 2.92024e+06 255223 2160.03
5.65181e+06 2.94804e+06 255291 2172.95
5.6652e+06 2.91973e+06 281160 2164.2
5.65083e+06 2.94752e+06 281235 2172.08
5.63731e+06 2.97577e+06 255352 2168.4
5.62268e+06 3.00343e+06 255407 2152.85
5.63632e+06 2.97524e+06 281303 2172.2
5.62169e+06 3.0029e+06 281364 2159.76
5.66411e+06 2.91917e+06 307092 2155.72
5.64974e+06 2.94696e+06 307174 2174.24
5.66291e+06 2.91855e+06 333018 2162.08
5.64855e+06 2.94633e+06 333107 2162.84
5.63524e+06 2.97467e+06 307248 2167.98
5.62063e+06 3.00233e+06 307317 2162.44
5.63403e+06 2.97403e+06 333187 2166.61
5.61942e+06 3.00168e+06 333261 2155.78
5.61071e+06 3.03254e+06 151559 2152.85
5.5959e+06 3.06013e+06 151586 2153.1
5.61024e+06 3.03228e+06 177542 2161.02
5.59536e+06 3.05983e+06 177572 2143.34
5.58086e+06 3.08759e+06 151607 2143.69
5.56568e+06 3.11497e+06 151624 2123.34
5.58031e+06 3.08728e+06 177596 2160.33
5.56514e+06 3.11466e+06 177617 2116.6
5.60966e+06 3.03197e+06 203522 2137.54
5.59477e+06 3.0595e+06 203557 2163.77
5.6089e+06 3.03155e+06 229495 2142.74
5.59402e+06 3.05909e+06 229535 2145.46
5.57966e+06 3.08692e+06 203583 2125.89
5.5645e+06 3.1143e+06 203608 2142.66
5.57892e+06 3.08651e+06 229566 2141.6
5.56375e+06 3.11388e+06 229594 2117.41
5.55035e+06 3.14227e+06 151637 2116.03
5.53494e+06 3.16953e+06 151648 2063
5.54983e+06 3.14197e+06 177634 2111.82
5.53442e+06 3.16923e+06 177649 2082.69
5.51974e+06 3.1969e+06 151665 2070.99
5.50363e+06 3.22375e+06 151658 2000.6
5.51914e+06 3.19655e+06 177668 2017.63
5.50346e+06 3.22365e+06 177676 2028.21
5.54928e+06 3.14166e+06 203631 2081.8
5.53391e+06 3.16893e+06 203649 2093.85
5.5486e+06 3.14127e+06 229623 2094.01
5.53318e+06 3.16851e+06 229641 2065.04
5.51864e+06 3.19627e+06 203672 1972.2
5.50337e+06 3.2236e+06 203694 1854.31
5.51783e+06 3.19579e+06 229662 2014.2
5.50255e+06 3.22311e+06 229686 1917
5.60792e+06 3.03102e+06 255457 2143.14
5.59302e+06 3.05854e+06 255501 2146.29
5.60692e+06 3.03048e+06 281418 2159.11
5.59201e+06 3.05799e+06 281467 2167.84
5.57803e+06 3.08601e+06 255541 2145.24
5.56291e+06 3.11341e+06 255575 2134.28
5.577e+06 3.08544e+06 281509 2145.84
5.56191e+06 3.11285e+06 281548 2126.04
5.60586e+06 3.02991e+06 307377 2150.67
5.59096e+06 3.05741e+06 307429 2156.92
5.60467e+06 3.02925e+06 333327 2153.36
5.58975e+06 3.05674e+06 333383 2173.66
5.57589e+06 3.08482e+06 307472 2151.22
5.56078e+06 3.11221e+06 307514 2134.73
5.57473e+06 3.08418e+06 333433 2152.77
5.55962e+06 3.11156e+06 333478 2138.47
5.54773e+06 3.14078e+06 255606 2081.27
5.53235e+06 3.16803e+06 255628 2058.62
5.54675e+06 3.14022e+06 281583 2097.35
5.53143e+06 3.1675e+06 281609 2069.7
5.5169e+06 3.19525e+06 255646 1988.69
5.50148e+06 3.22249e+06 255665 1912.07
5.51591e+06 3.19467e+06 281625 2037.53
5.50029e+06 3.22178e+06 281636 1967.44
5.54561e+06 3.13957e+06 307551 2103.81
5.53026e+06 3.16683e+06 307578 2080.1
5.54435e+06 3.13886e+06 333512 2115.78
5.52892e+06 3.16606e+06 333537 2091.42
5.51472e+06 3.19398e+06 307594 2018.33
5.49902e+06 3.22103e+06 307602 1992.09
5.51336e+06 3.19319e+06 333554 2076.78
5.49772e+06 3.22027e+06 333567 2028.22
5.7178e+06 2.80615e+06 358473 2065.42
5.70396e+06 2.83419e+06 358602 2094.14
5.71642e+06 2.80547e+06 384353 2068.15
5.70257e+06 2.8335e+06 384491 2100.04
5.68997e+06 2.86215e+06 358722 2121.99
5.67587e+06 2.89006e+06 358835 2139.35
5.68859e+06 2.86145e+06 384620 2130.64
5.67449e+06 2.88935e+06 384741 2148.78
5.71493e+06 2.80474e+06 410225 2062.3
5.7011e+06 2.83277e+06 410374 2099.53
5.71338e+06 2.80398e+06 436092 2050.86
5.69956e+06 2.832e+06 436251 2082.24
5.68713e+06 2.86072e+06 410511 2123.83
5.67302e+06 2.8886e+06 410640 2148.17
5.68559e+06 2.85994e+06 436398 2107.42
5.67149e+06 2.88782e+06 436535 2135.77
5.66164e+06 2.9179e+06 358939 2147.13
5.64727e+06 2.94566e+06 359034 2166
5.66029e+06 2.91719e+06 384854 2158.22
5.64592e+06 2.94495e+06 384956 2178.43
5.63274e+06 2.97335e+06 359120 2159.08
5.6181e+06 3.00097e+06 359198 2161.03
5.63138e+06 2.97263e+06 385047 2183.93
5.61672e+06 3.00023e+06 385129 2175.1
5.6588e+06 2.91643e+06 410760 2158.17
5.64444e+06 2.94418e+06 410870 2164.41
5.65726e+06 2.91563e+06 436661 2140.65
5.64289e+06 2.94337e+06 436777 2167.16
5.62992e+06 2.97185e+06 410968 2172.52
5.61525e+06 2.99945e+06 411055 2173.07
5.62839e+06 2.97104e+06 436883 2166.41
5.61374e+06 2.99863e+06 436977 2166.15
5.71175e+06 2.80318e+06 461954 2036.9
5.69793e+06 2.83119e+06 462121 2077.26
5.71002e+06 2.80233e+06 487807 2016.95
5.69618e+06 2.83032e+06 487983 2059.59
5.68396e+06 2.85912e+06 462277 2104.02
5.66986e+06 2.88699e+06 462422 2133.01
5.68221e+06 2.85824e+06 488147 2091.84
5.66813e+06 2.8861e+06 488301 2101.56
5.7082e+06 2.80144e+06 513653 1995.42
5.69436e+06 2.82941e+06 513838 2041.6
5.70627e+06 2.80049e+06 539488 1970.77
5.69243e+06 2.82845e+06 539683 2006.73
5.68038e+06 2.85732e+06 514010 2068.94
5.6663e+06 2.88517e+06 514172 2097.69
5.67846e+06 2.85635e+06 539864 2051.93
5.66436e+06 2.88418e+06 540033 2067.84
5.65563e+06 2.91479e+06 462556 2136.51
5.64127e+06 2.94253e+06 462680 2151.46
5.6539e+06 2.9139e+06 488444 2133.58
5.63957e+06 2.94163e+06 488576 2136.23
5.62677e+06 2.97019e+06 462792 2159.89
5.61213e+06 2.99778e+06 462893 2156.76
5.62508e+06 2.96929e+06 488695 2151.47
5.6104e+06 2.99685e+06 488798 2156.5
5.65208e+06 2.91296e+06 514323 2105.81
5.63774e+06 2.94068e+06 514462 2125.7
5.65017e+06 2.91197e+06 540193 2090.45
5.63581e+06 2.93967e+06 540338 2107.9
5.62323e+06 2.96831e+06 514585 2136.03
5.60851e+06 2.99584e+06 514690 2145.51
5.62125e+06 2.96726e+06 540462 2125.39
5.60654e+06 2.99478e+06 540573 2128.78
5.60335e+06 3.02854e+06 359269 2150.94
5.58844e+06 3.05603e+06 359330 2165.32
5.60194e+06 3.02778e+06 385203 2177.21
5.58703e+06 3.05525e+06 385268 2192.93
5.57344e+06 3.08346e+06 359385 2156.62
5.5583e+06 3.11082e+06 359430 2158.09
5.572e+06 3.08266e+06 385325 2181.33
5.55683e+06 3.10999e+06 385372 2172.65
5.60048e+06 3.02699e+06 411135 2177.05
5.58557e+06 3.05445e+06 411204 2189.98
5.59897e+06 3.02617e+06 437062 2169.77
5.58407e+06 3.05362e+06 437136 2185.48
5.57052e+06 3.08184e+06 411263 2196.65
5.55537e+06 3.10917e+06 411314 2181.59
5.56902e+06 3.081e+06 437199 2184.99
5.55386e+06 3.10832e+06 437253 2174.73
5.543e+06 3.13809e+06 359466 2114.53
5.52756e+06 3.16528e+06 359493 2125.13
5.54155e+06 3.13726e+06 385411 2163.26
5.52615e+06 3.16446e+06 385442 2148.36
5.51206e+06 3.19243e+06 359515 2074.44
5.49651e+06 3.21955e+06 359534 2027.88
5.51067e+06 3.19162e+06 385467 2112.59
5.49519e+06 3.21878e+06 385493 2044.4
5.54007e+06 3.13642e+06 411355 2164.99
5.52465e+06 3.1636e+06 411386 2152.49
5.53856e+06 3.13556e+06 437296 2170.12
5.52316e+06 3.16274e+06 437331 2152.3
5.50916e+06 3.19074e+06 411412 2118.92
5.49367e+06 3.21789e+06 411438 2049.39
5.50764e+06 3.18986e+06 437356 2123.19
5.492e+06 3.2169e+06 437371 2094.25
5.59737e+06 3.0253e+06 462983 2164.59
5.58246e+06 3.05274e+06 463061 2166.1
5.59561e+06 3.02435e+06 488891 2160.9
5.58075e+06 3.05181e+06 488978 2173.38
5.56742e+06 3.08012e+06 463129 2179.3
5.55227e+06 3.10743e+06 463186 2167
5.56572e+06 3.07917e+06 489049 2178.97
5.55055e+06 3.10646e+06 489109 2160.91
5.59371e+06 3.02331e+06 514786 2157.49
5.57888e+06 3.05078e+06 514880 2153.37
5.59175e+06 3.02225e+06 540675 2147.46
5.57688e+06 3.04968e+06 540771 2155.59
5.56386e+06 3.07814e+06 514957 2160.86
5.54872e+06 3.10544e+06 515023 2148.32
5.56188e+06 3.07704e+06 540853 2161.55
5.54678e+06 3.10435e+06 540925 2139.05
5.537e+06 3.13467e+06 463234 2160.93
5.52162e+06 3.16186e+06 463273 2140.36
5.53533e+06 3.13372e+06 489164 2145.75
5.51996e+06 3.1609e+06 489206 2134.9
5.50604e+06 3.18893e+06 463295 2124.85
5.49027e+06 3.21588e+06 463300 2108.35
5.50432e+06 3.18793e+06 489223 2114.86
5.48851e+06 3.21485e+06 489225 2119.66
5.53352e+06 3.13269e+06 515082 2162.35
5.51809e+06 3.15983e+06 515120 2132.26
5.53153e+06 3.13156e+06 540983 2138.88
5.51606e+06 3.15866e+06 541019 2123.77
5.50248e+06 3.18685e+06 515141 2128.76
5.48669e+06 3.21378e+06 515146 2106.8
5.5005e+06 3.18571e+06 541046 2126.81
5.48475e+06 3.21264e+06 541055 2099.46
5.48731e+06 3.25049e+06 151643 2090.56
5.47169e+06 3.27763e+06 151645 2107.56
5.48694e+06 3.25026e+06 177652 1984.76
5.47065e+06 3.277e+06 177630 2080.9
5.45577e+06 3.3046e+06 151641 2042.2
5.43948e+06 3.33134e+06 151627 2039.08
5.45492e+06 3.30407e+06 177629 2112.53
5.43887e+06 3.33096e+06 177620 2079.99
5.48734e+06 3.25049e+06 203687 2030.81
5.47042e+06 3.27685e+06 203643 1952.55
5.48705e+06 3.25031e+06 229699 1827.69
5.4705e+06 3.27689e+06 229668 2081.5
5.45381e+06 3.3034e+06 203608 2137.19
5.43783e+06 3.33031e+06 203597 2111.76
5.45324e+06 3.30304e+06 229605 2058.79
5.43676e+06 3.32966e+06 229572 2154.08
5.42297e+06 3.35795e+06 151606 2037.76
5.40642e+06 3.38453e+06 151585 2042.57
5.42244e+06 3.35761e+06 177598 2053.69
5.40586e+06 3.38417e+06 177573 2056.43
5.38975e+06 3.41103e+06 151560 2038.33
5.37291e+06 3.43744e+06 151531 2013.87
5.38915e+06 3.41065e+06 177543 2054.77
5.37232e+06 3.43705e+06 177509 2031.58
5.42166e+06 3.35713e+06 203582 2107.29
5.40522e+06 3.38377e+06 203559 2072.03
5.42067e+06 3.35651e+06 229559 2113.01
5.40436e+06 3.38323e+06 229537 2127.54
5.38851e+06 3.41024e+06 203524 2069.97
5.37168e+06 3.43664e+06 203485 2047.94
5.38775e+06 3.40975e+06 229502 2073.34
5.37095e+06 3.43616e+06 229459 2055.28
5.4859e+06 3.24963e+06 255675 1886.86
5.46969e+06 3.2764e+06 255656 1984.83
5.48467e+06 3.2489e+06 281646 1949.61
5.46841e+06 3.27563e+06 281622 2027.21
5.45268e+06 3.30269e+06 255599 2062.66
5.43594e+06 3.32915e+06 255555 2146.96
5.45154e+06 3.302e+06 281567 2115.57
5.43508e+06 3.32861e+06 281535 2136.18
5.48337e+06 3.24812e+06 307612 1977.39
5.46713e+06 3.27486e+06 307588 2086.93
5.48209e+06 3.24736e+06 333578 1999.1
5.46591e+06 3.27413e+06 333556 2084.68
5.45035e+06 3.30127e+06 307533 2118.24
5.43409e+06 3.328e+06 307508 2140.77
5.44923e+06 3.30059e+06 333502 2118.5
5.43297e+06 3.32731e+06 333475 2137.24
5.41973e+06 3.35592e+06 255535 2147.03
5.40341e+06 3.38263e+06 255510 2110.92
5.41886e+06 3.35537e+06 281513 2176.25
5.40253e+06 3.38207e+06 281485 2106.32
5.38687e+06 3.40919e+06 255474 2091.65
5.37012e+06 3.43563e+06 255428 2053.67
5.38599e+06 3.40863e+06 281446 2094.46
5.36921e+06 3.43504e+06 281394 2068.91
5.41799e+06 3.35483e+06 307492 2133.84
5.40157e+06 3.38146e+06 307456 2106.81
5.4169e+06 3.35414e+06 333458 2140.71
5.4004e+06 3.38072e+06 333415 2118.87
5.38496e+06 3.40797e+06 307409 2093.43
5.36815e+06 3.43435e+06 307351 2063.34
5.38368e+06 3.40715e+06 333358 2132.04
5.36689e+06 3.43354e+06 333297 2092.75
5.35594e+06 3.46375e+06 151498 2010.32
5.33889e+06 3.49e+06 151462 1999.63
5.35538e+06 3.46337e+06 177471 2030.22
5.33832e+06 3.48962e+06 177430 2018.23
5.32172e+06 3.51618e+06 151423 1987.24
5.30444e+06 3.54228e+06 151381 1944.46
5.32118e+06 3.51581e+06 177386 2006.27
5.3039e+06 3.54192e+06 177337 1966.68
5.35474e+06 3.46296e+06 203442 2030.06
5.33769e+06 3.48921e+06 203396 2038.35
5.35402e+06 3.46248e+06 229411 2040.32
5.337e+06 3.48875e+06 229360 2023.44
5.32055e+06 3.5154e+06 203346 1998.69
5.30323e+06 3.54147e+06 203288 1985.62
5.31984e+06 3.51493e+06 229302 2016.61
5.30249e+06 3.54097e+06 229237 2007.79
5.28702e+06 3.56829e+06 151334 1911.89
5.27009e+06 3.59464e+06 151299 1589.69
5.28642e+06 3.56789e+06 177281 1930.9
5.26884e+06 3.59378e+06 177219 1859.78
5.25284e+06 3.62076e+06 151256 1737.61
5.21917e+06 3.6545e+06 150988 1531.42
5.2515e+06 3.61984e+06 177168 1703.72
5.23383e+06 3.64567e+06 177107 1680.94
5.28575e+06 3.56743e+06 203225 1949.12
5.26821e+06 3.59335e+06 203159 1901.59
5.28506e+06 3.56696e+06 229168 1937.29
5.26756e+06 3.5929e+06 229096 2051.09
5.25093e+06 3.61944e+06 203102 1790.82
5.23324e+06 3.64526e+06 203030 1780.93
5.25008e+06 3.61885e+06 229024 1802.15
5.21691e+06 3.65292e+06 228638 1733.55
5.3532e+06 3.46195e+06 255375 2044.7
5.33616e+06 3.4882e+06 255317 2030.74
5.35226e+06 3.46134e+06 281334 2044.21
5.33521e+06 3.48757e+06 281270 2042.52
5.31899e+06 3.51436e+06 255253 2003.64
5.30167e+06 3.54042e+06 255182 1986.21
5.31821e+06 3.51384e+06 281209 2006.35
5.30098e+06 3.53996e+06 281135 1973.31
5.35121e+06 3.46065e+06 307287 2053.7
5.33419e+06 3.4869e+06 307219 2047.24
5.35006e+06 3.4599e+06 333234 2073.58
5.33313e+06 3.48621e+06 333166 2014.56
5.31723e+06 3.51319e+06 307154 1981.78
5.30005e+06 3.53934e+06 307076 1956.19
5.31602e+06 3.51239e+06 333085 2014.86
5.29881e+06 3.53851e+06 332998 1962.54
5.28427e+06 3.56643e+06 255107 1940.01
5.2668e+06 3.59238e+06 255028 1895.7
5.28342e+06 3.56585e+06 281044 1942.18
5.26591e+06 3.59177e+06 280955 1910.71
5.24934e+06 3.61835e+06 254950 1796
5.21608e+06 3.65234e+06 254514 1743.22
5.24846e+06 3.61773e+06 280869 1823.91
5.23053e+06 3.64336e+06 280756 1839.63
5.28252e+06 3.56525e+06 306978 1906.88
5.26499e+06 3.59115e+06 306880 1884.21
5.28152e+06 3.56457e+06 332906 1900.21
5.26407e+06 3.59052e+06 332804 1841.63
5.24736e+06 3.61698e+06 306776 1829.23
5.2292e+06 3.64244e+06 306641 1747.97
5.24614e+06 3.61614e+06 332672 1792.77
5.2284e+06 3.64188e+06 332553 1746.14
5.48083e+06 3.24661e+06 359544 2013.79
5.46468e+06 3.27339e+06 359522 2072.43
5.47952e+06 3.24583e+06 385505 2016.9
5.46339e+06 3.27261e+06 385482 2089.36
5.4481e+06 3.2999e+06 359471 2123.07
5.43168e+06 3.32651e+06 359429 2125.84
5.44691e+06 3.29918e+06 385435 2140.99
5.43042e+06 3.32573e+06 385387 2134.05
5.478e+06 3.24492e+06 411449 2066.34
5.46192e+06 3.27172e+06 411431 2060.89
5.47622e+06 3.24387e+06 437375 2059.08
5.46028e+06 3.27074e+06 437367 2115.28
5.44554e+06 3.29834e+06 411388 2139.42
5.42919e+06 3.32498e+06 411348 2151.29
5.444e+06 3.2974e+06 437330 2147.5
5.42756e+06 3.32397e+06 437280 2218.22
5.4154e+06 3.35321e+06 359398 2170.57
5.39892e+06 3.37979e+06 359354 2124.08
5.41396e+06 3.35231e+06 385342 2164.27
5.39742e+06 3.37884e+06 385290 2164.41
5.38229e+06 3.40627e+06 359300 2134.59
5.36562e+06 3.43272e+06 359244 2081.77
5.38087e+06 3.40536e+06 385238 2159.94
5.36437e+06 3.43192e+06 385191 2117.98
5.41271e+06 3.35154e+06 411299 2231.1
5.39603e+06 3.37797e+06 411235 2169.75
5.41114e+06 3.35056e+06 437233 2141.95
5.39464e+06 3.37709e+06 437180 2217.44
5.37946e+06 3.40447e+06 411178 2180.91
5.36302e+06 3.43105e+06 411131 2042.36
5.37815e+06 3.40363e+06 437126 2136.66
5.36156e+06 3.43011e+06 437065 2098.85
5.47443e+06 3.24281e+06 463299 2099.07
5.45859e+06 3.26972e+06 463298 2111.93
5.47269e+06 3.24177e+06 489226 2104.75
5.45682e+06 3.26865e+06 489223 2133.84
5.44233e+06 3.29639e+06 463262 2141.46
5.42576e+06 3.32287e+06 463199 2191.31
5.44054e+06 3.2953e+06 489183 2181.15
5.42405e+06 3.32182e+06 489124 2205.51
5.47087e+06 3.24069e+06 515147 2115.32
5.45501e+06 3.26757e+06 515145 2127.02
5.46889e+06 3.23951e+06 541051 2128.47
5.45299e+06 3.26635e+06 541044 2123.49
5.43871e+06 3.29419e+06 515100 2168.33
5.4222e+06 3.32068e+06 515035 2209.93
5.43673e+06 3.29299e+06 541002 2180.87
5.42027e+06 3.31949e+06 540940 2207.96
5.40944e+06 3.3495e+06 463157 2214.53
5.39314e+06 3.37614e+06 463116 2168.87
5.4078e+06 3.34848e+06 489087 2203.7
5.3914e+06 3.37505e+06 489034 2221.28
5.37672e+06 3.40272e+06 463066 2167.29
5.3599e+06 3.42904e+06 462981 2089.46
5.37479e+06 3.40149e+06 488963 2177.61
5.35794e+06 3.42778e+06 488870 2165.59
5.40593e+06 3.34731e+06 514993 2217.33
5.38947e+06 3.37384e+06 514933 2226.27
5.4039e+06 3.34606e+06 540886 2221.31
5.38744e+06 3.37256e+06 540823 2217.03
5.37272e+06 3.40018e+06 514846 2215.28
5.35605e+06 3.42656e+06 514765 2177.02
5.37082e+06 3.39897e+06 540744 2209.65
5.35417e+06 3.42536e+06 540662 2193.49
5.34884e+06 3.45911e+06 359179 2051.74
5.33193e+06 3.48542e+06 359105 2020.82
5.3476e+06 3.4583e+06 385123 2072.07
5.33057e+06 3.48452e+06 385035 2087.86
5.31505e+06 3.51174e+06 359034 1974.55
5.29787e+06 3.53787e+06 358942 1906
5.31392e+06 3.51099e+06 384975 1944.98
5.29685e+06 3.53719e+06 384885 1981.31
5.34638e+06 3.45751e+06 411070 2009.46
5.32924e+06 3.48365e+06 410968 2014.83
5.34476e+06 3.45645e+06 436984 2333.71
5.32762e+06 3.48258e+06 436875 1980.84
5.31226e+06 3.50989e+06 410877 2032.4
5.29525e+06 3.53611e+06 410786 1917.58
5.3105e+06 3.50872e+06 436769 2047.55
5.29355e+06 3.53497e+06 436676 1868.5
5.28045e+06 3.56384e+06 358833 1882.1
5.26288e+06 3.5897e+06 358713 1875.97
5.27936e+06 3.5631e+06 384763 1850.4
5.26162e+06 3.58884e+06 384621 1972.41
5.24473e+06 3.61516e+06 358553 1772.5
5.22712e+06 3.64099e+06 358429 1762.12
5.24328e+06 3.61415e+06 384433 1851.46
5.22528e+06 3.6397e+06 384270 1868.35
5.27802e+06 3.56218e+06 410675 2013.71
5.2602e+06 3.58786e+06 410517 1895.34
5.27625e+06 3.56098e+06 436552 1961.84
5.25839e+06 3.58662e+06 436383 1929.27
5.24178e+06 3.61312e+06 410311 1919.53
5.22379e+06 3.63866e+06 410139 1962.56
5.24025e+06 3.61205e+06 436190 2039.44
5.22221e+06 3.63756e+06 436005 2009.31
5.34277e+06 3.45516e+06 462867 2009.16
5.32584e+06 3.48141e+06 462771 2217.88
5.34093e+06 3.45396e+06 488762 2152.37
5.32408e+06 3.48026e+06 488668 2098.66
5.30931e+06 3.50793e+06 462710 2019.73
5.29231e+06 3.53414e+06 462607 2014.66
5.30757e+06 3.50677e+06 488604 2077.14
5.29049e+06 3.53291e+06 488488 2030.03
5.33921e+06 3.45285e+06 514669 2186.13
5.32219e+06 3.47901e+06 514553 2159.81
5.33733e+06 3.45162e+06 540560 2144.93
5.32029e+06 3.47776e+06 540438 2162.71
5.30522e+06 3.50521e+06 514442 2125.27
5.2881e+06 3.53131e+06 514318 2057.76
5.30323e+06 3.50389e+06 540314 2143.39
5.28603e+06 3.52992e+06 540175 2102.73
5.27436e+06 3.5597e+06 462419 2011.79
5.25647e+06 3.5853e+06 462238 1988.33
5.27251e+06 3.55845e+06 488290 2023.18
5.2546e+06 3.58403e+06 488099 2096.3
5.2386e+06 3.61092e+06 462060 1990.91
5.22062e+06 3.63645e+06 461871 2048.54
5.2368e+06 3.60968e+06 487918 2058.76
5.21897e+06 3.63531e+06 487735 2062.64
5.27059e+06 3.55715e+06 514155 2068.61
5.25283e+06 3.58281e+06 513969 2073.21
5.2686e+06 3.5558e+06 540013 2122.05
5.25097e+06 3.58155e+06 539832 2093.64
5.23506e+06 3.60848e+06 513783 2075.34
5.21726e+06 3.63411e+06 513592 2059.4
5.23325e+06 3.60723e+06 539640 2087.08
5.21547e+06 3.63287e+06 539443 2049.31
