26.1407 -2.36733 -0.00159594 0.00183061 -0.0154163
26.4221 -2.3682 -0.00123552 0.00147034 -0.0133814
26.1407 -2.13448 -0.000913525 -0.000535595 -0.0288863
26.4221 -2.13526 -0.00357763 0.0051247 -0.0248194
26.7034 -2.36901 -0.00678896 0.0125167 -0.0131512
26.9848 -2.36975 -0.0171825 0.0322452 -0.0158148
26.7034 -2.13599 -0.0124038 0.0222273 -0.0300012
26.9848 -2.13666 -0.0209351 0.0405539 -0.0113499
26.1407 -1.90162 -0.000974604 -0.000651877 -0.0337087
26.4221 -1.90231 -0.00498004 0.00745983 -0.0246972
26.1407 -1.66876 0.000700453 -0.00416342 -0.0428052
26.4221 -1.66938 0.00121852 -0.00391763 -0.0380698
26.7034 -1.90297 -0.00797385 0.0127345 -0.0263405
26.9848 -1.90359 -0.0125478 0.0228714 -0.0427194
26.7034 -1.66997 -0.0158167 0.0295247 -0.0456454
26.9847 -1.67051 -0.0198821 0.0358001 -0.0613725
27.2661 -2.37044 -0.0282902 0.0567256 0.0116258
27.5475 -2.37107 -0.0305411 0.0572441 -0.0126792
27.2661 -2.13728 -0.0323995 0.0572426 -0.0386832
27.5475 -2.13786 -0.0342544 0.0652355 -0.00845908
27.8288 -2.37165 -0.053332 0.10724 -0.0119545
28.1101 -2.37218 -0.057969 0.107758 -0.012667
27.8288 -2.13839 -0.0427095 0.0812586 -0.0188895
28.1101 -2.13887 -0.0592375 0.109205 -0.0303716
27.2661 -1.90416 -0.0297305 0.0561094 -0.0519561
27.5474 -1.90467 -0.0300776 0.053878 -0.0527438
27.2661 -1.67101 -0.018559 0.035685 -0.0452088
27.5474 -1.67148 -0.0298091 0.05601 -0.0573142
27.8288 -1.90515 -0.038032 0.0690576 -0.0537055
28.1101 -1.90557 -0.0528667 0.0959908 -0.0481764
27.8287 -1.6719 -0.0408145 0.0758562 -0.0592965
28.11 -1.67227 -0.0522778 0.0998286 -0.0690792
26.1407 -1.4359 -0.000157662 -0.00217606 -0.0432544
26.422 -1.43644 -0.00488706 0.00691522 -0.0541455
26.1407 -1.20304 -0.00158196 0.00105721 -0.0449038
26.422 -1.2035 -0.00245593 0.00309965 -0.0466543
26.7034 -1.43695 -0.00670785 0.0111484 -0.0453344
26.9847 -1.43742 -0.00875026 0.0155096 -0.0358472
26.7034 -1.20393 -0.00697158 0.0111054 -0.0502544
26.9847 -1.20433 -0.0125449 0.0222839 -0.0468143
26.1407 -0.97018 -0.000155463 -0.00120597 -0.042681
26.422 -0.970557 -0.00219142 0.00277258 -0.0456747
26.1407 -0.737321 -0.00155649 0.00179239 -0.0420001
26.422 -0.737616 -0.00134023 0.000978105 -0.0424978
26.7034 -0.970912 -0.00771421 0.0145835 -0.0463134
26.9847 -0.971241 -0.0136657 0.0259067 -0.0346383
26.7034 -0.737894 -0.00485188 0.00801152 -0.0331944
26.9847 -0.738155 -0.0102084 0.0182252 -0.038629
27.2661 -1.43786 -0.0179959 0.0332275 -0.0437852
27.5474 -1.43826 -0.0271142 0.0499268 -0.0641455
27.266 -1.2047 -0.0153596 0.0279422 -0.060819
27.5474 -1.20505 -0.0260309 0.0469858 -0.0655346
27.8287 -1.43863 -0.040315 0.0729046 -0.0615327
28.11 -1.43896 -0.0550497 0.104851 -0.0661647
27.8287 -1.20537 -0.0386734 0.0704381 -0.0608948
28.11 -1.20566 -0.0469288 0.0854399 -0.0671984
27.266 -0.971548 -0.017308 0.0322109 -0.0391527
27.5473 -0.971835 -0.0231774 0.0431598 -0.0373549
27.266 -0.7384 -0.010858 0.019293 -0.0403003
27.5473 -0.738625 -0.0238988 0.0434 -0.0558506
27.8286 -0.9721 -0.0341465 0.0636672 -0.0511062
28.1099 -0.972342 -0.0408559 0.075937 -0.0436301
27.8286 -0.738833 -0.0336185 0.0606588 -0.0560901
28.1099 -0.739026 -0.0417339 0.0731521 -0.0778674
28.3915 -2.37264 -0.0685312 0.134256 -0.0294975
28.6728 -2.37305 -0.0385158 0.0693628 -0.0308078
28.3914 -2.1393 -0.0588527 0.11099 -0.0624298
28.6728 -2.13966 -0.0627095 0.11731 -0.0655962
28.9541 -2.3734 -0.0286566 0.0509762 -0.00961716
29.2353 -2.3737 -0.0519599 0.100365 -0.0201693
28.954 -2.13998 -0.0291105 0.0441167 -0.0404984
29.2352 -2.14026 -0.0456227 0.0852569 -0.0235578
28.3914 -1.90595 -0.0647646 0.1182 -0.0727656
28.6728 -1.90628 -0.0847285 0.166285 -0.0863215
28.3914 -1.67261 -0.0610847 0.119248 -0.0656303
28.6727 -1.67291 -0.0893736 0.180058 -0.0475675
28.9539 -1.90657 -0.0242621 0.0373106 -0.0206708
29.2352 -1.9068 -0.0570005 0.104861 -0.0277911
28.9539 -1.67317 -0.056014 0.0904691 -0.0119907
29.2352 -1.67337 -0.0564307 0.114326 -0.00428098
29.5164 -2.37393 0.00363809 -0.00729729 -0.0178176
29.7976 -2.3741 0.00296257 -0.00526006 -0.00338004
29.5164 -2.14048 -0.00175916 0.0032817 0.0149733
29.7976 -2.14064 0.0099841 -0.0168461 0.000776814
30.0789 -2.37421 0.00965505 -0.0163955 0.00533577
30.3601 -2.37428 0.00492907 -0.00792686 0.00958205
30.0788 -2.14075 0.00787403 -0.0148164 -0.0153597
30.3601 -2.14082 0.00129935 -0.00287413 -0.00883052
29.5164 -1.907 -0.0240952 0.0360971 -0.0392086
29.7976 -1.90715 0.0218619 -0.0422779 -0.0321049
29.5163 -1.67355 -0.0293423 0.0458071 -0.0147022
29.7975 -1.67369 0.0238579 -0.0450889 -0.00803472
30.0788 -1.90726 0.00241526 -0.00651838 -0.0201416
30.3601 -1.90734 0.00734051 -0.0149556 -0.0259782
30.0788 -1.6738 0.00413007 -0.00630274 0.00765255
30.36 -1.67386 0.0163494 -0.0278324 -0.0291019
28.3913 -1.43927 -0.0630915 0.12558 -0.0464972
28.6727 -1.43954 -0.0753912 0.144253 -0.0796133
28.3913 -1.20593 -0.048562 0.0952609 -0.0844994
28.6726 -1.20617 -0.0499858 0.0966555 -0.10006
28.9539 -1.43978 -0.0739399 0.124039 -0.111849
29.2351 -1.44 -0.0398707 0.0716085 -0.0980008
28.9538 -1.2064 -0.0639528 0.109383 -0.120348
29.235 -1.2066 -0.0343947 0.0602886 -0.117518
28.3912 -0.972566 -0.0432413 0.0800619 -0.0851445
28.6725 -0.972785 -0.0544383 0.10659 -0.0785597
28.3912 -0.73921 -0.0409989 0.0793323 -0.0742088
28.6725 -0.739376 -0.048925 0.0943547 -0.0537779
28.9538 -0.972976 -0.0523863 0.0902031 -0.0849396
29.235 -0.973135 -0.0175599 0.0255068 -0.0978586
28.9537 -0.739519 -0.0367273 0.0640301 -0.0456464
29.235 -0.739644 -0.0169055 0.0262233 -0.0759383
29.5163 -1.44016 -0.00540808 0.00707272 -0.118002
29.7975 -1.44025 0.000847734 -0.00804697 -0.074791
29.5163 -1.20674 -0.0246358 0.0502681 -0.126848
29.7975 -1.20682 -0.0169119 0.0279617 -0.0942513
30.0787 -1.44034 0.00911699 -0.0156645 -0.0396191
30.36 -1.44038 0.0189644 -0.0330455 -0.0420557
30.0787 -1.20687 0.00665809 -0.0121816 -0.0534138
30.36 -1.20689 0.0174444 -0.0311937 -0.0481212
29.5163 -0.973263 -0.0251931 0.0517917 -0.103759
29.7975 -0.973347 -0.0202525 0.041147 -0.0737341
29.5163 -0.739746 -0.0246697 0.0436674 -0.0909567
29.7975 -0.739826 -0.0204013 0.0376102 -0.0796597
30.0787 -0.973389 0.0075645 -0.0125809 -0.0731633
30.36 -0.973406 0.00533425 -0.0106028 -0.037512
30.0787 -0.739881 -0.00902844 0.0139581 -0.0615198
30.3599 -0.739915 0.00344775 -0.00715502 -0.0437138
