30.641 1.36205 -0.0109548 0.0234705 -0.0465629
30.9223 1.36196 -0.00566304 0.0132917 -0.0360451
30.6409 1.59566 -0.000601614 0.000526979 -0.0198189
30.9222 1.59554 0.000744159 0.00193214 -0.0367139
31.2036 1.36187 -0.00575984 0.0121654 -0.0553136
31.4849 1.36174 -0.0067386 0.0124695 -0.0434741
31.2035 1.59541 -0.000744532 0.00550794 -0.0395774
31.4848 1.59525 -0.00998097 0.0195766 -0.0477644
30.6409 1.82922 -0.00739958 0.00959485 -0.0511584
30.9221 1.82913 0.0347042 -0.0513956 0.0241977
30.6408 2.06274 -0.0152111 0.0302814 -0.0350043
30.9221 2.06266 -0.000642658 0.00166245 -0.024014
31.2035 1.82897 -0.00681523 0.0152877 -0.0411146
31.4848 1.82877 -0.00241528 0.00798121 -0.0343784
31.2034 2.06251 0.0074491 -0.0115419 -0.00781063
31.4847 2.0623 -0.00674342 0.0147167 -0.0470323
31.7661 1.36158 -0.00681746 0.0127425 -0.0376324
32.0474 1.36139 -0.0118647 0.0203008 -0.0285368
31.7661 1.59506 -0.00723646 0.0133563 -0.0374614
32.0474 1.59484 -0.0144734 0.0247525 -0.0337542
32.3287 1.36117 -0.0166241 0.0274621 -0.0249291
32.6099 1.36091 -0.0238889 0.0379544 -0.016349
32.3286 1.59458 -0.0209237 0.0346592 -0.0305345
32.6099 1.59429 -0.0236496 0.0380663 -0.0222498
31.766 1.82855 -0.0111334 0.0222892 -0.0445102
32.0473 1.8283 -0.0168788 0.0290775 -0.0361183
31.766 2.06205 -0.0124511 0.0239347 -0.0382006
32.0473 2.06176 -0.0198568 0.0351702 -0.0361161
32.3286 1.828 -0.0221432 0.0361688 -0.0247372
32.6099 1.82766 -0.0281115 0.045473 -0.0267402
32.3286 2.06143 -0.0237195 0.0398376 -0.0302704
32.6098 2.06104 -0.029023 0.046998 -0.0242878
30.6408 2.29626 -0.0129685 0.0278845 -0.0513872
30.922 2.29616 0.00726415 -0.00553652 -0.0567481
30.6408 2.52978 -0.00672541 0.0184805 -0.0586665
30.922 2.52968 0.00882352 -0.00730766 -0.0579121
31.2033 2.29601 0.023966 -0.0322747 -0.0503366
31.4846 2.29581 0.000494546 0.000921132 -0.0245656
31.2033 2.52953 0.0213854 -0.0286324 -0.0467877
31.4846 2.52932 -0.000894986 0.0040124 -0.0311737
30.6407 2.76332 -0.00884543 0.0212518 -0.0483477
30.922 2.76322 0.0120283 -0.0140346 -0.0457944
30.6407 2.99687 -0.00466877 0.0124332 -0.0395199
30.922 2.99677 0.0101808 -0.0125647 -0.0347394
31.2033 2.76306 0.0105823 -0.014116 -0.0296868
31.4846 2.76283 -0.00858594 0.0179302 -0.0360219
31.2032 2.99658 0.0132504 -0.0176302 -0.0351737
31.4845 2.99633 -0.00423913 0.00898655 -0.0166895
31.766 2.29555 -0.0156768 0.0290987 -0.0384639
32.0472 2.29523 -0.0223918 0.0384323 -0.0286992
31.7659 2.52904 -0.0155507 0.0274838 -0.0267361
32.0472 2.52869 -0.0220733 0.0378494 -0.0253989
32.3285 2.29485 -0.0261383 0.043796 -0.0296745
32.6098 2.29442 -0.0308936 0.0502938 -0.0259391
32.3285 2.52828 -0.028113 0.0464517 -0.0241736
32.6097 2.5278 -0.0287532 0.0470339 -0.0270566
31.7658 2.76252 -0.0148157 0.0258952 -0.0207604
32.0471 2.76214 -0.0187159 0.032512 -0.0274098
31.7658 2.996 -0.0122977 0.0240955 -0.0357848
32.0471 2.9956 -0.0202027 0.0353575 -0.0301278
32.3284 2.76169 -0.0243794 0.0413106 -0.0261986
32.6097 2.76118 -0.0295391 0.0480408 -0.0224278
32.3283 2.99512 -0.022849 0.0404455 -0.0369122
32.6096 2.99457 -0.0299071 0.0501333 -0.0292414
32.8912 1.36062 -0.0265697 0.0416661 -0.0129842
33.1724 1.3603 -0.033973 0.0524892 -0.00962076
32.8911 1.59395 -0.0288664 0.0456503 -0.0201641
33.1724 1.59358 -0.0330734 0.0515579 -0.0178485
33.4536 1.35994 -0.0418647 0.0639939 -0.011266
33.7348 1.35956 -0.057832 0.0875681 -0.0175277
33.4536 1.59317 -0.0403674 0.0622709 -0.015598
33.7348 1.59272 -0.05094 0.0777525 -0.0267404
32.8911 1.82728 -0.0299067 0.0473433 -0.0208414
33.1723 1.82686 -0.0335615 0.0526419 -0.0190529
32.8911 2.06061 -0.0316253 0.0502171 -0.021041
33.1723 2.06014 -0.0317458 0.0500842 -0.0188067
33.4536 1.82639 -0.0398992 0.0615952 -0.0171557
33.7348 1.82588 -0.0463825 0.0704194 -0.0226253
33.4535 2.05961 -0.0387529 0.0598591 -0.0217166
33.7348 2.05903 -0.0428105 0.0653959 -0.0239634
34.0161 1.35913 -0.0621963 0.0934044 -0.0271211
34.2972 1.35864 -0.0899309 0.158648 -0.0707724
34.016 1.59222 -0.0569604 0.0858133 -0.0334969
34.2972 1.59167 -0.0568808 0.0871098 -0.0659447
34.5783 1.35815 -0.0498003 0.0888567 -0.0897682
34.8594 1.35764 0.0237852 -0.0241028 -0.0667643
34.5783 1.5911 -0.0435861 0.0673899 -0.0583677
34.8594 1.5905 -0.0161088 0.0228171 -0.0567408
34.016 1.82532 -0.0526661 0.0795453 -0.0264798
34.2972 1.82471 -0.0435694 0.0657418 -0.0322753
34.016 2.05841 -0.0480606 0.0730547 -0.0240736
34.2972 2.05774 -0.0408639 0.0617999 -0.0272519
34.5783 1.82406 -0.0393409 0.0639395 -0.0309739
34.8594 1.82337 -0.0161759 0.024787 -0.0297142
34.5783 2.05701 -0.0314237 0.0485204 -0.0304719
34.8594 2.05624 -0.0191819 0.0288189 -0.0285517
32.891 2.29394 -0.0297879 0.0478959 -0.0253417
33.1723 2.29341 -0.0348834 0.0553729 -0.0217124
32.891 2.52727 -0.033344 0.053374 -0.0227874
33.1722 2.5267 -0.0334418 0.0532071 -0.0247872
33.4535 2.29283 -0.0382455 0.0597928 -0.0252241
33.7348 2.2922 -0.0429091 0.065611 -0.0179403
33.4535 2.52606 -0.0385417 0.0609254 -0.0161787
33.7347 2.52537 -0.0479314 0.0715232 -0.0216948
32.8909 2.76061 -0.0339108 0.0546667 -0.0212717
33.1722 2.75998 -0.0360387 0.0563953 -0.0132111
32.8909 2.99396 -0.0337568 0.0556912 -0.0266089
33.1722 2.99327 -0.0396773 0.0620925 -0.0118039
33.4535 2.75928 -0.0396827 0.0636935 -0.012431
33.7347 2.75852 -0.0483321 0.0719879 -0.00601024
33.4535 2.99251 -0.0383637 0.0598195 -0.0168639
33.7347 2.99168 -0.0445271 0.0691236 -0.0164789
34.016 2.2915 -0.0455545 0.0695199 -0.024062
34.2972 2.29076 -0.0402589 0.06178 -0.0293698
34.016 2.5246 -0.0444632 0.0665992 -0.0134724
34.2971 2.52378 -0.0391281 0.059213 -0.0154242
34.5783 2.28995 -0.0374063 0.0568489 -0.0145701
34.8594 2.28908 -0.017894 0.0260792 -0.00327562
34.5783 2.52289 -0.0417886 0.064227 -0.0237337
34.8594 2.52194 -0.0101355 0.0173177 -0.0321989
34.0159 2.75769 -0.0403331 0.0609675 -0.0169721
34.2971 2.7568 -0.0417031 0.0624062 -0.0114029
34.0159 2.99077 -0.0447495 0.0683656 -0.015864
34.2971 2.9898 -0.037233 0.0568988 -0.0236984
34.5783 2.75583 -0.0341625 0.0518382 -0.0213911
34.8594 2.75481 -0.0046878 0.00833623 -0.0190454
34.5783 2.98875 -0.0310002 0.0453911 -0.0267766
34.8594 2.98765 -0.0107472 0.0170147 -0.0264969
