30.6408 -7.97957 -0.0162121 0.0196086 -0.0284712
30.9221 -7.97937 -0.0359772 0.0661279 -0.0062829
30.6408 -7.74602 -0.0353592 0.0623773 0.00468072
30.9221 -7.74585 -0.0233696 0.0371137 -0.0232329
31.2033 -7.979 -0.0283617 0.0445046 -0.0108012
31.4845 -7.97844 -0.02744 0.0370549 -0.0323474
31.2033 -7.74549 -0.0178825 0.0240211 -0.0227612
31.4845 -7.74496 -0.0187214 0.0197272 -0.0497957
30.6408 -7.51247 -0.0289475 0.0462687 -0.018704
30.9221 -7.51231 -0.0266936 0.0454184 -0.00849464
30.6408 -7.27891 -0.0250046 0.0400907 -0.0183114
30.9221 -7.27875 -0.025573 0.0433362 -0.00458716
31.2033 -7.51196 -0.00897367 0.00640167 -0.0387232
31.4845 -7.51141 -0.000547245 -0.00242344 -0.0153765
31.2033 -7.2784 0.00257853 -0.00444959 -0.00175842
31.4845 -7.27785 0.00598632 -0.0132524 -0.0203139
31.7657 -7.97768 0.0177725 -0.0266541 0.00130406
32.0469 -7.97668 0.0257758 -0.0495476 -0.0756787
31.7657 -7.7442 0.00516303 -0.0196083 -0.0706754
32.0469 -7.74322 -0.0194992 0.0260959 -0.0201987
32.3282 -7.9755 -0.0252887 0.0420128 0.00392672
32.6094 -7.97415 -0.0306988 0.0403461 -0.029242
32.3282 -7.74208 -0.0199942 0.0266785 -0.0203084
32.6094 -7.74075 -0.0247963 0.0396369 0.00414138
31.7657 -7.51067 -0.016376 0.0208054 -0.0222705
32.047 -7.50975 -0.0236636 0.0364346 -0.0119721
31.7658 -7.27714 -0.0211748 0.0346296 -0.00265142
32.047 -7.27626 -0.018352 0.0297566 -0.00202798
32.3282 -7.50865 -0.0261983 0.0384235 -0.013163
32.6095 -7.50737 -0.0322585 0.0457126 -0.0175283
32.3282 -7.2752 -0.027376 0.0413196 -0.00895178
32.6095 -7.27397 -0.0304804 0.045441 -0.0101375
30.6409 -7.04536 -0.0136157 0.0237248 -0.00254445
30.9221 -7.0452 -0.0204308 0.0334891 -0.00316281
30.6409 -6.81182 -0.014294 0.030631 0.0225202
30.9221 -6.81165 -0.00594451 0.0152248 0.0245082
31.2033 -7.04484 -0.00434757 0.0044569 -0.0123653
31.4845 -7.0443 -0.0154075 0.0321005 0.0193084
31.2033 -6.81131 -0.00595938 0.0158451 0.0247182
31.4846 -6.8108 -0.0182188 0.0386857 0.0293263
30.6409 -6.57829 -0.00313807 0.0148194 0.0376488
30.9221 -6.57812 -0.00370541 0.0153126 0.0369762
30.6409 -6.34479 -0.00246227 0.015464 0.0478518
30.9221 -6.34462 0.00101949 0.00551813 0.0322849
31.2033 -6.57779 -0.00767097 0.0200531 0.0303575
31.4846 -6.57731 -0.0201849 0.0390962 0.020838
31.2033 -6.3443 -0.00870042 0.0227176 0.0383332
31.4846 -6.34382 -0.00725256 0.0174961 0.0252652
31.7658 -7.04362 -0.0208194 0.0388925 0.0181819
32.047 -7.04277 -0.015534 0.0281384 0.0151241
31.7658 -6.81014 -0.0227701 0.0415771 0.0295358
32.047 -6.80931 -0.00998778 0.0196861 0.0178664
32.3283 -7.04175 -0.0255755 0.0421048 0.00634101
32.6095 -7.04056 -0.0302209 0.0481114 0.00334957
32.3283 -6.80832 -0.0245648 0.0423185 0.0140919
32.6095 -6.80716 -0.0259664 0.0429671 0.0106002
31.7658 -6.57666 -0.0136387 0.0276679 0.028337
32.047 -6.57586 -0.0153328 0.0269994 0.0125522
31.7658 -6.34319 -0.00962443 0.0191603 0.0189781
32.047 -6.34241 -0.0164182 0.0291087 0.0147681
32.3283 -6.57489 -0.0205734 0.0365607 0.0185992
32.6095 -6.57377 -0.0255777 0.0427646 0.0133934
32.3283 -6.34147 -0.0196467 0.0342045 0.015545
32.6095 -6.34038 -0.0256063 0.0430807 0.0146355
32.8907 -7.97262 -0.0374409 0.0560675 -0.0156239
33.172 -7.9709 -0.0391147 0.0544564 -0.0195975
32.8907 -7.73926 -0.03644 0.0550615 -0.0116959
33.172 -7.73759 -0.036262 0.0548363 -0.00295004
33.4533 -7.96899 -0.0408447 0.0585759 -0.0140085
33.7345 -7.96688 -0.0368183 0.0509831 -0.0189669
33.4533 -7.73573 -0.0363169 0.0505508 -0.019558
33.7345 -7.73369 -0.0351014 0.047183 -0.0194831
32.8907 -7.50591 -0.0338673 0.0513948 -0.00364685
33.172 -7.50429 -0.0338281 0.0485323 -0.0176634
32.8907 -7.27256 -0.0339083 0.0503523 -0.00950755
33.172 -7.27098 -0.0313712 0.0462779 -0.0102433
33.4533 -7.50249 -0.0368146 0.05368 -0.0157255
33.7345 -7.50051 -0.0311817 0.040965 -0.0224021
33.4532 -7.26923 -0.0347801 0.0502595 -0.0122402
33.7345 -7.26731 -0.0271871 0.0380991 -0.0115681
34.0157 -7.96458 -0.0187436 0.0224593 -0.016327
34.297 -7.96209 -0.0163203 0.0178214 -0.0208547
34.0157 -7.73147 -0.0203155 0.0226559 -0.0312687
34.2969 -7.72904 -0.0181674 0.0201931 -0.0224205
34.5782 -7.95941 -0.0128256 0.0117471 -0.0284642
34.8594 -7.95656 -0.0194246 0.0193923 -0.0446061
34.5782 -7.72644 -0.0169732 0.0169204 -0.026392
34.8594 -7.72367 -0.0066578 0.000951818 -0.0400792
34.0157 -7.49834 -0.0192416 0.0224676 -0.0252073
34.2969 -7.496 -0.0178234 0.0208501 -0.0252943
34.0157 -7.2652 -0.0196325 0.0256013 -0.0136785
34.2969 -7.26293 -0.0174698 0.022886 -0.0117985
34.5782 -7.49347 -0.0109284 0.0116012 -0.0159165
34.8594 -7.49076 -0.00409307 0.000887425 -0.0186308
34.5782 -7.26048 -0.0108026 0.0132289 -0.0102892
34.8594 -7.25785 -0.00111018 -0.000230474 -0.00822656
32.8907 -7.0392 -0.0302106 0.0470595 0.000206104
33.172 -7.03767 -0.0321657 0.0493115 -0.00187027
32.8907 -6.80584 -0.0291568 0.0472709 0.00891681
33.172 -6.80436 -0.0307047 0.0486239 0.00677876
33.4532 -7.03597 -0.0334858 0.0497383 -0.00518998
33.7345 -7.0341 -0.0274964 0.041563 0.000738637
33.4533 -6.8027 -0.0306009 0.0490456 0.00981205
33.7345 -6.80089 -0.0304899 0.0498829 0.0154968
32.8907 -6.57249 -0.0284265 0.0466357 0.0126304
33.172 -6.57105 -0.0320376 0.0522401 0.0140028
32.8908 -6.33914 -0.027637 0.0456389 0.0134683
33.172 -6.33774 -0.0306276 0.0501593 0.0142052
33.4533 -6.56945 -0.0307989 0.0505625 0.0148579
33.7345 -6.56769 -0.0319352 0.0519797 0.0149608
33.4533 -6.33619 -0.0315081 0.0518354 0.0151017
33.7345 -6.33449 -0.0335571 0.0549023 0.018373
34.0157 -7.03206 -0.0206039 0.0304151 0.00119713
34.2969 -7.02985 -0.014156 0.0215929 0.00454108
34.0157 -6.79891 -0.0201341 0.0326299 0.0140818
34.2969 -6.79677 -0.0101968 0.0173562 0.0111699
34.5781 -7.02748 -0.00958709 0.0142509 0.00213292
34.8594 -7.02493 -0.00441419 0.00662506 0.00163987
34.5781 -6.79447 -0.00871354 0.0162121 0.0149145
34.8594 -6.792 -0.00358316 0.00779174 0.0122213
34.0157 -6.56578 -0.0231131 0.0372626 0.0183665
34.2969 -6.5637 -0.00968957 0.0172693 0.01589
34.0157 -6.33264 -0.0215674 0.0347204 0.0169794
34.2969 -6.33063 -0.0140589 0.0244363 0.0191993
34.5781 -6.56147 -0.00578712 0.0129137 0.0241947
34.8594 -6.55908 -0.0038725 0.0105597 0.0276167
34.5781 -6.32848 -0.00863198 0.0167602 0.022023
34.8594 -6.32617 -0.00141911 0.00766417 0.028104
