30.6409 -6.11126 -0.00234153 0.00884292 0.0212565
30.9221 -6.11109 0.00315057 0.00101894 0.0282954
30.641 -5.8777 -0.0135975 0.0214299 -0.00438028
30.9222 -5.87753 0.000922897 0.000188932 0.00850009
31.2034 -6.11077 -0.006576 0.01517 0.0200932
31.4846 -6.11031 -0.00743373 0.0151626 0.015644
31.2034 -5.87722 -0.00367715 0.00734235 0.00697502
31.4846 -5.87677 -0.00581868 0.011697 0.0119382
30.641 -5.64413 -0.00876555 0.0170066 0.0114073
30.9222 -5.64396 0.00169721 -0.000326187 0.0124069
30.641 -5.41055 -0.00802392 0.01637 0.0186745
30.9222 -5.41039 0.000711462 -0.000113135 0.00628925
31.2034 -5.64366 -0.00296652 0.00809736 0.0164636
31.4846 -5.64323 -0.00563788 0.0125968 0.0175587
31.2035 -5.4101 -0.00171212 0.00625301 0.0188054
31.4847 -5.40969 -0.00549496 0.0119071 0.0159144
31.7658 -6.1097 -0.00868871 0.0157858 0.00889771
32.047 -6.10894 -0.015627 0.0276927 0.0144127
31.7658 -5.87618 -0.0106869 0.0195443 0.0116032
32.0471 -5.87545 -0.0150082 0.0260651 0.0112004
32.3283 -6.10803 -0.0206423 0.0348695 0.0111222
32.6095 -6.10697 -0.0254679 0.0424278 0.0125409
32.3283 -5.87457 -0.0213576 0.0362997 0.0128792
32.6095 -5.87355 -0.0246853 0.041366 0.0134209
31.7659 -5.64266 -0.0104111 0.0198903 0.0159256
32.0471 -5.64195 -0.0142312 0.0260998 0.0178637
31.7659 -5.40914 -0.00887989 0.0184378 0.0229751
32.0471 -5.40847 -0.014816 0.0276061 0.0216701
32.3283 -5.64111 -0.0201679 0.0352084 0.0172782
32.6096 -5.64014 -0.025182 0.0429994 0.018246
32.3284 -5.40766 -0.0207753 0.0366794 0.0209679
32.6096 -5.40672 -0.0227786 0.0394495 0.0206905
30.6411 -5.17697 -0.00795916 0.0163828 0.0184604
30.9223 -5.17682 -0.00384836 0.00932588 0.01731
30.6411 -4.94338 -0.00676099 0.0165377 0.0288381
30.9223 -4.94324 0.000457453 0.00471494 0.0328866
31.2035 -5.17655 -0.002815 0.00803185 0.0207092
31.4847 -5.17615 -0.00599897 0.0140689 0.0241503
31.2035 -4.94299 -0.00345613 0.0107281 0.0306438
31.4847 -4.9426 -0.00410717 0.0116935 0.0298533
30.6411 -4.7098 -0.00613492 0.0188777 0.0493674
30.9223 -4.70966 0.000702774 0.00601728 0.0400432
30.6411 -4.47621 -0.00232305 0.0123914 0.0567919
30.9224 -4.47609 0.00102477 0.00607744 0.0511465
31.2035 -4.70942 0.000138268 0.00708185 0.0419872
31.4848 -4.70906 -0.00431671 0.0128775 0.0367937
31.2036 -4.47586 0.0025569 0.0023709 0.0449319
31.4848 -4.47552 -0.00251679 0.0105114 0.0418629
31.7659 -5.17562 -0.00829294 0.0178929 0.0261412
32.0472 -5.17498 -0.0150652 0.0284768 0.0248043
31.766 -4.94211 -0.00917037 0.0200403 0.0312663
32.0472 -4.94149 -0.0149268 0.0292298 0.0320655
32.3284 -5.17421 -0.0184028 0.0337064 0.026156
32.6096 -5.17331 -0.0225258 0.0396637 0.024642
32.3284 -4.94075 -0.0179769 0.0337344 0.0306265
32.6096 -4.9399 -0.0225674 0.0403091 0.0305083
31.766 -4.70859 -0.00780815 0.0179264 0.0343056
32.0472 -4.708 -0.0130677 0.026246 0.034167
31.766 -4.47507 -0.00710579 0.017238 0.0374343
32.0472 -4.47451 -0.0128139 0.0264704 0.0377915
32.3284 -4.7073 -0.0186505 0.0360487 0.0386684
32.6096 -4.70649 -0.0205531 0.0368345 0.0314089
32.3284 -4.47385 -0.0172009 0.032481 0.0349865
32.6096 -4.47308 -0.0193569 0.0352969 0.0358333
32.8908 -6.10577 -0.0272307 0.0444486 0.0109004
33.172 -6.10443 -0.0315095 0.0508363 0.0104456
32.8908 -5.8724 -0.0272856 0.0445857 0.0107702
33.172 -5.8711 -0.030512 0.0490691 0.00903081
33.4533 -6.10293 -0.0327522 0.053407 0.0144598
33.7345 -6.1013 -0.0316659 0.0501935 0.00885001
33.4533 -5.86967 -0.0317232 0.0496211 0.00543691
33.7345 -5.8681 -0.0309114 0.0469296 -9.88157e-05
32.8908 -5.63903 -0.0245068 0.0414395 0.0155311
33.172 -5.63778 -0.028426 0.0453145 0.010568
32.8908 -5.40566 -0.0256172 0.0436419 0.0210692
33.1721 -5.40446 -0.024655 0.0402515 0.0165881
33.4533 -5.6364 -0.0318212 0.049021 0.00293601
33.7345 -5.63489 -0.0302415 0.0462848 0.0050019
33.4533 -5.40313 -0.0273791 0.0445305 0.0170378
33.7345 -5.40167 -0.0299722 0.0463583 0.00732601
34.0157 -6.09951 -0.0228412 0.035474 0.00993126
34.2969 -6.09757 -0.0152774 0.0248272 0.0138803
34.0157 -5.86638 -0.0248614 0.0371541 0.0029009
34.2969 -5.8645 -0.0200211 0.0309962 0.0117338
34.5781 -6.09548 -0.0120402 0.0215359 0.0215737
34.8594 -6.09325 -0.00282503 0.00713184 0.0187938
34.5782 -5.86249 -0.0151975 0.0251527 0.0174433
34.8594 -5.86033 -0.00233244 0.00768564 0.0231697
34.0157 -5.63323 -0.0281465 0.0429724 0.00805853
34.297 -5.63143 -0.0226195 0.0357265 0.0140753
34.0158 -5.40008 -0.0287109 0.0446615 0.0152376
34.297 -5.39836 -0.028025 0.0441859 0.0165701
34.5782 -5.62949 -0.0165276 0.0283398 0.0235772
34.8594 -5.62742 -0.00313687 0.0104348 0.0325487
34.5782 -5.39651 -0.020235 0.0344313 0.0283202
34.8594 -5.39452 -0.00496945 0.0128525 0.0329789
32.8908 -5.17229 -0.0243505 0.0416395 0.0229191
33.1721 -5.17114 -0.0229559 0.0391168 0.0224226
32.8908 -4.93892 -0.0232375 0.0403858 0.0260412
33.1721 -4.93783 -0.0221482 0.0374671 0.0217373
33.4533 -5.16987 -0.0267871 0.0433353 0.0172736
33.7345 -5.16848 -0.0271742 0.0428763 0.0169
33.4533 -4.93662 -0.0238312 0.0392803 0.0220467
33.7346 -4.93529 -0.0272729 0.0431811 0.0208582
32.8909 -4.70556 -0.0198983 0.0353404 0.0288436
33.1721 -4.70452 -0.0211591 0.0367931 0.0291971
32.8909 -4.4722 -0.0201112 0.0359681 0.0327622
33.1721 -4.47121 -0.0211769 0.0370905 0.0316708
33.4533 -4.70337 -0.0236831 0.0401168 0.0284099
33.7346 -4.7021 -0.0261471 0.0423863 0.0273393
33.4533 -4.47012 -0.0237763 0.0397904 0.0281359
33.7346 -4.46891 -0.0249218 0.0411995 0.032625
34.0158 -5.16695 -0.0282921 0.0435933 0.0122865
34.297 -5.1653 -0.0326966 0.0518838 0.018962
34.0158 -4.93384 -0.0321421 0.0517764 0.0240871
34.297 -4.93226 -0.0347478 0.0574065 0.0311725
34.5782 -5.16353 -0.025831 0.0436914 0.0294546
34.8594 -5.16163 -0.00754848 0.0178739 0.0417601
34.5782 -4.93056 -0.0294781 0.0499781 0.0376161
34.8594 -4.92876 -0.0120421 0.0226579 0.0409841
34.0158 -4.70072 -0.0341094 0.0558486 0.0318886
34.297 -4.69922 -0.0351162 0.0588978 0.0346542
34.0158 -4.4676 -0.0356205 0.0573093 0.0305596
34.2971 -4.46618 -0.0391626 0.0652463 0.0347976
34.5782 -4.6976 -0.0293504 0.0484703 0.0341115
34.8594 -4.69587 -0.0150248 0.0260611 0.0266233
34.5782 -4.46465 -0.0232499 0.0389509 0.0354898
34.8594 -4.46301 -0.0138496 0.024559 0.029806
