26.1406 -9.8199 0.0109454 -0.0299095 -0.0167562
26.4218 -9.82337 0.0195305 -0.038385 -0.00320233
26.1406 -9.5871 -0.00676841 3.152e-05 -0.041785
26.4218 -9.59048 0.00489713 -0.0206372 -0.028642
26.703 -9.82663 0.0135757 -0.0282784 -0.00455201
26.9842 -9.82967 0.00963498 -0.0222238 -0.00890597
26.703 -9.59364 0.0172427 -0.0355323 -0.00714462
26.9842 -9.59659 0.0122937 -0.0280811 -0.0114494
26.1406 -9.35427 -0.0184884 0.0169611 -0.0691886
26.4219 -9.3576 -0.0047662 -0.00952008 -0.0568215
26.1406 -9.12142 -0.016094 0.0119527 -0.0655459
26.4219 -9.12467 -0.00929222 -0.00206238 -0.0741772
26.703 -9.36067 0.00765808 -0.0260818 -0.0325613
26.9843 -9.36352 0.00865585 -0.0241723 -0.0199182
26.7031 -9.12768 -0.0214294 0.0223151 -0.0592413
26.9843 -9.13047 -0.0221861 0.0314827 -0.0255035
27.2654 -9.83247 0.00227599 -0.00301335 0.00367748
27.5467 -9.83505 -0.00759831 0.0197373 0.008121
27.2655 -9.59932 -0.00666275 0.00994794 -0.00884644
27.5467 -9.60184 -0.00411817 0.00549117 -0.00833694
27.8279 -9.8374 0.0179454 -0.0290322 0.0111364
28.1092 -9.8395 0.0244086 -0.0439761 -0.004658
27.8279 -9.60413 0.0215423 -0.0398618 -0.00173376
28.1092 -9.60618 0.0205148 -0.0460936 -0.0305126
27.2655 -9.36618 -0.00712541 0.00724048 -0.0179149
27.5468 -9.36864 -0.0042224 0.00278374 -0.0161668
27.2655 -9.13306 0.00670102 -0.0181863 -0.0145951
27.5468 -9.13546 -0.000272465 -0.0122386 -0.0335014
27.828 -9.37087 0.0181118 -0.0410969 -0.0205788
28.1092 -9.37286 0.0163695 -0.0326924 -0.0122655
27.828 -9.13762 0.00830373 -0.0311971 -0.0454641
28.1093 -9.13955 0.0176329 -0.0386945 -0.0268303
26.1406 -8.88855 -0.00997126 0.00231918 -0.0511953
26.4219 -8.89173 -0.00170281 -0.0155744 -0.0572091
26.1406 -8.65568 -0.00397401 -0.00835303 -0.0430615
26.4219 -8.65878 -0.00807233 -0.00397386 -0.0602539
26.7032 -8.89468 -0.0276203 0.0401342 -0.0642986
26.9844 -8.89743 -0.0276006 0.0428392 -0.0341161
26.7032 -8.66168 -0.0390741 0.0605607 -0.0776753
26.9844 -8.66436 -0.0292898 0.0396889 -0.0686099
26.1406 -8.42283 -0.00600965 -0.00397615 -0.0510851
26.4219 -8.42583 -0.00352231 -0.00847 -0.0464945
26.1406 -8.18996 0.00204557 -0.0161775 -0.0377344
26.4219 -8.19288 -0.00288137 -0.0111907 -0.0518436
26.7032 -8.42865 -0.0226183 0.0223722 -0.0818989
26.9844 -8.43128 -0.0297806 0.046156 -0.0676922
26.7032 -8.19561 -0.00982206 0.000716333 -0.0585983
26.9844 -8.19815 -0.0208236 0.0230591 -0.0804659
27.2655 -8.89995 0.00474915 -0.0216861 -0.0333983
27.5468 -8.90226 -0.00815876 -0.00191915 -0.0499865
27.2656 -8.66682 -0.00215769 -0.0161764 -0.0632759
27.5468 -8.66906 0.00469692 -0.0205301 -0.0349431
27.828 -8.90436 0.00385306 -0.0199611 -0.0422377
28.1093 -8.90624 0.0041472 -0.0211383 -0.0460956
27.8281 -8.6711 -0.00437253 -0.00433768 -0.0391843
28.1093 -8.67293 0.00505275 -0.0170968 -0.0277526
27.2656 -8.43368 -0.0188111 0.00742736 -0.0964651
27.5469 -8.43585 -0.0089841 -0.00126135 -0.0586688
27.2657 -8.20049 -0.0214097 0.0264069 -0.0677446
27.5469 -8.20261 -0.0151921 0.00563825 -0.0776086
27.8281 -8.43782 -0.00343343 -0.0107983 -0.055945
28.1094 -8.4396 -0.00173149 -0.00440419 -0.0241166
27.8282 -8.20453 -0.00851215 0.00165241 -0.04758
28.1094 -8.20627 -0.00247654 -0.00670384 -0.0409898
28.3905 -9.84137 0.00504672 -0.0119957 -0.00757654
28.6717 -9.84301 -0.00613561 0.00871729 -0.00743128
28.3905 -9.60801 0.00760081 -0.0182314 -0.0119122
28.6718 -9.60961 -0.00712435 0.00495829 -0.0232566
28.953 -9.84442 -0.0150342 0.0262484 -0.00560303
29.2343 -9.84559 -0.0171748 0.0270604 -0.00914497
28.953 -9.61099 -0.0166302 0.0261241 -0.0157013
29.2343 -9.61214 -0.018634 0.0249166 -0.0224109
28.3905 -9.37464 0.00628528 -0.019867 -0.0239791
28.6718 -9.3762 -0.00507487 0.00283954 -0.0186434
28.3905 -9.14128 0.00852985 -0.0221584 -0.0194869
28.6718 -9.1428 -0.00842349 0.00681738 -0.0259433
28.9531 -9.37755 -0.016716 0.0195659 -0.035673
29.2343 -9.37867 -0.0235757 0.0344042 -0.0245664
28.9531 -9.14411 -0.0143665 0.0189934 -0.0222084
29.2343 -9.14519 -0.0175466 0.0236661 -0.0247252
29.5155 -9.84653 -0.0254437 0.0426408 -0.00912591
29.7968 -9.84724 -0.0271319 0.0431254 -0.0148671
29.5155 -9.61305 -0.0265324 0.0397182 -0.0209831
29.7968 -9.61373 -0.0263635 0.0382209 -0.026461
30.078 -9.8477 -0.0274609 0.0433554 -0.0125998
30.3593 -9.84793 -0.0212356 0.0329097 -0.00841363
30.078 -9.61418 -0.027971 0.0416368 -0.0236853
30.3593 -9.6144 -0.0265679 0.0381837 -0.0243577
29.5156 -9.37956 -0.025646 0.0385393 -0.0216718
29.7968 -9.38022 -0.0292073 0.0431535 -0.0257813
29.5156 -9.14606 -0.031324 0.0464756 -0.0317541
29.7969 -9.14671 -0.0283654 0.0397146 -0.0372746
30.0781 -9.38066 -0.0275175 0.0383964 -0.0269391
30.3593 -9.38087 -0.0284115 0.0352132 -0.04036
30.0781 -9.14714 -0.0222168 0.0265563 -0.0430943
30.3593 -9.14734 -0.0317982 0.043342 -0.0374332
28.3906 -8.90791 0.00153461 -0.00890813 -0.0165765
28.6718 -8.90938 0.00220732 -0.00797775 -0.0115578
28.3906 -8.67455 -5.01923e-05 -0.00826392 -0.0263934
28.6719 -8.67597 -0.0201251 0.0251779 -0.0331531
28.9531 -8.91065 -0.0179942 0.0287213 -0.012343
29.2344 -8.91169 -0.0224334 0.0342009 -0.0185144
28.9532 -8.67718 -0.016395 0.0295638 -0.000729125
29.2344 -8.6782 -0.0213663 0.0380505 -0.0042541
28.3907 -8.44118 -0.0107125 0.0114618 -0.0269139
28.6719 -8.44256 0.00230943 0.00110917 0.0169204
28.3907 -8.20782 -0.00801644 0.00628394 -0.030818
28.672 -8.20916 -0.0229232 0.0381272 -0.0116708
28.9532 -8.44373 -0.0159213 0.0254122 -0.0103538
29.2344 -8.44471 -0.0217374 0.0510796 0.02976
28.9532 -8.21031 -0.0203074 0.0364301 -0.00296032
29.2345 -8.21125 -0.0246852 0.0501996 0.00818742
29.5156 -8.91253 -0.0175363 0.0276585 -0.0100321
29.7969 -8.91317 -0.0312486 0.047426 -0.0256573
29.5156 -8.67901 -0.0147654 0.0248836 -0.000919259
29.7969 -8.67963 -0.0199335 0.0330734 -0.00681072
30.0781 -8.9136 -0.0253866 0.0358582 -0.0310465
30.3594 -8.91381 -0.0246469 0.0297946 -0.0457426
30.0781 -8.68005 -0.0272416 0.0404458 -0.0221324
30.3594 -8.68027 -0.0294857 0.0377119 -0.048919
29.5157 -8.4455 -0.00977254 0.0200567 0.0122944
29.7969 -8.4461 -0.0152927 0.0287035 0.00516555
29.5157 -8.21201 -0.0183657 0.0358614 0.0129335
29.7969 -8.21257 0.00283456 0.00883523 0.0382038
30.0782 -8.4465 -0.0236235 0.0389185 -0.00688984
30.3594 -8.4467 -0.0191693 0.0287722 -0.0095669
30.0782 -8.21296 -0.0178843 0.0339933 0.0111167
30.3594 -8.21314 -0.010419 0.0171685 -5.66944e-05
