26.1406 3.2213 0.00354036 -0.00810674 0.00687967
26.4219 3.22246 0.00933757 -0.0194242 0.00480212
26.1406 3.45415 0.00328769 -0.00793945 0.00885884
26.4219 3.45539 0.00919387 -0.0195691 0.00764273
26.7032 3.22353 0.00916611 -0.0193142 0.00846226
26.9844 3.22453 0.00907649 -0.017979 0.000537651
26.7031 3.45655 0.0100815 -0.0209591 0.00675709
26.9844 3.45762 0.00877341 -0.0179474 0.00454994
26.1406 3.68699 0.00385956 -0.00952421 0.0110016
26.4219 3.68832 0.00961456 -0.021335 0.0131652
26.1406 3.91984 0.00324866 -0.0092993 0.0173678
26.4219 3.92125 0.00876689 -0.0200146 0.0152918
26.7031 3.68956 0.00832933 -0.0183026 0.0121632
26.9844 3.69071 0.00915162 -0.0191198 0.00762951
26.7031 3.92257 0.00980233 -0.0219839 0.0164182
26.9844 3.92379 0.00896751 -0.0199314 0.0147701
27.2657 3.22546 0.00702671 -0.0138108 0.00140815
27.5469 3.2263 0.0042687 -0.0080809 -0.0010621
27.2656 3.45861 0.00937166 -0.0184175 0.00112541
27.5469 3.45951 0.00555608 -0.0108332 0.0014003
27.8282 3.22707 0.00209689 -0.00318455 -0.00657062
28.1094 3.22775 -0.00258677 0.00598537 -0.00900094
27.8281 3.46034 0.00166692 -0.00248111 -0.00500705
28.1094 3.46107 0.000145255 0.000699445 -0.00720259
27.2656 3.69176 0.00901685 -0.0184388 0.0061903
27.5469 3.69273 0.00646814 -0.012585 0.00098995
27.2656 3.92492 0.011336 -0.0236229 0.0111909
27.5469 3.92595 0.00563534 -0.0119746 0.00756078
27.8281 3.69361 0.00336203 -0.00608736 -0.00192278
28.1094 3.6944 0.000234365 -0.000507987 0.000500849
27.8281 3.92689 0.00440613 -0.00943323 0.00736075
28.1094 3.92773 0.00129203 -0.00304932 0.00434601
26.1406 4.15269 0.00384739 -0.0110249 0.0188072
26.4219 4.15419 0.00994402 -0.0233648 0.0211577
26.1406 4.38553 0.00292107 -0.0101734 0.0238787
26.4219 4.38712 0.0115676 -0.0251508 0.0117473
26.7031 4.15558 0.0103434 -0.0232594 0.0160219
26.9844 4.15688 0.0123665 -0.0276782 0.021443
26.7031 4.3886 0.0113041 -0.026045 0.0192969
26.9843 4.38997 0.0111368 -0.0241406 0.0134646
26.1406 4.61838 0.00263747 -0.00875217 0.0183976
26.4218 4.62005 0.00875358 -0.0215602 0.0227496
26.1406 4.85123 0.00699417 -0.015599 0.0070197
26.4218 4.85298 0.0123034 -0.0252513 0.00244626
26.7031 4.62161 0.0116911 -0.0258088 0.0142854
26.9843 4.62306 0.0111425 -0.0250893 0.0178508
26.7031 4.85463 0.0136309 -0.0281624 0.00565676
26.9843 4.85615 0.0129149 -0.026171 0.00389622
27.2656 4.15807 0.0102201 -0.0215751 0.0104298
27.5468 4.15917 0.00766795 -0.0165921 0.0118272
27.2656 4.39123 0.0109441 -0.0235845 0.013339
27.5468 4.39239 0.00897459 -0.0192896 0.0124755
27.8281 4.16016 0.00430807 -0.00939436 0.00794246
28.1093 4.16106 0.00219143 -0.00506572 0.00618248
27.8281 4.39345 0.00474214 -0.0105124 0.00922148
28.1093 4.39439 0.00419946 -0.00873839 0.00557504
27.2656 4.62439 0.0109964 -0.0238094 0.0133224
27.5468 4.62562 0.00815328 -0.0173968 0.00952702
27.2655 4.85756 0.0124456 -0.0249613 0.003773
27.5468 4.85885 0.0108508 -0.0211967 0.00230034
27.828 4.62673 0.00522754 -0.0115721 0.00930675
28.1093 4.62773 0.00589116 -0.0122672 0.00741515
27.828 4.86002 0.0099836 -0.0193906 0.00347751
28.1093 4.86107 0.00497184 -0.0094248 0.000736013
28.3907 3.22836 -0.00293896 0.00720323 -0.0139378
28.6719 3.22889 -0.00419896 0.010307 -0.0208563
28.3906 3.46173 -0.000683018 0.00299347 -0.0128004
28.6719 3.4623 -0.00437191 0.00981839 -0.0135183
28.9532 3.22934 -0.00846957 0.0185908 -0.0248191
29.2345 3.22972 -0.0134033 0.0269553 -0.0220421
28.9532 3.46278 -0.00773572 0.0169924 -0.0213174
29.2344 3.46318 -0.0103456 0.0220804 -0.026843
28.3906 3.6951 -6.61478e-05 0.000966795 -0.0062679
28.6719 3.69571 -0.00262014 0.00609364 -0.00986156
28.3906 3.92847 0.000434402 -0.000557436 -0.00171642
28.6719 3.92913 -0.00139182 0.00256971 -0.000163086
28.9532 3.69623 -0.00655675 0.013174 -0.0096836
29.2344 3.69666 -0.0111211 0.0221734 -0.0166009
28.9531 3.92968 -0.00574223 0.0112987 -0.00640246
29.2344 3.93014 -0.00978711 0.0185817 -0.00729565
29.5157 3.23001 -0.0153673 0.0319428 -0.0365074
29.797 3.23023 -0.0194693 0.0379824 -0.0328085
29.5157 3.4635 -0.0148166 0.0300449 -0.027432
29.7969 3.46374 -0.0165858 0.0329627 -0.0292471
30.0782 3.23038 -0.0176144 0.0357576 -0.0428768
30.3595 3.23044 -0.0157592 0.0313843 -0.0373023
30.0782 3.46389 -0.0184966 0.0372258 -0.0344634
30.3594 3.46396 -0.016954 0.0344556 -0.0368557
29.5157 3.697 -0.0130764 0.0256285 -0.018442
29.7969 3.69726 -0.0160266 0.0312842 -0.0232587
29.5156 3.93051 -0.0123638 0.0228155 -0.00680294
29.7969 3.93078 -0.0148043 0.0281594 -0.015494
30.0782 3.69742 -0.0166099 0.0326924 -0.0275048
30.3594 3.69749 -0.0125301 0.0272814 -0.035728
30.0781 3.93096 -0.0136641 0.0262868 -0.0184932
30.3594 3.93103 -0.011898 0.024668 -0.0274438
28.3906 4.16185 0.00264002 -0.00541673 0.00344963
28.6718 4.16255 -0.000958928 0.0015676 0.00124652
28.3906 4.39523 0.00322495 -0.00692472 0.00528568
28.6718 4.39597 -0.00069497 0.000608007 0.00409751
28.9531 4.16314 -0.00513802 0.00882064 0.00320037
29.2343 4.16363 -0.00891713 0.0166727 -0.00459608
28.9531 4.3966 -0.00403394 0.00742423 -0.00091266
29.2343 4.39712 -0.00902805 0.0156023 0.00376266
28.3905 4.62862 0.00373551 -0.00757289 0.00349677
28.6718 4.62939 -0.000901143 0.00135492 0.0016924
28.3905 4.86201 0.00356793 -0.00654303 -0.000275148
28.6718 4.86283 0.000518595 -0.0011059 0.000800813
28.953 4.63006 -0.00195203 0.00351642 -3.14616e-05
29.2343 4.63062 -0.00832407 0.0149285 0.000806081
28.953 4.86353 -0.00231222 0.00478015 -0.0033109
29.2343 4.86412 -0.00684265 0.0132634 -0.00464987
29.5156 4.16402 -0.0115927 0.0215559 -0.00664833
29.7968 4.16431 -0.0119016 0.0222875 -0.00948827
29.5156 4.39754 -0.0121076 0.0213143 0.00193836
29.7968 4.39785 -0.0108721 0.0192565 -0.00129926
30.0781 4.1645 -0.0134903 0.0249017 -0.0120621
30.3593 4.16459 -0.00636024 0.0141962 -0.0219323
30.078 4.39805 -0.00857048 0.0157179 -0.0070216
30.3593 4.39815 -0.00632645 0.0121958 -0.00907931
29.5155 4.63106 -0.00942596 0.0166598 0.000480753
29.7968 4.63139 -0.00909481 0.015 0.00475537
29.5155 4.86458 -0.00601657 0.0116485 -0.00562618
29.7967 4.86493 -0.00931979 0.0170115 -0.00402518
30.078 4.63161 -0.00943388 0.0174422 -0.00721523
30.3593 4.63171 -0.00501025 0.00930914 -0.0051367
30.078 4.86517 -0.00930065 0.0169167 -0.0044253
30.3592 4.86528 -0.00621032 0.0115076 -0.00570739
