26.1407 -4.23069 0.000460541 0.00495805 0.035375
26.422 -4.23221 0.00350253 -0.00109793 0.0362857
26.1407 -3.99776 0.00317455 0.000220274 0.0371464
26.422 -3.99919 0.00425156 -0.00237754 0.0337632
26.7033 -4.23362 0.000242521 0.00571813 0.0375394
26.9847 -4.23493 -0.00249668 0.0159033 0.0635342
26.7033 -4.00053 -0.00257486 0.0116487 0.0378773
26.9847 -4.00177 -0.00853857 0.0249774 0.0450023
26.1407 -3.76484 -0.000710867 0.00640541 0.0358324
26.422 -3.76619 0.00186483 0.000733293 0.0341861
26.1407 -3.53191 0.00143732 0.00249389 0.0367547
26.422 -3.53318 -0.000158419 0.00648278 0.0426917
26.7034 -3.76745 -0.00280901 0.0108302 0.0351209
26.9847 -3.76862 -0.0098211 0.0249241 0.0422895
26.7034 -3.53436 -0.00327961 0.0124299 0.0360658
26.9847 -3.53546 -0.00496634 0.0166246 0.0495309
27.266 -4.23613 -0.0111721 0.0286586 0.0410078
27.5473 -4.23723 -0.0118622 0.0340973 0.0641338
27.266 -4.00291 -0.0109349 0.0317131 0.0700876
27.5473 -4.00393 -0.0224984 0.0515124 0.0459735
27.8286 -4.23822 -0.0216472 0.0524624 0.0661591
28.1099 -4.23912 -0.0264198 0.0627782 0.0876994
27.8287 -4.00487 -0.0202852 0.0486262 0.0616089
28.11 -4.00569 -0.0242451 0.0698172 0.0974153
27.266 -3.76969 -0.0168748 0.0379662 0.0370393
27.5474 -3.77066 -0.0274595 0.0588151 0.038605
27.2661 -3.53646 -0.0231595 0.0522463 0.0420156
27.5474 -3.53738 -0.0291531 0.063872 0.0608792
27.8287 -3.77153 -0.0397576 0.0916297 0.079611
28.11 -3.77232 -0.051495 0.113637 0.0557713
27.8288 -3.53822 -0.0431893 0.0888199 0.0481008
28.1101 -3.53897 -0.0523403 0.111775 0.0451683
26.1407 -3.29899 0.00120112 0.00165424 0.0327825
26.422 -3.30018 -0.00314273 0.00993954 0.029146
26.1407 -3.06607 0.000549961 0.0025422 0.0300051
26.422 -3.06717 -0.000368531 0.00414397 0.0282746
26.7034 -3.30128 -0.00585395 0.0169386 0.0499523
26.9847 -3.3023 -0.012018 0.0251822 0.0203981
26.7034 -3.0682 -0.00734305 0.0177908 0.0256015
26.9848 -3.06916 -0.0117666 0.0277544 0.0387394
26.1407 -2.83314 0.000848071 0.0010031 0.0242507
26.4221 -2.83417 -0.00129083 0.00686442 0.0348804
26.1407 -2.60022 0.00204098 -0.00293969 0.0115364
26.4221 -2.60117 -0.00625488 0.0125771 -0.00237551
26.7034 -2.83512 -0.00457855 0.011431 0.0195792
26.9848 -2.83601 -0.00852981 0.0203222 0.0338795
26.7034 -2.60205 -0.00534354 0.0155025 0.0458623
26.9848 -2.60287 -0.0120245 0.0248729 0.01287
27.2661 -3.30325 -0.0272068 0.0618276 0.0458851
27.5475 -3.30411 -0.0348267 0.07315 0.0431326
27.2661 -3.07004 -0.0295256 0.0635072 0.0282115
27.5475 -3.07086 -0.0437829 0.0852134 0.0149269
27.8288 -3.3049 -0.0452912 0.0926512 0.0406759
28.1101 -3.30561 -0.0570248 0.120801 0.0474169
27.8288 -3.0716 -0.0376617 0.07643 0.0358002
28.1101 -3.07227 -0.0641835 0.124062 0.0166368
27.2661 -2.83684 -0.0241815 0.0493307 0.0151928
27.5475 -2.8376 -0.0364701 0.0717839 0.0232385
27.2662 -2.60362 -0.0211531 0.0436672 0.0172419
27.5475 -2.60432 -0.0330731 0.0626085 -0.00643694
27.8288 -2.83828 -0.0531902 0.103618 0.00460231
28.1101 -2.8389 -0.0515376 0.105426 0.0182528
27.8288 -2.60495 -0.0508224 0.103171 0.0157943
28.1101 -2.60553 -0.0630962 0.123525 0.0021601
28.3912 -4.23991 -0.0370214 0.0914426 0.0889592
28.6725 -4.2406 -0.0103877 0.0382506 0.0642321
28.3913 -4.00645 -0.031125 0.0832274 0.0918323
28.6725 -4.00712 -0.00544697 0.032459 0.129967
28.9537 -4.24119 0.0198031 -0.00533262 0.112031
29.235 -4.2417 -0.0129451 0.0308716 0.051669
28.9537 -4.00768 0.00443618 0.00556774 0.107176
29.235 -4.00816 0.00136435 0.0185579 0.141009
28.3913 -3.77303 -0.031869 0.0754105 0.0854828
28.6726 -3.77366 -0.0372089 0.0960586 0.123307
28.3913 -3.53963 -0.0503748 0.100304 0.0385407
28.6726 -3.54022 -0.0697842 0.149674 0.0667185
28.9537 -3.77419 -0.00911775 0.034126 0.11831
29.2351 -3.77461 0.0103239 0.0244658 0.154076
28.9538 -3.54072 -0.0233462 0.0502957 0.0809919
29.2351 -3.54113 0.00474084 0.00107517 0.0928157
29.5163 -4.24209 -0.0294038 0.0770971 0.106598
29.7976 -4.24238 -0.0233402 0.0570335 0.0707216
29.5164 -4.00853 -0.0310598 0.0789531 0.0805905
29.7976 -4.00881 -0.0177521 0.0495667 0.0944779
30.0787 -4.24257 -0.00725125 0.020797 0.0618063
30.36 -4.24265 -0.00674529 0.0191658 0.0567198
30.0788 -4.00898 -0.00422238 0.0190243 0.0757763
30.36 -4.00907 -0.00356475 0.0171465 0.0776491
29.5164 -3.77498 -0.0444546 0.107409 0.0781882
29.7976 -3.77525 -0.0148667 0.0367387 0.0795666
29.5164 -3.54147 -0.0465687 0.0946106 0.119026
29.7976 -3.54171 0.000573232 0.008225 0.0867797
30.0788 -3.77542 -0.000445534 0.0114363 0.0710905
30.36 -3.77549 0.00801309 -0.0024057 0.0722114
30.0788 -3.54186 -0.00392084 0.0157483 0.0729898
30.36 -3.54193 0.00817611 -0.0035399 0.0776224
28.3914 -3.30624 -0.0638669 0.134512 0.0364523
28.6726 -3.30676 -0.0669678 0.144903 0.0294927
28.3914 -3.07285 -0.063498 0.137674 0.00695044
28.6727 -3.07334 -0.0938738 0.195047 -1.06547e-05
28.9538 -3.30724 -0.0514727 0.0853942 0.0449501
29.2351 -3.30761 0.0129928 -0.0185794 0.050882
28.9539 -3.07375 -0.0335882 0.0465071 -0.0164565
29.2352 -3.07408 -0.0106811 0.0270023 0.0639643
28.3914 -2.83945 -0.0623522 0.124708 0.0218872
28.6728 -2.83992 -0.0897009 0.183142 -0.0237409
28.3915 -2.60603 -0.0642004 0.128028 0.0557636
28.6728 -2.60647 -0.0408227 0.086645 0.0761585
28.9539 -2.84029 0.00229713 -0.00252211 0.0228471
29.2352 -2.84058 -0.0322555 0.0795438 0.0716686
28.954 -2.60683 -0.0248548 0.0488645 0.0457266
29.2353 -2.60712 -0.0491186 0.106219 0.0409105
29.5164 -3.30792 -0.0275288 0.0650637 0.0949334
29.7976 -3.30816 0.0159502 -0.0188085 0.0767871
29.5164 -3.07437 -0.00960697 0.0346317 0.0982792
29.7976 -3.0746 0.0130978 -0.0148786 0.0742128
30.0788 -3.3083 -0.00669329 0.0194551 0.0684528
30.3601 -3.30837 0.00499774 0.000591965 0.0632783
30.0789 -3.07475 0.00195796 0.00466141 0.075113
30.3601 -3.07482 0.00456027 -0.00214829 0.0609665
29.5164 -2.84084 -0.000269384 0.00812311 0.0490719
29.7977 -2.84107 0.00811023 -0.00981746 0.0490944
29.5165 -2.60737 0.0019132 0.00127125 0.0482512
29.7977 -2.60757 0.00632612 -0.00777798 0.0348555
30.0789 -2.84121 0.00341448 -0.00144388 0.048111
30.3601 -2.84128 0.0124667 -0.0164592 0.0367913
30.0789 -2.60771 0.00736387 -0.0113493 0.0245358
30.3602 -2.60776 0.0114137 -0.0179219 0.0210488
