26.1407 -0.504461 -0.000376315 -0.000229981 -0.045754
26.422 -0.504678 -0.000870164 0.00132629 -0.0447761
26.1407 -0.2716 0.000744236 -0.00175077 -0.0470456
26.422 -0.271732 -0.00107315 0.00163478 -0.0438491
26.7033 -0.504882 -0.00687077 0.0136753 -0.0496091
26.9847 -0.505072 -0.00911329 0.017642 -0.0601526
26.7033 -0.271857 -0.00506576 0.00942648 -0.0473216
26.9846 -0.271974 -0.00977795 0.0188745 -0.0400565
26.1407 -0.0387372 0.000571591 -0.00128579 -0.0363862
26.422 -0.0387848 -0.0014793 0.00275956 -0.0381433
26.1407 0.194126 -0.00118099 0.00234892 -0.0283635
26.422 0.194162 0.00461544 -0.00927382 -0.0417027
26.7033 -0.0388318 -0.00246808 0.00454385 -0.0383333
26.9846 -0.0388797 -0.00561128 0.0111485 -0.0524808
26.7033 0.194192 -0.00217753 0.00494478 -0.0417164
26.9846 0.194219 -0.00489508 0.010203 -0.0436509
27.266 -0.50525 -0.0132769 0.0248244 -0.0594288
27.5473 -0.50542 -0.0187577 0.0351675 -0.072424
27.2659 -0.272088 -0.0100308 0.0189642 -0.0580673
27.5472 -0.272198 -0.0165109 0.0319819 -0.0593028
27.8286 -0.505578 -0.0258845 0.0503045 -0.0768767
28.1098 -0.505719 -0.030428 0.0580879 -0.0852884
27.8285 -0.272296 -0.0218167 0.0413853 -0.0706942
28.1098 -0.272388 -0.0293918 0.0557187 -0.0735423
27.2659 -0.0389246 -0.00680173 0.0131604 -0.0511106
27.5472 -0.0389669 -0.0127562 0.0238223 -0.0579202
27.2659 0.194241 -0.00522758 0.0110578 -0.0531873
27.5472 0.19426 -0.00861943 0.0168571 -0.051336
27.8285 -0.0390099 -0.0229173 0.0440703 -0.0571315
28.1098 -0.0390515 -0.0241767 0.0459918 -0.0685498
27.8285 0.194275 -0.0188886 0.036171 -0.0560615
28.1097 0.194286 -0.0300667 0.0567961 -0.0632067
26.1407 0.426985 -0.00231014 0.00566728 -0.0357272
26.422 0.427106 0.00142143 -0.00162811 -0.0344965
26.1407 0.659849 0.00577023 -0.0107426 -0.0318791
26.422 0.660058 0.00691953 -0.0133039 -0.0283739
26.7033 0.427219 0.00172816 -0.0025798 -0.040811
26.9846 0.42732 -0.00304045 0.00677634 -0.0436239
26.7033 0.660249 -0.00326867 0.00783974 -0.0420833
26.9845 0.660424 -0.00125643 0.00375728 -0.0357506
26.1406 0.892715 0.00147587 -0.00228734 -0.0220284
26.4219 0.89301 0.00360642 -0.0066212 -0.0240239
26.1406 1.12558 0.00247924 -0.00441658 -0.0185465
26.4219 1.12596 0.00698789 -0.0128485 -0.0284343
26.7032 0.893285 0.00392337 -0.00724058 -0.025345
26.9845 0.893536 0.00184416 -0.00234515 -0.0330911
26.7032 1.12632 0.00137891 -0.00172911 -0.0162813
26.9845 1.12665 0.00239132 -0.00315826 -0.0301341
27.2659 0.427411 -0.00242804 0.00549498 -0.043538
27.5471 0.427491 -0.00727514 0.0148211 -0.0516323
27.2658 0.660583 0.000106539 0.00199252 -0.0468287
27.5471 0.660727 -0.00406817 0.00951375 -0.0416207
27.8284 0.427561 -0.0169933 0.0337546 -0.0547548
28.1097 0.42762 -0.0169247 0.034414 -0.058836
27.8284 0.660857 -0.0135736 0.0269414 -0.0471704
28.1097 0.66097 -0.0161556 0.0312089 -0.0365696
27.2658 0.893767 -0.000190644 0.00173301 -0.0349669
27.5471 0.893977 -0.00737145 0.0152 -0.0309849
27.2658 1.12695 -0.00157187 0.00374434 -0.0183959
27.547 1.12723 -0.00326725 0.00738404 -0.0354732
27.8284 0.894163 -0.00750228 0.0159923 -0.0424654
28.1096 0.894324 -0.0156989 0.0312685 -0.036299
27.8283 1.12748 -0.00976464 0.0191608 -0.0240101
28.1096 1.12769 -0.0101199 0.0218334 -0.0477959
28.3911 -0.505849 -0.0438444 0.0832529 -0.0829505
28.6724 -0.505971 -0.0424081 0.0862804 -0.101432
28.3911 -0.272469 -0.0346299 0.0650818 -0.0820101
28.6724 -0.272548 -0.0406515 0.0760772 -0.102794
28.9537 -0.506059 -0.046611 0.0843021 -0.0846283
29.2349 -0.506123 -0.0285801 0.0420827 -0.0524971
28.9537 -0.272607 -0.0457031 0.0968379 -0.123963
29.2349 -0.272624 -0.042164 0.0556176 -0.147101
28.3911 -0.0390912 -0.0317115 0.0639553 -0.0800824
28.6723 -0.0391229 -0.0339641 0.0639446 -0.0753718
28.391 0.19429 -0.0267531 0.0497641 -0.0605546
28.6723 0.194289 -0.0258599 0.0495146 -0.0859503
28.9536 -0.0391623 -0.0439547 0.0889137 -0.0835787
29.2349 -0.0392115 -0.0236078 0.0544111 -0.0722295
28.9536 0.194277 -0.0348694 0.0660909 -0.0824521
29.2348 0.194252 -0.0168166 0.0366269 -0.0795709
29.5162 -0.506207 -0.00587852 0.00963942 -0.0354019
29.7975 -0.506304 -0.0254756 0.0479436 -0.0626268
29.5161 -0.272681 0.0155155 -0.0266148 -0.020207
29.7974 -0.27278 -0.0135767 0.0239333 -0.0397769
30.0787 -0.506373 -0.0172098 0.031584 -0.0367523
30.3599 -0.506409 0.0143427 -0.0254323 -0.0271024
30.0787 -0.272847 -0.00545936 0.0105038 -0.0272341
30.3599 -0.272893 0.0162741 -0.0275804 -0.0359069
29.5161 -0.0392314 0.0131425 -0.0170153 -0.048605
29.7974 -0.0392308 -0.00963444 0.016934 -0.0117719
29.5161 0.19425 -0.0178733 0.0316685 -0.0803299
29.7974 0.194292 -0.0152826 0.0290268 -0.022461
30.0786 -0.0392775 -0.000873315 0.00125781 0.00609005
30.3599 -0.0393538 0.0231124 -0.0413779 -0.0304773
30.0785 0.194274 0.10633 -0.131835 0.0490088
30.3598 0.194189 0.021306 -0.0412581 -0.0305186
28.391 0.427667 -0.0233325 0.046054 -0.0663102
28.6723 0.427705 -0.0237331 0.0463201 -0.0726039
28.3909 0.661063 -0.017133 0.0331165 -0.0590207
28.6722 0.661135 -0.0217059 0.0443005 -0.0661673
28.9535 0.427728 -0.0291719 0.0544448 -0.100779
29.2348 0.427737 -0.0258234 0.054395 -0.0973983
28.9535 0.661192 -0.0163582 0.0337195 -0.0780025
29.2347 0.661238 -0.0234839 0.0458643 -0.0818358
28.3909 0.894466 -0.017703 0.035542 -0.0532481
28.6722 0.894587 -0.0168054 0.0328535 -0.0539979
28.3909 1.12788 -0.0177093 0.0353573 -0.0369575
28.6721 1.12805 -0.0167297 0.0324827 -0.0489569
28.9535 0.894687 -0.0183161 0.0351861 -0.0637898
29.2347 0.894762 -0.0202535 0.0386725 -0.0664839
28.9534 1.12819 -0.0198268 0.0377313 -0.0397213
29.2347 1.1283 -0.0172707 0.033187 -0.051079
29.5161 0.427731 -0.0140351 0.030759 -0.126142
29.7974 0.42769 -0.0348511 0.108412 -0.106331
29.516 0.661258 -0.0214852 0.0384275 -0.079199
29.7972 0.661238 -0.0188972 0.0506882 -0.149755
30.0784 0.427685 0.104195 -0.145454 0.020838
30.3597 0.427707 0.0309415 -0.0538664 -0.0268291
30.0785 0.661235 0.0102686 -0.00142072 -0.115608
30.3597 0.661259 0.0216291 -0.0331692 -0.0836627
29.5159 0.894818 -0.0165145 0.0319914 -0.0622807
29.7972 0.894862 -0.00793281 0.0130857 -0.0701265
29.5159 1.12838 -0.0170468 0.0329297 -0.0520605
29.7972 1.12843 -0.0165078 0.0341315 -0.0568202
30.0785 0.894865 -0.0081411 0.0160063 -0.0752835
30.3597 0.894834 0.00529878 0.00457334 -0.103963
30.0784 1.12847 -0.000752569 0.000609801 -0.0586015
30.3597 1.12846 0.0133922 -0.0218582 -0.0181569
