30.6412 -4.24263 0.00116482 0.0062247 0.0560352
30.9224 -4.24252 0.00180582 0.00451377 0.0512767
30.6412 -4.00906 0.00596037 -0.00181549 0.0554414
30.9224 -4.00896 0.00997233 -0.00890389 0.0562659
31.2036 -4.24231 0.00472762 -0.000729816 0.0473296
31.4848 -4.24199 -0.000840188 0.00735006 0.0412096
31.2036 -4.00877 0.00772369 -0.00591258 0.0497549
31.4848 -4.00847 0.00207679 0.00272265 0.0447108
30.6412 -3.77549 0.00150017 0.00660787 0.0651079
30.9224 -3.77541 0.0151405 -0.017377 0.0584966
30.6412 -3.54193 0.00796157 -0.00431941 0.0729219
30.9224 -3.54186 0.016926 -0.0205807 0.0532173
31.2036 -3.77523 0.00746799 -0.00603698 0.0507262
31.4848 -3.77496 0.00376311 -0.00011821 0.045688
31.2036 -3.5417 0.0133041 -0.0145269 0.053433
31.4848 -3.54145 0.00660698 -0.00538556 0.041569
31.766 -4.24157 -0.00451007 0.0133496 0.039885
32.0472 -4.24105 -0.0107804 0.0226021 0.0357528
31.766 -4.00809 -0.00300465 0.0105064 0.04195
32.0472 -4.0076 -0.00887087 0.0190515 0.0358008
32.3285 -4.24042 -0.0171228 0.0318089 0.0333936
32.6097 -4.2397 -0.0189286 0.0339098 0.0290446
32.3285 -4.00702 -0.0156566 0.0288681 0.030893
32.6097 -4.00634 -0.0174736 0.0310276 0.0273125
31.766 -3.77461 0.000702585 0.00402764 0.0392131
32.0472 -3.77416 -0.0069299 0.0154128 0.0351524
31.766 -3.54113 0.00423903 -0.00207623 0.0393409
32.0472 -3.54071 -0.00484606 0.0117642 0.0339493
32.3285 -3.77362 -0.0138707 0.0252752 0.0275689
32.6097 -3.77299 -0.0147798 0.0259689 0.0235545
32.3285 -3.54021 -0.009821 0.0191986 0.0305895
32.6097 -3.53963 -0.012024 0.0206383 0.0177023
30.6413 -3.30837 0.0168331 -0.018272 0.0666347
30.9224 -3.30831 0.0222121 -0.0286428 0.0578838
30.6413 -3.07483 0.0156176 -0.0216213 0.0596412
30.9224 -3.07477 0.0223978 -0.0306256 0.0621811
31.2036 -3.30817 0.0165104 -0.021985 0.0457969
31.4848 -3.30794 0.00989753 -0.0108184 0.0437642
31.2036 -3.07463 0.0201436 -0.0283611 0.0496474
31.4848 -3.07442 0.0160119 -0.0221557 0.0353763
30.6413 -2.84129 0.0118176 -0.0153385 0.0354604
30.9224 -2.84123 0.023697 -0.0350739 0.0327844
30.6413 -2.60776 0.00863575 -0.0118424 0.0277041
30.9225 -2.60771 0.0266993 -0.0416299 0.0234942
31.2036 -2.84111 0.0235237 -0.035699 0.0291377
31.4848 -2.84091 0.026902 -0.0410935 0.0218773
31.2036 -2.60759 0.0244312 -0.0393173 0.0183284
31.4848 -2.6074 0.0290056 -0.0462033 0.00510506
31.766 -3.30764 0.007693 -0.00909308 0.0318667
32.0472 -3.30726 0.00023639 0.00254774 0.0257099
31.766 -3.07414 0.00932942 -0.012284 0.0244677
32.0472 -3.07379 0.00401186 -0.00551012 0.00899507
32.3285 -3.3068 -0.0072741 0.0131344 0.0148158
32.6097 -3.30627 -0.00953901 0.0163465 0.0136727
32.3284 -3.07337 -0.00264396 0.00471245 0.00565528
32.6097 -3.07289 -0.0119084 0.0176696 0.00191992
31.766 -2.84065 0.0219073 -0.0356358 -0.00682236
32.0472 -2.84033 -0.000247553 -0.000903184 -0.0155922
31.766 -2.60716 0.0356082 -0.0534994 0.0155459
32.0472 -2.60685 0.0117877 -0.0200593 4.50641e-05
32.3284 -2.83993 -9.37191e-05 -0.000264404 -0.00473
32.6097 -2.83946 -0.00571795 0.00639407 -0.0139498
32.3284 -2.60647 0.0149462 -0.0250272 -0.0214497
32.6097 -2.60604 0.00465841 -0.00750282 -0.0302417
32.8909 -4.23887 -0.017985 0.0312334 0.025181
33.1721 -4.23793 -0.0224818 0.0376597 0.023178
32.8909 -4.00556 -0.0194242 0.0327064 0.0227758
33.1721 -4.00467 -0.0223642 0.0370026 0.0250089
33.4534 -4.23689 -0.025111 0.0410305 0.0239853
33.7346 -4.23575 -0.027276 0.0442268 0.0297126
33.4534 -4.00368 -0.0258016 0.0419091 0.0266527
33.7346 -4.0026 -0.0305844 0.049128 0.0298337
32.8909 -3.77225 -0.0188797 0.0319603 0.0240674
33.1722 -3.77141 -0.021665 0.0365319 0.0270259
32.8909 -3.53894 -0.0206123 0.0335049 0.0146847
33.1722 -3.53815 -0.0253649 0.0410082 0.0185899
33.4534 -3.77047 -0.0275042 0.0456654 0.0309782
33.7347 -3.76945 -0.0325174 0.0530644 0.0349931
33.4534 -3.53727 -0.0298109 0.0478855 0.0247966
33.7347 -3.53631 -0.0374229 0.0601934 0.036291
34.0158 -4.2345 -0.0343559 0.053866 0.0249658
34.2971 -4.23316 -0.0324948 0.0528006 0.0181346
34.0159 -4.00142 -0.0344197 0.0547525 0.0318051
34.2971 -4.00015 -0.0374496 0.0584206 0.0198318
34.5783 -4.23171 -0.0298026 0.0452938 0.014577
34.8594 -4.23016 -0.0124456 0.0211965 0.0205416
34.5783 -3.99878 -0.0301517 0.0446505 0.0112857
34.8594 -3.99731 -0.011888 0.0191829 0.021236
34.0159 -3.76833 -0.0344255 0.0556541 0.0382248
34.2971 -3.76712 -0.0344637 0.0561294 0.044272
34.0159 -3.53526 -0.037191 0.0599474 0.0391199
34.2971 -3.53412 -0.0386608 0.0626502 0.0417735
34.5783 -3.76583 -0.0328653 0.0537554 0.0472188
34.8594 -3.76444 -0.00945272 0.0181346 0.0437289
34.5783 -3.5329 -0.0331424 0.0562565 0.0495837
34.8594 -3.53159 -0.00690124 0.0205042 0.0540143
32.891 -3.30562 -0.0176144 0.0285903 0.0100871
33.1722 -3.30487 -0.0294785 0.0462156 0.0111535
32.891 -3.07229 -0.0164979 0.0271084 -0.000295467
33.1723 -3.07158 -0.0318477 0.0485012 -0.000238085
33.4535 -3.30405 -0.0364353 0.0578065 0.0209793
33.7347 -3.30314 -0.0393873 0.0625652 0.0280948
33.4535 -3.07081 -0.0445749 0.0686738 0.00456218
33.7347 -3.06997 -0.0457566 0.0707464 0.0199989
32.891 -2.83891 -0.0119786 0.0234813 0.0249921
33.1723 -2.83828 -0.0475151 0.0719253 -0.0107221
32.891 -2.60554 -0.0244509 0.0391095 -0.0322221
33.1723 -2.60497 -0.0411217 0.0588081 -0.0288407
33.4535 -2.83758 -0.0413647 0.0636098 0.0093499
33.7348 -2.8368 -0.0502597 0.0757394 0.00119442
33.4536 -2.60433 -0.0541626 0.0857672 -0.0256861
33.7348 -2.60362 -0.0600382 0.0905778 -0.00333201
34.0159 -3.30216 -0.0404183 0.0641952 0.0359501
34.2971 -3.30111 -0.0401823 0.0649543 0.0431695
34.016 -3.06906 -0.0444082 0.0686339 0.0268318
34.2971 -3.06808 -0.0439737 0.0684171 0.0313815
34.5783 -3.29998 -0.0386643 0.0624315 0.0413888
34.8594 -3.29877 -0.0125759 0.0219628 0.0349275
34.5783 -3.06704 -0.0358839 0.056234 0.0301033
34.8594 -3.06592 -0.0134238 0.0218712 0.0274454
34.016 -2.83596 -0.0500647 0.0764173 0.0131023
34.2971 -2.83506 -0.0466838 0.0707747 0.0187806
34.016 -2.60285 -0.0493928 0.0742659 0.00271872
34.2972 -2.60203 -0.0500105 0.0739645 -0.00227274
34.5783 -2.83409 -0.0349444 0.0541141 0.0229311
34.8594 -2.83306 -0.0120594 0.0187394 0.0142521
34.5783 -2.60115 -0.0350864 0.0521237 0.000269328
34.8594 -2.6002 -0.012851 0.0188125 0.00299233
