30.6411 -0.506416 0.0282019 -0.047544 -0.0347038
30.9223 -0.506391 0.0285661 -0.0477842 -0.0379772
30.6411 -0.272899 0.0328505 -0.0537252 -0.0289675
30.9223 -0.272872 0.0253069 -0.0423152 -0.0357856
31.2035 -0.506353 0.0336086 -0.0559096 -0.0274963
31.4847 -0.506302 0.0317128 -0.0519583 -0.0192447
31.2035 -0.27284 0.0317141 -0.0522603 -0.0295408
31.4848 -0.272804 0.0278821 -0.0455892 -0.0244132
30.6411 -0.0393736 0.0386911 -0.0646133 -0.0458371
30.9223 -0.0393511 0.0246898 -0.0407432 -0.0389337
30.6411 0.194161 0.0325143 -0.0556013 -0.0468905
30.9223 0.194177 0.02243 -0.0374342 -0.0382265
31.2035 -0.0393283 0.0271028 -0.0444697 -0.0317092
31.4848 -0.0393052 0.0265031 -0.0430984 -0.0207524
31.2036 0.194187 0.0232088 -0.0379448 -0.0295186
31.4848 0.194193 0.0209362 -0.0340211 -0.0181675
31.7659 -0.506232 0.0363629 -0.0563044 -0.0172445
32.0472 -0.506155 0.044723 -0.0637473 0.0598412
31.766 -0.272757 0.0515346 -0.0819362 0.00429164
32.0472 -0.272698 0.042717 -0.0614878 0.0101419
32.3285 -0.506072 0.00866812 -0.0142498 -0.033275
32.6098 -0.505971 0.00371545 -0.00558341 0.0136178
32.3286 -0.272634 0.014984 -0.0235627 0.0126734
32.6099 -0.272563 -0.00508569 0.00826517 0.0356784
31.766 -0.0392739 0.0323831 -0.0518006 0.0153046
32.0473 -0.0392277 0.0357056 -0.0543665 -0.00532313
31.7661 0.194199 0.0198485 -0.031837 0.00306794
32.0473 0.194206 0.0121974 -0.0195862 0.0183244
32.3286 -0.0391852 0.0149408 -0.0132217 0.0941414
32.6099 -0.0391594 0.0200087 -0.0249971 0.0877223
32.3286 0.194204 0.0175982 -0.027616 0.0542597
32.6099 0.194199 -0.00311922 0.00715598 0.0527822
30.641 0.427707 0.0255216 -0.0426658 -0.0517438
30.9223 0.427713 0.0203554 -0.0333338 -0.0364972
30.641 0.661264 0.0173433 -0.027722 -0.0505369
30.9223 0.661257 0.0170263 -0.0272901 -0.0554972
31.2036 0.42771 0.0176422 -0.0291664 -0.0321399
31.4848 0.427694 0.014076 -0.0227555 -0.0219791
31.2036 0.661234 0.0101429 -0.0156938 -0.0398676
31.4848 0.661194 0.007791 -0.0115278 -0.0242817
30.641 0.89482 0.0106138 -0.0104986 -0.0774934
30.9223 0.894808 0.0120778 -0.017078 -0.0569622
30.641 1.12843 -0.00520193 0.0119537 -0.0672492
30.9223 1.12839 -0.00117747 0.00430211 -0.0698239
31.2036 0.894767 0.00431901 -0.00414927 -0.0514167
31.4849 0.894704 0.00244687 -0.00270071 -0.0289646
31.2036 1.12832 0.00222946 -0.00182794 -0.0440952
31.4849 1.12822 -0.0015522 0.0044079 -0.0436246
31.7661 0.427666 0.0116638 -0.0186924 -0.00778027
32.0474 0.427628 0.00699302 -0.0112048 0.00383267
31.7661 0.661138 0.0106838 -0.0173008 -0.0154213
32.0474 0.661061 -0.00154965 0.00254921 -0.00923406
32.3286 0.427579 -0.00221163 0.00299651 0.0234129
32.6099 0.427522 -0.0089673 0.0136436 0.0184718
32.3287 0.660967 -0.00629036 0.00979841 0.00507092
32.6099 0.660859 -0.0124627 0.0187729 0.0191102
31.7661 0.894613 0.00541799 -0.00760532 -0.0231095
32.0474 0.894497 -0.00480086 0.008149 -0.0127025
31.7662 1.1281 -0.00242017 0.00502584 -0.0280254
32.0474 1.12794 -0.00879921 0.0147911 -0.0181228
32.3287 0.894363 -0.0131748 0.0208929 -0.00326187
32.6099 0.894203 -0.0166452 0.0258411 0.00286216
32.3287 1.12776 -0.0162437 0.0260515 -0.0110276
32.61 1.12755 -0.0205095 0.0320348 -0.00344732
32.8911 -0.505861 -0.0151919 0.0237093 0.0132877
33.1724 -0.505743 -0.0260875 0.0401639 0.0157664
32.8911 -0.272498 -0.00558417 0.008965 0.0373144
33.1724 -0.27244 -0.0266634 0.041 0.0241252
33.4536 -0.505613 -0.0423229 0.0641454 0.00558166
33.7349 -0.505471 -0.0545942 0.0818361 0.00521124
33.4536 -0.272374 -0.0412028 0.062606 0.0290328
33.7349 -0.272302 -0.0534657 0.0802494 0.0211831
32.8911 -0.0391469 -0.0193586 0.0353269 0.0683156
33.1724 -0.0391474 -0.0171091 0.0358546 0.0921738
32.8912 0.194161 0.0102303 -0.0129569 0.0657403
33.1724 0.19408 -0.00481461 0.00124429 0.117662
33.4536 -0.0391534 -0.0295043 0.0454251 0.0584204
33.7349 -0.0391512 -0.0562 0.0842414 0.0400552
33.4536 0.194021 -0.0531874 0.0803297 0.0304692
33.7349 0.193974 -0.0427525 0.070027 0.0574981
34.0161 -0.505331 -0.0898834 0.153474 -0.0924704
34.2973 -0.505179 -0.0795959 0.116885 -0.0212519
34.0161 -0.272223 -0.0827267 0.130829 0.0217313
34.2973 -0.272144 -0.0578265 0.0871252 0.020211
34.5785 -0.504998 -0.0388996 0.0642279 -0.0481033
34.8595 -0.504813 -0.0316053 0.0501901 -0.0748226
34.5784 -0.272082 -0.054172 0.0792474 0.0029641
34.8595 -0.272013 -0.0150523 0.0253741 -0.024883
34.0161 -0.039154 -0.0480634 0.0794913 0.0153686
34.2973 -0.0391667 -0.0638101 0.0956261 0.0530081
34.0161 0.193893 -0.0520873 0.0843199 0.0401464
34.2973 0.193796 -0.0615096 0.0911691 0.0223948
34.5784 -0.0391624 -0.0528083 0.0745648 0.00864693
34.8595 -0.0391556 -0.0199216 0.0327631 0.0117519
34.5784 0.193707 -0.0528634 0.0787787 0.00386802
34.8595 0.193623 -0.00827736 0.0127145 -0.000383518
32.8912 0.427439 -0.00937552 0.0136182 0.0388148
33.1724 0.427338 -0.0410489 0.0605686 0.040465
32.8912 0.660725 -0.0193752 0.0292209 0.0238831
33.1724 0.660565 -0.0290031 0.0437552 0.0305515
33.4537 0.427214 -0.0386768 0.0636244 0.0529401
33.7349 0.427062 -0.0583975 0.0865422 0.0400435
33.4536 0.660383 -0.0467414 0.069751 0.0301926
33.7349 0.660177 -0.0542938 0.0806678 0.0228669
32.8912 0.894014 -0.0217615 0.0333333 0.0142165
33.1724 0.893795 -0.0322473 0.0490827 0.0159739
32.8912 1.12731 -0.02465 0.0382403 -0.000927353
33.1724 1.12704 -0.033398 0.0510265 0.00267927
33.4536 0.893553 -0.0425262 0.0634467 0.0192629
33.7349 0.893291 -0.0586511 0.08774 0.0198844
33.4536 1.12674 -0.0435331 0.0656736 0.000700092
33.7348 1.12641 -0.0595791 0.0896218 0.00121143
34.0161 0.426912 -0.0627853 0.0927627 0.0372289
34.2972 0.426759 -0.0611655 0.0898503 0.0301724
34.0161 0.65996 -0.0637208 0.0947778 0.0222827
34.2972 0.659733 -0.0690451 0.104296 0.0380172
34.5784 0.426593 -0.0488776 0.0724192 0.0265734
34.8595 0.42641 -0.0231899 0.0344446 0.0356987
34.5784 0.659487 -0.0472708 0.070807 0.0432482
34.8595 0.659217 -0.0162557 0.0237908 0.0250757
34.0161 0.893013 -0.0673838 0.0996614 0.018139
34.2973 0.892727 -0.0908976 0.148894 0.0465555
34.0161 1.12607 -0.0659189 0.0983362 -0.00276089
34.2973 1.1257 -0.104705 0.186183 -0.0210883
34.5784 0.89241 -0.0428382 0.0726482 0.0984407
34.8594 0.892044 0.0252575 -0.0338302 0.028891
34.5783 1.1253 -0.0593594 0.0851334 -0.0209822
34.8594 1.12485 0.0475352 -0.0636831 -0.0090285
