30.6413 -2.37428 0.00821655 -0.012738 0.0139738
30.9225 -2.37421 0.032481 -0.0531151 0.00218178
30.6413 -2.14082 0.0166702 -0.0286705 -0.0155068
30.9224 -2.14075 0.0317306 -0.0557479 -0.0239219
31.2036 -2.37409 0.0254099 -0.0416447 -0.000566674
31.4848 -2.37392 0.0391335 -0.0670421 -0.0325765
31.2036 -2.14063 0.0249951 -0.0426485 -0.0293099
31.4848 -2.14047 0.0593299 -0.0993577 -0.031615
30.6413 -1.90734 0.0175455 -0.0313796 -0.0358511
30.9224 -1.90729 0.0322285 -0.0569493 -0.028797
30.6413 -1.67387 0.017834 -0.0307389 -0.0381655
30.9224 -1.67381 0.0281167 -0.0507833 -0.0345143
31.2036 -1.90718 0.0308616 -0.0505727 -0.0259052
31.4848 -1.90703 0.0547726 -0.0896922 -0.018582
31.2036 -1.67372 0.0337026 -0.0561509 -0.0399683
31.4848 -1.67358 0.0460318 -0.077174 -0.0249754
31.766 -2.37369 0.0417957 -0.0583859 0.0149175
32.0472 -2.37341 0.0138988 -0.025189 -0.0680566
31.7659 -2.14026 0.0641446 -0.0946167 -0.0538868
32.0472 -2.14 0.0301767 -0.0535553 -0.075473
32.3284 -2.37308 0.00211309 -0.00152794 -0.0601819
32.6097 -2.37266 0.000725572 -0.00278186 -0.0773275
32.3285 -2.13969 0.0171351 -0.0311766 -0.0583105
32.6098 -2.13932 -0.00184905 -0.000436536 -0.0476724
31.7659 -1.90683 0.0848843 -0.124635 -0.0230877
32.0472 -1.9066 0.0289362 -0.0481798 -0.0309662
31.7659 -1.67341 0.0527378 -0.0774923 -0.0319406
32.0472 -1.6732 0.0337792 -0.0558243 -0.033541
32.3285 -1.90631 0.0167388 -0.0290162 -0.0409709
32.6098 -1.90599 -0.00777837 0.00925518 -0.0467392
32.3285 -1.67295 0.0173714 -0.0295623 -0.038441
32.6098 -1.67266 -0.00384814 0.00392725 -0.0382141
30.6412 -1.44038 0.0176981 -0.0314542 -0.0312038
30.9224 -1.44034 0.0312945 -0.0555572 -0.0368821
30.6412 -1.20689 0.0151034 -0.027156 -0.0398154
30.9224 -1.20686 0.0344515 -0.0586032 -0.0381596
31.2036 -1.44026 0.0385401 -0.0624886 -0.0410937
31.4848 -1.44015 0.0312782 -0.052308 -0.0248659
31.2036 -1.20679 0.0402536 -0.0656933 -0.0400626
31.4848 -1.2067 0.0240658 -0.0403067 -0.0314955
30.6412 -0.973403 0.0213099 -0.0365983 -0.0275225
30.9224 -0.973372 0.034472 -0.0582376 -0.0303449
30.6411 -0.739918 0.0203618 -0.0354895 -0.0482703
30.9223 -0.739891 0.0324852 -0.0551073 -0.0395735
31.2035 -0.973316 0.0353064 -0.0586297 -0.0270158
31.4847 -0.973237 0.0332735 -0.0552328 -0.036011
31.2035 -0.739846 0.0322606 -0.0535405 -0.0320829
31.4847 -0.73978 0.037372 -0.0607985 -0.0155161
31.7659 -1.44 0.0302132 -0.0463147 -0.0846696
32.0472 -1.4398 0.0323636 -0.052443 -0.0156246
31.7659 -1.20657 0.0499035 -0.0733336 -0.0268884
32.0472 -1.20641 0.0464481 -0.0750677 -0.0217104
32.3285 -1.43958 0.0150828 -0.0255599 -0.0365133
32.6098 -1.43933 -0.00327222 0.00360876 -0.0320838
32.3285 -1.20622 0.0115884 -0.0192924 -0.0247611
32.6098 -1.206 -0.00172831 0.00178496 -0.0233438
31.7659 -0.973133 0.0339027 -0.0501751 -0.0289438
32.0472 -0.973001 0.0390967 -0.063425 -0.0299508
31.7659 -0.739697 0.0494728 -0.0729729 -0.0455775
32.0472 -0.739596 0.0317447 -0.0508134 -0.00425504
32.3285 -0.972847 0.0141469 -0.0225612 -0.00649479
32.6098 -0.97267 -0.000887802 0.000994063 -0.0123808
32.3285 -0.739477 0.0169918 -0.0268989 -0.00205979
32.6098 -0.739339 -0.00147196 0.00232837 0.00114472
32.891 -2.37219 -0.0297551 0.0473647 -0.074704
33.1723 -2.37167 -0.0329434 0.0464786 -0.0652856
32.8911 -2.13889 -0.0347812 0.0545524 -0.0189941
33.1723 -2.13842 -0.0387546 0.0551637 -0.00596646
33.4536 -2.37109 -0.0615754 0.0966299 -0.0772602
33.7348 -2.37046 -0.0644844 0.102161 -0.0247837
33.4536 -2.1379 -0.062614 0.0891666 -0.0856105
33.7348 -2.13732 -0.0718302 0.11251 -0.0239774
32.8911 -1.90562 -0.0270704 0.0443917 -0.0495817
33.1724 -1.90519 -0.0376771 0.0542345 -0.0889053
32.8911 -1.67232 -0.0234729 0.0341016 -0.0406311
33.1724 -1.67195 -0.0388273 0.0566052 -0.0519746
33.4536 -1.90472 -0.0666112 0.106411 -0.0879311
33.7349 -1.90421 -0.0666883 0.100131 -0.0431706
33.4537 -1.67154 -0.0687416 0.110796 -0.0839891
33.7349 -1.67109 -0.074715 0.119757 -0.0543956
34.016 -2.36977 -0.0581668 0.0847503 -0.0306785
34.2972 -2.36902 -0.0482471 0.070343 -0.0223498
34.016 -2.1367 -0.0699456 0.0985971 -0.0398682
34.2972 -2.13603 -0.0480909 0.0696811 -0.0294008
34.5783 -2.36822 -0.0387126 0.0553759 -0.0284011
34.8594 -2.36736 -0.0136006 0.0186585 -0.0226637
34.5783 -2.1353 -0.0394425 0.0557057 -0.0290331
34.8594 -2.13452 -0.0156756 0.0209737 -0.031064
34.016 -1.90365 -0.0654434 0.0943378 -0.0189511
34.2972 -1.90304 -0.0518188 0.0738738 -0.0355741
34.016 -1.67059 -0.0605211 0.0878886 -0.0578115
34.2972 -1.67005 -0.0524401 0.0761233 -0.0519782
34.5783 -1.90238 -0.0422581 0.0596889 -0.0324374
34.8594 -1.90169 -0.0151513 0.0199177 -0.0284071
34.5783 -1.66947 -0.0452147 0.0658889 -0.0425436
34.8594 -1.66885 -0.0174226 0.0243898 -0.0359749
32.8911 -1.43904 -0.0207259 0.0302422 -0.0387818
33.1724 -1.43872 -0.0366224 0.054364 -0.0359195
32.8911 -1.20576 -0.0179741 0.0267974 -0.0256129
33.1724 -1.20549 -0.0363672 0.0542969 -0.0345212
33.4537 -1.43836 -0.0609905 0.0892152 -0.0674643
33.7349 -1.43798 -0.081869 0.136705 -0.0193211
33.4536 -1.2052 -0.0492911 0.0731949 -0.0365537
33.7349 -1.2049 -0.0755042 0.121428 -0.0860085
32.8911 -0.972474 -0.0164078 0.0249401 -0.0137257
33.1724 -0.972261 -0.0310799 0.0469629 -0.0186411
32.8911 -0.739186 -0.014088 0.0217841 1.26363e-06
33.1724 -0.739017 -0.028657 0.0437333 -0.00443785
33.4536 -0.972025 -0.0495844 0.0742029 -0.0269721
33.7349 -0.971765 -0.0580211 0.0856211 -0.0411812
33.4536 -0.73883 -0.0463443 0.0699358 -0.00874466
33.7349 -0.738625 -0.0547446 0.081584 -0.0168555
34.0161 -1.43755 -0.076436 0.109259 -0.0676469
34.2972 -1.43706 -0.0605449 0.0889331 -0.0341319
34.0161 -1.20453 -0.079792 0.125753 -0.0327389
34.2973 -1.20411 -0.0617051 0.0920619 -0.0389442
34.5784 -1.43655 -0.0503649 0.0723436 -0.0268388
34.8594 -1.43601 -0.0207438 0.028232 -0.0183223
34.5784 -1.20366 -0.0505994 0.0754438 -0.0311879
34.8595 -1.20319 -0.0316749 0.0434209 -0.034686
34.0161 -0.971474 -0.0738085 0.117243 -0.0451012
34.2973 -0.971139 -0.0592544 0.0946673 -0.0320297
34.0162 -0.738385 -0.0709627 0.115641 0.00260281
34.2973 -0.738135 -0.071905 0.103573 -0.0504606
34.5784 -0.970769 -0.0470666 0.0713824 -0.0178948
34.8595 -0.970382 -0.0292314 0.0424772 -0.00731326
34.5784 -0.73788 -0.0564958 0.0852491 -0.0347884
34.8595 -0.737592 -0.0303562 0.0452314 -0.0256005
