30.6405 -9.84792 -0.0116992 0.0173946 -0.00595667
30.9218 -9.84769 -0.0122569 0.0191278 -0.00295376
30.6405 -9.61439 -0.0148894 0.0198166 -0.0161665
30.9218 -9.61415 -0.0122247 0.0166711 -0.0107738
31.203 -9.84722 -0.00877803 0.0131612 -0.00363464
31.4843 -9.84651 -0.00950189 0.0150933 -0.000800705
31.2031 -9.61369 -0.01273 0.0175362 -0.00981973
31.4843 -9.61299 -0.00946151 0.0140445 -0.00300739
30.6406 -9.38086 -0.0211265 0.0213707 -0.0437696
30.9218 -9.38063 -0.0214949 0.0286942 -0.0248806
30.6406 -9.14733 -0.0178832 0.0186999 -0.0366701
30.9219 -9.14711 -0.0260496 0.03508 -0.0334063
31.2031 -9.38018 -0.0179066 0.0263402 -0.00984514
31.4843 -9.37949 -0.0141854 0.0216366 -0.0033533
31.2031 -9.14667 -0.0236725 0.0356721 -0.013218
31.4844 -9.146 -0.0111833 0.0139375 -0.012671
31.7656 -9.84557 -0.0125892 0.0192802 -0.00299781
32.0468 -9.84441 -0.0193756 0.030379 -0.0025972
31.7656 -9.61208 -0.0140967 0.0217723 -0.00319966
32.0468 -9.61094 -0.0150781 0.0233429 -0.00104887
32.3281 -9.84301 -0.0218789 0.0339538 -0.00129816
32.6094 -9.84137 -0.0253342 0.0394774 -0.00153159
32.3281 -9.60957 -0.0245795 0.0355318 -0.0103327
32.6094 -9.60797 -0.0296708 0.0430345 -0.0125
31.7656 -9.37859 -0.00829375 0.0135294 0.000269184
32.0468 -9.37748 -0.0146877 0.0190525 -0.0123107
31.7656 -9.14512 -0.0139836 0.0206643 -0.00533659
32.0469 -9.14402 -0.0112126 0.0168583 -0.00223073
32.3281 -9.37614 -0.0244865 0.0365745 -0.0070683
32.6094 -9.37458 -0.0296775 0.0438495 -0.0114459
32.3281 -9.14271 -0.0198775 0.0286208 -0.0092059
32.6094 -9.1412 -0.0311373 0.0431799 -0.0185564
30.6406 -8.9138 -0.0305205 0.0466974 -0.0141034
30.9219 -8.91358 -0.0230161 0.0235447 -0.0447664
30.6407 -8.68027 -0.0254467 0.034798 -0.041108
30.9219 -8.68005 -0.0395303 0.0604678 -0.0205882
31.2032 -8.91315 -0.0347488 0.0466157 -0.0441798
31.4844 -8.9125 -0.0247582 0.0311916 -0.0301679
31.2032 -8.6796 -0.0398614 0.059344 -0.0456231
31.4845 -8.67896 -0.0300652 0.0467228 -0.013379
30.6407 -8.44668 -0.021605 0.0319892 -0.0159917
30.922 -8.44646 -0.0214861 0.0293578 -0.0222075
30.6407 -8.21311 -0.0095764 0.0127805 -0.010523
30.922 -8.2129 -0.0424739 0.0790625 0.0137337
31.2033 -8.44604 -0.0331777 0.0575701 -0.0121227
31.4845 -8.44544 -0.0240929 0.0359355 -0.0177872
31.2033 -8.2125 -0.0326095 0.0505058 -0.0219474
31.4845 -8.21192 -0.0177953 0.0270213 -0.0109036
31.7656 -8.91163 -0.0122747 0.0167135 -0.00907015
32.0469 -8.91057 -0.0143105 0.0208746 -0.00557288
31.7656 -8.67812 -0.0112827 0.0143175 -0.0113517
32.0469 -8.67708 -0.00601418 -0.00158508 -0.0369096
32.3281 -8.90929 -0.00884583 0.00670955 -0.0287977
32.6094 -8.90779 -0.025759 0.0335843 -0.0271018
32.3281 -8.67584 -0.0192737 0.0248966 -0.0130865
32.6094 -8.6744 -0.0310795 0.034105 -0.0619031
31.7657 -8.44462 -0.0145698 0.0123487 -0.0366669
32.0469 -8.44363 0.00785579 -0.0192796 -0.0337071
31.7657 -8.21112 0.00490851 -0.0230212 -0.0483037
32.0469 -8.21013 0.0252284 -0.0390284 -0.0154518
32.3281 -8.4424 0.00378478 -0.0172024 -0.0539539
32.6094 -8.44098 -0.0299048 0.0382018 -0.0320743
32.3281 -8.20895 -0.0155571 0.0119573 -0.0474464
32.6094 -8.20756 -0.0268839 0.0417466 -0.00336294
32.8906 -9.83949 -0.0237712 0.0345459 -0.00252056
33.1719 -9.83738 -0.0293491 0.0494246 0.00193872
32.8906 -9.60613 -0.0267423 0.041408 0.000932259
33.1719 -9.60404 -0.0310345 0.048756 0.00404235
33.4531 -9.83504 -0.0109554 0.0199372 0.0176805
33.7343 -9.83243 -0.00787856 0.0107772 0.000512275
33.4531 -9.60173 -0.0152859 0.0293038 0.0233198
33.7344 -9.59916 0.00262753 0.00505811 0.0306976
32.8907 -9.37278 -0.0285071 0.0400613 -0.0117211
33.172 -9.37072 -0.0512449 0.0816149 0.00899705
32.8907 -9.13944 -0.0419589 0.0567153 -0.0322076
33.172 -9.13745 -0.0575633 0.0768601 -0.0418056
33.4532 -9.36845 -0.0269589 0.0430628 0.0139129
33.7344 -9.36591 -0.00545594 0.0223885 0.0457724
33.4533 -9.13523 -0.0449765 0.05824 -0.0223978
33.7345 -9.13277 -0.0366853 0.0817686 0.0500822
34.0157 -9.8296 -0.0213906 0.033947 0.00899417
34.2969 -9.82653 -0.0560027 0.114167 0.0624494
34.0157 -9.59638 -0.0456542 0.0954626 0.0700146
34.297 -9.59343 -0.0385005 0.0721785 0.0150766
34.5782 -9.82329 -0.0365682 0.0590468 0.00606923
34.8594 -9.81979 0.00676886 -0.00596113 0.0108023
34.5781 -9.59025 -0.0271297 0.0436898 0.0106511
34.8594 -9.58684 0.0031544 -0.00779796 -0.009732
34.0157 -9.36322 -0.0272074 0.0607112 0.0340405
34.2969 -9.36038 -0.0086582 0.0425561 0.0723329
34.0157 -9.13018 -0.0340159 0.0467121 -0.0118627
34.2968 -9.12739 -0.00177148 0.00331856 0.00318381
34.5781 -9.35729 -0.00553019 0.00341938 -0.0158571
34.8594 -9.35395 0.00130792 -0.00646845 -0.0179565
34.5781 -9.12433 -0.00190088 -0.00399938 -0.0297671
34.8594 -9.12105 -0.0100894 0.00698392 -0.02735
32.8907 -8.90609 -0.0441228 0.0544388 -0.0518545
33.172 -8.90418 -0.0567017 0.0694123 -0.0679144
32.8907 -8.67275 -0.0302928 0.0398974 -0.0385218
33.172 -8.67089 -0.0540855 0.0724079 -0.0712694
33.4533 -8.90206 -0.0710436 0.089792 -0.0676163
33.7345 -8.89975 -0.0573088 0.0838622 -0.0368655
33.4533 -8.66883 -0.0574212 0.0744517 -0.0523283
33.7345 -8.66655 -0.0315877 0.0211333 -0.0871743
32.8907 -8.43936 -0.0356199 0.0489866 -0.024353
33.172 -8.43755 -0.0454009 0.061294 -0.0372272
32.8907 -8.20599 -0.0424364 0.0618356 -0.0194547
33.172 -8.20422 -0.0388137 0.0541036 -0.0236289
33.4533 -8.43554 -0.0379054 0.0541446 -0.0219207
33.7345 -8.43332 -0.0350851 0.0392285 -0.0392597
33.4533 -8.20225 -0.0422049 0.0583917 -0.0240959
33.7345 -8.20009 -0.0348005 0.0454636 -0.0195878
34.0156 -8.89718 -0.0356951 0.0399968 -0.0859802
34.2969 -8.89438 -0.0162997 0.0081909 -0.0791077
34.0157 -8.66405 -0.0366287 0.0320459 -0.0841182
34.2969 -8.66132 -0.0243441 0.0216519 -0.0576644
34.5781 -8.89136 -0.0163154 0.007735 -0.068746
34.8594 -8.88815 -0.0200849 0.0174288 -0.0461032
34.5781 -8.65839 -0.0309081 0.0317018 -0.0581073
34.8594 -8.65525 -0.0213605 0.0175023 -0.0496782
34.0157 -8.43089 -0.0303975 0.0363596 -0.0311705
34.2969 -8.42824 -0.0260302 0.0263104 -0.0453642
34.0157 -8.19771 -0.0234963 0.0278945 -0.0204683
34.297 -8.19515 -0.024484 0.0287718 -0.0256992
34.5782 -8.4254 -0.0284405 0.03107 -0.0459494
34.8594 -8.42235 -0.0238011 0.0239647 -0.0469155
34.5782 -8.19239 -0.0288401 0.0327692 -0.0362625
34.8594 -8.18945 -0.0147958 0.0120741 -0.0450706
