26.1406 1.35845 0.00132147 -0.00132169 -0.0243058
26.4219 1.35892 0.00774895 -0.0136397 -0.0300688
26.1406 1.59131 0.00352462 -0.00583421 -0.0194172
26.4219 1.59187 0.00651228 -0.0119633 -0.01763
26.7032 1.35935 0.00500329 -0.00881675 -0.0233192
26.9845 1.35976 -0.000330477 0.00167086 -0.0216328
26.7032 1.59239 0.00495062 -0.00862076 -0.0176201
26.9845 1.59287 -4.27356e-05 0.00113927 -0.0135372
26.1406 1.82418 0.00537803 -0.00983781 -0.0145289
26.4219 1.82482 0.0051931 -0.00954162 -0.0119438
26.1406 2.05704 0.00239396 -0.00435574 -0.00894746
26.4219 2.05777 0.00754314 -0.0151708 -0.0012135
26.7032 1.82542 0.00435991 -0.0078462 -0.0126384
26.9845 1.82598 0.00132968 -0.00202519 -0.00906316
26.7032 2.05845 0.00690911 -0.0129125 -0.0102239
26.9845 2.05908 0.000636053 -0.00072036 -0.00802337
27.2658 1.36013 0.00168559 -0.00146635 -0.0340145
27.547 1.36047 -0.00680954 0.0157513 -0.0350301
27.2657 1.59331 0.00109981 9.2462e-05 -0.0311197
27.547 1.59371 -0.00091036 0.0033347 -0.0281135
27.8283 1.36078 -0.00743288 0.0159504 -0.0348702
28.1096 1.36106 -0.0105779 0.0206587 -0.0291795
27.8283 1.59408 -0.0100389 0.0202886 -0.0165043
28.1095 1.59441 -0.0113903 0.0232974 -0.0282388
27.2657 1.82649 4.93212e-05 0.000732772 -0.0167954
27.547 1.82696 -0.00513325 0.010286 -0.00987073
27.2657 2.05966 -0.00274793 0.00582095 -0.00531321
27.547 2.06018 -0.000933044 0.00303362 -0.0137073
27.8283 1.82738 -0.00713364 0.0144116 -0.0206432
28.1095 1.82775 -0.00993663 0.0197486 -0.0155502
27.8283 2.06066 -0.00629159 0.012766 -0.0107476
28.1095 2.06109 -0.00816226 0.0168309 -0.0171818
26.1406 2.2899 0.00457694 -0.00969533 0.00409368
26.4219 2.29071 0.00506078 -0.0102209 0.000344098
26.1406 2.52275 0.00413507 -0.00854869 0.00102242
26.4219 2.52365 0.00632824 -0.0130497 0.00257471
26.7032 2.29147 0.00328554 -0.00663743 0.002839
26.9845 2.29217 0.00287661 -0.00518361 -0.00737546
26.7032 2.52449 0.00830208 -0.0165647 0.002668
26.9844 2.52526 0.0055203 -0.0109283 -0.00119677
26.1406 2.7556 0.00269058 -0.00624588 0.00696829
26.4219 2.75658 0.00866592 -0.0180636 0.00464316
26.1406 2.98845 0.0033469 -0.00809761 0.0106885
26.4219 2.98952 0.0069034 -0.0149394 0.00864724
26.7032 2.7575 0.00684418 -0.0141672 0.00486284
26.9844 2.75835 0.0071171 -0.0139405 -0.000316555
26.7032 2.99052 0.00975413 -0.0194905 0.00070778
26.9844 2.99145 0.00748635 -0.0152468 0.00470548
27.2657 2.29281 0.002963 -0.00531583 -0.00515626
27.547 2.29341 -0.000673264 0.0022656 -0.0110575
27.2657 2.52597 0.003894 -0.00686507 -0.00721976
27.547 2.52663 0.000530454 -0.000350852 -0.00679788
27.8282 2.29394 -0.00419516 0.00929419 -0.0151518
28.1095 2.29442 -0.00809458 0.0167122 -0.0164469
27.8282 2.52722 -0.00335461 0.00752584 -0.0118623
28.1095 2.52775 -0.00537946 0.01138 -0.0134964
27.2657 2.75914 0.00489711 -0.00942949 -0.00126155
27.5469 2.75985 0.00157853 -0.00252453 -0.00474343
27.2657 2.9923 0.00682874 -0.0128984 -0.00364657
27.5469 2.99308 0.00330438 -0.00573857 -0.00509655
27.8282 2.7605 -0.00218241 0.00491969 -0.00715027
28.1094 2.76109 -0.00494132 0.0106432 -0.0131019
27.8282 2.99379 -0.00189241 0.00451573 -0.00766287
28.1094 2.99442 -0.00271705 0.00614905 -0.00829933
28.3908 1.3613 -0.0129096 0.0256696 -0.036802
28.6721 1.3615 -0.0133671 0.0260367 -0.0315608
28.3908 1.5947 -0.0131047 0.0256519 -0.0216579
28.6721 1.59494 -0.0146407 0.0285889 -0.0317141
28.9534 1.36168 -0.0176911 0.0336415 -0.0401643
29.2346 1.36182 -0.0190322 0.0358517 -0.035814
28.9534 1.59515 -0.0170428 0.0328696 -0.0316621
29.2346 1.59532 -0.0200934 0.0379771 -0.0366143
28.3908 1.82809 -0.00968861 0.0194529 -0.0227209
28.6721 1.82838 -0.0120956 0.0232061 -0.0237513
28.3908 2.06147 -0.00954094 0.019605 -0.0200757
28.672 2.0618 -0.0133052 0.0261801 -0.021045
28.9533 1.82862 -0.0167926 0.0319289 -0.0259994
29.2346 1.82882 -0.0212904 0.0404423 -0.0327332
28.9533 2.06209 -0.0159249 0.0310244 -0.0311634
29.2346 2.06232 -0.0174486 0.0330466 -0.0200113
29.5159 1.36193 -0.0157484 0.0296722 -0.0446517
29.7971 1.36201 -0.0202299 0.0382224 -0.0414797
29.5159 1.59546 -0.0223283 0.0411666 -0.0315357
29.7971 1.59557 -0.0213523 0.0390466 -0.0329006
30.0784 1.36205 -0.00840562 0.0169849 -0.0187331
30.3596 1.36208 0.00163445 -0.000429141 -0.0297808
30.0784 1.59565 -0.0259993 0.0476272 -0.0272278
30.3596 1.59569 -0.0278332 0.0457332 -0.00737708
29.5159 1.82899 -0.0246108 0.0451472 -0.0209935
29.7971 1.82912 -0.0262069 0.0474437 -0.0278301
29.5158 2.06251 -0.0227949 0.0431915 -0.0270274
29.7971 2.06264 -0.0299585 0.0541502 -0.0292651
30.0784 1.8292 -0.0268299 0.0502837 -0.0179143
30.3596 1.82923 -0.0399954 0.072504 -0.0388672
30.0784 2.06273 -0.0279249 0.0535675 -0.0321095
30.3596 2.06277 -0.027708 0.051236 -0.0319116
28.3908 2.29485 -0.00800123 0.0167766 -0.0201268
28.672 2.29522 -0.0108992 0.0226867 -0.0271875
28.3907 2.52823 -0.00695506 0.0144349 -0.0168955
28.672 2.52864 -0.00964558 0.0195675 -0.0214186
28.9533 2.29554 -0.0158075 0.0310463 -0.0246581
29.2345 2.29581 -0.0209082 0.0399969 -0.0294402
28.9533 2.52899 -0.0155815 0.0312189 -0.0282454
29.2345 2.52928 -0.0215597 0.0419002 -0.0284492
28.3907 2.76161 -0.00618848 0.012976 -0.0140847
28.672 2.76206 -0.00967381 0.0194651 -0.0162643
28.3907 2.99499 -0.00331108 0.00802983 -0.0163042
28.672 2.99548 -0.00781966 0.016305 -0.0169919
28.9533 2.76244 -0.0135366 0.0266746 -0.0211656
29.2345 2.76276 -0.0196007 0.038265 -0.0252805
28.9532 2.9959 -0.0127158 0.0252533 -0.0195899
29.2345 2.99625 -0.014716 0.0295667 -0.0272845
29.5158 2.29601 -0.0242415 0.0462596 -0.0303572
29.7971 2.29617 -0.0273788 0.0498007 -0.0303179
29.5158 2.52951 -0.0219569 0.0426111 -0.0310222
29.7971 2.52968 -0.0240675 0.0454561 -0.0339663
30.0784 2.29626 -0.0302388 0.0574424 -0.0394222
30.3596 2.29629 -0.0232051 0.0454214 -0.0442005
30.0783 2.52978 -0.0232934 0.0447769 -0.0464502
30.3595 2.52981 -0.0215254 0.0431633 -0.0566223
29.5158 2.76301 -0.0219854 0.0429435 -0.0321354
29.797 2.76319 -0.0210774 0.0414987 -0.0369457
29.5157 2.99652 -0.015142 0.0297556 -0.0261745
29.797 2.99671 -0.0210866 0.0419015 -0.0385393
30.0783 2.7633 -0.0196639 0.0400436 -0.0487413
30.3595 2.76334 -0.0148308 0.0310534 -0.0465216
30.0782 2.99684 -0.0242483 0.0464214 -0.0379513
30.3595 2.9969 -0.0167516 0.0336233 -0.04122
