26.1406 -7.95707 0.00141318 -0.0185284 -0.0483105
26.4219 -7.95991 0.00522133 -0.0235547 -0.0390547
26.1406 -7.72417 0.00407061 -0.0156728 -0.0221821
26.4219 -7.72693 0.00495472 -0.0197078 -0.0294399
26.7031 -7.96255 -0.000980541 -0.0130928 -0.0457714
26.9844 -7.96501 -0.00636376 -0.00324315 -0.0510768
26.7031 -7.7295 -0.000923997 -0.00612337 -0.0261805
26.9844 -7.7319 -0.00216775 -0.0120228 -0.0533377
26.1406 -7.49129 0.00306981 -0.00953418 -0.0115152
26.4219 -7.49397 0.0065968 -0.0187413 -0.0198752
26.1406 -7.25841 0.00682083 -0.0187853 -0.0173009
26.4219 -7.261 0.0126957 -0.0275511 -0.00591904
26.7032 -7.49646 0.012415 -0.0286706 -0.0162254
26.9844 -7.49878 0.00362665 -0.0129727 -0.0194505
26.7032 -7.26342 0.0124118 -0.0271122 -0.00726979
26.9844 -7.26567 0.00902668 -0.0208837 -0.0117077
27.2657 -7.96729 -0.016874 0.0173561 -0.0625496
27.547 -7.96938 -0.0185103 0.0247302 -0.0498623
27.2657 -7.7341 -0.0125562 0.0068239 -0.0599569
27.547 -7.73613 -0.00212832 -0.00512616 -0.0356202
27.8282 -7.97126 -0.0124099 0.00746159 -0.059296
28.1095 -7.97294 -0.00920202 0.0079378 -0.032756
27.8282 -7.73796 0.00189591 -0.0208197 -0.0670561
28.1095 -7.7396 -0.0129396 0.0152879 -0.0316537
27.2657 -7.50092 -0.00111837 -0.00590308 -0.0282957
27.547 -7.50288 -0.0118411 0.0103349 -0.0442988
27.2657 -7.26774 -0.00446483 0.00115724 -0.0274442
27.547 -7.26964 -0.00265578 -0.00242343 -0.0275005
27.8283 -7.50466 -0.0135746 0.0175556 -0.0305237
28.1095 -7.50625 -0.0222438 0.0323051 -0.0351887
27.8283 -7.27136 -0.0127388 0.0201361 -0.0152332
28.1096 -7.27291 -0.023087 0.0344772 -0.0338915
26.1406 -7.02554 0.00677951 -0.0166003 -0.0128867
26.4219 -7.02805 0.00839042 -0.0217088 -0.0174387
26.1406 -6.79267 0.00679377 -0.0167806 -0.0147886
26.4219 -6.79509 0.0130391 -0.0289535 -0.0108689
26.7032 -7.0304 0.0152336 -0.0331437 -0.0104572
26.9845 -7.03256 0.0103651 -0.0235076 -0.0157724
26.7032 -6.79736 0.00931467 -0.0249313 -0.0254192
26.9845 -6.79945 0.00670302 -0.0158504 -0.010792
26.1406 -6.55979 0.00577866 -0.0120677 -0.00284044
26.4219 -6.56213 0.0113777 -0.0240161 -0.00489571
26.1406 -6.3269 0.0053431 -0.0129111 -0.00940543
26.4219 -6.32916 0.0128711 -0.0261349 -0.00191596
26.7032 -6.56431 0.0112624 -0.0211279 0.00443651
26.9845 -6.56634 0.0059499 -0.012834 -0.00452118
26.7032 -6.33127 0.010279 -0.0202411 6.96663e-05
26.9845 -6.33323 0.00646471 -0.0126141 0.000312885
27.2658 -7.03456 -0.00189237 -0.00325377 -0.0258295
27.547 -7.0364 -0.00366666 0.0064786 -0.00210079
27.2658 -6.80139 0.00123568 -0.0027084 -0.00111226
27.5471 -6.80316 -0.00364701 0.00718618 0.000680815
27.8283 -7.03806 -0.0126172 0.0204088 -0.0131007
28.1096 -7.03956 -0.02372 0.040959 -0.0175229
27.8283 -6.80477 -0.0173761 0.035078 0.00756616
28.1096 -6.80622 -0.0188847 0.0374151 0.00463559
27.2658 -6.56821 -0.00163241 0.00566963 0.00920975
27.5471 -6.56992 -0.0103723 0.0197357 -0.000449281
27.2658 -6.33503 -0.00129142 0.00295703 0.00164845
27.5471 -6.33669 -0.00611769 0.0117718 0.000398092
27.8284 -6.57148 -0.0125631 0.0246563 0.00304624
28.1097 -6.57287 -0.0189192 0.0378956 0.00794137
27.8284 -6.33819 -0.0164184 0.0344225 0.0132817
28.1097 -6.33954 -0.016677 0.0351786 0.0141357
28.3907 -7.97443 -0.00722457 0.00501803 -0.0290278
28.672 -7.97574 -0.021777 0.0382751 -0.00550422
28.3908 -7.74105 -0.0171952 0.0230646 -0.0319927
28.6721 -7.74232 -0.0270102 0.0461818 -0.0140166
28.9533 -7.97686 -0.035931 0.0621112 -0.0106517
29.2345 -7.97779 -0.0353173 0.0667752 -0.00704679
28.9533 -7.74341 -0.035342 0.0598121 -0.0113149
29.2346 -7.74432 -0.031426 0.0562323 -0.0108567
28.3908 -7.50768 -0.0229736 0.0418527 -0.00890693
28.6721 -7.50891 -0.0287714 0.0515835 -0.0147933
28.3908 -7.27428 -0.0381981 0.0698644 -0.00873388
28.6721 -7.27547 -0.0349077 0.0620685 -0.0241773
28.9533 -7.50996 -0.0343686 0.0603875 -0.00643508
29.2346 -7.51084 -0.0433722 0.0739194 -0.0176939
28.9534 -7.2765 -0.0390747 0.0676901 -0.0172867
29.2346 -7.27734 -0.0367891 0.0618656 -0.00783362
29.5157 -7.97853 -0.0256969 0.0487834 0.00894411
29.7969 -7.97907 -0.014524 0.0332355 0.0287035
29.5158 -7.74504 -0.0405148 0.0720869 -0.00848468
29.797 -7.74555 -0.0322557 0.0574673 0.00357815
30.0782 -7.97942 -0.0176664 0.0325659 0.0132755
30.3594 -7.97959 -0.0125071 0.021354 0.00232336
30.0782 -7.74589 -0.0121919 0.0194549 0.00344354
30.3595 -7.74604 0.000479811 -0.003203 -0.00928041
29.5158 -7.51154 -0.0319255 0.054405 -0.0172092
29.797 -7.51204 -0.0453504 0.0774668 -0.0286111
29.5159 -7.27801 -0.0274435 0.0430204 -0.0283546
29.7971 -7.27849 -0.0327545 0.0409064 -0.0859764
30.0782 -7.51236 -0.0349147 0.0446554 -0.0222937
30.3595 -7.51249 0.0100099 -0.0202474 -0.0131784
30.0782 -7.2788 -0.0306858 0.0293254 -0.0641082
30.3595 -7.27893 -0.00650204 0.00534747 -0.0226122
28.3909 -7.04089 -0.022801 0.0413638 -0.00465924
28.6722 -7.04205 -0.035334 0.064193 -0.0156712
28.3909 -6.8075 -0.0269516 0.0497866 -0.00146738
28.6722 -6.80863 -0.0277614 0.049093 -0.0157305
28.9534 -7.04304 -0.0386446 0.0684219 -0.0206355
29.2346 -7.04385 -0.0449954 0.0669994 -0.034786
28.9534 -6.80959 -0.040094 0.0742495 -0.013296
29.2347 -6.81039 -0.0449469 0.0666261 -0.0361688
28.3909 -6.57412 -0.0253223 0.0508387 0.0115744
28.6722 -6.57521 -0.0216045 0.039301 -0.00292552
28.391 -6.34073 -0.0208871 0.0417161 0.00815807
28.6722 -6.34178 -0.028684 0.0541341 0.00819429
28.9535 -6.57614 -0.0265473 0.0481381 -0.0126967
29.2347 -6.57692 -0.0240064 0.0388504 -0.0116366
28.9535 -6.34268 -0.0234493 0.0431199 -0.00534116
29.2347 -6.34343 -0.0108066 0.018331 -0.000607562
29.5159 -7.0445 -0.01476 0.0159833 -0.0453122
29.7971 -7.04499 -0.0164696 0.021001 -0.0547954
29.5159 -6.81102 -0.00708325 0.00919471 -0.0166531
29.7972 -6.81147 -0.0107288 0.00933035 -0.0466543
30.0783 -7.04528 -0.000357282 -0.00931027 -0.0755345
30.3596 -7.04539 -0.00804745 0.014124 0.00156494
30.0784 -6.81174 -0.0170179 0.0291802 -0.000844717
30.3596 -6.81185 -0.0117612 0.0240572 0.0150301
29.516 -6.5775 -0.0195712 0.0296251 -0.0128931
29.7972 -6.57792 -0.0290662 0.0488253 -0.00827375
29.516 -6.344 -0.0224836 0.0353478 -0.0165929
29.7973 -6.3444 -0.0280625 0.066494 0.0405403
30.0784 -6.57819 -0.0191859 0.0398597 0.0230488
30.3597 -6.57831 -0.0159947 0.0360151 0.0288374
30.0785 -6.34467 -0.0156105 0.0411975 0.0479349
30.3597 -6.34481 -0.0250647 0.0521807 0.0338779
