30.6407 3.23041 -0.004751 0.0129111 -0.0414869
30.9219 3.2303 0.00493748 -0.00453581 -0.0321715
30.6407 3.46394 -0.00476219 0.0126157 -0.0385772
30.9219 3.46383 0.00626533 -0.00636533 -0.0326827
31.2032 3.23011 0.0113997 -0.0148236 -0.0361217
31.4845 3.22983 -0.00619642 0.0147108 -0.0370753
31.2032 3.46362 0.0106647 -0.013693 -0.0310787
31.4844 3.46334 -0.00225955 0.00608184 -0.0251939
30.6406 3.69747 -0.00254853 0.00987985 -0.0366846
30.9219 3.69736 0.00513708 -0.00264788 -0.0424559
30.6406 3.93101 -0.00221948 0.00988183 -0.0376345
30.9218 3.9309 0.00230924 0.000677527 -0.030336
31.2031 3.69715 0.0081025 -0.00992655 -0.0249231
31.4844 3.69685 -0.00191765 0.00682761 -0.0316286
31.2031 3.93069 0.00836954 -0.00986303 -0.0257851
31.4844 3.93038 0.014222 -0.0153813 -0.0464768
31.7657 3.22948 -0.0109833 0.0244803 -0.0432501
32.047 3.22905 -0.0168466 0.0328487 -0.0431631
31.7657 3.46297 -0.0122783 0.0208345 -0.0101007
32.047 3.46252 -0.0133966 0.0241493 -0.0242062
32.3283 3.22855 -0.0330012 0.0546207 -0.0167367
32.6096 3.22798 -0.0328486 0.0550795 -0.0320937
32.3283 3.462 -0.0325144 0.0557783 -0.0259057
32.6095 3.46139 -0.0332562 0.0547986 -0.0126881
31.7657 3.69647 -7.0431e-05 0.000748625 -0.00559966
32.047 3.69601 -0.013149 0.0239457 -0.0253189
31.7656 3.92998 -0.00513328 0.0138919 -0.0361691
32.0469 3.92949 -0.0197408 0.0355066 -0.031719
32.3282 3.69545 -0.0291594 0.0496621 -0.0239046
32.6095 3.6948 -0.0558987 0.0896848 0.00953522
32.3282 3.92891 -0.026036 0.0443225 -0.0222278
32.6095 3.92822 -0.0459815 0.0786796 -0.0441385
30.6406 4.16457 -0.001182 0.00514684 -0.0203713
30.9218 4.16446 0.00189944 -5.79113e-06 -0.021629
30.6405 4.39814 0.000741206 0.00126764 -0.0163368
30.9218 4.39802 0.00422384 -0.00443058 -0.0163119
31.203 4.16424 0.00818415 -0.00938721 -0.0246199
31.4843 4.16392 0.00026202 0.0010598 -0.0103484
31.203 4.3978 0.00812427 -0.011587 -0.0084117
31.4843 4.39747 0.0037766 -0.00354097 -0.0171784
30.6405 4.6317 0.000573103 0.000602906 -0.00942579
30.9217 4.63159 0.000882669 -0.00125581 -0.00148742
30.6405 4.86528 0.00494549 -0.00742716 -0.00527783
30.9217 4.86516 0.00882919 -0.0127503 -0.0101783
31.203 4.63136 0.00378746 -0.00394349 -0.0135278
31.4842 4.63101 -0.00103707 0.00461397 -0.0173303
31.203 4.86492 0.0055259 -0.00833918 -0.00268468
31.4842 4.86457 0.00130351 -0.00175076 -0.00222091
31.7656 4.1635 -0.0142495 0.0273337 -0.0271046
32.0469 4.16298 -0.0192135 0.0343258 -0.0231981
31.7656 4.39703 -0.0123881 0.0223551 -0.0123722
32.0468 4.39648 -0.0209376 0.0365118 -0.0215683
32.3282 4.16236 -0.0239756 0.0451448 -0.0453325
32.6094 4.16163 -0.0364873 0.0665595 -0.0764956
32.3281 4.39582 -0.0197491 0.0379553 -0.0327692
32.6094 4.39506 -0.0232078 0.040148 -0.0273372
31.7655 4.63056 -0.00818945 0.0173178 -0.0207296
32.0468 4.62999 -0.0167876 0.0290256 -0.0153162
31.7655 4.8641 -0.00691357 0.0121279 -0.00527856
32.0467 4.8635 -0.0129251 0.0222784 -0.00961323
32.3281 4.62931 -0.0192277 0.0322595 -0.0123554
32.6093 4.62852 -0.0257282 0.0426407 -0.0126393
32.328 4.8628 -0.0222492 0.0357583 -0.00370269
32.6093 4.86197 -0.0221689 0.0366334 -0.00786683
32.8909 3.22732 -0.0345439 0.0548449 -0.00728072
33.1721 3.22657 -0.0372333 0.0606611 -0.0268549
32.8908 3.46069 -0.0357601 0.0569134 -0.0162732
33.1721 3.45989 -0.0319544 0.0515165 -0.0217537
33.4534 3.22576 -0.0399352 0.0642968 -0.0203099
33.7347 3.22486 -0.048994 0.0738231 -0.0288266
33.4534 3.45902 -0.039282 0.066749 -0.0164602
33.7346 3.45806 -0.0587797 0.0855989 -0.0132952
32.8908 3.69406 -0.0392346 0.0579937 0.0309848
33.172 3.69321 -0.0127476 0.0171258 0.0176481
32.8907 3.92743 -0.0221948 0.0327904 0.00901603
33.172 3.92652 -0.00211187 0.00745432 -0.0263148
33.4533 3.69227 -0.0294171 0.054328 -0.0435403
33.7346 3.69125 -0.0437262 0.0676461 -0.0172931
33.4533 3.92554 -0.0421238 0.0693156 -0.0274638
33.7345 3.92446 -0.0447156 0.0747779 -0.0448393
34.0159 3.22388 -0.0489625 0.0755629 -0.0182114
34.2971 3.22281 -0.030757 0.0470365 -0.025327
34.0158 3.45701 -0.0525167 0.0827812 -0.0245225
34.297 3.45586 -0.0252582 0.0388421 -0.0473368
34.5783 3.22166 -0.0136669 0.0249144 -0.0481596
34.8594 3.22043 -0.00754673 0.0237108 -0.0594733
34.5782 3.45461 0.00534419 -0.00111073 -0.0599626
34.8594 3.45328 -0.00777298 0.0204988 -0.077704
34.0158 3.69014 -0.0309401 0.0563493 -0.0646915
34.297 3.68891 -0.0103716 0.0211726 -0.0520308
34.0157 3.92327 -0.0135742 0.0275943 -0.0477139
34.2969 3.92199 0.00479001 0.00284209 -0.0635324
34.5782 3.68759 0.00824691 -0.000299114 -0.082179
34.8594 3.68619 -0.00109322 0.0105076 -0.0688882
34.5781 3.92061 -0.0285926 0.0461555 -0.0566006
34.8594 3.91914 0.000297475 0.00774392 -0.0626849
32.8907 4.1608 -0.0400737 0.0717219 -0.0629739
33.172 4.15987 -0.0420657 0.0724508 -0.0486987
32.8906 4.39419 -0.027508 0.0468479 -0.0268584
33.1719 4.39321 -0.0351251 0.0590449 -0.02498
33.4532 4.15883 -0.0410122 0.068785 -0.0193595
33.7345 4.15769 -0.0378556 0.0583717 -0.0448414
33.4532 4.39211 -0.0287463 0.0597889 -0.0514209
33.7344 4.39091 -0.018163 0.0353411 -0.04413
32.8906 4.62761 -0.0336067 0.0467988 0.0341975
33.1719 4.62658 -0.0286635 0.0478871 -0.0239213
32.8905 4.86103 -0.0185191 0.0326021 -0.0241397
33.1718 4.85996 -0.0314348 0.0497069 -0.00855774
33.4531 4.62544 -0.0330781 0.0546469 -0.0203813
33.7344 4.62418 -0.0280997 0.0481674 -0.0334454
33.4531 4.85878 -0.0282025 0.0451376 -0.0127991
33.7343 4.85748 -0.0303226 0.0475887 -0.0127962
34.0157 4.15643 -0.0155044 0.02461 -0.0200983
34.2969 4.15508 -0.0115658 0.0274926 -0.0643515
34.0157 4.38962 -0.0186239 0.0336497 -0.0480762
34.2969 4.38822 0.0136616 -0.0146292 -0.0354068
34.5781 4.15365 0.00746306 -0.00160497 -0.0577587
34.8594 4.15211 -0.00149221 0.00830728 -0.0465648
34.5781 4.38672 0.000158139 0.004529 -0.0339507
34.8594 4.38511 -0.00346415 0.00932628 -0.0315719
34.0156 4.62283 -0.0165304 0.0285222 -0.0289579
34.2969 4.62138 -0.0138444 0.0241574 -0.028019
34.0156 4.85607 -0.0253113 0.0392981 -0.012637
34.2968 4.85454 -0.0129744 0.0201396 -0.0084496
34.5781 4.61981 -0.00712892 0.0143207 -0.0275572
34.8594 4.61812 -0.0039071 0.00777566 -0.0150051
34.5781 4.8529 -0.0132322 0.0199223 -0.00521807
34.8594 4.85114 -0.00381317 0.00652676 -0.00702683
