26.1406 -6.09401 0.00576493 -0.0138413 -0.0084577
26.4219 -6.09618 0.00789608 -0.0173599 -0.00724597
26.1406 -5.86111 0.00618732 -0.0144191 -0.00752114
26.4219 -5.8632 0.0117594 -0.0248056 -0.00683171
26.7032 -6.09822 0.00883364 -0.0181991 -0.00336455
26.9845 -6.1001 0.00546607 -0.0106454 0.000394675
26.7032 -5.86515 0.00653152 -0.0138293 -0.0041155
26.9845 -5.86696 0.00307167 -0.00552481 0.00228886
26.1406 -5.6282 0.00420537 -0.00812545 0.0020744
26.4219 -5.63021 0.00455792 -0.00768138 0.00647134
26.1407 -5.39529 0.00470181 -0.00915537 0.00219742
26.422 -5.39722 0.00303734 -0.00561858 0.00286385
26.7033 -5.63208 0.00632498 -0.0123267 0.00024622
26.9846 -5.63382 0.00479306 -0.00483224 0.0193134
26.7033 -5.39902 0.0110088 -0.0174937 0.0201201
26.9846 -5.40069 0.000794956 0.000123392 0.00883856
27.2658 -6.10184 -0.00276982 0.00569193 0.00124957
27.5471 -6.10344 -0.00810223 0.0175456 0.00876023
27.2659 -5.86863 -0.00144823 0.00471157 0.00817116
27.5472 -5.87016 -0.0139197 0.029251 0.00961573
27.8284 -6.10488 -0.0114393 0.0228678 0.00446311
28.1097 -6.10618 -0.0213471 0.043305 0.0120887
27.8285 -5.87156 -0.0125131 0.0268602 0.0128739
28.1097 -5.87281 -0.0200645 0.0391817 0.0050449
27.2659 -5.63542 -0.00495643 0.0133979 0.0163787
27.5472 -5.6369 -0.0038901 0.0118114 0.0200029
27.2659 -5.40222 -0.00468401 0.0121318 0.0168737
27.5472 -5.40362 -0.0144043 0.0356212 0.0292806
27.8285 -5.63823 -0.0198471 0.0387645 0.00360546
28.1098 -5.63943 -0.0133481 0.029257 0.0204714
27.8285 -5.4049 -0.0144516 0.0315877 0.0152572
28.1098 -5.40606 -0.0152774 0.0358212 0.0350988
26.1407 -5.16238 0.00441384 -0.0065459 0.0120989
26.422 -5.16423 0.00416777 -0.00627391 0.010875
26.1407 -4.92946 0.00492918 -0.00676262 0.0167742
26.422 -4.93122 0.00256156 -0.00224413 0.0155452
26.7033 -5.16595 0.00437376 -0.00756359 0.00536462
26.9846 -5.16754 0.00135489 0.00130522 0.0189282
26.7033 -4.93287 0.00288564 -0.00187781 0.0205484
26.9846 -4.93439 -0.00219629 0.00784082 0.0185567
26.1407 -4.69654 0.00349371 -0.00264464 0.02502
26.422 -4.69822 0.00484289 -0.00504669 0.0254207
26.1407 -4.46362 0.00460116 -0.00514623 0.0242559
26.422 -4.46521 0.00203702 0.00172827 0.0324638
26.7033 -4.69978 -0.00137397 0.00990892 0.0404665
26.9846 -4.70123 -0.001619 0.00360612 0.00211754
26.7033 -4.4667 -0.000487666 0.00624226 0.0286892
26.9846 -4.46808 -0.00379269 0.014913 0.0412851
27.2659 -5.16901 -0.00923222 0.023306 0.0241425
27.5472 -5.17036 -0.0142662 0.0314618 0.0151098
27.2659 -4.93579 -0.00923877 0.0211361 0.0161841
27.5472 -4.93709 -0.0154942 0.0314058 0.00892245
27.8285 -5.17159 -0.011478 0.0251305 0.0211231
28.1098 -5.17269 -0.0157823 0.0344956 0.0297415
27.8285 -4.93825 -0.0175225 0.035165 0.00732336
28.1098 -4.9393 -0.023152 0.0472271 0.0229243
27.2659 -4.70257 -0.00381325 0.0156421 0.0485656
27.5473 -4.7038 -0.0140993 0.03409 0.0356578
27.266 -4.46936 -0.000725492 0.00984083 0.0479513
27.5473 -4.47052 -0.0183436 0.041276 0.0339746
27.8286 -4.70492 -0.0174607 0.0369792 0.0208269
28.1099 -4.70592 -0.0223243 0.0490686 0.0527883
27.8286 -4.47158 -0.0221182 0.0502104 0.0549974
28.1099 -4.47253 -0.019093 0.0444396 0.0531546
28.391 -6.10734 -0.0186872 0.0337193 -0.00661172
28.6723 -6.10834 -0.0256837 0.0477664 -0.00206863
28.391 -5.87391 -0.0190981 0.03858 0.0120636
28.6723 -5.87488 -0.0245014 0.0495746 0.0105227
28.9535 -6.1092 -0.0270149 0.0462842 -0.0112538
29.2348 -6.10991 -0.0160255 0.0281043 0.00349934
28.9535 -5.8757 -0.0158663 0.0296811 0.00911568
29.2348 -5.87639 -0.0158748 0.0262601 -0.00630768
28.3911 -5.6405 -0.0199512 0.039986 0.00756995
28.6723 -5.64143 -0.0210678 0.0454221 0.031219
28.3911 -5.40708 -0.0171889 0.0360366 0.0113753
28.6723 -5.40797 -0.0221598 0.0436995 0.0187524
28.9536 -5.64223 -0.0269447 0.0531674 0.0251019
29.2348 -5.64287 -0.00680168 0.0143264 0.0132934
28.9536 -5.40873 -0.0322122 0.0648914 0.0187926
29.2349 -5.40936 -0.0259101 0.0540655 0.052531
29.5161 -6.11048 -0.0340286 0.0585036 -0.00732483
29.7973 -6.11093 -0.00732178 0.0176954 0.0229447
29.5161 -5.87694 -0.0311151 0.0547849 -0.000831732
29.7973 -5.87735 -0.0422812 0.0722295 -0.0131433
30.0785 -6.11119 -0.0314058 0.053608 0.00484096
30.3597 -6.11129 -0.0253151 0.0544159 0.0358778
30.0786 -5.87762 -0.0297987 0.0524245 -0.00832134
30.3598 -5.87773 -0.0250194 0.0443568 -0.00523112
29.5161 -5.64339 -0.0153777 0.0325335 0.0266012
29.7974 -5.64377 -0.039719 0.0787867 0.023386
29.5161 -5.40985 -0.0201985 0.0375494 0.00967429
29.7974 -5.41022 -0.0318234 0.0661257 0.0353602
30.0786 -5.64402 -0.0419862 0.07916 0.0216869
30.3598 -5.64415 -0.0271331 0.0489329 0.00483478
30.0786 -5.41046 -0.0365861 0.0682415 0.0245903
30.3598 -5.41057 -0.0327903 0.0599292 0.0210668
28.3911 -5.17366 -0.0105568 0.0244308 0.0264241
28.6724 -5.17451 -0.0197141 0.0417798 0.0357954
28.3911 -4.94023 -0.0152526 0.0340273 0.0373526
28.6724 -4.94103 -0.0354951 0.0854185 0.081116
28.9537 -5.17523 -0.0229526 0.0530998 0.0444623
29.2349 -5.17583 0.011941 -0.0125126 0.0397838
28.9537 -4.94174 -0.0148389 0.0363483 0.0611765
29.2349 -4.94231 0.0199184 -0.0288747 0.040326
28.3912 -4.7068 -0.0161697 0.0400036 0.0597701
28.6725 -4.70757 -0.0399767 0.0892709 0.0474467
28.3912 -4.47337 -0.0346396 0.0899236 0.104056
28.6725 -4.47411 -0.0416165 0.088839 0.0528144
28.9537 -4.70824 -0.0200457 0.0443801 0.050791
29.2349 -4.70877 0.013839 -0.0165716 0.0397865
28.9537 -4.47474 -0.00614823 0.0198989 0.079116
29.235 -4.47525 -0.00123566 0.00935442 0.0530277
29.5162 -5.17631 -0.0282774 0.0541241 0.0225632
29.7974 -5.17666 -0.0279797 0.0573722 0.03733
29.5162 -4.94275 -0.0297636 0.0618556 0.0489938
29.7975 -4.94309 -0.0229506 0.0491579 0.0413274
30.0787 -5.17689 -0.0364968 0.0678013 0.0186111
30.3599 -5.177 -0.0227878 0.0408911 0.0181512
30.0787 -4.94331 -0.0285335 0.057953 0.0412129
30.3599 -4.9434 -0.0228155 0.0457623 0.0385675
29.5162 -4.7092 -0.0306444 0.0690957 0.0737222
29.7975 -4.70952 -0.0361793 0.0766332 0.0588887
29.5163 -4.47565 -0.0372277 0.0770513 0.0702011
29.7975 -4.47596 -0.0309442 0.0664601 0.0568159
30.0787 -4.70972 -0.0196016 0.0460855 0.0668402
30.3599 -4.70981 -0.0124513 0.0305416 0.0515445
30.0787 -4.47614 -0.0113618 0.0326317 0.070195
30.3599 -4.47623 -0.00496222 0.0182543 0.0601812
