26.0703 3.16269 2.61848e-06 2.37646e-06 -6.10568e-05
26.2109 3.16328 2.68462e-06 1.97316e-06 -5.89535e-05
26.0703 3.27911 2.64505e-06 3.49744e-06 -6.78393e-05
26.2109 3.27972 1.79854e-06 4.85888e-06 -6.51693e-05
26.3516 3.16386 3.91808e-06 -1.07318e-06 -5.45314e-05
26.4922 3.16441 7.61415e-06 -9.34686e-06 -4.75261e-05
26.3516 3.28032 2.04722e-06 3.6349e-06 -5.97552e-05
26.4922 3.28089 4.64648e-06 -2.66945e-06 -5.14249e-05
26.0703 3.39552 2.34894e-06 4.72208e-06 -7.00656e-05
26.2109 3.39616 4.19767e-07 8.19933e-06 -6.69204e-05
26.0703 3.51194 1.81851e-06 6.05659e-06 -6.95181e-05
26.2109 3.5126 -1.30837e-06 1.18852e-05 -6.59514e-05
26.3516 3.39678 -4.25246e-07 9.04021e-06 -6.07769e-05
26.4922 3.39737 9.95623e-07 4.91344e-06 -5.15828e-05
26.3516 3.51324 -3.27852e-06 1.48767e-05 -5.93057e-05
26.4922 3.51386 -3.05013e-06 1.3003e-05 -4.96684e-05
26.6328 3.16495 1.47279e-05 -2.46939e-05 -3.76462e-05
26.7734 3.16547 2.61634e-05 -4.88111e-05 -2.46218e-05
26.6328 3.28145 1.05284e-05 -1.58544e-05 -3.99207e-05
26.7734 3.28199 2.05903e-05 -3.76091e-05 -2.49672e-05
26.9141 3.16596 4.28117e-05 -8.33234e-05 -8.22407e-06
27.0547 3.16644 6.56414e-05 -0.000129961 1.1731e-05
26.9141 3.2825 3.5718e-05 -6.95572e-05 -6.30326e-06
27.0547 3.283 5.68689e-05 -0.000113421 1.63193e-05
26.6328 3.39795 5.57377e-06 -5.90199e-06 -3.90913e-05
26.7734 3.39851 1.41941e-05 -2.50758e-05 -2.30269e-05
26.6328 3.51445 2.17315e-07 4.64008e-06 -3.67829e-05
26.7734 3.51502 7.4027e-06 -1.18744e-05 -2.03774e-05
26.9141 3.39904 2.77307e-05 -5.42136e-05 -3.13012e-06
27.0547 3.39955 4.712e-05 -9.50025e-05 2.08548e-05
26.9141 3.51558 1.93708e-05 -3.81287e-05 -2.20094e-07
27.0547 3.51611 3.70362e-05 -7.57677e-05 2.3906e-05
26.0703 3.62836 1.12548e-06 7.45467e-06 -6.71551e-05
26.2109 3.62904 -3.24443e-06 1.5752e-05 -6.33736e-05
26.0703 3.74478 3.71571e-07 8.75701e-06 -6.34702e-05
26.2109 3.74548 -5.20685e-06 1.95109e-05 -5.98747e-05
26.3516 3.6297 -6.31332e-06 2.08767e-05 -5.65187e-05
26.4922 3.63034 -7.23722e-06 2.12252e-05 -4.68229e-05
26.3516 3.74616 -9.35118e-06 2.67756e-05 -5.31821e-05
26.4922 3.74682 -1.13571e-05 2.92542e-05 -4.37607e-05
26.0703 3.8612 -3.27772e-07 9.7795e-06 -5.89191e-05
26.2109 3.86192 -7.02002e-06 2.28539e-05 -5.58539e-05
26.0703 3.97761 -9.2513e-07 1.04904e-05 -5.39869e-05
26.2109 3.97836 -8.59466e-06 2.56204e-05 -5.1489e-05
26.3516 3.86262 -1.22497e-05 3.2335e-05 -4.96666e-05
26.4922 3.8633 -1.52519e-05 3.68217e-05 -4.08168e-05
26.3516 3.97908 -1.48902e-05 3.73297e-05 -4.60794e-05
26.4922 3.97978 -1.88052e-05 4.37125e-05 -3.80987e-05
26.6328 3.63095 -5.22916e-06 1.52821e-05 -3.40643e-05
26.7734 3.63154 5.93371e-07 1.37571e-06 -1.79899e-05
26.6328 3.74745 -1.05099e-05 2.55997e-05 -3.1556e-05
26.7734 3.74806 -5.92725e-06 1.4142e-05 -1.63554e-05
26.914 3.63212 1.10937e-05 -2.20777e-05 1.58782e-06
27.0547 3.63266 2.71712e-05 -5.66882e-05 2.4817e-05
26.914 3.74865 3.26391e-06 -6.71776e-06 1.97737e-06
27.0547 3.74922 1.79582e-05 -3.85717e-05 2.35079e-05
26.6328 3.86395 -1.54346e-05 3.52528e-05 -2.94995e-05
26.7734 3.86458 -1.19337e-05 2.60035e-05 -1.55753e-05
26.6328 3.98045 -1.98756e-05 4.39962e-05 -2.79147e-05
26.7734 3.9811 -1.7279e-05 3.6662e-05 -1.55326e-05
26.914 3.86519 -3.8562e-06 7.44101e-06 1.03386e-06
27.0547 3.86578 9.69958e-06 -2.20293e-05 2.03094e-05
26.914 3.98173 -1.01014e-05 2.00454e-05 -9.46769e-07
27.0547 3.98233 2.57634e-06 -7.47082e-06 1.57466e-05
27.1953 3.1669 9.56082e-05 -0.00019038 3.53595e-05
27.3359 3.16734 0.000133827 -0.000266488 6.26483e-05
27.1953 3.28348 8.49787e-05 -0.000170834 4.31256e-05
27.3359 3.28393 0.000121127 -0.000243663 7.42797e-05
27.4765 3.16777 0.000181593 -0.000360454 9.33106e-05
27.6172 3.16817 0.000240081 -0.000474096 0.000126434
27.4765 3.28437 0.000166574 -0.000334049 0.000109765
27.6172 3.28479 0.000222553 -0.000443971 0.000149037
27.1953 3.40005 7.32615e-05 -0.000149016 4.91794e-05
27.3359 3.40052 0.000107174 -0.000218017 8.20669e-05
27.1953 3.51662 6.12606e-05 -0.000126292 5.22114e-05
27.3359 3.51711 9.29969e-05 -0.000191339 8.48836e-05
27.4765 3.40097 0.000150045 -0.000304031 0.000119611
27.6172 3.4014 0.000203118 -0.000409088 0.000161469
27.4765 3.51758 0.000133353 -0.00027279 0.000122003
27.6172 3.51802 0.000183555 -0.000372654 0.000163296
27.7578 3.16855 0.000309255 -0.000606698 0.00015957
27.8984 3.16892 0.000386243 -0.000751808 0.000186983
27.7578 3.28518 0.000289427 -0.000573509 0.000190055
27.8984 3.28556 0.000365429 -0.000718296 0.000227297
28.039 3.16926 0.000463617 -0.000893952 0.000197716
28.1797 3.16959 0.000529707 -0.00100953 0.00017613
28.039 3.28592 0.000445002 -0.000866209 0.000249324
28.1797 3.28626 0.000518076 -0.000996241 0.000238632
27.7578 3.40182 0.000267087 -0.000533948 0.000205977
27.8984 3.40221 0.000341237 -0.00067629 0.000248316
27.7578 3.51845 0.000244533 -0.000492196 0.000207423
27.8984 3.51885 0.000316405 -0.000630767 0.000250495
28.039 3.40258 0.000421932 -0.000827636 0.000278012
28.1797 3.40293 0.000501067 -0.000970516 0.000277944
28.039 3.51924 0.0003972 -0.000783187 0.000283866
28.1797 3.5196 0.000480847 -0.000935895 0.000292513
27.1953 3.63319 4.96569e-05 -0.00010389 5.18237e-05
27.3359 3.6337 7.9448e-05 -0.000165205 8.27018e-05
27.1953 3.74976 3.89679e-05 -8.28056e-05 4.82575e-05
27.3359 3.75029 6.71488e-05 -0.000140849 7.62033e-05
27.4765 3.63418 0.000117581 -0.000242373 0.000117449
27.6172 3.63464 0.000165246 -0.000337348 0.000155788
27.4765 3.75078 0.000103479 -0.00021432 0.000107237
27.6172 3.75126 0.00014911 -0.000305098 0.000141048
27.1953 3.86634 2.95399e-05 -6.37674e-05 4.21659e-05
27.3359 3.86687 5.64944e-05 -0.000119136 6.64626e-05
27.1953 3.98291 2.15669e-05 -4.72438e-05 3.4364e-05
27.3359 3.98346 4.76875e-05 -0.000100595 5.46583e-05
27.4765 3.86739 9.14974e-05 -0.000189657 9.29866e-05
27.6172 3.86788 0.000135657 -0.000277123 0.000121395
27.4765 3.98399 8.1841e-05 -0.000168971 7.63258e-05
27.6172 3.9845 0.000125092 -0.00025408 9.89956e-05
27.7578 3.63508 0.00022352 -0.000451705 0.000196644
27.8984 3.6355 0.000293082 -0.000585982 0.00023707
27.7578 3.75171 0.000205178 -0.000414909 0.000176782
27.8984 3.75214 0.000272688 -0.000545011 0.000212313
28.039 3.63589 0.000373217 -0.000737576 0.000270485
28.1797 3.63627 0.000459681 -0.00089662 0.000284826
28.039 3.75255 0.000351752 -0.00069459 0.000242957
28.1797 3.75294 0.000439589 -0.000856846 0.000259709
27.7578 3.86835 0.00019011 -0.000383293 0.000151011
27.8984 3.86879 0.000256003 -0.000509783 0.000180379
27.7578 3.98498 0.000178541 -0.000357631 0.000122136
27.8984 3.98544 0.00024335 -0.000481346 0.000144816
28.039 3.86921 0.000333922 -0.000656877 0.000206376
28.1797 3.86961 0.00042214 -0.000820072 0.000222701
28.039 3.98587 0.000320313 -0.000626078 0.000165154
28.1797 3.98628 0.000408397 -0.00078891 0.000179071
26.0703 4.09403 -1.46017e-06 1.10009e-05 -4.88911e-05
26.2109 4.0948 -9.92616e-06 2.78093e-05 -4.68595e-05
26.0703 4.21045 -1.97043e-06 1.13939e-05 -4.36803e-05
26.2109 4.21124 -1.10386e-05 2.94822e-05 -4.20628e-05
26.3516 4.09554 -1.71811e-05 4.15679e-05 -4.23849e-05
26.4922 4.09626 -2.19487e-05 4.97729e-05 -3.54871e-05
26.3516 4.212 -1.90993e-05 4.49926e-05 -3.85287e-05
26.4922 4.21274 -2.46658e-05 5.49377e-05 -3.27771e-05
26.0703 4.32687 -2.47407e-06 1.16782e-05 -3.82018e-05
26.2109 4.32768 -1.19815e-05 3.07115e-05 -3.69501e-05
26.0703 4.44329 -2.99104e-06 1.18637e-05 -3.23036e-05
26.2109 4.44412 -1.28247e-05 3.15969e-05 -3.13076e-05
26.3516 4.32847 -2.06877e-05 4.76458e-05 -3.42641e-05
26.4922 4.32922 -2.69701e-05 5.91856e-05 -2.96949e-05
26.3516 4.44493 -2.19916e-05 4.95679e-05 -2.93347e-05
26.4922 4.44571 -2.88619e-05 6.24715e-05 -2.60094e-05
26.6328 4.09696 -2.37707e-05 5.1677e-05 -2.65813e-05
26.7734 4.09762 -2.18947e-05 4.59363e-05 -1.58776e-05
26.6328 4.21346 -2.71112e-05 5.82323e-05 -2.5202e-05
26.7734 4.21414 -2.57782e-05 5.3758e-05 -1.61955e-05
26.914 4.09827 -1.54012e-05 3.08888e-05 -3.45044e-06
27.0547 4.09889 -3.34498e-06 4.87808e-06 1.05373e-05
26.914 4.21481 -1.97651e-05 3.9905e-05 -5.9153e-06
27.0547 4.21544 -8.09537e-06 1.49662e-05 5.42126e-06
26.6328 4.32996 -2.9928e-05 6.36714e-05 -2.3476e-05
26.7734 4.33066 -2.89794e-05 6.01598e-05 -1.60959e-05
26.6328 4.44646 -3.22669e-05 6.8045e-05 -2.11959e-05
26.7734 4.44718 -3.15794e-05 6.52548e-05 -1.53387e-05
26.914 4.33135 -2.32653e-05 4.71497e-05 -7.83133e-06
27.0547 4.332 -1.1781e-05 2.28908e-05 1.05155e-06
26.914 4.44788 -2.60131e-05 5.27797e-05 -8.87938e-06
27.0547 4.44856 -1.45531e-05 2.88649e-05 -2.14981e-06
26.0703 4.55971 -3.54146e-06 1.19652e-05 -2.58729e-05
26.2109 4.56056 -1.36238e-05 3.22309e-05 -2.50645e-05
26.0703 4.67613 -4.12707e-06 1.19847e-05 -1.89417e-05
26.2109 4.677 -1.43896e-05 3.26429e-05 -1.8305e-05
26.3516 4.56139 -2.30507e-05 5.08153e-05 -2.36606e-05
26.4922 4.56219 -3.03427e-05 6.47526e-05 -2.15111e-05
26.3516 4.67785 -2.39218e-05 5.1511e-05 -1.73421e-05
26.4922 4.67867 -3.14434e-05 6.60672e-05 -1.61338e-05
26.0703 4.79254 -4.73724e-06 1.19043e-05 -1.15675e-05
26.2109 4.79344 -1.51188e-05 3.28348e-05 -1.11131e-05
26.0703 4.90896 -5.37488e-06 1.19196e-05 -4.74543e-06
26.2109 4.90988 -1.5743e-05 3.28257e-05 -4.32654e-06
26.3516 4.79431 -2.46667e-05 5.17919e-05 -1.04902e-05
26.4922 4.79515 -3.22427e-05 6.65668e-05 -9.90825e-06
26.3516 4.91077 -2.52709e-05 5.18026e-05 -4.03569e-06
26.4922 4.91163 -3.28114e-05 6.65688e-05 -3.79916e-06
26.6328 4.56296 -3.41636e-05 7.13793e-05 -1.81529e-05
26.7734 4.56371 -3.36741e-05 6.91935e-05 -1.37516e-05
26.6328 4.67946 -3.56219e-05 7.36446e-05 -1.42032e-05
26.7734 4.68023 -3.53476e-05 7.21131e-05 -1.12374e-05
26.914 4.56442 -2.81488e-05 5.70213e-05 -8.84592e-06
27.0547 4.56511 -1.65916e-05 3.31764e-05 -3.90536e-06
26.914 4.68096 -2.98149e-05 6.01289e-05 -7.66658e-06
27.0547 4.68167 -1.80759e-05 3.61466e-05 -4.16041e-06
26.6328 4.79596 -3.6664e-05 7.48272e-05 -9.10453e-06
26.7734 4.79675 -3.66405e-05 7.40298e-05 -7.51917e-06
26.6328 4.91247 -3.73318e-05 7.51344e-05 -3.57956e-06
26.7734 4.91327 -3.74754e-05 7.48705e-05 -3.10322e-06
26.914 4.7975 -3.11061e-05 6.22577e-05 -5.25774e-06
27.0547 4.79823 -1.91387e-05 3.80359e-05 -3.02765e-06
26.914 4.91404 -3.19247e-05 6.33333e-05 -2.32482e-06
27.0547 4.91478 -1.97333e-05 3.89365e-05 -1.57085e-06
27.1953 4.09948 1.51044e-05 -3.34723e-05 2.58193e-05
27.3359 4.10005 4.07644e-05 -8.54677e-05 4.20585e-05
27.1953 4.21606 1.00896e-05 -2.24752e-05 1.74834e-05
27.3359 4.21664 3.56193e-05 -7.37321e-05 2.98628e-05
27.4765 4.1006 7.45179e-05 -0.000152501 5.88765e-05
27.6172 4.10112 0.000117392 -0.000236202 7.58821e-05
27.4765 4.2172 6.93686e-05 -0.000140167 4.21255e-05
27.6172 4.21774 0.000112335 -0.000223348 5.38733e-05
27.1953 4.33263 6.36969e-06 -1.4095e-05 1.01765e-05
27.3359 4.33323 3.204e-05 -6.51514e-05 1.90848e-05
27.1953 4.4492 3.74078e-06 -8.04105e-06 4.43881e-06
27.3359 4.44982 2.97554e-05 -5.93358e-05 1.04001e-05
27.4765 4.33381 6.61072e-05 -0.000131633 2.73083e-05
27.6172 4.33436 0.000109547 -0.000215065 3.44693e-05
27.4765 4.45041 6.43803e-05 -0.000126388 1.52554e-05
27.6172 4.45098 0.000108568 -0.000210679 1.86883e-05
27.7578 4.10161 0.00017043 -0.00033819 9.26576e-05
27.8984 4.10208 0.00023473 -0.000460129 0.000108685
27.7578 4.21825 0.000165504 -0.000324798 6.4791e-05
27.8984 4.21873 0.000229873 -0.000446038 7.46913e-05
28.039 4.10253 0.000311107 -0.000603052 0.000123075
28.1797 4.10295 0.000398919 -0.000765048 0.000133607
28.039 4.21919 0.000306121 -0.000587979 8.35157e-05
28.1797 4.21962 0.000393726 -0.000749191 9.07131e-05
27.7578 4.33488 0.000163293 -0.000316884 4.03929e-05
27.8984 4.33538 0.000228222 -0.000438444 4.52395e-05
27.7578 4.45151 0.000163174 -0.000313536 2.07663e-05
27.8984 4.45202 0.0002289 -0.000436063 2.21943e-05
28.039 4.33585 0.000304745 -0.000580273 4.97125e-05
28.1797 4.33629 0.000392168 -0.000740867 5.47702e-05
28.039 4.45251 0.000305743 -0.000578167 2.45457e-05
28.1797 4.45297 0.000392608 -0.000737781 2.97892e-05
27.1953 4.56577 1.96943e-06 -3.94131e-06 6.16461e-07
27.3359 4.56641 2.84616e-05 -5.58006e-05 4.23725e-06
27.1953 4.68235 8.2417e-07 -1.38083e-06 -1.23687e-06
27.3359 4.683 2.78485e-05 -5.39943e-05 6.78422e-07
27.4765 4.56702 6.37995e-05 -0.000123812 6.49229e-06
27.6172 4.56759 0.000108895 -0.000209387 7.1561e-06
27.4765 4.68362 6.39596e-05 -0.000123197 1.16953e-06
27.6172 4.68421 0.000110007 -0.000210285 8.79911e-08
27.1953 4.79892 1.14487e-07 3.08027e-08 -1.37139e-06
27.3359 4.79959 2.76234e-05 -5.333e-05 -5.82324e-07
27.1953 4.91549 -2.04377e-07 6.07542e-07 -1.10736e-06
27.3359 4.91618 2.76185e-05 -5.32325e-05 -1.0351e-06
27.4765 4.80023 6.44313e-05 -0.000123719 -9.63654e-07
27.6172 4.80083 0.000111315 -0.000212291 -2.62969e-06
27.4765 4.91683 6.48433e-05 -0.000124412 -1.46666e-06
27.6172 4.91745 0.0001122 -0.000214004 -2.45674e-06
27.7578 4.56815 0.00016444 -0.000313597 6.66573e-06
27.8984 4.56867 0.000230779 -0.000437018 6.53488e-06
27.7578 4.68478 0.000166351 -0.000315773 -1.71563e-06
27.8984 4.68532 0.000232762 -0.000439302 -1.92014e-06
28.039 4.56917 0.00030738 -0.000578726 9.21385e-06
28.1797 4.56964 0.000392908 -0.000736194 1.64303e-05
28.039 4.68583 0.000308333 -0.000579298 2.04474e-06
28.1797 4.68631 0.00039205 -0.000733609 1.03834e-05
27.7578 4.80141 0.000168144 -0.000318654 -4.57005e-06
27.8984 4.80197 0.000234085 -0.000441352 -4.35212e-06
27.7578 4.91805 0.000169151 -0.000320745 -3.50944e-06
27.8984 4.91861 0.00023458 -0.000442424 -3.50862e-06
28.039 4.80249 0.000308383 -0.00057896 -4.03489e-07
28.1797 4.80298 0.000390602 -0.000730198 6.18132e-06
28.039 4.91915 0.000308174 -0.000578266 -2.02201e-06
28.1797 4.91965 0.000389755 -0.000727551 2.26834e-07
28.3203 3.16989 0.000572025 -0.00107411 0.00010761
28.4609 3.17018 0.000583758 -0.00107538 -1.30264e-05
28.3203 3.28657 0.000571658 -0.0010824 0.000177398
28.4609 3.28687 0.000595733 -0.001106 5.78006e-05
28.6015 3.17045 0.000568428 -0.00102179 -0.000177814
28.7422 3.1707 0.000534866 -0.000932412 -0.00036935
28.6015 3.28715 0.000590142 -0.00106887 -0.000111437
28.7422 3.28741 0.000562674 -0.000988832 -0.000308674
28.3203 3.40326 0.000565716 -0.00107861 0.000228608
28.4609 3.40356 0.000602778 -0.00112686 0.000118424
28.3203 3.51994 0.000555196 -0.00106381 0.000257176
28.4609 3.52026 0.000604897 -0.00113706 0.000162835
28.6015 3.40385 0.000607498 -0.00110833 -4.66106e-05
28.7422 3.40412 0.000585604 -0.00103741 -0.000243716
28.6015 3.52055 0.00062036 -0.00113909 1.03445e-05
28.7422 3.52083 0.000604058 -0.00107824 -0.000179871
28.8828 3.17093 0.000488188 -0.000819371 -0.000568197
29.0234 3.17114 0.000426603 -0.000681463 -0.000760294
28.8828 3.28765 0.00052048 -0.000882399 -0.000510482
29.0234 3.28786 0.000463793 -0.000752217 -0.000701998
29.1641 3.17133 0.000346665 -0.00051381 -0.000938181
29.3047 3.1715 0.000250064 -0.000320437 -0.00109754
29.1641 3.28806 0.000388946 -0.000592803 -0.000877599
29.3047 3.28824 0.000296482 -0.000405906 -0.00103506
28.8828 3.40437 0.000546479 -0.000935351 -0.000445987
29.0234 3.40459 0.000493423 -0.000810776 -0.000636108
28.8828 3.52109 0.000567021 -0.000979275 -0.000379031
29.0234 3.52132 0.000516324 -0.000858253 -0.000566393
29.1641 3.4048 0.000423092 -0.000658758 -0.000808652
29.3047 3.40498 0.000334663 -0.000478402 -0.000962961
29.1641 3.52153 0.000449759 -0.000712483 -0.000735065
29.3047 3.52172 0.000365198 -0.000538596 -0.000885205
28.3203 3.63662 0.00054166 -0.00104056 0.000262757
28.4609 3.63695 0.000602721 -0.00113704 0.000187328
28.3203 3.7533 0.000526966 -0.0010124 0.000248156
28.4609 3.75364 0.00059746 -0.00112869 0.000191292
28.6015 3.63726 0.000628943 -0.00116066 5.36393e-05
28.7422 3.63754 0.000618601 -0.00111154 -0.000123104
28.6015 3.75396 0.000633874 -0.0011735 7.948e-05
28.7422 3.75425 0.000629909 -0.00113773 -7.87134e-05
28.3203 3.86998 0.000512971 -0.000983194 0.000218112
28.4609 3.87033 0.000590779 -0.00111515 0.000177
28.3203 3.98667 0.00050128 -0.000956548 0.000178233
28.4609 3.98703 0.000584541 -0.00110029 0.000149083
28.6015 3.87066 0.000636321 -0.00117937 8.67879e-05
28.7422 3.87096 0.000638958 -0.0011579 -5.04324e-05
28.6015 3.98736 0.000637977 -0.00118145 7.77332e-05
28.7422 3.98768 0.000647219 -0.00117441 -3.90598e-05
28.8828 3.63781 0.000583178 -0.00101547 -0.000314723
29.0234 3.63805 0.000533679 -0.000896252 -0.000497243
28.8828 3.75453 0.000596081 -0.00104524 -0.000258307
29.0234 3.75477 0.000546858 -0.000926586 -0.00043341
29.1641 3.63827 0.000469982 -0.000755341 -0.000661023
29.3047 3.63846 0.000389015 -0.000587646 -0.00080614
29.164 3.755 0.000485052 -0.000789041 -0.000591047
29.3047 3.7552 0.000407276 -0.000627026 -0.000730306
28.8828 3.87125 0.000606987 -0.00107005 -0.00021472
29.0234 3.8715 0.00055737 -0.000951181 -0.000380075
28.8828 3.98797 0.000617439 -0.00109211 -0.000187022
29.0234 3.98823 0.000566867 -0.000972264 -0.000341504
29.164 3.87174 0.000496428 -0.000815414 -0.000530331
29.3047 3.87195 0.000421228 -0.000658207 -0.000662804
29.164 3.98847 0.000505571 -0.000836281 -0.00048364
29.3047 3.98869 0.000431949 -0.000682327 -0.00060834
29.4453 3.17165 0.000142016 -0.000111385 -0.00123535
29.5859 3.17179 2.72824e-05 0.000104469 -0.00134983
29.4453 3.2884 0.000191051 -0.000200467 -0.00117255
29.5859 3.28854 7.72987e-05 1.48286e-05 -0.00128862
29.7266 3.1719 -8.97899e-05 0.000319325 -0.00144053
29.8672 3.172 -0.000205078 0.000526098 -0.00150833
29.7266 3.28866 -4.04109e-05 0.000232065 -0.00138257
29.8672 3.28876 -0.000157975 0.000444042 -0.00145439
29.4453 3.40515 0.000231896 -0.000276941 -0.00109844
29.5859 3.40529 0.000119142 -6.25282e-05 -0.00121419
29.4453 3.52189 0.000265188 -0.000341525 -0.00101744
29.5859 3.52204 0.000153556 -0.00012846 -0.00113148
29.7266 3.40541 6.84358e-07 0.000156997 -0.00130942
29.8672 3.40551 -0.000119496 0.000374535 -0.00138361
29.7266 3.52217 3.44172e-05 9.30123e-05 -0.00122663
29.8672 3.52227 -8.83756e-05 0.000315938 -0.00130223
30.0078 3.17207 -0.00031515 0.000719177 -0.00155516
30.1484 3.17213 -0.000417962 0.000895537 -0.00158355
30.0078 3.28883 -0.000272168 0.00064528 -0.00150438
30.1484 3.28889 -0.00038131 0.000833074 -0.00153279
30.2891 3.17217 -0.000515592 0.00105929 -0.00159619
30.4297 3.17219 -0.000618075 0.00122809 -0.00159629
30.2891 3.28893 -0.000487425 0.00101117 -0.0015403
30.4297 3.28895 -0.000599064 0.00119472 -0.00153076
30.0078 3.4056 -0.000238489 0.000584992 -0.00143621
30.1484 3.40566 -0.000354982 0.000786103 -0.00146637
30.0078 3.52236 -0.000212165 0.000535577 -0.00135754
30.1484 3.52242 -0.000335857 0.000749976 -0.00139171
30.2891 3.4057 -0.000470493 0.00098058 -0.00147385
30.4297 3.40572 -0.000590968 0.00117911 -0.00146271
30.2891 3.52246 -0.000460229 0.000960536 -0.00140476
30.4297 3.52249 -0.00058848 0.00117324 -0.00140076
29.4453 3.63864 0.000291852 -0.000395335 -0.000934218
29.5859 3.63879 0.000181528 -0.000184145 -0.0010456
29.4453 3.75539 0.000312974 -0.000439696 -0.000853428
29.5859 3.75554 0.000204135 -0.000230879 -0.000961331
29.7266 3.63892 6.1915e-05 3.8739e-05 -0.0011398
29.8672 3.63903 -6.32033e-05 0.000266431 -0.00121623
29.7266 3.75568 8.43197e-05 -7.22358e-06 -0.00105381
29.8672 3.75579 -4.26811e-05 0.000224348 -0.00113049
29.4453 3.87213 0.000329618 -0.000475793 -0.000779911
29.5859 3.8723 0.000222355 -0.000269746 -0.000883174
29.4453 3.98888 0.000342564 -0.000504312 -0.000717898
29.5859 3.98905 0.000236863 -0.000301339 -0.000814767
29.7266 3.87244 0.000102625 -4.60251e-05 -0.000972875
29.8672 3.87255 -2.57545e-05 0.000188392 -0.00104895
29.7266 3.98919 0.000117537 -7.83998e-05 -0.000900104
29.8672 3.98931 -1.16701e-05 0.00015768 -0.000974277
30.0078 3.63912 -0.000191255 0.000494313 -0.00127436
30.1484 3.63919 -0.000321147 0.000720441 -0.00131393
30.0078 3.75588 -0.00017422 0.000459074 -0.00119118
30.1484 3.75595 -0.000309064 0.000694796 -0.00123619
30.2891 3.63923 -0.000452891 0.000944938 -0.00133567
30.4297 3.63925 -0.000587508 0.00117003 -0.0013434
30.2891 3.756 -0.000446644 0.00093065 -0.00126661
30.4297 3.75602 -0.000586601 0.0011664 -0.0012855
30.0078 3.87265 -0.00015998 0.000428464 -0.00111147
30.1484 3.87272 -0.000298678 0.000671781 -0.00116098
30.0078 3.98941 -0.000147832 0.000401616 -0.00103744
30.1484 3.98948 -0.000289513 0.00065085 -0.00109004
30.2891 3.87276 -0.000441032 0.000917003 -0.00119843
30.4297 3.87279 -0.00058601 0.00116255 -0.0012255
30.2891 3.98953 -0.000436038 0.000904172 -0.00113249
30.4297 3.98955 -0.000586365 0.00115971 -0.00116466
28.3203 4.10335 0.000492999 -0.000935292 0.00013446
28.4609 4.10372 0.000580352 -0.00108791 0.000114123
28.3203 4.22003 0.000488473 -0.000920946 9.27396e-05
28.4609 4.22041 0.000578892 -0.00108039 7.99526e-05
28.6015 4.10407 0.000640604 -0.00118368 5.83238e-05
28.7422 4.10439 0.000656358 -0.00119072 -4.02542e-05
28.6015 4.22077 0.000644956 -0.00118877 3.81129e-05
28.7422 4.2211 0.000666959 -0.00120942 -4.32497e-05
28.3203 4.33671 0.000486993 -0.00091315 5.88634e-05
28.4609 4.33711 0.000579243 -0.00107725 5.41601e-05
28.3203 4.4534 0.000486563 -0.000909049 3.73287e-05
28.4609 4.4538 0.000578909 -0.00107468 4.09002e-05
28.6015 4.33747 0.000649648 -0.00119577 2.70061e-05
28.7422 4.33781 0.000677087 -0.00122894 -3.54368e-05
28.6015 4.45418 0.000651537 -0.0011996 2.85415e-05
28.7422 4.45452 0.000683058 -0.00124325 -1.35323e-05
28.8828 4.10469 0.000629052 -0.0011145 -0.000172756
29.0234 4.10496 0.000576893 -0.000992583 -0.000316663
28.8828 4.22141 0.000642346 -0.00113975 -0.000160425
29.0234 4.22169 0.000588054 -0.00101485 -0.00029382
29.164 4.10521 0.000513646 -0.000853569 -0.000450843
29.3047 4.10543 0.000440074 -0.000700302 -0.000567281
29.164 4.22194 0.000521143 -0.000869687 -0.000420731
29.3047 4.22217 0.000445861 -0.000713892 -0.000529945
28.8828 4.33813 0.000655347 -0.00116673 -0.000134515
29.0234 4.33841 0.000599086 -0.00103962 -0.000254842
28.8828 4.45485 0.000664467 -0.00118975 -9.10783e-05
29.0234 4.45514 0.000607516 -0.0010636 -0.00019378
29.164 4.33868 0.000527713 -0.000887037 -0.000373785
29.3047 4.33891 0.000449692 -0.00072666 -0.000477554
29.164 4.45541 0.000532575 -0.000905874 -0.000301067
29.3047 4.45565 0.000452147 -0.000741775 -0.000397981
28.3203 4.57008 0.000484944 -0.000904463 2.7044e-05
28.4609 4.57049 0.000575674 -0.00106815 3.64764e-05
28.3203 4.68676 0.000481719 -0.000897582 2.12163e-05
28.4609 4.68719 0.00056988 -0.00105687 3.21787e-05
28.6015 4.57088 0.000648451 -0.00119528 3.57532e-05
28.7422 4.57124 0.000682715 -0.00124685 1.20582e-05
28.6015 4.68758 0.000641453 -0.00118294 3.77045e-05
28.7422 4.68795 0.000677393 -0.00123984 2.74423e-05
28.3203 4.80344 0.000478271 -0.000889983 1.39577e-05
28.4609 4.80388 0.000563977 -0.00104437 2.23263e-05
28.3203 4.92013 0.000476432 -0.000884591 2.80005e-06
28.4609 4.92057 0.000560829 -0.00103563 5.68188e-06
28.6015 4.80428 0.000634032 -0.00116785 2.84605e-05
28.7422 4.80466 0.000670877 -0.00122775 2.5589e-05
28.6015 4.92099 0.000630043 -0.00115696 8.04554e-06
28.7422 4.92137 0.00066729 -0.00121806 7.54688e-06
28.8828 4.57157 0.000667653 -0.00120311 -4.32072e-05
29.0234 4.57187 0.000611857 -0.00108208 -0.000124592
28.8828 4.68829 0.000665915 -0.00120584 -7.74506e-06
29.0234 4.6886 0.000612599 -0.00109285 -6.60808e-05
29.164 4.57215 0.00053527 -0.000923668 -0.00021487
29.3047 4.5724 0.000453435 -0.000758637 -0.00029922
29.164 4.68888 0.000536014 -0.000937718 -0.000134444
29.3047 4.68914 0.000453507 -0.000774298 -0.000199678
28.8828 4.80501 0.000662287 -0.00120176 6.73654e-06
29.0234 4.80533 0.000611446 -0.0010971 -2.81703e-05
28.8828 4.92173 0.00066003 -0.00119678 1.63301e-06
29.0234 4.92206 0.000610107 -0.00109783 -9.91997e-06
29.164 4.80562 0.000535394 -0.000947082 -7.08504e-05
29.3047 4.80588 0.000452326 -0.000786521 -0.00011195
29.164 4.92235 0.000533736 -0.000952097 -2.42763e-05
29.3047 4.92262 0.000449579 -0.000794238 -3.80941e-05
29.4453 4.10563 0.000352131 -0.000525586 -0.000667979
29.5859 4.1058 0.000247933 -0.000325925 -0.000756757
29.4453 4.22237 0.000358497 -0.000540909 -0.000622686
29.5859 4.22255 0.000255795 -0.000344573 -0.000703875
29.7266 4.10595 0.000129422 -0.000104804 -0.000836069
29.8672 4.10607 -1.14563e-08 0.000131617 -0.00090678
29.7266 4.22271 0.000138534 -0.000126134 -0.000777033
29.8672 4.22283 9.37975e-06 0.000109548 -0.000843333
29.4453 4.33912 0.000362503 -0.000554224 -0.000565859
29.5859 4.3393 0.000261378 -0.000360827 -0.000643367
29.4453 4.45587 0.000365507 -0.000570445 -0.000482668
29.5859 4.45606 0.000266211 -0.000380041 -0.000559104
29.7266 4.33946 0.00014549 -0.000144923 -0.000713174
29.8672 4.33959 1.66006e-05 9.01124e-05 -0.000775831
29.7266 4.45622 0.000151279 -0.000165478 -0.000628573
29.8672 4.45635 2.16969e-05 7.08126e-05 -0.000689255
30.0078 4.10617 -0.00013743 0.000377985 -0.000968946
30.1484 4.10625 -0.000281416 0.000631697 -0.00102272
30.0078 4.22293 -0.000128837 0.000357254 -0.000902687
30.1484 4.22301 -0.000274781 0.000614433 -0.000954884
30.2891 4.10629 -0.0004318 0.000892281 -0.00106784
30.4297 4.10632 -0.000588231 0.00115872 -0.00110226
30.2891 4.22306 -0.00042904 0.000881778 -0.000999001
30.4297 4.22309 -0.000592389 0.00115996 -0.00103191
30.0078 4.3397 -0.000122582 0.000339191 -0.000830975
30.1484 4.33978 -0.000270872 0.000599936 -0.00087805
30.0078 4.45646 -0.000119675 0.000323232 -0.000739466
30.1484 4.45654 -0.000271694 0.000589363 -0.000778214
30.2891 4.33983 -0.000429535 0.00087413 -0.000915935
30.4297 4.33985 -0.000599973 0.00116363 -0.000942749
30.2891 4.45659 -0.000435546 0.00087097 -0.000805381
30.4297 4.45662 -0.000611723 0.00116899 -0.000823446
29.4453 4.57262 0.00036791 -0.000590382 -0.000374559
29.5859 4.57281 0.000270767 -0.000404366 -0.000444819
29.4453 4.68936 0.000368943 -0.000610241 -0.000257869
29.5859 4.68956 0.000273767 -0.000429887 -0.000312709
29.7266 4.57298 0.000156228 -0.000190666 -0.000510721
29.8672 4.57311 2.44429e-05 4.9285e-05 -0.000568024
29.7266 4.68973 0.000159387 -0.000218139 -0.000366217
29.8672 4.68987 2.44428e-05 2.60907e-05 -0.000413966
29.4453 4.80611 0.000367892 -0.000626219 -0.000147966
29.5859 4.80632 0.000273819 -0.000451151 -0.00018159
29.4453 4.92286 0.000364276 -0.000636473 -4.99989e-05
29.5859 4.92307 0.000270003 -0.000464849 -6.10086e-05
29.7266 4.80649 0.000159358 -0.00024229 -0.000215521
29.8672 4.80663 2.12732e-05 4.92189e-06 -0.000246868
29.7266 4.92325 0.000154817 -0.000258464 -7.24259e-05
29.8672 4.92339 1.4212e-05 -1.02458e-05 -8.32782e-05
30.0078 4.57322 -0.000121118 0.000308298 -0.00061225
30.1484 4.57331 -0.000278579 0.000582524 -0.00064168
30.0078 4.68999 -0.000126716 0.000293656 -0.00044958
30.1484 4.69007 -0.000290247 0.000577153 -0.000470811
30.2891 4.57336 -0.000447685 0.000871588 -0.000658443
30.4297 4.57339 -0.000626713 0.00117346 -0.00066992
30.2891 4.69013 -0.000463483 0.000872323 -0.000481306
30.4297 4.69016 -0.000642699 0.00117406 -0.000489956
30.0078 4.80675 -0.000135205 0.000279859 -0.000270277
30.1484 4.80684 -0.000303852 0.000570991 -0.000283806
30.0078 4.92351 -0.000145908 0.0002685 -9.14576e-05
30.1484 4.9236 -0.000317707 0.00056362 -9.62115e-05
30.2891 4.80689 -0.00047977 0.000870149 -0.000290493
30.4297 4.80692 -0.000658183 0.00117015 -0.000296933
30.2891 4.92366 -0.000495103 0.00086461 -9.86969e-05
30.4297 4.92369 -0.000673067 0.0011632 -0.000101292
