30.5703 -8.03789 -0.000167455 0.000315247 0.000113625
30.7109 -8.03785 -0.000147986 0.000264184 5.40865e-05
30.5703 -7.92112 -0.000144673 0.000268737 8.64854e-05
30.7109 -7.92107 -0.000124978 0.000219032 3.1489e-05
30.8516 -8.03775 -0.000129652 0.000216242 -2.91065e-06
30.9922 -8.03761 -0.000112751 0.00017179 -5.76534e-05
30.8516 -7.92098 -0.000106607 0.000172536 -2.17202e-05
30.9922 -7.92084 -8.96279e-05 0.000129224 -7.34793e-05
30.5703 -7.80434 -0.000124395 0.000225622 5.54057e-05
30.7109 -7.8043 -0.000104177 0.000176947 5.80957e-06
30.5703 -7.68757 -0.000107056 0.000186697 2.04388e-05
30.7109 -7.68753 -8.60139e-05 0.000138657 -2.30895e-05
30.8516 -7.80421 -8.5411e-05 0.000131463 -4.28259e-05
30.9922 -7.80407 -6.80098e-05 8.89059e-05 -9.07458e-05
30.8516 -7.68744 -6.65106e-05 9.37588e-05 -6.63638e-05
30.9922 -7.6873 -4.83471e-05 5.15756e-05 -0.000109557
31.1328 -8.03742 -9.73715e-05 0.000130766 -0.000110709
31.2735 -8.03718 -8.3622e-05 9.31873e-05 -0.000162471
31.1328 -7.92065 -7.40444e-05 8.89497e-05 -0.000124161
31.2735 -7.92041 -6.01193e-05 5.20653e-05 -0.000173891
31.4141 -8.03689 -7.22905e-05 6.04455e-05 -0.000212376
31.5547 -8.03656 -6.46895e-05 3.48768e-05 -0.000259409
31.4141 -7.92013 -4.92447e-05 2.10325e-05 -0.000221795
31.5547 -7.9198 -4.20389e-05 -3.19189e-06 -0.000267712
31.1328 -7.80388 -5.19491e-05 4.91439e-05 -0.000138128
31.2735 -7.80365 -3.77444e-05 1.30408e-05 -0.000184751
31.1328 -7.68712 -3.15596e-05 1.21236e-05 -0.000152672
31.2735 -7.68689 -1.70249e-05 -2.30233e-05 -0.000195045
31.4141 -7.80337 -2.71693e-05 -1.63762e-05 -0.000229929
31.5547 -7.80305 -1.98163e-05 -4.00542e-05 -0.000274334
31.4141 -7.68661 -6.32757e-06 -5.12919e-05 -0.000236497
31.5547 -7.68629 1.49536e-06 -7.47168e-05 -0.000278396
30.5703 -7.5708 -9.30411e-05 0.000152595 -1.86812e-05
30.7109 -7.57075 -7.08998e-05 0.000104844 -5.53945e-05
30.5703 -7.45403 -8.27486e-05 0.000123963 -6.22536e-05
30.7109 -7.45398 -5.92537e-05 7.61989e-05 -9.13194e-05
30.8516 -7.57067 -5.03444e-05 6.01539e-05 -9.24699e-05
30.9922 -7.57053 -3.11046e-05 1.80056e-05 -0.000129989
30.8516 -7.45389 -3.73511e-05 3.13718e-05 -0.000121306
30.9922 -7.45376 -1.67753e-05 -1.09982e-05 -0.000152176
30.5703 -7.33725 -7.65834e-05 0.000101474 -0.000110541
30.7109 -7.33721 -5.1503e-05 5.34349e-05 -0.000131067
30.5703 -7.22048 -7.49559e-05 8.58046e-05 -0.000163843
30.7109 -7.22044 -4.8081e-05 3.72605e-05 -0.000174907
30.8516 -7.33712 -2.79758e-05 8.15679e-06 -0.000153007
30.9922 -7.33699 -5.86571e-06 -3.45904e-05 -0.000176195
30.8516 -7.22035 -2.27013e-05 -8.70174e-06 -0.000187789
30.9922 -7.22022 1.065e-06 -5.18368e-05 -0.000202122
31.1328 -7.57035 -1.33826e-05 -2.12523e-05 -0.000167739
31.2735 -7.57012 1.48878e-06 -5.52242e-05 -0.000204761
31.1328 -7.45358 1.99406e-06 -5.00012e-05 -0.000183319
31.2735 -7.45336 1.73318e-05 -8.28066e-05 -0.000213911
31.4141 -7.56985 1.27631e-05 -8.28919e-05 -0.00024152
31.5547 -7.56954 2.11102e-05 -0.000105849 -0.000279583
31.4141 -7.45309 2.95188e-05 -0.000110299 -0.000245235
31.5547 -7.45278 3.82151e-05 -0.000132251 -0.000278247
31.1328 -7.33682 1.38829e-05 -7.29931e-05 -0.000199468
31.2735 -7.3366 3.00038e-05 -0.000104967 -0.000222548
31.1328 -7.22005 2.16739e-05 -8.93081e-05 -0.000216579
31.2735 -7.21984 3.89502e-05 -0.000121048 -0.000231687
31.4141 -7.33634 4.33545e-05 -0.000132603 -0.000247774
31.5547 -7.33603 5.22156e-05 -0.000153119 -0.000274934
31.4141 -7.21958 5.36159e-05 -0.000148996 -0.000250158
31.5547 -7.21928 6.26056e-05 -0.000167927 -0.000270769
31.6954 -8.03617 -6.0201e-05 1.51243e-05 -0.000304468
31.836 -8.03574 -5.8567e-05 4.6664e-07 -0.000348348
31.6954 -7.91942 -3.75373e-05 -2.27254e-05 -0.000313321
31.836 -7.919 -3.67984e-05 -3.55285e-05 -0.000357074
31.9766 -8.03526 -6.12951e-05 -6.07745e-06 -0.000388496
32.1172 -8.03473 -6.82305e-05 -4.27818e-06 -0.000422652
31.9766 -7.91853 -4.13869e-05 -3.83908e-05 -0.000395904
32.1172 -7.91801 -4.98515e-05 -3.39113e-05 -0.000430309
31.6954 -7.80267 -1.52888e-05 -5.89283e-05 -0.000318727
31.836 -7.80225 -1.59144e-05 -6.85679e-05 -0.000360206
31.6954 -7.68592 5.5891e-06 -9.17555e-05 -0.000319827
31.836 -7.68551 3.68975e-06 -9.82319e-05 -0.00035833
31.9766 -7.80179 -2.18602e-05 -6.85944e-05 -0.00039778
32.1172 -7.80128 -3.082e-05 -6.34217e-05 -0.000433715
31.9766 -7.68505 -2.53977e-06 -9.73477e-05 -0.000395344
32.1172 -7.68455 -1.13021e-05 -9.2503e-05 -0.000432509
32.2579 -8.03416 -7.77045e-05 2.85375e-06 -0.000451711
32.3985 -8.03354 -8.86928e-05 1.32412e-05 -0.000477113
32.2579 -7.91744 -6.0469e-05 -2.54283e-05 -0.000462169
32.3985 -7.91682 -7.28184e-05 -1.36583e-05 -0.000491449
32.5391 -8.03286 -0.00010057 2.57758e-05 -0.000499158
32.6798 -8.03214 -0.00011217 3.88018e-05 -0.000517113
32.5391 -7.91616 -8.64764e-05 1.01312e-06 -0.000516886
32.6798 -7.91545 -0.000100369 1.72508e-05 -0.000537007
32.2579 -7.80072 -4.2026e-05 -5.44468e-05 -0.000468387
32.3985 -7.80011 -5.56508e-05 -4.09845e-05 -0.000499957
32.2579 -7.684 -2.30235e-05 -8.26685e-05 -0.000468178
32.3985 -7.6834 -3.81261e-05 -6.65363e-05 -0.000499501
32.5391 -7.79946 -7.12541e-05 -2.32666e-05 -0.000526363
32.6798 -7.79876 -8.76076e-05 -2.88514e-06 -0.000546092
32.5391 -7.68276 -5.59414e-05 -4.46776e-05 -0.000524204
32.6798 -7.68207 -7.47902e-05 -1.95831e-05 -0.000541438
31.6954 -7.56918 2.44433e-05 -0.00012025 -0.000316814
31.836 -7.56877 2.20001e-05 -0.000124796 -0.000352384
31.6954 -7.45243 4.08931e-05 -0.000144074 -0.000310603
31.836 -7.45203 3.88171e-05 -0.000148155 -0.000343042
31.9766 -7.56832 1.6379e-05 -0.000124394 -0.000388617
32.1172 -7.56782 8.00123e-06 -0.000119759 -0.000425366
31.9766 -7.45158 3.42393e-05 -0.000148653 -0.000377286
32.1172 -7.45109 2.61134e-05 -0.000143527 -0.000411569
31.6954 -7.33568 5.46918e-05 -0.000163088 -0.000302091
31.836 -7.33528 5.36409e-05 -0.000167655 -0.000330759
31.6954 -7.21893 6.54742e-05 -0.000176969 -0.000292278
31.836 -7.21854 6.5803e-05 -0.000182411 -0.000316176
31.9766 -7.33484 5.01668e-05 -0.000168804 -0.000361448
32.1172 -7.33436 4.20325e-05 -0.000162363 -0.000391424
31.9766 -7.21811 6.33001e-05 -0.000183695 -0.000341831
32.1172 -7.21763 5.49247e-05 -0.000175306 -0.000366154
32.2579 -7.56728 -4.43719e-06 -0.000108151 -0.00045966
32.3985 -7.56669 -2.13424e-05 -8.82377e-05 -0.000488279
32.2579 -7.45055 1.26458e-05 -0.000129137 -0.000442293
32.3985 -7.44998 -6.26177e-06 -0.000104765 -0.000466562
32.5391 -7.56605 -4.15258e-05 -6.15761e-05 -0.000509477
32.6798 -7.56537 -6.26048e-05 -3.2108e-05 -0.00052376
32.5391 -7.44935 -2.85519e-05 -7.36843e-05 -0.000483939
32.6797 -7.44868 -5.1328e-05 -4.08713e-05 -0.000495896
32.2579 -7.33383 2.72714e-05 -0.000144461 -0.000417078
32.3985 -7.33326 6.54081e-06 -0.000115853 -0.000436493
32.2579 -7.21711 3.88587e-05 -0.000153796 -0.000386118
32.3985 -7.21655 1.68047e-05 -0.000121863 -0.000400904
32.5391 -7.33265 -1.7245e-05 -8.14725e-05 -0.000450485
32.6797 -7.33199 -4.12016e-05 -4.62347e-05 -0.000460435
32.5391 -7.21595 -7.86036e-06 -8.52564e-05 -0.00041175
32.6797 -7.2153 -3.26279e-05 -4.81507e-05 -0.000419459
30.5703 -7.10371 -7.82651e-05 7.76631e-05 -0.000222279
30.7109 -7.10367 -4.94037e-05 2.83954e-05 -0.000222964
30.5703 -6.98694 -8.69479e-05 7.7829e-05 -0.000285942
30.7109 -6.9869 -5.59294e-05 2.76374e-05 -0.00027534
30.8516 -7.10358 -2.20144e-05 -1.83875e-05 -0.000225799
30.9922 -7.10346 3.4036e-06 -6.17244e-05 -0.000230082
30.8516 -6.98681 -2.64317e-05 -2.00035e-05 -0.000267066
30.9922 -6.98669 5.67003e-07 -6.32929e-05 -0.000260222
30.5703 -6.87017 -0.000101499 8.71985e-05 -0.00035485
30.7109 -6.87012 -6.8184e-05 3.59315e-05 -0.000332006
30.5703 -6.75339 -0.00012247 0.000107019 -0.000427947
30.7109 -6.75335 -8.67059e-05 5.45435e-05 -0.000391646
30.8516 -6.87004 -3.65557e-05 -1.24557e-05 -0.000311395
30.9922 -6.86992 -7.85676e-06 -5.58601e-05 -0.00029267
30.8516 -6.75327 -5.28524e-05 5.31141e-06 -0.000357761
30.9922 -6.75315 -2.18715e-05 -3.94138e-05 -0.00032752
31.1328 -7.10329 2.5062e-05 -9.85234e-05 -0.000235038
31.2735 -7.10307 4.38762e-05 -0.000130793 -0.000242299
31.1328 -6.98652 2.38334e-05 -0.000100346 -0.00025517
31.2735 -6.98631 4.46274e-05 -0.000133974 -0.000254571
31.4141 -7.10282 5.97606e-05 -0.00015886 -0.000253496
31.5547 -7.10252 6.89703e-05 -0.000176267 -0.00026682
31.4141 -6.98606 6.1455e-05 -0.000161716 -0.000258121
31.5547 -6.98577 7.10351e-05 -0.000177836 -0.000263719
31.1328 -6.86976 1.77112e-05 -9.44638e-05 -0.000277681
31.2735 -6.86955 4.07916e-05 -0.000129986 -0.000268903
31.1328 -6.75299 6.54915e-06 -8.08458e-05 -0.000303613
31.2735 -6.75279 3.17847e-05 -0.000118131 -0.00028655
31.4141 -6.8693 5.83671e-05 -0.000157089 -0.000264392
31.5547 -6.86901 6.86035e-05 -0.000172489 -0.000262261
31.4141 -6.75255 5.00801e-05 -0.000144573 -0.000273613
31.5547 -6.75226 6.14246e-05 -0.00016009 -0.000263722
30.5703 -6.63662 -0.00015045 0.000139175 -0.000501593
30.7109 -6.63658 -0.000111856 8.47859e-05 -0.000451345
30.5703 -6.51985 -0.000185558 0.000184471 -0.000573157
30.7109 -6.51981 -0.000143495 0.000126386 -0.000511268
30.8516 -6.6365 -7.52409e-05 3.33851e-05 -0.000405296
30.9922 -6.63638 -4.1147e-05 -1.46838e-05 -0.000365689
30.8516 -6.51973 -0.000103217 7.0538e-05 -0.000455769
30.9922 -6.51962 -6.54867e-05 1.77498e-05 -0.000408491
30.5703 -6.40308 -0.000226924 0.000241486 -0.000642285
30.7109 -6.40304 -0.00018075 0.000177768 -0.000571911
30.5703 -6.28631 -0.00027279 0.000308959 -0.000700972
30.7109 -6.28627 -0.000221936 0.000237841 -0.000625277
30.8516 -6.40296 -0.000136289 0.00011606 -0.000508837
30.9922 -6.40285 -9.49698e-05 5.8504e-05 -0.000453967
30.8516 -6.2862 -0.000173564 0.00017015 -0.000556801
30.9922 -6.28608 -0.000129265 0.000108603 -0.000494947
31.1328 -6.63623 -9.69529e-06 -5.96086e-05 -0.000333975
31.2735 -6.63603 1.72117e-05 -9.79386e-05 -0.000308485
31.1328 -6.51946 -3.12986e-05 -3.02385e-05 -0.000368751
31.2735 -6.51926 -3.12459e-06 -6.88808e-05 -0.000334024
31.4141 -6.63579 3.6318e-05 -0.00012389 -0.000286706
31.5547 -6.63551 4.93341e-05 -0.000140508 -0.000268878
31.4141 -6.51903 1.71793e-05 -9.50514e-05 -0.000303206
31.5547 -6.51876 3.24997e-05 -0.000113978 -0.00027775
31.1328 -6.4027 -5.8616e-05 8.48048e-06 -0.000405313
31.2735 -6.4025 -2.91344e-05 -3.0588e-05 -0.000360987
31.1328 -6.28593 -9.10983e-05 5.68176e-05 -0.000438267
31.2735 -6.28574 -5.97322e-05 1.57201e-05 -0.000386797
31.4141 -6.40227 -6.7284e-06 -5.87899e-05 -0.00032209
31.5547 -6.402 1.14319e-05 -8.12234e-05 -0.000290048
31.4141 -6.28552 -3.43407e-05 -1.66182e-05 -0.00034241
31.5547 -6.28525 -1.31842e-05 -4.31838e-05 -0.000305128
31.6953 -7.10218 7.27742e-05 -0.000185184 -0.000282027
31.836 -7.1018 7.46236e-05 -0.00019155 -0.000300119
31.6953 -6.98543 7.61788e-05 -0.000187255 -0.000272125
31.836 -6.98506 7.95293e-05 -0.000194419 -0.000283666
31.9766 -7.10137 7.29255e-05 -0.000192504 -0.000319604
32.1172 -7.10091 6.42227e-05 -0.000181933 -0.000337537
31.9766 -6.98464 7.85141e-05 -0.000194775 -0.000296315
32.1172 -6.98418 6.96052e-05 -0.000182259 -0.000307676
31.6953 -6.86869 7.53486e-05 -0.00018288 -0.000263667
31.836 -6.86831 8.01039e-05 -0.000190674 -0.000268219
31.6953 -6.75194 6.99868e-05 -0.000171848 -0.000257913
31.836 -6.75157 7.61095e-05 -0.000180242 -0.000255205
31.9766 -6.8679 7.97489e-05 -0.00019043 -0.000273785
32.1172 -6.86745 7.09417e-05 -0.00017657 -0.000278675
31.9766 -6.75117 7.65366e-05 -0.000179678 -0.000253652
32.1172 -6.75072 6.8237e-05 -0.000165235 -0.000252194
32.2579 -7.10039 4.71649e-05 -0.000157386 -0.0003518
32.3985 -7.09984 2.43598e-05 -0.000123171 -0.000362283
32.2579 -6.98368 5.20523e-05 -0.000155592 -0.000316457
32.3985 -6.98313 2.8998e-05 -0.000119969 -0.000322725
32.5391 -7.09925 -7.46139e-07 -8.50566e-05 -0.000369899
32.6797 -7.09861 -2.60309e-05 -4.64997e-05 -0.000375026
32.5391 -6.98254 3.7692e-06 -8.08519e-05 -0.000326931
32.6797 -6.98192 -2.17387e-05 -4.13001e-05 -0.000329283
32.2579 -6.86696 5.34048e-05 -0.000148704 -0.000282132
32.3985 -6.86642 3.05133e-05 -0.000112366 -0.000284109
32.2579 -6.75024 5.11808e-05 -0.000136993 -0.000250387
32.3985 -6.74971 2.88127e-05 -0.000100565 -0.00024805
32.5391 -6.86584 5.46313e-06 -7.27451e-05 -0.00028479
32.6797 -6.86522 -1.99537e-05 -3.27262e-05 -0.000284347
32.5391 -6.74914 4.25763e-06 -6.09941e-05 -0.00024524
32.6797 -6.74853 -2.07456e-05 -2.10741e-05 -0.000242094
31.6953 -6.63519 5.99415e-05 -0.00015407 -0.00025572
31.836 -6.63483 6.74845e-05 -0.000163224 -0.000245652
31.6953 -6.51844 4.53101e-05 -0.00012975 -0.000257484
31.836 -6.51809 5.43284e-05 -0.000139878 -0.000240199
31.9766 -6.63443 6.89272e-05 -0.000162813 -0.000237005
32.1172 -6.63399 6.15824e-05 -0.000148608 -0.000229313
31.9766 -6.5177 5.70382e-05 -0.000140142 -0.000224591
32.1172 -6.51727 5.11214e-05 -0.000127044 -0.000210809
31.6953 -6.4017 2.64414e-05 -9.9411e-05 -0.000263231
31.836 -6.40135 3.69392e-05 -0.000110706 -0.000239174
31.6953 -6.28495 3.88964e-06 -6.38105e-05 -0.000272524
31.836 -6.28461 1.58484e-05 -7.64922e-05 -0.000242486
31.9766 -6.40096 4.11041e-05 -0.000112118 -0.000216992
32.1172 -6.40054 3.70489e-05 -0.000100942 -0.000197349
31.9766 -6.28423 2.15558e-05 -7.94313e-05 -0.000214493
32.1172 -6.28381 1.96276e-05 -7.07692e-05 -0.00018944
32.2579 -6.63352 4.54465e-05 -0.000120788 -0.00022238
32.3985 -6.633 2.39456e-05 -8.49039e-05 -0.000215882
32.2579 -6.5168 3.6366e-05 -0.000100497 -0.000198996
32.3985 -6.51629 1.6079e-05 -6.58311e-05 -0.000188675
32.5391 -6.63244 2.06925e-07 -4.59759e-05 -0.000209761
32.6797 -6.63184 -2.40679e-05 -6.72507e-06 -0.000204093
32.5391 -6.51574 -6.53279e-06 -2.81524e-05 -0.000179589
32.6797 -6.51515 -2.97839e-05 9.86898e-06 -0.000171696
32.2579 -6.40008 2.41855e-05 -7.65965e-05 -0.00018091
32.3985 -6.39958 5.4956e-06 -4.39131e-05 -0.00016728
32.2578 -6.28336 9.19361e-06 -4.96012e-05 -0.000168689
32.3985 -6.28287 -7.42048e-06 -1.98298e-05 -0.000152384
32.5391 -6.39904 -1.5706e-05 -8.08971e-06 -0.000155808
32.6797 -6.39846 -3.76716e-05 2.81583e-05 -0.000146191
32.5391 -6.28234 -2.69415e-05 1.35122e-05 -0.000139352
32.6797 -6.28177 -4.74038e-05 4.74595e-05 -0.000128806
32.8204 -8.03138 -0.000122089 5.04678e-05 -0.000529721
32.961 -8.03056 -0.000128714 5.86242e-05 -0.000535786
32.8204 -7.91469 -0.000113026 3.30724e-05 -0.000550579
32.961 -7.91389 -0.000122633 4.5859e-05 -0.000556957
33.1016 -8.0297 -0.000130394 6.09702e-05 -0.000534672
33.2423 -8.02878 -0.000125933 5.57584e-05 -0.000526463
33.1016 -7.91304 -0.000127418 5.29623e-05 -0.000556096
33.2423 -7.91214 -0.000126141 5.25013e-05 -0.000548332
32.8204 -7.79801 -0.000102926 1.7503e-05 -0.000558563
32.961 -7.79722 -0.000115158 3.4661e-05 -0.000564095
32.8204 -7.68133 -9.24452e-05 5.08787e-06 -0.000551846
32.961 -7.68055 -0.000106807 2.58662e-05 -0.000556405
33.1016 -7.79638 -0.000122602 4.5903e-05 -0.000563225
33.2423 -7.79549 -0.000124159 4.95571e-05 -0.000556324
33.1016 -7.67972 -0.000116385 4.04117e-05 -0.000555614
33.2423 -7.67885 -0.000120295 4.74307e-05 -0.00054966
33.3829 -8.02782 -0.000115051 4.25478e-05 -0.000511723
33.5235 -8.02682 -9.84113e-05 2.22597e-05 -0.000491293
33.3829 -7.91119 -0.000118504 4.40108e-05 -0.000534225
33.5235 -7.9102 -0.000105066 2.82948e-05 -0.000514463
33.6641 -8.02576 -7.76521e-05 -2.86245e-06 -0.000466481
33.8048 -8.02466 -5.54387e-05 -2.91636e-05 -0.000438892
33.6641 -7.90916 -8.72613e-05 7.32951e-06 -0.000490237
33.8047 -7.90807 -6.77873e-05 -1.51319e-05 -0.000462997
33.3829 -7.79456 -0.000119576 4.52957e-05 -0.000543686
33.5235 -7.79358 -0.00010933 3.38739e-05 -0.000525698
33.3829 -7.67793 -0.00011836 4.67443e-05 -0.000538688
33.5235 -7.67696 -0.000111034 3.9099e-05 -0.00052298
33.6641 -7.79256 -9.46432e-05 1.70416e-05 -0.000503184
33.8047 -7.79148 -7.81384e-05 -1.47943e-06 -0.000477311
33.6641 -7.67595 -9.94523e-05 2.61926e-05 -0.000503037
33.8047 -7.6749 -8.59274e-05 1.13447e-05 -0.000479766
32.8204 -7.56465 -8.21333e-05 -4.01541e-06 -0.000532547
32.961 -7.56388 -9.82462e-05 1.96686e-05 -0.000536585
32.8204 -7.44797 -7.23366e-05 -1.01171e-05 -0.00050356
32.961 -7.44721 -8.99623e-05 1.60687e-05 -0.000507155
33.1016 -7.56307 -0.00010964 3.69892e-05 -0.000535996
33.2423 -7.5622 -0.000115526 4.6828e-05 -0.000530868
33.1016 -7.44641 -0.000102948 3.58317e-05 -0.000506688
33.2423 -7.44556 -0.000110503 4.80302e-05 -0.000502341
32.8204 -7.33129 -6.34027e-05 -1.32512e-05 -0.000466815
32.961 -7.33054 -8.23039e-05 1.51255e-05 -0.000469665
32.8204 -7.21461 -5.57515e-05 -1.32882e-05 -0.000424151
32.961 -7.21387 -7.56249e-05 1.68654e-05 -0.000425937
33.1016 -7.32975 -9.65942e-05 3.69307e-05 -0.000469109
33.2422 -7.32892 -0.000105466 5.09684e-05 -0.000465454
33.1016 -7.21309 -9.08661e-05 4.02077e-05 -0.000425073
33.2422 -7.21227 -0.000100659 5.55177e-05 -0.00042193
33.3829 -7.5613 -0.000115772 4.9051e-05 -0.000521429
33.5235 -7.56035 -0.000110874 4.44511e-05 -0.000508026
33.3829 -7.44467 -0.000112517 5.25378e-05 -0.000494448
33.5235 -7.44373 -0.000109537 5.02127e-05 -0.00048341
33.6641 -7.55935 -0.000102 3.47859e-05 -0.000491105
33.8047 -7.55831 -9.10586e-05 2.28005e-05 -0.000471461
33.6641 -7.44275 -0.000102747 4.28306e-05 -0.000469709
33.8047 -7.44172 -9.37939e-05 3.27741e-05 -0.000454019
33.3829 -7.32804 -0.000108834 5.71402e-05 -0.000459095
33.5235 -7.32712 -0.000107283 5.63619e-05 -0.000450445
33.3829 -7.21141 -0.000104948 6.27432e-05 -0.000416924
33.5235 -7.2105 -0.000104351 6.28566e-05 -0.000410457
33.6641 -7.32615 -0.00010199 5.0408e-05 -0.00043995
33.8047 -7.32514 -9.45017e-05 4.15596e-05 -0.000428102
33.6641 -7.20955 -0.000100055 5.76651e-05 -0.000402909
33.8047 -7.20855 -9.35981e-05 4.94738e-05 -0.000394624
33.9454 -8.0235 -3.54618e-05 -5.14782e-05 -0.000409866
34.086 -8.0223 -2.13971e-05 -6.46444e-05 -0.000380232
33.9454 -7.90693 -5.00981e-05 -3.41836e-05 -0.000433757
34.086 -7.90575 -3.70654e-05 -4.59194e-05 -0.000403666
34.2266 -8.02106 -1.3196e-05 -6.89651e-05 -0.000350342
34.3672 -8.01976 -8.9191e-06 -6.76219e-05 -0.000321022
34.2266 -7.90452 -2.86706e-05 -5.07589e-05 -0.000373849
34.3672 -7.90324 -2.3618e-05 -5.08875e-05 -0.00034504
33.9454 -7.79036 -6.28923e-05 -1.73599e-05 -0.000449182
34.086 -7.7892 -5.09217e-05 -2.80299e-05 -0.000420311
33.9454 -7.67379 -7.2974e-05 -1.99902e-06 -0.000454512
34.086 -7.67264 -6.21321e-05 -1.19282e-05 -0.000428695
34.2266 -7.78798 -4.24403e-05 -3.3572e-05 -0.000391991
34.3672 -7.78672 -3.68482e-05 -3.50763e-05 -0.000364763
34.2266 -7.67145 -5.39263e-05 -1.79339e-05 -0.000403188
34.3672 -7.67021 -4.81647e-05 -2.0468e-05 -0.000378446
34.5078 -8.01841 -8.0583e-06 -6.17871e-05 -0.000293644
34.6485 -8.01702 -1.03768e-05 -5.23237e-05 -0.000270004
34.5078 -7.90192 -2.14785e-05 -4.72672e-05 -0.000318306
34.6485 -7.90054 -2.17736e-05 -4.10583e-05 -0.000295302
34.7891 -8.01558 -1.56111e-05 -4.02167e-05 -0.000252292
34.9297 -8.01409 -2.31638e-05 -2.69355e-05 -0.000242792
34.7891 -7.89912 -2.40651e-05 -3.34419e-05 -0.000278092
34.9297 -7.89766 -2.7823e-05 -2.57392e-05 -0.000268866
34.5078 -7.78542 -3.36675e-05 -3.3518e-05 -0.000339513
34.6485 -7.78407 -3.2178e-05 -3.03625e-05 -0.000317785
34.5078 -7.66892 -4.42505e-05 -2.06715e-05 -0.00035538
34.6485 -7.66759 -4.1268e-05 -2.02578e-05 -0.000335458
34.7891 -7.78267 -3.17866e-05 -2.69599e-05 -0.000301515
34.9297 -7.78122 -3.20181e-05 -2.44977e-05 -0.000292774
34.7891 -7.66621 -3.84955e-05 -2.07083e-05 -0.000320489
34.9297 -7.66478 -3.55078e-05 -2.30825e-05 -0.000312412
33.9454 -7.55722 -8.00665e-05 1.12506e-05 -0.000450264
34.086 -7.55609 -7.04475e-05 2.01911e-06 -0.000428425
33.9454 -7.44065 -8.44348e-05 2.25233e-05 -0.000437086
34.086 -7.43954 -7.60737e-05 1.40461e-05 -0.000419386
34.2266 -7.55491 -6.29012e-05 -4.01694e-06 -0.000406432
34.3672 -7.55369 -5.73283e-05 -7.172e-06 -0.000384791
34.2266 -7.43838 -6.94163e-05 8.2794e-06 -0.000401237
34.3672 -7.43718 -6.42864e-05 4.80566e-06 -0.000383144
33.9454 -7.32409 -8.64924e-05 3.22553e-05 -0.000415314
34.086 -7.32299 -7.93309e-05 2.44745e-05 -0.000401813
33.9454 -7.20752 -8.66474e-05 4.07563e-05 -0.000385829
34.086 -7.20644 -8.05342e-05 3.34725e-05 -0.000376597
34.2266 -7.32185 -7.36402e-05 1.90655e-05 -0.000387793
34.3672 -7.32066 -6.91051e-05 1.54363e-05 -0.000373666
34.2266 -7.20531 -7.57746e-05 2.83442e-05 -0.000366994
34.3672 -7.20414 -7.19012e-05 2.45995e-05 -0.000357265
34.5078 -7.55242 -5.29936e-05 -8.78421e-06 -0.000364451
34.6485 -7.55111 -4.88289e-05 -1.0746e-05 -0.00034678
34.5078 -7.43593 -5.98027e-05 2.10247e-06 -0.000365992
34.6485 -7.43463 -5.47589e-05 -1.86795e-06 -0.000350988
34.7891 -7.54975 -4.40006e-05 -1.46414e-05 -0.000333432
34.9297 -7.54835 -3.8126e-05 -2.14057e-05 -0.000326183
34.7891 -7.4333 -4.82115e-05 -8.78012e-06 -0.000339585
34.9297 -7.43191 -3.9809e-05 -1.94532e-05 -0.000333347
34.5078 -7.31943 -6.46907e-05 1.18882e-05 -0.00036016
34.6485 -7.31816 -5.90517e-05 6.24858e-06 -0.00034826
34.5078 -7.20293 -6.77246e-05 2.03777e-05 -0.000347898
34.6485 -7.20168 -6.17578e-05 1.33799e-05 -0.000339582
34.7891 -7.31684 -5.1131e-05 -3.243e-06 -0.00033916
34.9297 -7.31548 -4.05938e-05 -1.72974e-05 -0.000334139
34.7891 -7.20038 -5.28244e-05 1.76526e-06 -0.000333172
34.9297 -7.19904 -4.0592e-05 -1.50788e-05 -0.000329602
32.8204 -7.09793 -4.97753e-05 -1.01927e-05 -0.00037775
32.961 -7.0972 -7.02782e-05 2.12296e-05 -0.000378281
32.8204 -6.98125 -4.57782e-05 -4.06404e-06 -0.000329935
32.961 -6.98053 -6.6571e-05 2.80978e-05 -0.000329119
33.1016 -7.09644 -8.6103e-05 4.55713e-05 -0.000376926
33.2422 -7.09563 -9.64309e-05 6.16118e-05 -0.000374062
33.1016 -6.97978 -8.26429e-05 5.29412e-05 -0.000327118
33.2422 -6.97898 -9.31701e-05 6.92524e-05 -0.000324261
32.8204 -6.86457 -4.3963e-05 4.89691e-06 -0.000282938
32.961 -6.86387 -6.47378e-05 3.73045e-05 -0.000280742
32.8204 -6.74789 -4.44191e-05 1.64106e-05 -0.000238706
32.961 -6.7472 -6.49126e-05 4.86291e-05 -0.000235143
33.1016 -6.86312 -8.0776e-05 6.22308e-05 -0.000277958
33.2422 -6.86234 -9.12394e-05 7.84605e-05 -0.000274837
33.1016 -6.74647 -8.07005e-05 7.3307e-05 -0.000231487
33.2422 -6.7457 -9.09149e-05 8.92065e-05 -0.000227886
33.3829 -7.09478 -0.00010123 6.93444e-05 -0.000370088
33.5235 -7.09388 -0.00010115 6.9795e-05 -0.000365392
33.3829 -6.97815 -9.81307e-05 7.70525e-05 -0.000320914
33.5235 -6.97727 -9.81905e-05 7.73961e-05 -0.00031746
33.6641 -7.09295 -9.7405e-05 6.48216e-05 -0.000360327
33.8047 -7.09197 -9.15642e-05 5.6791e-05 -0.000355185
33.6641 -6.97635 -9.4587e-05 7.21739e-05 -0.000314289
33.8047 -6.97538 -8.89306e-05 6.38015e-05 -0.000311749
33.3829 -6.86152 -9.60918e-05 8.60073e-05 -0.000271696
33.5235 -6.86065 -9.59849e-05 8.59036e-05 -0.00026894
33.3829 -6.74489 -9.54731e-05 9.62835e-05 -0.000224611
33.5235 -6.74404 -9.49661e-05 9.54737e-05 -0.000222104
33.6641 -6.85975 -9.21522e-05 8.00167e-05 -0.000267055
33.8047 -6.8588 -8.62264e-05 7.07614e-05 -0.000266567
33.6641 -6.74315 -9.05722e-05 8.85323e-05 -0.000221013
33.8047 -6.74221 -8.39055e-05 7.77954e-05 -0.000222135
32.8204 -6.63121 -4.71262e-05 3.01246e-05 -0.000198872
32.961 -6.63053 -6.71181e-05 6.17709e-05 -0.000194035
32.8204 -6.51453 -5.19709e-05 4.56043e-05 -0.0001649
32.961 -6.51386 -7.12724e-05 7.63148e-05 -0.000159026
33.1016 -6.62981 -8.24988e-05 8.59361e-05 -0.000189529
33.2422 -6.62905 -9.23517e-05 0.000101332 -0.000185393
33.1016 -6.51316 -8.61314e-05 9.97273e-05 -0.000153901
33.2422 -6.51241 -9.55661e-05 0.000114475 -0.000149444
32.8204 -6.39785 -5.87527e-05 6.22962e-05 -0.000138275
32.961 -6.39719 -7.71895e-05 9.16867e-05 -0.000131841
32.8204 -6.28117 -6.71696e-05 7.9504e-05 -0.00012053
32.961 -6.28053 -8.4572e-05 0.000107142 -0.000114324
33.1016 -6.3965 -9.14312e-05 0.000114079 -0.000126623
33.2422 -6.39577 -0.000100423 0.000128012 -0.00012243
33.1016 -6.27984 -9.80955e-05 0.000128176 -0.000109892
33.2422 -6.27913 -0.000106619 0.000141057 -0.000106948
33.3829 -6.62826 -9.65079e-05 0.000107795 -0.000181841
33.5235 -6.62742 -9.54386e-05 0.000106074 -0.000179369
33.3829 -6.51163 -9.92795e-05 0.000120214 -0.000145804
33.5235 -6.51081 -9.75566e-05 0.000117404 -0.000143513
33.6641 -6.62655 -9.01956e-05 9.76984e-05 -0.000178815
33.8047 -6.62563 -8.23144e-05 8.48293e-05 -0.000181309
33.6641 -6.50995 -9.12386e-05 0.000107235 -0.000143588
33.8047 -6.50904 -8.17016e-05 9.15728e-05 -0.000147489
33.3829 -6.395 -0.000103702 0.000132907 -0.000119318
33.5235 -6.39419 -0.000101303 0.000128848 -0.000117818
33.3829 -6.27837 -0.000109492 0.000144936 -0.000105445
33.5235 -6.27758 -0.000106434 0.000139431 -0.000105869
33.6641 -6.39335 -9.37689e-05 0.000116562 -0.000119063
33.8047 -6.39246 -8.22215e-05 9.75052e-05 -0.000124769
33.6641 -6.27675 -9.76169e-05 0.000124709 -0.000109434
33.8047 -6.27588 -8.38382e-05 0.000101738 -0.000117971
33.9454 -7.09095 -8.53234e-05 4.82334e-05 -0.000350129
34.086 -7.08988 -7.99989e-05 4.11011e-05 -0.000345168
33.9454 -6.97438 -8.29662e-05 5.48679e-05 -0.000310081
34.086 -6.97333 -7.80401e-05 4.73613e-05 -0.000309329
34.2266 -7.08878 -7.60209e-05 3.60173e-05 -0.000340244
34.3672 -7.08763 -7.27916e-05 3.20733e-05 -0.000335368
34.2266 -6.97224 -7.45639e-05 4.18988e-05 -0.000309334
34.3672 -6.97111 -7.18704e-05 3.75367e-05 -0.000309799
33.9454 -6.85781 -8.00137e-05 6.07761e-05 -0.000267926
34.086 -6.85678 -7.49568e-05 5.21616e-05 -0.000271322
33.9454 -6.74124 -7.68378e-05 6.59366e-05 -0.000226247
34.086 -6.74023 -7.09906e-05 5.52751e-05 -0.000233786
34.2266 -6.85571 -7.15623e-05 4.56892e-05 -0.000276526
34.3672 -6.8546 -6.91988e-05 4.05438e-05 -0.000282868
34.2266 -6.73918 -6.71171e-05 4.69509e-05 -0.000244493
34.3672 -6.73808 -6.47726e-05 4.05016e-05 -0.000257289
34.5078 -7.08644 -6.89785e-05 2.72818e-05 -0.000330681
34.6485 -7.0852 -6.29462e-05 1.92276e-05 -0.000326467
34.5078 -6.96994 -6.851e-05 3.22216e-05 -0.00031039
34.6485 -6.96873 -6.26878e-05 2.34271e-05 -0.000310849
34.7891 -7.08393 -5.33888e-05 5.98745e-06 -0.000323156
34.9297 -7.08261 -3.99543e-05 -1.29739e-05 -0.000321262
34.7891 -6.96747 -5.29416e-05 9.12587e-06 -0.000311074
34.9297 -6.96617 -3.8865e-05 -1.1186e-05 -0.000311104
34.5078 -6.85344 -6.63464e-05 3.46942e-05 -0.000289406
34.6485 -6.85225 -6.10376e-05 2.55069e-05 -0.000295189
34.5078 -6.73695 -6.24457e-05 3.40494e-05 -0.0002705
34.6485 -6.73577 -5.7988e-05 2.48637e-05 -0.000282318
34.7891 -6.85101 -5.16093e-05 1.08031e-05 -0.000299455
34.9297 -6.84974 -3.75404e-05 -9.96676e-06 -0.000301692
34.7891 -6.73456 -4.94757e-05 1.05452e-05 -0.000291182
34.9297 -6.7333 -3.61918e-05 -9.61024e-06 -0.000295939
33.9454 -6.62467 -7.37249e-05 7.01542e-05 -0.000188037
34.086 -6.62368 -6.63151e-05 5.63275e-05 -0.000199769
33.9454 -6.5081 -7.09037e-05 7.30776e-05 -0.000156842
34.086 -6.50713 -6.1074e-05 5.48413e-05 -0.000172831
34.2266 -6.62264 -6.12661e-05 4.51138e-05 -0.000216286
34.3672 -6.62157 -5.85193e-05 3.66949e-05 -0.000236079
34.2266 -6.50611 -5.40294e-05 3.95449e-05 -0.000195362
34.3672 -6.50505 -5.03581e-05 2.83912e-05 -0.000222493
33.9453 -6.39154 -6.85824e-05 7.42323e-05 -0.000136934
34.086 -6.39058 -5.545e-05 5.03208e-05 -0.00015717
33.9453 -6.27497 -6.69179e-05 7.29379e-05 -0.000133555
34.086 -6.27402 -4.9755e-05 4.23358e-05 -0.000157933
34.2266 -6.38958 -4.5502e-05 2.96827e-05 -0.000185619
34.3672 -6.38854 -4.03119e-05 1.50241e-05 -0.00021996
34.2266 -6.27304 -3.60287e-05 1.52874e-05 -0.000191483
34.3672 -6.27202 -2.868e-05 -3.50611e-06 -0.000231842
34.5078 -6.62045 -5.66921e-05 2.95325e-05 -0.000256627
34.6485 -6.6193 -5.3458e-05 2.082e-05 -0.000275112
34.5078 -6.50396 -4.89677e-05 2.04248e-05 -0.000250761
34.6485 -6.50282 -4.73614e-05 1.27796e-05 -0.000276213
34.7891 -6.6181 -4.65595e-05 7.84349e-06 -0.000289046
34.9297 -6.61687 -3.49795e-05 -1.04036e-05 -0.000296573
34.7891 -6.50165 -4.28556e-05 2.28778e-06 -0.000295384
34.9297 -6.50043 -3.40083e-05 -1.25588e-05 -0.000305748
34.5078 -6.38746 -3.92795e-05 6.26065e-06 -0.000255735
34.6485 -6.38634 -3.9727e-05 4.37865e-07 -0.000287828
34.5078 -6.27096 -2.7894e-05 -1.29054e-05 -0.000273864
34.6485 -6.26987 -3.07994e-05 -1.60093e-05 -0.00031136
34.7891 -6.38519 -3.8418e-05 -6.28174e-06 -0.000311869
34.9297 -6.384 -3.33462e-05 -1.61517e-05 -0.000324817
34.7891 -6.26874 -3.34181e-05 -1.76448e-05 -0.000339205
34.9297 -6.26756 -3.30373e-05 -2.10764e-05 -0.000354112
