30.5703 3.17219 -0.000736344 0.00142082 -0.00158844
30.7109 3.17217 -0.000867134 0.00163218 -0.00157796
30.5703 3.28895 -0.000725365 0.00140012 -0.00151331
30.7109 3.28893 -0.000862901 0.00162234 -0.00149785
30.8516 3.17213 -0.000996423 0.0018389 -0.00156988
30.9922 3.17207 -0.00111314 0.00202312 -0.00156862
30.8516 3.28889 -0.000998097 0.001839 -0.00149006
30.9922 3.28883 -0.0011194 0.00203123 -0.00149234
30.5703 3.40572 -0.000722951 0.00139401 -0.00144416
30.7109 3.4057 -0.00086389 0.00162216 -0.00143068
30.5703 3.52249 -0.000724484 0.00139589 -0.00139027
30.7109 3.52246 -0.000866955 0.00162757 -0.00138518
30.8516 3.40566 -0.00100224 0.00184469 -0.00142813
30.9922 3.4056 -0.00112636 0.00204243 -0.00143772
30.8516 3.52242 -0.00100698 0.0018539 -0.00139132
30.9922 3.52236 -0.00113303 0.00205595 -0.00140994
31.1328 3.172 -0.00121206 0.00217689 -0.00157753
31.2734 3.1719 -0.0012907 0.00229675 -0.00159769
31.1328 3.28876 -0.00122051 0.00218925 -0.00150696
31.2734 3.28866 -0.00129849 0.0023091 -0.00153652
31.4141 3.17179 -0.00134462 0.00237579 -0.00162731
31.5547 3.17165 -0.00136774 0.00240436 -0.00166212
31.4141 3.28854 -0.00135 0.00238592 -0.00158123
31.5547 3.2884 -0.00137147 0.00241406 -0.00163591
31.1328 3.40551 -0.00122825 0.00220276 -0.00146104
31.2734 3.40541 -0.00130385 0.00231996 -0.00150137
31.1328 3.52227 -0.00123545 0.00221825 -0.00144232
31.2734 3.52217 -0.00130895 0.0023331 -0.00149125
31.4141 3.40529 -0.00135148 0.00239208 -0.00155937
31.5547 3.40515 -0.00137095 0.0024188 -0.00162845
31.4141 3.52204 -0.00135342 0.00240116 -0.00155718
31.5547 3.52189 -0.00137169 0.00242704 -0.0016337
30.5703 3.63925 -0.00072688 0.00139993 -0.00134541
30.7109 3.63923 -0.000870691 0.00163519 -0.00135124
30.5703 3.75602 -0.000729528 0.00140379 -0.0012987
30.7109 3.756 -0.000875443 0.00164377 -0.00131359
30.8516 3.63919 -0.00101217 0.00186511 -0.00136665
30.9922 3.63912 -0.00114024 0.00207155 -0.00139366
30.8516 3.75595 -0.00101888 0.0018779 -0.00133614
30.9922 3.75588 -0.00114946 0.00208939 -0.00136949
30.5703 3.87279 -0.000733243 0.00140824 -0.00124574
30.7109 3.87276 -0.000882298 0.00165416 -0.0012653
30.5703 3.98955 -0.000739144 0.00141525 -0.00118757
30.7109 3.98953 -0.00089241 0.00166826 -0.00120686
30.8516 3.87272 -0.00102825 0.00189296 -0.00129115
30.9922 3.87265 -0.00116169 0.00210973 -0.00132802
30.8516 3.98948 -0.00104109 0.00191151 -0.00123166
30.9922 3.98941 -0.00117715 0.00213273 -0.00126891
31.1328 3.63903 -0.00124407 0.00223716 -0.00143339
31.2734 3.63892 -0.00131722 0.0023522 -0.00148778
31.1328 3.75579 -0.00125599 0.00226023 -0.00141484
31.2734 3.75568 -0.00133081 0.00237864 -0.00147331
31.4141 3.63879 -0.00136022 0.00241849 -0.00155759
31.5547 3.63864 -0.00137807 0.00244437 -0.00163797
31.4141 3.75554 -0.00137407 0.00244585 -0.00154595
31.5547 3.75539 -0.00139206 0.00247258 -0.00162991
31.1328 3.87255 -0.00127177 0.00228708 -0.0013775
31.2734 3.87244 -0.00134994 0.00241159 -0.00143982
31.1328 3.98931 -0.00129092 0.00231657 -0.00132076
31.2734 3.98919 -0.00137355 0.00244896 -0.00138645
31.4141 3.8723 -0.00139514 0.00248249 -0.00151558
31.5547 3.87213 -0.00141399 0.00251129 -0.00160355
31.4141 3.98905 -0.00142242 0.00252636 -0.0014652
31.5547 3.98888 -0.00144335 0.00255911 -0.00155665
31.6953 3.1715 -0.0013566 0.00237698 -0.00169583
31.8359 3.17133 -0.00131723 0.00230366 -0.00172251
31.6953 3.28824 -0.00136145 0.00239091 -0.00169076
31.8359 3.28806 -0.00132533 0.00232487 -0.00173583
31.9766 3.17114 -0.0012634 0.00220705 -0.0017407
32.1172 3.17093 -0.00120659 0.00210616 -0.0017537
31.9766 3.28786 -0.00127453 0.0022345 -0.00176704
32.1172 3.28765 -0.00121928 0.00213683 -0.00178744
31.6953 3.40498 -0.00136271 0.00240029 -0.00169702
31.8359 3.4048 -0.00133105 0.00234295 -0.00175427
31.6953 3.52172 -0.00136555 0.00241303 -0.00170969
31.8359 3.52153 -0.00133815 0.00236368 -0.00177504
31.9766 3.40459 -0.00128458 0.00226069 -0.00179543
32.1172 3.40437 -0.00123193 0.0021679 -0.00182285
31.9766 3.52132 -0.00129586 0.00228915 -0.00182464
32.1172 3.52109 -0.00124582 0.00220135 -0.00185955
32.2578 3.1707 -0.00115307 0.00201155 -0.0017666
32.3985 3.17045 -0.00110577 0.00192823 -0.00178441
32.2578 3.28741 -0.00116608 0.00204293 -0.00180322
32.3985 3.28715 -0.00111819 0.00195858 -0.00182073
32.5391 3.17018 -0.00106636 0.00185916 -0.00181174
32.6797 3.16989 -0.0010344 0.00180363 -0.00185098
32.5391 3.28687 -0.00107736 0.00188698 -0.00184577
32.6797 3.28657 -0.00104384 0.0018288 -0.00188267
32.2578 3.40412 -0.00117959 0.00207571 -0.00184263
32.3985 3.40385 -0.00113121 0.00199066 -0.00186161
32.2578 3.52083 -0.0011943 0.00211104 -0.00188491
32.3985 3.52055 -0.00114519 0.00202512 -0.0019073
32.5391 3.40356 -0.00108858 0.00191614 -0.00188638
32.6797 3.40326 -0.00105229 0.00185359 -0.0019228
32.5391 3.52026 -0.00110021 0.00194704 -0.0019337
32.6797 3.51994 -0.00105999 0.00187845 -0.00197098
31.6953 3.63846 -0.00137362 0.00243398 -0.00171933
31.8359 3.63827 -0.00134942 0.00239085 -0.0017923
31.6953 3.7552 -0.00138874 0.00246496 -0.00171741
31.836 3.755 -0.00136652 0.00242631 -0.00179962
31.9766 3.63805 -0.00131029 0.00232257 -0.00185119
32.1172 3.63781 -0.00126219 0.00223896 -0.00189542
31.9766 3.75477 -0.00132937 0.00236267 -0.00187003
32.1172 3.75453 -0.00128228 0.00228214 -0.00192632
31.6953 3.87195 -0.00141154 0.00250611 -0.00169809
31.836 3.87174 -0.0013905 0.00247084 -0.00179099
31.6953 3.98869 -0.00144207 0.00255681 -0.00165758
31.836 3.98847 -0.00142199 0.00252456 -0.00176089
31.9766 3.8715 -0.00135435 0.00241059 -0.00187495
32.1172 3.87125 -0.00130737 0.00233208 -0.00194597
31.9766 3.98823 -0.00138633 0.00246699 -0.00185887
32.1172 3.98797 -0.0013388 0.00238971 -0.00194607
32.2578 3.63754 -0.00121103 0.00215005 -0.00192863
32.3985 3.63726 -0.00116068 0.00206276 -0.00195674
32.2578 3.75425 -0.00123073 0.00219387 -0.00197032
32.3985 3.75396 -0.00117845 0.00210447 -0.00200688
32.5391 3.63695 -0.00111274 0.00198037 -0.00198667
32.6797 3.63662 -0.0010676 0.00190431 -0.00202572
32.5391 3.75364 -0.00112685 0.00201696 -0.00204256
32.6797 3.7533 -0.00107605 0.00193241 -0.00208456
32.2578 3.87096 -0.0012546 0.00224358 -0.00200388
32.3985 3.87066 -0.00119957 0.0021512 -0.00205202
32.2578 3.98768 -0.00128404 0.00230013 -0.00202035
32.3985 3.98736 -0.00122539 0.00220386 -0.00208316
32.5391 3.87033 -0.00114353 0.00205771 -0.00209615
32.6797 3.86998 -0.00108643 0.00196391 -0.00214299
32.5391 3.98703 -0.00116407 0.0021035 -0.00213878
32.6797 3.98667 -0.0011 0.00199972 -0.00219294
30.5703 4.10632 -0.000748164 0.00142635 -0.00112433
30.7109 4.10629 -0.000906619 0.00168753 -0.0011396
30.5703 4.22309 -0.000760748 0.00144148 -0.0010509
30.7109 4.22306 -0.00092489 0.00171152 -0.00106149
30.8516 4.10625 -0.00105775 0.00193425 -0.00116003
30.9922 4.10617 -0.00119556 0.00215808 -0.00119493
30.8516 4.22301 -0.00107782 0.00196048 -0.00107698
30.9922 4.22293 -0.00121618 0.00218467 -0.00110822
30.5703 4.33985 -0.000776325 0.0014582 -0.000958253
30.7109 4.33983 -0.000945646 0.00173671 -0.000967603
30.5703 4.45662 -0.000793054 0.00147179 -0.000837605
30.7109 4.45659 -0.000965891 0.00175689 -0.000851688
30.8516 4.33978 -0.00109982 0.00198738 -0.000981276
30.9922 4.3397 -0.00123778 0.00221042 -0.00100952
30.8516 4.45654 -0.00112134 0.00201021 -0.000869173
30.9922 4.45646 -0.00125878 0.0022323 -0.000897089
31.1328 4.10607 -0.00131241 0.00234711 -0.0012471
31.2734 4.10595 -0.00139996 0.00248797 -0.00131484
31.1328 4.22283 -0.001335 0.00237678 -0.00115879
31.2734 4.22271 -0.00142722 0.00252546 -0.00122671
31.4141 4.1058 -0.00145414 0.00257446 -0.00139562
31.5547 4.10563 -0.00147887 0.00261373 -0.00148885
31.4141 4.22255 -0.00148788 0.00262273 -0.00130801
31.5547 4.22237 -0.00151843 0.00267151 -0.00140084
31.1328 4.33959 -0.00135734 0.0024034 -0.00105722
31.2734 4.33946 -0.00145333 0.00255811 -0.00112333
31.1328 4.45635 -0.00137821 0.00242463 -0.000941645
31.2734 4.45622 -0.00147666 0.00258295 -0.00100398
31.4141 4.3393 -0.00152074 0.00266636 -0.0012034
31.5547 4.33912 -0.00155882 0.00272719 -0.00129391
31.4141 4.45606 -0.00155002 0.0027006 -0.0010806
31.5547 4.45587 -0.00159638 0.00277441 -0.00116688
30.5703 4.57339 -0.000808662 0.00147751 -0.000685385
30.7109 4.57336 -0.000982697 0.00176588 -0.000707417
30.5703 4.69016 -0.000822287 0.00147424 -0.000506064
30.7109 4.69013 -0.000995438 0.00176183 -0.000532075
30.8516 4.57331 -0.00113982 0.00202327 -0.000733085
30.9922 4.57322 -0.00127761 0.00224643 -0.000763935
30.8516 4.69007 -0.00115415 0.00202289 -0.000563464
30.9922 4.68999 -0.00129358 0.00224933 -0.000597112
30.5703 4.80692 -0.000834981 0.00146509 -0.000309615
30.7109 4.80689 -0.0010065 0.00174922 -0.000330731
30.5703 4.92369 -0.000848477 0.00145452 -0.000106317
30.7109 4.92366 -0.00101929 0.00173541 -0.000114652
30.8516 4.80684 -0.00116626 0.00201143 -0.000357485
30.9922 4.80675 -0.00130808 0.00224114 -0.000386019
30.8516 4.9236 -0.00118009 0.0019968 -0.000125484
30.9922 4.92351 -0.00132426 0.00222774 -0.00013722
31.1328 4.57311 -0.00139683 0.00243806 -0.000805825
31.2734 4.57298 -0.00149665 0.00259787 -0.000862224
31.1328 4.68987 -0.00141349 0.00244168 -0.000635625
31.2734 4.68973 -0.00151448 0.00260214 -0.00068294
31.4141 4.57281 -0.00157456 0.00272207 -0.000931792
31.5547 4.57262 -0.00162871 0.00280756 -0.00101028
31.4141 4.68956 -0.00159579 0.00273012 -0.00073991
31.5547 4.68936 -0.00165644 0.00282417 -0.000804107
31.1328 4.80663 -0.00143001 0.00243555 -0.000415728
31.2734 4.80649 -0.00153286 0.00259693 -0.000448767
31.1328 4.92339 -0.00144872 0.00242348 -0.000149139
31.2734 4.92325 -0.00155394 0.00258545 -0.000161666
31.4141 4.80632 -0.00161717 0.00272692 -0.00048661
31.5547 4.80611 -0.00168285 0.00282582 -0.000528761
31.4141 4.92307 -0.00164105 0.00271616 -0.000175404
31.5547 4.92286 -0.00171034 0.00281661 -0.00019045
31.6953 4.10543 -0.00147982 0.00261564 -0.00159353
31.836 4.10521 -0.00146114 0.00258676 -0.00170449
31.6953 4.22217 -0.00152339 0.00267996 -0.0015053
31.836 4.22194 -0.00150724 0.0026556 -0.00161877
31.9766 4.10496 -0.001426 0.0025317 -0.00181439
32.1172 4.10469 -0.00137766 0.00245521 -0.00191699
31.9766 4.22169 -0.00147319 0.0026033 -0.00173561
32.1172 4.22141 -0.00142423 0.00252744 -0.00184973
31.6953 4.33891 -0.00157008 0.00274534 -0.00139424
31.836 4.33868 -0.00155832 0.00272756 -0.00150388
31.6953 4.45565 -0.00161608 0.0028053 -0.00126022
31.836 4.45541 -0.00161102 0.002797 -0.00136052
31.9766 4.33841 -0.00152653 0.00267885 -0.00162021
32.1172 4.33813 -0.00147768 0.00260378 -0.00173854
31.9766 4.45514 -0.00158336 0.00275367 -0.00146813
32.1172 4.45485 -0.00153607 0.00268027 -0.00158073
32.2578 4.10439 -0.00132039 0.0023639 -0.00200841
32.3985 4.10407 -0.00125739 0.00226294 -0.00208793
32.2578 4.2211 -0.00136435 0.00243403 -0.00195609
32.3985 4.22077 -0.00129665 0.00232785 -0.0020519
32.5391 4.10372 -0.00119 0.00215486 -0.0021577
32.6797 4.10335 -0.00111828 0.00204041 -0.00222154
32.5391 4.22041 -0.00122272 0.00221151 -0.00213657
32.6797 4.22003 -0.00114291 0.00208587 -0.0022112
32.2578 4.33781 -0.0014156 0.00250812 -0.00185356
32.3985 4.33747 -0.00134341 0.00239646 -0.00196095
32.2578 4.45452 -0.0014729 0.00258261 -0.00169391
32.3985 4.45418 -0.00139707 0.00246544 -0.00180286
32.5391 4.33711 -0.00126305 0.00227168 -0.00205744
32.6797 4.33671 -0.00117523 0.00213475 -0.00214087
32.5391 4.4538 -0.00131108 0.00233225 -0.00190246
32.6797 4.4534 -0.00121594 0.00218418 -0.00198796
31.6953 4.5724 -0.00165788 0.0028524 -0.00109357
31.836 4.57215 -0.00166143 0.00285606 -0.00118065
31.6953 4.68914 -0.00169443 0.00288107 -0.000871978
31.836 4.68888 -0.00170706 0.00289677 -0.000941762
31.9766 4.57187 -0.00164009 0.00282057 -0.00127284
32.1172 4.57157 -0.00159659 0.00275088 -0.00136974
31.9766 4.6886 -0.00169364 0.00287088 -0.00101347
32.1172 4.68829 -0.00165618 0.00280721 -0.00108696
31.6953 4.80588 -0.00172771 0.00289035 -0.000573793
31.836 4.80562 -0.00174818 0.00291508 -0.000620156
31.6953 4.92262 -0.00175972 0.00288386 -0.000206693
31.836 4.92235 -0.00178564 0.00291265 -0.00022347
31.9766 4.80533 -0.0017427 0.00289796 -0.000666535
32.1172 4.80501 -0.00171203 0.00284079 -0.000712388
31.9766 4.92206 -0.00178605 0.00290018 -0.000240033
32.1172 4.92173 -0.00176073 0.00284672 -0.000256009
32.2578 4.57124 -0.00153435 0.00265253 -0.00146854
32.3985 4.57088 -0.00145659 0.00253048 -0.00156524
32.2578 4.68795 -0.0015973 0.00271039 -0.00116109
32.3985 4.68758 -0.00151983 0.00258506 -0.00123352
32.5391 4.57049 -0.00136635 0.00238909 -0.00165465
32.6797 4.57008 -0.00126484 0.00222979 -0.00173156
32.5391 4.68719 -0.00142689 0.00243604 -0.00130089
32.6797 4.68676 -0.00131984 0.00226533 -0.00135989
32.2578 4.80466 -0.00165781 0.00274678 -0.000757497
32.3985 4.80428 -0.0015822 0.00261979 -0.000800988
32.2578 4.92137 -0.0017106 0.00275439 -0.000271396
32.3985 4.92099 -0.0016373 0.00262639 -0.000285998
32.5391 4.80388 -0.00148786 0.00246435 -0.000841669
32.6797 4.80344 -0.00137649 0.0022834 -0.000878373
32.5391 4.92057 -0.00154307 0.00246678 -0.000299646
32.6797 4.92013 -0.00143 0.00227928 -0.000312112
32.8203 3.16959 -0.00100333 0.00175089 -0.00189809
32.961 3.16926 -0.000968741 0.00169347 -0.00194722
32.8203 3.28626 -0.00101265 0.00177599 -0.00193049
32.961 3.28592 -0.000977825 0.00171878 -0.00198439
33.1016 3.16892 -0.000935971 0.00163979 -0.00199984
33.2422 3.16855 -0.000908801 0.00159595 -0.00205952
33.1016 3.28556 -0.000942705 0.00166232 -0.00204396
33.2422 3.28518 -0.000911974 0.00161403 -0.00211185
32.8203 3.40293 -0.00101909 0.00179794 -0.00197255
32.961 3.40258 -0.000982924 0.00173933 -0.0020315
32.8203 3.5196 -0.00102289 0.0018171 -0.00202312
32.961 3.51924 -0.000984172 0.00175529 -0.00208732
33.1016 3.40221 -0.000944963 0.00167932 -0.00209722
33.2422 3.40182 -0.000909884 0.00162531 -0.0021718
33.1016 3.51885 -0.000942889 0.00169106 -0.00215918
33.2422 3.51845 -0.000902677 0.00163013 -0.00223973
33.3828 3.16817 -0.000884189 0.00155725 -0.00212716
33.5235 3.16777 -0.000856365 0.00151477 -0.00220143
33.3828 3.28479 -0.000883562 0.00157072 -0.00218887
33.5235 3.28437 -0.000852253 0.00152434 -0.00227392
33.6641 3.16734 -0.000818966 0.00145873 -0.00227926
33.8047 3.1669 -0.000767165 0.00138195 -0.00235893
33.6641 3.28393 -0.000812045 0.00146565 -0.00236434
33.8047 3.28348 -0.0007575 0.0013864 -0.00245692
33.3828 3.4014 -0.000876846 0.00157604 -0.00225626
33.5235 3.40097 -0.000841267 0.00152435 -0.00234894
33.3828 3.51802 -0.000864123 0.0015735 -0.00233038
33.5235 3.51758 -0.000823671 0.00151551 -0.00242907
33.6641 3.40052 -0.000797532 0.00146152 -0.00244681
33.8047 3.40005 -0.000739832 0.00137872 -0.0025466
33.6641 3.51711 -0.000775971 0.00144773 -0.00253196
33.8047 3.51662 -0.000715046 0.00136094 -0.00263491
32.8203 3.63627 -0.00102474 0.00183432 -0.00207962
32.961 3.63589 -0.000981559 0.00176632 -0.00214823
32.8203 3.75294 -0.00102595 0.00185138 -0.00213939
32.961 3.75255 -0.000975796 0.00177303 -0.00220981
33.1016 3.6355 -0.000936061 0.00169663 -0.00222669
33.2422 3.63508 -0.000889957 0.00162774 -0.00231355
33.1016 3.75214 -0.000924204 0.00169486 -0.00229306
33.2422 3.75171 -0.000871261 0.00161656 -0.00238548
32.8203 3.86961 -0.00102819 0.00187047 -0.00219894
32.961 3.86921 -0.000969048 0.00177829 -0.00226816
32.8203 3.98628 -0.0010331 0.00189321 -0.00225129
32.961 3.98587 -0.000963979 0.00178549 -0.00231807
33.1016 3.86879 -0.000908886 0.00168719 -0.0023507
33.2422 3.86835 -0.000847635 0.00159664 -0.0024432
33.1016 3.98544 -0.000893491 0.00167809 -0.00239468
33.2422 3.98498 -0.000822273 0.00157173 -0.00247921
33.3828 3.63464 -0.00084484 0.00156217 -0.00240971
33.5235 3.63418 -0.000798542 0.00149635 -0.00251302
33.3828 3.75126 -0.000818493 0.00154029 -0.00248556
33.5235 3.75078 -0.000764985 0.00146433 -0.00259065
33.6641 3.6337 -0.000746177 0.00142241 -0.00261883
33.8047 3.63319 -0.000681897 0.00133114 -0.00272169
33.6641 3.75029 -0.000706671 0.00138194 -0.00269551
33.8047 3.74976 -0.000638248 0.0012845 -0.00279331
33.3828 3.86788 -0.000786149 0.00150745 -0.00254171
33.5235 3.86739 -0.000724005 0.00141846 -0.00264209
33.3828 3.9845 -0.000750956 0.00146683 -0.00256737
33.5235 3.98399 -0.0006792 0.00136215 -0.00265366
33.6641 3.86687 -0.000658188 0.00132442 -0.00273841
33.8047 3.86634 -0.000584417 0.00121803 -0.00282274
33.6641 3.98346 -0.000604941 0.00125373 -0.00273128
33.8047 3.98291 -0.000525132 0.00113605 -0.00279198
33.9453 3.16644 -0.000696613 0.00127836 -0.00244103
34.0859 3.16596 -0.000601962 0.00114072 -0.00252772
33.9453 3.283 -0.000683379 0.00127897 -0.00255016
34.0859 3.2825 -0.000584396 0.00113596 -0.00264359
34.2266 3.16547 -0.000480931 0.000966314 -0.00262006
34.3672 3.16495 -0.000338747 0.00076289 -0.00271312
34.2266 3.28199 -0.000459641 0.00095638 -0.00273498
34.3672 3.28145 -0.000317387 0.000752151 -0.00281703
33.9453 3.39955 -0.000662479 0.00126751 -0.00264548
34.0859 3.39904 -0.00056101 0.00112138 -0.00273999
33.9453 3.51611 -0.000635305 0.00124666 -0.0027337
34.0859 3.51558 -0.000533213 0.00109953 -0.00282314
34.2266 3.39851 -0.000436105 0.000941302 -0.00282463
34.3672 3.39795 -0.000298095 0.000742029 -0.00289105
34.2266 3.51502 -0.000410927 0.000922468 -0.00289612
34.3672 3.51445 -0.000280123 0.000732027 -0.0029436
34.5078 3.16441 -0.000192094 0.000553822 -0.00279305
34.6484 3.16386 -6.53649e-05 0.000372764 -0.0028421
34.5078 3.28089 -0.000177098 0.000550578 -0.00287595
34.6484 3.28032 -6.08551e-05 0.000382328 -0.00289952
34.7891 3.16328 2.94112e-05 0.000235944 -0.00285368
34.9297 3.16269 9.93908e-05 0.000134193 -0.00284608
34.7891 3.27972 2.72143e-05 0.000253157 -0.00289112
34.9297 3.27911 0.000100708 0.000145327 -0.00287408
34.5078 3.39737 -0.000167399 0.000552421 -0.00292834
34.6484 3.39678 -6.17249e-05 0.000397336 -0.00293071
34.5078 3.51386 -0.000160297 0.000555937 -0.00295792
34.6484 3.51324 -6.36907e-05 0.000411905 -0.00294117
34.7891 3.39616 2.22295e-05 0.000272551 -0.00290846
34.9297 3.39552 0.000101134 0.000156317 -0.00288651
34.7891 3.5126 1.84594e-05 0.000288595 -0.00290985
34.9297 3.51194 0.000102366 0.000164929 -0.00288675
33.9453 3.63266 -0.000600416 0.00121428 -0.00281573
34.086 3.63212 -0.000499048 0.00106748 -0.00289408
33.9453 3.74922 -0.000555069 0.00116443 -0.00287622
34.086 3.74865 -0.000455436 0.00101852 -0.00293542
34.2266 3.63154 -0.000381382 0.000895555 -0.00294836
34.3672 3.63095 -0.000259846 0.00071613 -0.00297043
34.2266 3.74806 -0.000344118 0.000853183 -0.00296226
34.3672 3.74745 -0.000233246 0.00068594 -0.00295236
33.9453 3.86578 -0.000499159 0.00109313 -0.00288581
34.086 3.86519 -0.00040194 0.000948113 -0.00291791
33.9453 3.98233 -0.000437624 0.00100494 -0.00282678
34.086 3.98173 -0.000343186 0.000860674 -0.00282734
34.2266 3.86458 -0.000298222 0.000790452 -0.00291185
34.3672 3.86395 -0.000198696 0.000636121 -0.00286893
34.2266 3.9811 -0.000247367 0.000711162 -0.00278996
34.3672 3.98045 -0.000158463 0.000569455 -0.00272156
34.5078 3.63034 -0.000151204 0.000553496 -0.00295843
34.6484 3.6297 -6.18676e-05 0.000417906 -0.00292348
34.5078 3.74682 -0.000135727 0.000536331 -0.00291216
34.6484 3.74616 -5.30092e-05 0.00040834 -0.00286039
34.7891 3.62904 1.93669e-05 0.000295102 -0.00288606
34.9297 3.62836 0.000105188 0.00016868 -0.00286377
34.7891 3.74548 2.58356e-05 0.0002883 -0.00281782
34.9297 3.74478 0.000108688 0.000166104 -0.00279567
34.5078 3.8633 -0.000112061 0.000499488 -0.00280394
34.6484 3.86262 -3.64428e-05 0.000380347 -0.00274025
34.5078 3.97978 -8.11738e-05 0.000444749 -0.00264227
34.6484 3.97908 -1.26108e-05 0.000335502 -0.00257568
34.7891 3.86192 3.68673e-05 0.000267965 -0.0026952
34.9297 3.8612 0.000111619 0.000157426 -0.00267337
34.7891 3.97836 5.21233e-05 0.00023585 -0.00253331
34.9297 3.97761 0.000114261 0.000143746 -0.00251394
32.8203 4.10295 -0.00104224 0.00192027 -0.00228385
32.961 4.10253 -0.000962692 0.00179628 -0.00234822
32.8203 4.21962 -0.00105735 0.0019516 -0.00227804
32.961 4.21919 -0.000967024 0.00181069 -0.00233965
33.1016 4.10208 -0.000881045 0.00167089 -0.00241634
33.2422 4.10161 -0.000798678 0.00154611 -0.0024873
33.1016 4.21873 -0.000873713 0.00166622 -0.00239769
33.2422 4.21825 -0.000779495 0.00152139 -0.00245188
32.8203 4.33629 -0.00108016 0.00198615 -0.00221076
32.961 4.33585 -0.000978865 0.00182779 -0.00226822
32.8203 4.45297 -0.0011118 0.00202131 -0.00205658
32.961 4.45251 -0.000999705 0.00184543 -0.0021079
33.1016 4.33538 -0.000873504 0.00166336 -0.00231474
33.2422 4.33488 -0.000766904 0.00149732 -0.00235075
33.1016 4.45202 -0.00088221 0.00166078 -0.0021428
33.2422 4.45151 -0.000762945 0.00147314 -0.00216201
33.3828 4.10112 -0.000716633 0.00142305 -0.00255744
33.5235 4.1006 -0.000634918 0.00130094 -0.00262108
33.3828 4.21774 -0.000686172 0.00137857 -0.00249945
33.5235 4.2172 -0.000594431 0.00123812 -0.00253569
33.6641 4.10005 -0.000552243 0.00117696 -0.0026714
33.8047 4.09948 -0.000466615 0.00104721 -0.00270119
33.6641 4.21664 -0.000503633 0.00109834 -0.00255522
33.8047 4.21606 -0.000412456 0.000956602 -0.00255334
33.3828 4.33436 -0.000661817 0.00133368 -0.00237477
33.5235 4.33381 -0.000559759 0.00117428 -0.00238391
33.3828 4.45098 -0.000645663 0.00128824 -0.00216537
33.5235 4.45041 -0.00053274 0.00110952 -0.00215222
33.6641 4.33323 -0.000460594 0.00101846 -0.00237533
33.8047 4.33263 -0.00036338 0.000864543 -0.00234752
33.6641 4.44982 -0.00042446 0.000937294 -0.00212247
33.8047 4.4492 -0.000320361 0.000770942 -0.00207731
32.8203 4.56964 -0.0011522 0.00205258 -0.00179256
32.961 4.56917 -0.00102987 0.00185971 -0.00183591
32.8203 4.68631 -0.00119945 0.00207406 -0.00140759
32.961 4.68583 -0.00106828 0.00186603 -0.00144105
33.1016 4.56867 -0.00090091 0.00165602 -0.00186088
33.2422 4.56815 -0.000769588 0.00144817 -0.00186738
33.1016 4.68532 -0.000929951 0.00164668 -0.00145767
33.2422 4.68478 -0.000788721 0.00142252 -0.00145624
32.8203 4.80298 -0.00125028 0.0020804 -0.000908936
32.961 4.80249 -0.0011131 0.00186119 -0.000930189
32.8203 4.91965 -0.00130139 0.00206936 -0.000322583
32.961 4.91915 -0.00116186 0.00184427 -0.00032962
33.1016 4.80197 -0.000968805 0.0016315 -0.000939191
33.2422 4.80141 -0.000820942 0.00139669 -0.000934624
33.1016 4.91861 -0.00101512 0.00160976 -0.000331986
33.2422 4.91805 -0.000863933 0.00137012 -0.00032916
33.3828 4.56759 -0.000640402 0.00124314 -0.00185597
33.5235 4.56702 -0.000516488 0.00104581 -0.00182802
33.3828 4.68421 -0.000649238 0.00120079 -0.00143762
33.5235 4.68362 -0.000515245 0.000987514 -0.00140452
33.6641 4.56641 -0.000398758 0.000857754 -0.00178575
33.8047 4.56577 -0.000287666 0.000679884 -0.00173183
33.6641 4.683 -0.000388767 0.000786107 -0.00136035
33.8047 4.68235 -0.00027153 0.000599396 -0.00130805
33.3828 4.80083 -0.000673794 0.00116352 -0.000917504
33.5235 4.80023 -0.000531677 0.000938881 -0.000890515
33.3828 4.91745 -0.000712254 0.00113153 -0.000321659
33.5235 4.91683 -0.000564883 0.000901398 -0.000310625
33.6641 4.79959 -0.000398001 0.000728222 -0.000856645
33.8047 4.79892 -0.000275762 0.000536142 -0.000818143
33.6641 4.91618 -0.000426275 0.000686481 -0.000297272
33.8047 4.91549 -0.000300274 0.000492422 -0.000282469
33.9453 4.09889 -0.000377069 0.0009095 -0.00270375
34.086 4.09827 -0.000285192 0.000765662 -0.00267434
33.9453 4.21544 -0.00032063 0.000812118 -0.00252689
34.086 4.21481 -0.0002301 0.000667699 -0.00247512
34.2266 4.09762 -0.00019598 0.000623232 -0.00261373
34.3672 4.09696 -0.000115103 0.000491852 -0.00253276
34.2266 4.21414 -0.000145171 0.000530226 -0.00240232
34.3672 4.21346 -6.96424e-05 0.000406689 -0.00232025
33.9453 4.332 -0.000268331 0.000712814 -0.00230043
34.086 4.33135 -0.000177748 0.000566886 -0.00223594
33.9453 4.44856 -0.000221482 0.000612153 -0.00201848
34.086 4.44788 -0.000130738 0.000465496 -0.0019487
34.2266 4.33066 -9.56367e-05 0.00043332 -0.00215971
34.3672 4.32996 -2.49146e-05 0.000317567 -0.00208195
34.2266 4.44718 -5.19694e-05 0.000337157 -0.00187322
34.3672 4.44646 1.25059e-05 0.000231318 -0.00179983
34.5078 4.09626 -4.45508e-05 0.000376855 -0.00245199
34.6484 4.09554 1.71827e-05 0.000278221 -0.00239044
34.5078 4.21274 -4.56449e-06 0.000300592 -0.00224568
34.6484 4.212 4.91885e-05 0.000214533 -0.00219087
34.7891 4.0948 7.08324e-05 0.000195342 -0.00235355
34.9297 4.09403 0.000117003 0.000126604 -0.0023372
34.7891 4.21124 8.96661e-05 0.000151224 -0.00215734
34.9297 4.21045 0.000118475 0.000107611 -0.00214191
34.5078 4.32922 3.33647e-05 0.000222382 -0.00201379
34.6484 4.32847 7.67462e-05 0.000151855 -0.00196156
34.5078 4.44571 6.16906e-05 0.00014999 -0.00173508
34.6484 4.44493 9.31929e-05 9.67172e-05 -0.00168229
34.7891 4.32768 0.000102969 0.000108971 -0.00192605
34.9297 4.32687 0.000115684 8.81892e-05 -0.00190804
34.7891 4.44412 0.000106263 7.24713e-05 -0.00164381
34.9297 4.44329 0.000106539 6.92742e-05 -0.00162357
33.9453 4.56511 -0.000185434 0.000515722 -0.00166887
34.086 4.56442 -9.55553e-05 0.000370628 -0.00159976
33.9453 4.68167 -0.000166759 0.000432347 -0.00125035
34.086 4.68096 -7.81898e-05 0.000290572 -0.00118996
34.2266 4.56371 -2.13442e-05 0.000249787 -0.00152876
34.3672 4.56296 3.58043e-05 0.000155622 -0.00146122
34.2266 4.68023 -8.33779e-06 0.000177844 -0.00113005
34.3672 4.67946 4.25192e-05 9.46243e-05 -0.0010741
33.9453 4.79823 -0.00016879 0.000368337 -0.00077694
34.086 4.7975 -8.07819e-05 0.000230175 -0.000734907
33.9453 4.91478 -0.000191033 0.000325182 -0.00026692
34.086 4.91404 -0.000102145 0.000189758 -0.000251297
34.2266 4.79675 -1.34955e-05 0.000124079 -0.000694028
34.3672 4.79596 3.3806e-05 4.88015e-05 -0.000656506
34.2266 4.91327 -3.49502e-05 8.77353e-05 -0.000236308
34.3672 4.91247 1.18612e-05 1.68013e-05 -0.000222758
34.5078 4.56219 7.55106e-05 8.88592e-05 -0.00140125
34.6484 4.56139 9.67047e-05 5.10593e-05 -0.00135194
34.5078 4.67867 7.5179e-05 3.97568e-05 -0.00102528
34.6484 4.67785 9.00584e-05 1.27157e-05 -0.000987124
34.7891 4.56056 0.00010017 4.11722e-05 -0.00131697
34.9297 4.55971 9.19971e-05 5.05142e-05 -0.00129967
34.7891 4.677 8.81651e-05 1.21244e-05 -0.000963113
34.9297 4.67613 7.41958e-05 3.08866e-05 -0.000953465
34.5078 4.79515 6.31227e-05 1.32629e-06 -0.000624821
34.6484 4.79431 7.58827e-05 -2.03589e-05 -0.000602226
34.5078 4.91163 4.09377e-05 -2.72259e-05 -0.00021165
34.6484 4.91077 5.41426e-05 -4.72447e-05 -0.000204399
34.7891 4.79344 7.20682e-05 -1.62624e-05 -0.000591171
34.9297 4.79254 5.37946e-05 9.85193e-06 -0.000589349
34.7891 4.90988 5.02165e-05 -4.16726e-05 -0.000201938
34.9297 4.90896 2.94791e-05 -1.15414e-05 -0.000203088
