26.0703 -2.42532 2.34428e-06 4.2314e-05 0.000485494
26.2109 -2.42577 -3.25421e-05 0.000111364 0.000468734
26.0703 -2.3089 3.69627e-07 2.83337e-05 0.000314942
26.2109 -2.30933 -2.59012e-05 7.98556e-05 0.000296373
26.3516 -2.42621 -7.74853e-05 0.000198249 0.000435223
26.4922 -2.42664 -0.000141597 0.00032066 0.000382282
26.3516 -2.30975 -6.47016e-05 0.000154539 0.000261486
26.4922 -2.31016 -0.000123869 0.000267593 0.0002094
26.0703 -2.19248 -1.73674e-06 1.59491e-05 0.00014138
26.2109 -2.19289 -2.0396e-05 5.22663e-05 0.000124154
26.0703 -2.07606 -4.29159e-06 6.51706e-06 -2.71512e-05
26.2109 -2.07646 -1.71487e-05 3.13619e-05 -4.20129e-05
26.3516 -2.19329 -5.38131e-05 0.000116551 9.11192e-05
26.4922 -2.19368 -0.000108562 0.000221456 4.21096e-05
26.3516 -2.07683 -4.60137e-05 8.70034e-05 -7.15849e-05
26.4922 -2.0772 -9.67155e-05 0.000184568 -0.000115804
26.6328 -2.42705 -0.000230198 0.000488364 0.000308078
26.7734 -2.42745 -0.000343788 0.000701757 0.000215197
26.6328 -2.31055 -0.000208452 0.000428208 0.000138326
26.7734 -2.31093 -0.000319232 0.000637226 5.01763e-05
26.9141 -2.42783 -0.000479448 0.00095476 0.000109123
27.0547 -2.4282 -0.000629389 0.00123197 -3.93389e-06
26.9141 -2.3113 -0.000453587 0.000889031 -5.00746e-05
27.0547 -2.31165 -0.000603843 0.00116832 -0.000156627
26.6328 -2.19405 -0.000189211 0.000375265 -2.37139e-05
26.7734 -2.19441 -0.00029689 0.000579453 -0.000104709
26.6328 -2.07755 -0.000173419 0.000331598 -0.00017451
26.7734 -2.07789 -0.000277579 0.000530171 -0.000246356
26.9141 -2.19476 -0.000429469 0.000829231 -0.000196903
27.0547 -2.19509 -0.000579441 0.00110946 -0.000295582
26.9141 -2.07822 -0.000407622 0.000776429 -0.000328961
27.0547 -2.07853 -0.000556352 0.00105564 -0.000419425
26.0703 -1.95965 -7.13209e-06 1.30226e-07 -0.000184322
26.2109 -1.96002 -1.61776e-05 1.74972e-05 -0.000196967
26.0703 -1.84323 -9.97481e-06 -3.65895e-06 -0.000326187
26.2109 -1.84358 -1.69634e-05 9.73834e-06 -0.000336927
26.3516 -1.96037 -4.15567e-05 6.66019e-05 -0.000222738
26.4922 -1.96072 -8.86876e-05 0.000157753 -0.000261285
26.3516 -1.84391 -3.99903e-05 5.45204e-05 -0.000358972
26.4922 -1.84424 -8.41721e-05 0.000140428 -0.000391535
26.0703 -1.72681 -1.25667e-05 -5.44889e-06 -0.00045082
26.2109 -1.72714 -1.88433e-05 6.67326e-06 -0.00045981
26.0703 -1.6104 -1.47526e-05 -5.79176e-06 -0.000558125
26.2109 -1.6107 -2.12503e-05 6.93829e-06 -0.00056522
26.3516 -1.72745 -4.05342e-05 4.91232e-05 -0.000478147
26.4922 -1.72776 -8.24561e-05 0.000131085 -0.000504614
26.3516 -1.61099 -4.24082e-05 4.86438e-05 -0.000579554
26.4922 -1.61128 -8.27344e-05 0.000127923 -0.000599717
26.6328 -1.96105 -0.000161483 0.000298044 -0.000311712
26.7734 -1.96137 -0.000261678 0.000490067 -0.000373215
26.6328 -1.84455 -0.000153252 0.000274263 -0.000433276
26.7734 -1.84485 -0.000249144 0.000458939 -0.000484143
26.9141 -1.96168 -0.000388185 0.000730753 -0.000445484
27.0547 -1.96198 -0.000534309 0.00100613 -0.000528084
26.9141 -1.84514 -0.000371044 0.000691803 -0.000546009
27.0547 -1.84542 -0.000512892 0.000959937 -0.000621185
26.6328 -1.72805 -0.000148189 0.000259069 -0.000537742
26.7734 -1.72833 -0.000239663 0.000436003 -0.000578269
26.6328 -1.61155 -0.000145627 0.000250942 -0.000624398
26.7734 -1.61181 -0.000232835 0.000420275 -0.000654991
26.9141 -1.72861 -0.000356071 0.000659149 -0.000629894
27.0547 -1.72887 -0.000491988 0.000916723 -0.000697285
26.9141 -1.61207 -0.000343305 0.000632695 -0.000696325
27.0547 -1.61231 -0.00047212 0.0008774 -0.000754488
27.1953 -2.42855 -0.000777495 0.00150213 -0.000117869
27.3359 -2.42889 -0.000900844 0.00172151 -0.000227545
27.1953 -2.31198 -0.000753862 0.00144365 -0.000264263
27.3359 -2.3123 -0.000880099 0.00166988 -0.000368959
27.4766 -2.42922 -0.000988786 0.00187062 -0.000331879
27.6172 -2.42953 -0.00104974 0.00196661 -0.000432814
27.4766 -2.31261 -0.000970165 0.00182419 -0.000469172
27.6172 -2.31291 -0.00103208 0.00192315 -0.000565533
27.1953 -2.19541 -0.000730543 0.00138829 -0.000396404
27.3359 -2.19572 -0.000858814 0.0016197 -0.000495674
27.1953 -2.07884 -0.000707648 0.00133609 -0.000514246
27.3359 -2.07913 -0.000837513 0.0015717 -0.000608903
27.4766 -2.19601 -0.000950789 0.00177882 -0.000591032
27.6172 -2.19629 -0.00101385 0.0018811 -0.000681976
27.4766 -2.0794 -0.00093165 0.00173607 -0.000699246
27.6172 -2.07967 -0.000996487 0.0018429 -0.000783822
27.7578 -2.42982 -0.00108873 0.00202044 -0.000525531
27.8984 -2.4301 -0.00110265 0.00202813 -0.000597374
27.7578 -2.31319 -0.0010735 0.0019825 -0.000655241
27.8984 -2.31345 -0.00109241 0.00199999 -0.000728909
28.0391 -2.43037 -0.0010979 0.00200254 -0.000648247
28.1797 -2.43062 -0.00108733 0.00196657 -0.000696435
28.0391 -2.31371 -0.00108966 0.00197832 -0.000782037
28.1797 -2.31395 -0.00107629 0.00193762 -0.000828308
27.7578 -2.19655 -0.00105701 0.00194477 -0.000767251
27.8984 -2.19681 -0.00108011 0.00197065 -0.000841599
27.7578 -2.07992 -0.0010414 0.00191101 -0.000862436
27.8984 -2.08016 -0.00106775 0.00194385 -0.000933075
28.0391 -2.19705 -0.00108169 0.00195712 -0.000899341
28.1797 -2.19727 -0.00106884 0.00191766 -0.000946584
28.0391 -2.08039 -0.00107429 0.00193995 -0.000992159
28.1797 -2.0806 -0.0010652 0.00190762 -0.00104145
27.1953 -1.96226 -0.000684732 0.00128593 -0.000618531
27.3359 -1.96254 -0.00081618 0.00152552 -0.000710475
27.1953 -1.84569 -0.00066103 0.00123618 -0.000708657
27.3359 -1.84595 -0.000794194 0.00147982 -0.000800217
27.4766 -1.9628 -0.000913386 0.00169678 -0.000796591
27.6172 -1.96305 -0.000981117 0.00181024 -0.000874452
27.4766 -1.8462 -0.00089595 0.00166064 -0.000884185
27.6172 -1.84643 -0.000968124 0.00178353 -0.000956476
27.1953 -1.72912 -0.000636055 0.00118592 -0.000781342
27.3359 -1.72936 -0.0007705 0.00143269 -0.000873675
27.1953 -1.61255 -0.000610297 0.00113614 -0.000832298
27.3359 -1.61277 -0.000744301 0.00138282 -0.000923707
27.4766 -1.72959 -0.000878234 0.00162557 -0.000958982
27.6172 -1.72981 -0.000956729 0.0017612 -0.00102948
27.4766 -1.61299 -0.000858149 0.00158788 -0.00101315
27.6172 -1.61319 -0.000944747 0.00173929 -0.00108769
27.7578 -1.96329 -0.00102863 0.00188444 -0.000944862
27.8984 -1.96351 -0.00105835 0.00192469 -0.00100756
27.7578 -1.84666 -0.00101959 0.00186626 -0.00101906
27.8984 -1.84687 -0.00105386 0.0019161 -0.0010729
28.0391 -1.96373 -0.00106976 0.00193069 -0.00106122
28.1797 -1.96393 -0.00106565 0.00190814 -0.00110792
28.0391 -1.84707 -0.00107086 0.00193351 -0.00111757
28.1797 -1.84726 -0.00107226 0.001922 -0.00115575
27.7578 -1.73002 -0.00101371 0.00185512 -0.00108722
27.8984 -1.73022 -0.00105398 0.00191702 -0.00113458
27.7578 -1.61339 -0.00100901 0.00184739 -0.00114628
27.8984 -1.61357 -0.00105671 0.00192368 -0.00119183
28.0391 -1.73041 -0.00107805 0.00194838 -0.00117175
28.1797 -1.73059 -0.00108651 0.00195073 -0.00120052
28.0391 -1.61375 -0.0010893 0.00197136 -0.00122566
28.1797 -1.61392 -0.00110701 0.00199133 -0.00124857
26.0703 -1.49398 -1.64696e-05 -5.08269e-06 -0.00064851
26.2109 -1.49426 -2.38085e-05 9.51769e-06 -0.000653299
26.0703 -1.37756 -1.77232e-05 -3.56445e-06 -0.000722292
26.2109 -1.37782 -2.63303e-05 1.37799e-05 -0.000724227
26.3516 -1.49453 -4.50143e-05 5.1639e-05 -0.000663032
26.4922 -1.4948 -8.43357e-05 0.000129369 -0.000676485
26.3516 -1.37807 -4.80061e-05 5.71585e-05 -0.000728625
26.4922 -1.37832 -8.68494e-05 0.00013435 -0.000734819
26.0703 -1.26115 -1.85867e-05 -1.36469e-06 -0.000780368
26.2109 -1.26138 -2.88152e-05 1.94402e-05 -0.000778897
26.0703 -1.14473 -1.9222e-05 1.53267e-06 -0.000824825
26.2109 -1.14495 -3.14806e-05 2.66224e-05 -0.00081932
26.3516 -1.26161 -5.1318e-05 6.47791e-05 -0.000777194
26.4922 -1.26184 -9.01618e-05 0.000142347 -0.000775508
26.3516 -1.14515 -5.51695e-05 7.46217e-05 -0.000810659
26.4922 -1.14536 -9.44181e-05 0.000153323 -0.0008004
26.6328 -1.49505 -0.000144974 0.000248489 -0.000692722
26.7734 -1.4953 -0.000228319 0.000410886 -0.000713592
26.6328 -1.37855 -0.000145843 0.000250702 -0.00074241
26.7734 -1.37878 -0.000225905 0.000407198 -0.000753539
26.9141 -1.49553 -0.000332943 0.000612647 -0.00074432
27.0547 -1.49576 -0.000454268 0.00084371 -0.000791424
26.9141 -1.37899 -0.000325201 0.000599214 -0.000773294
27.0547 -1.3792 -0.000439387 0.000817261 -0.0008079
26.6328 -1.26205 -0.000148083 0.000256992 -0.000774129
26.7734 -1.26226 -0.000225501 0.000408747 -0.000775395
26.6328 -1.14555 -0.000151734 0.00026711 -0.000789679
26.7734 -1.14574 -0.000227094 0.000415182 -0.000780954
26.9141 -1.26246 -0.000320223 0.000592386 -0.000783951
27.0547 -1.26265 -0.0004281 0.000798928 -0.000805308
26.9141 -1.14592 -0.000318049 0.000591905 -0.000778273
27.0547 -1.14609 -0.000420639 0.00078879 -0.000786252
26.0703 -1.02831 -1.99014e-05 5.36637e-06 -0.000858763
26.2109 -1.02851 -3.4798e-05 3.59699e-05 -0.000848348
26.0703 -0.911897 -2.10097e-05 1.06504e-05 -0.000885629
26.2109 -0.912069 -3.94861e-05 4.86714e-05 -0.000869075
26.3516 -1.02869 -6.00382e-05 8.73364e-05 -0.000831598
26.4922 -1.02888 -9.99512e-05 0.000167631 -0.000811931
26.3516 -0.912235 -6.66029e-05 0.000104019 -0.000842799
26.4922 -0.912396 -0.000107218 0.000185908 -0.000812739
26.0703 -0.795481 -2.29382e-05 1.80416e-05 -0.000906809
26.2109 -0.795631 -4.63163e-05 6.61248e-05 -0.000883202
26.0703 -0.679064 -2.57159e-05 2.76678e-05 -0.000916854
26.2109 -0.679192 -5.54483e-05 8.86456e-05 -0.000887673
26.3516 -0.795775 -7.55685e-05 0.000125893 -0.000846364
26.4922 -0.795915 -0.000116704 0.000208907 -0.000805178
26.3516 -0.679316 -8.72003e-05 0.000153402 -0.000841712
26.4922 -0.679435 -0.000128692 0.00023706 -0.000790027
26.6328 -1.02905 -0.000156954 0.000281055 -0.000791439
26.7734 -1.02922 -0.000230714 0.000426244 -0.000772578
26.6328 -0.912551 -0.000163982 0.000299024 -0.000781954
26.7734 -0.9127 -0.000236425 0.000441782 -0.000752741
26.9141 -1.02938 -0.000318628 0.000597348 -0.00075873
27.0547 -1.02954 -0.000416922 0.000786354 -0.000753603
26.9141 -0.912844 -0.000321859 0.000608243 -0.000727785
27.0547 -0.912982 -0.000416683 0.000790818 -0.000709969
26.6328 -0.796051 -0.000173092 0.000321335 -0.000763627
26.7734 -0.796181 -0.000244316 0.000461741 -0.000723791
26.6328 -0.679551 -0.000184498 0.000348255 -0.000737757
26.7734 -0.679662 -0.000254465 0.000486117 -0.000687148
26.9141 -0.796307 -0.000327635 0.000624153 -0.000687711
27.0547 -0.796427 -0.000419575 0.00080129 -0.000657592
26.9141 -0.679769 -0.000335847 0.000644703 -0.00063989
27.0547 -0.679872 -0.000425244 0.000816922 -0.000597752
27.1953 -1.49598 -0.00058525 0.00108958 -0.000859076
27.3359 -1.49618 -0.000716183 0.00133135 -0.000944738
27.1953 -1.3794 -0.000562762 0.00104951 -0.00086201
27.3359 -1.3796 -0.000688431 0.00128235 -0.000935824
27.4766 -1.49638 -0.000834046 0.00154471 -0.00103646
27.6172 -1.49657 -0.000929196 0.00171261 -0.00111882
27.4766 -1.37978 -0.000806755 0.00149758 -0.00102237
27.6172 -1.37996 -0.000908489 0.00167852 -0.0011085
27.1953 -1.26283 -0.000544336 0.0010184 -0.00084385
27.3359 -1.26301 -0.000663882 0.00124072 -0.000901062
27.1953 -1.14626 -0.000530742 0.000997279 -0.000808633
27.3359 -1.14642 -0.000644519 0.00120965 -0.000847127
27.4766 -1.26318 -0.000779789 0.00145261 -0.000973622
27.6172 -1.26334 -0.000884684 0.00164059 -0.00105267
27.4766 -1.14657 -0.000756865 0.00141606 -0.000900293
27.6172 -1.14672 -0.000862184 0.00160614 -0.000962858
27.7578 -1.49676 -0.00100248 0.00183786 -0.00118449
27.8984 -1.49693 -0.00105908 0.001931 -0.00123419
27.7578 -1.38012 -0.000991221 0.00182179 -0.0011826
27.8984 -1.38028 -0.00105782 0.00193368 -0.00124079
28.0391 -1.49709 -0.00110139 0.00199692 -0.00127001
28.1797 -1.49725 -0.00113017 0.00203752 -0.00129265
28.0391 -1.38043 -0.00111071 0.00201926 -0.00128366
28.1797 -1.38057 -0.0011515 0.00208196 -0.00131213
27.7578 -1.26349 -0.000974941 0.00179869 -0.00112749
27.8984 -1.26364 -0.00105105 0.00192869 -0.00119137
27.7578 -1.14686 -0.000956921 0.00177375 -0.00102736
27.8984 -1.14699 -0.00104017 0.00191782 -0.00108781
28.0391 -1.26377 -0.00111441 0.00203376 -0.00124229
28.1797 -1.2639 -0.00116687 0.00211783 -0.0012805
28.0391 -1.14711 -0.00111218 0.00203932 -0.00114125
28.1797 -1.14723 -0.00117433 0.00214131 -0.00118707
27.1953 -1.02969 -0.000522022 0.000985851 -0.000760228
27.3359 -1.02983 -0.000630941 0.0011898 -0.000780166
27.1953 -0.913115 -0.000517754 0.000983007 -0.00070171
27.3359 -0.913243 -0.000622715 0.00118002 -0.000704407
27.4766 -1.02997 -0.000739782 0.00139064 -0.000812872
27.6172 -1.0301 -0.000844169 0.00158016 -0.000855396
27.4766 -0.913364 -0.000728473 0.0013758 -0.000718044
27.6172 -0.913481 -0.000831407 0.00156351 -0.000741098
27.1953 -0.796543 -0.000517319 0.000987336 -0.000635398
27.3359 -0.796654 -0.000618972 0.00117842 -0.000622439
27.1953 -0.679971 -0.000520067 0.00099744 -0.000562436
27.3359 -0.680066 -0.000618769 0.00118307 -0.000535244
27.4766 -0.796761 -0.000721995 0.00136954 -0.000619064
27.6172 -0.796862 -0.000823251 0.00155472 -0.000624626
27.4766 -0.680157 -0.000719218 0.0013696 -0.000516784
27.6172 -0.680243 -0.00081862 0.00155166 -0.000506916
27.7578 -1.03022 -0.000940912 0.00175268 -0.000903277
27.8984 -1.03034 -0.00102849 0.00190576 -0.000952472
27.7578 -0.913591 -0.000928637 0.00173789 -0.0007711
27.8984 -0.913697 -0.00101842 0.00189594 -0.000805655
28.0391 -1.03046 -0.0011064 0.00203887 -0.00100053
28.1797 -1.03056 -0.00117528 0.0021536 -0.00104691
28.0391 -0.913796 -0.00109977 0.00203616 -0.000843216
28.1797 -0.91389 -0.00117269 0.00215888 -0.000883492
27.7578 -0.796959 -0.000920085 0.00172904 -0.000637851
27.8984 -0.79705 -0.00101067 0.00188927 -0.000657431
27.7578 -0.680326 -0.000914485 0.00172461 -0.000505045
27.8984 -0.680404 -0.00100496 0.00188512 -0.000510505
28.0391 -0.797137 -0.00109372 0.00203328 -0.000682499
28.1797 -0.797219 -0.00116886 0.00216063 -0.000712872
28.0391 -0.680478 -0.00108859 0.00203068 -0.00052284
28.1797 -0.680548 -0.0011648 0.00216047 -0.000541883
28.3203 -2.43085 -0.00106288 0.00190476 -0.000749667
28.4609 -2.43107 -0.00100237 0.00177807 -0.000792424
28.3203 -2.31417 -0.00105383 0.0018799 -0.000881691
28.4609 -2.31438 -0.00100573 0.00177559 -0.000934088
28.6016 -2.43128 -0.000903653 0.00158495 -0.000810369
28.7422 -2.43147 -0.000787932 0.00136497 -0.000806543
28.6016 -2.31458 -0.000922749 0.00161005 -0.00096796
28.7422 -2.31476 -0.000817611 0.00140801 -0.000978212
28.3203 -2.19749 -0.00104754 0.0018626 -0.00099768
28.4609 -2.19769 -0.00100833 0.00177464 -0.00105466
28.3203 -2.0808 -0.00104635 0.00185751 -0.00109105
28.4609 -2.08099 -0.00101333 0.00178121 -0.00114832
28.6016 -2.19787 -0.000940259 0.00163539 -0.00110345
28.7422 -2.19805 -0.000848053 0.00145534 -0.00113192
28.6016 -2.08117 -0.000957653 0.0016641 -0.00120701
28.7422 -2.08133 -0.000879449 0.00150816 -0.00125356
28.8828 -2.43165 -0.00067591 0.00115509 -0.000792968
29.0234 -2.43181 -0.000578115 0.000973263 -0.000779335
28.8828 -2.31493 -0.000709601 0.00120431 -0.000973754
29.0234 -2.31508 -0.000611734 0.00102152 -0.000965688
29.1641 -2.43196 -0.000498473 0.000825557 -0.000771249
29.3047 -2.43209 -0.000438348 0.000713527 -0.000772073
29.1641 -2.31522 -0.000530296 0.000869908 -0.00096191
29.3047 -2.31535 -0.000468353 0.000753978 -0.000967449
28.8828 -2.19821 -0.000746887 0.00126257 -0.00114216
29.0234 -2.19835 -0.000650856 0.00108191 -0.00114407
28.8828 -2.08148 -0.000788366 0.00133197 -0.00128268
29.0234 -2.08162 -0.000697397 0.00115892 -0.00129945
29.1641 -2.19849 -0.000568696 0.000928059 -0.00114745
29.3047 -2.19861 -0.000505744 0.000809512 -0.00115924
29.1641 -2.08175 -0.00061698 0.00100697 -0.00131325
29.3047 -2.08186 -0.000554936 0.000889133 -0.00133158
28.3203 -1.96412 -0.00105094 0.00186605 -0.00115568
28.4609 -1.9643 -0.00102369 0.00180068 -0.00121184
28.3203 -1.84744 -0.00106225 0.00188929 -0.0011958
28.4609 -1.84761 -0.00104126 0.00183599 -0.00124567
28.6016 -1.96447 -0.00097848 0.00170263 -0.00127425
28.7422 -1.96462 -0.000914092 0.00157101 -0.00133261
28.6016 -1.84776 -0.00100633 0.0017571 -0.00130457
28.7422 -1.84791 -0.000955692 0.00165036 -0.00136498
28.3203 -1.73076 -0.0010825 0.00193 -0.00122763
28.4609 -1.73091 -0.0010684 0.00189041 -0.00126163
28.3203 -1.61407 -0.00111185 0.00198759 -0.00126416
28.4609 -1.61422 -0.00110653 0.00196513 -0.00127942
28.6016 -1.73106 -0.00104379 0.00183134 -0.00130545
28.7422 -1.7312 -0.00100701 0.00175037 -0.00135536
28.6016 -1.61436 -0.00109221 0.00192604 -0.00130081
28.7422 -1.61448 -0.00106836 0.0018695 -0.0013301
28.8828 -1.96476 -0.000835723 0.00141641 -0.00137857
29.0234 -1.96489 -0.000753844 0.0012582 -0.00141118
28.8828 -1.84804 -0.000891923 0.00152146 -0.00141865
29.0234 -1.84817 -0.000822928 0.00138536 -0.00146082
29.1641 -1.96501 -0.000679164 0.00111525 -0.00143577
29.3047 -1.96512 -0.000621116 0.00100371 -0.00145791
29.1641 -1.84828 -0.000758498 0.00125973 -0.00149166
29.3047 -1.84838 -0.0007073 0.00115967 -0.00151383
28.8828 -1.73132 -0.000958964 0.00164993 -0.00140419
29.0234 -1.73144 -0.000905226 0.00154083 -0.00144553
28.8828 -1.6146 -0.0010354 0.00179684 -0.00136354
29.0234 -1.61471 -0.000996749 0.00171481 -0.00139569
29.1641 -1.73154 -0.000853626 0.0014374 -0.00147686
29.3047 -1.73164 -0.000810306 0.00135043 -0.0014995
29.1641 -1.61481 -0.000957398 0.00163267 -0.0014237
29.3047 -1.61489 -0.000921353 0.00155755 -0.00144805
29.4453 -2.43221 -0.000398977 0.000638635 -0.000783199
29.5859 -2.43231 -0.000382441 0.000604245 -0.000800761
29.4453 -2.31546 -0.000428484 0.000677582 -0.000983639
29.5859 -2.31556 -0.000412884 0.000644365 -0.00100494
29.7266 -2.4324 -0.000387023 0.000607446 -0.000815666
29.8672 -2.43247 -0.00040497 0.000634502 -0.000823232
29.7266 -2.31564 -0.000417869 0.000647944 -0.00102155
29.8672 -2.31571 -0.000435392 0.000674026 -0.00102933
29.4453 -2.19871 -0.00046629 0.000733195 -0.00118037
29.5859 -2.1988 -0.000451453 0.000700897 -0.00120396
29.4453 -2.08196 -0.000516866 0.000814731 -0.00135482
29.5859 -2.08205 -0.00050185 0.000781826 -0.00137726
29.7266 -2.19888 -0.000455742 0.000702896 -0.00122179
29.8672 -2.19895 -0.000472496 0.000727276 -0.00123039
29.7266 -2.08213 -0.000504038 0.000779807 -0.00139426
29.8672 -2.08219 -0.000519422 0.000801388 -0.00140292
30.0078 -2.43253 -0.000429563 0.000673286 -0.000824475
30.1484 -2.43258 -0.000456889 0.000716679 -0.000821589
30.0078 -2.31577 -0.00045997 0.000712721 -0.00102842
30.1484 -2.31581 -0.000487262 0.00075621 -0.00102052
30.2891 -2.43261 -0.000483575 0.000758589 -0.000817402
30.4297 -2.43262 -0.00050727 0.000794749 -0.000815294
30.2891 -2.31584 -0.000513082 0.000796942 -0.00100935
30.4297 -2.31585 -0.00053484 0.000830146 -0.000999986
30.0078 -2.199 -0.000497347 0.000766196 -0.00122856
30.1484 -2.19904 -0.000524909 0.000810061 -0.00121724
30.0078 -2.08224 -0.000544021 0.000839437 -0.00140103
30.1484 -2.08228 -0.000571271 0.000882348 -0.00138897
30.2891 -2.19907 -0.000549844 0.000849316 -0.00120083
30.4297 -2.19908 -0.000569321 0.000878703 -0.00118606
30.2891 -2.0823 -0.000594751 0.000918723 -0.00137125
30.4297 -2.08232 -0.000611459 0.000943028 -0.00135521
29.4453 -1.96522 -0.000584967 0.000932323 -0.00147872
29.5859 -1.9653 -0.000568483 0.000896553 -0.00149682
29.4453 -1.84847 -0.000672992 0.00109099 -0.00153082
29.5859 -1.84855 -0.000654363 0.0010509 -0.00154463
29.7266 -1.96537 -0.000567599 0.000888812 -0.00151032
29.8672 -1.96543 -0.000580338 0.000905339 -0.00151695
29.7266 -1.84861 -0.000649928 0.00103635 -0.00155457
29.8672 -1.84867 -0.000658084 0.00104421 -0.00155941
29.4453 -1.73172 -0.000777914 0.0012841 -0.00151697
29.5859 -1.73179 -0.000757432 0.00123968 -0.00153129
29.4453 -1.61497 -0.000891224 0.00149387 -0.00147001
29.5859 -1.61504 -0.000869197 0.00144527 -0.00149015
29.7266 -1.73186 -0.000748877 0.00121682 -0.00154238
29.8672 -1.73191 -0.00075059 0.00121233 -0.00154959
29.7266 -1.6151 -0.000856006 0.0014128 -0.00150797
29.8672 -1.61515 -0.000850438 0.00139415 -0.0015221
30.0078 -1.96548 -0.000602594 0.000938726 -0.00151515
30.1484 -1.96551 -0.000627359 0.000976591 -0.00150536
30.0078 -1.84871 -0.000674758 0.00106707 -0.00155865
30.1484 -1.84875 -0.000693731 0.00109394 -0.00155306
30.2891 -1.96554 -0.00064789 0.00100705 -0.00149138
30.4297 -1.96555 -0.000661171 0.00102467 -0.00147964
30.2891 -1.84877 -0.000709074 0.00111439 -0.00154559
30.4297 -1.84878 -0.000717988 0.00112345 -0.0015411
30.0078 -1.73195 -0.000759063 0.00121983 -0.00155245
30.1484 -1.73198 -0.000769651 0.00123109 -0.00155162
30.0078 -1.61519 -0.000850013 0.00138489 -0.00153111
30.1484 -1.61522 -0.000851622 0.0013795 -0.00153508
30.2891 -1.732 -0.000777879 0.00123823 -0.00154967
30.4297 -1.73201 -0.000781353 0.001237 -0.00155065
30.2891 -1.61524 -0.000852074 0.0013723 -0.00153655
30.4297 -1.61525 -0.000849425 0.0013598 -0.00153959
28.3203 -1.49739 -0.00114669 0.00205553 -0.00130322
28.4609 -1.49753 -0.00115263 0.00205419 -0.00130636
28.3203 -1.38071 -0.00118137 0.00212434 -0.00132623
28.4609 -1.38083 -0.00120041 0.00214685 -0.00132828
28.6016 -1.49765 -0.00114924 0.00203572 -0.0013095
28.7422 -1.49777 -0.00113711 0.0020012 -0.00131803
28.6016 -1.38095 -0.00120899 0.00215017 -0.00132428
28.7422 -1.38106 -0.00120813 0.0021362 -0.0013204
28.3203 -1.26403 -0.00120998 0.0021841 -0.00130613
28.4609 -1.26414 -0.00124286 0.00223129 -0.00131923
28.3203 -1.14734 -0.00122842 0.00222739 -0.00122589
28.4609 -1.14745 -0.00127411 0.00229727 -0.00125655
28.6016 -1.26425 -0.00126458 0.00225793 -0.0013215
28.7422 -1.26435 -0.00127557 0.00226496 -0.00131687
28.6016 -1.14755 -0.00130971 0.00234828 -0.00127578
28.7422 -1.14764 -0.00133402 0.00237861 -0.00128215
28.8828 -1.49788 -0.00111701 0.00195227 -0.00133276
29.0234 -1.49798 -0.00109092 0.00189282 -0.00135178
28.8828 -1.38116 -0.00119884 0.00210687 -0.00132054
29.0234 -1.38125 -0.00118233 0.00206455 -0.00132662
29.1641 -1.49807 -0.00106146 0.00182786 -0.00137344
29.3047 -1.49815 -0.00103127 0.00176219 -0.00139729
29.1641 -1.38134 -0.00116004 0.00201198 -0.00133951
29.3047 -1.38141 -0.00113385 0.00195268 -0.00135928
28.8828 -1.26444 -0.00127642 0.0022536 -0.00131011
29.0234 -1.26452 -0.00126773 0.00222502 -0.00130611
28.8828 -1.14772 -0.00134619 0.00238698 -0.00127783
29.0234 -1.1478 -0.00134539 0.00237207 -0.00126866
29.1641 -1.2646 -0.00125044 0.00218099 -0.00130922
29.3047 -1.26467 -0.00122649 0.00212515 -0.0013217
29.1641 -1.14786 -0.00133217 0.00233488 -0.00126267
29.3047 -1.14793 -0.00130933 0.00228057 -0.00126586
28.3203 -1.03066 -0.00123693 0.00225358 -0.00109242
28.4609 -1.03075 -0.00129241 0.00234103 -0.00113599
28.3203 -0.913979 -0.00123893 0.00226761 -0.000927082
28.4609 -0.914062 -0.00130075 0.00236677 -0.000973352
28.6016 -1.03084 -0.00134063 0.00241435 -0.00117269
28.7422 -1.03092 -0.0013791 0.0024695 -0.00119646
28.6016 -0.914139 -0.00135831 0.00245697 -0.0010185
28.7422 -0.914211 -0.00140926 0.00253429 -0.00105593
28.3203 -0.797296 -0.00123776 0.0022747 -0.000748785
28.4609 -0.797369 -0.00130336 0.00238118 -0.000789788
28.3203 -0.680614 -0.00123519 0.00227773 -0.000567578
28.4609 -0.680676 -0.00130303 0.00238874 -0.000599483
28.6016 -0.797436 -0.00136688 0.00248247 -0.000833553
28.7422 -0.797499 -0.00142687 0.00257617 -0.000875268
28.6016 -0.680734 -0.00137012 0.00249693 -0.000636148
28.7422 -0.680787 -0.00143588 0.00260133 -0.000674499
28.8828 -1.031 -0.00140471 0.00250128 -0.00120378
29.0234 -1.03107 -0.00141382 0.00250343 -0.00119701
28.8828 -0.914278 -0.00144911 0.00259105 -0.00107823
29.0234 -0.914339 -0.00147075 0.00261493 -0.00108156
29.1641 -1.03113 -0.00140539 0.00247427 -0.00118551
29.3047 -1.03119 -0.00138342 0.00242108 -0.00117967
29.1641 -0.914394 -0.00146956 0.00259804 -0.001071
29.3047 -0.914444 -0.00144946 0.00254763 -0.00105915
28.8828 -0.797557 -0.00147896 0.00265469 -0.000907672
29.0234 -0.79761 -0.00151415 0.00270231 -0.000922964
28.8828 -0.680837 -0.00149683 0.00269587 -0.000709027
29.0234 -0.680882 -0.00154407 0.00276486 -0.000731529
29.1641 -0.797658 -0.00152321 0.00270305 -0.000919076
29.3047 -0.797702 -0.00150718 0.00265931 -0.000905823
29.1641 -0.680923 -0.0015649 0.00278613 -0.000735424
29.3047 -0.68096 -0.00155547 0.00275356 -0.000724844
29.4453 -1.49823 -0.001003 0.00170052 -0.00142301
29.5859 -1.49829 -0.000979229 0.00164742 -0.0014497
29.4453 -1.38148 -0.00110639 0.0018915 -0.00138499
29.5859 -1.38154 -0.00108056 0.00183365 -0.00141455
29.7266 -1.49834 -0.000961276 0.00160513 -0.00147546
29.8672 -1.49839 -0.000948742 0.00157291 -0.00149753
29.7266 -1.38159 -0.00105812 0.00178235 -0.00144481
29.8672 -1.38163 -0.0010394 0.0017382 -0.00147186
29.4453 -1.26473 -0.00119892 0.00206309 -0.00134302
29.5859 -1.26478 -0.00117099 0.0020008 -0.00137046
29.4453 -1.14798 -0.00128107 0.00221683 -0.00127954
29.5859 -1.14803 -0.00125141 0.00215098 -0.00130097
29.7266 -1.26483 -0.00114472 0.00194199 -0.00139988
29.8672 -1.26487 -0.00112048 0.00188747 -0.00142668
29.7266 -1.14807 -0.00122242 0.00208691 -0.00132496
29.8672 -1.14811 -0.00119349 0.00202378 -0.00134564
30.0078 -1.49842 -0.000940237 0.00154835 -0.00151319
30.1484 -1.49845 -0.000933737 0.00152785 -0.00152177
30.0078 -1.38166 -0.0010238 0.00170027 -0.00149212
30.1484 -1.38169 -0.00101006 0.00166631 -0.00150448
30.2891 -1.49847 -0.000926856 0.00150715 -0.00152581
30.4297 -1.49848 -0.000918076 0.00148343 -0.00152955
30.2891 -1.3817 -0.000996451 0.0016332 -0.00151139
30.4297 -1.38171 -0.000981977 0.00159903 -0.00151695
30.0078 -1.2649 -0.00109781 0.00183653 -0.00144746
30.1484 -1.26492 -0.00107639 0.00178854 -0.00146217
30.0078 -1.14814 -0.00116231 0.00195762 -0.00136127
30.1484 -1.14816 -0.0011303 0.00189075 -0.00137711
30.2891 -1.26494 -0.00105602 0.00174303 -0.00147308
30.4297 -1.26494 -0.00103646 0.00169943 -0.0014828
30.2891 -1.14817 -0.00110225 0.00183131 -0.00139474
30.4297 -1.14818 -0.00107864 0.00178009 -0.0014114
29.4453 -1.03124 -0.00135427 0.00235534 -0.00118443
29.5859 -1.03128 -0.00132342 0.002287 -0.00119816
29.4453 -0.914488 -0.00141963 0.00248027 -0.00105574
29.5859 -0.914527 -0.001388 0.00241016 -0.0010618
29.7266 -1.03132 -0.00129318 0.00222035 -0.00121481
29.8672 -1.03135 -0.00126104 0.00215129 -0.00122646
29.7266 -0.91456 -0.00135726 0.00234224 -0.00107157
29.8672 -0.914587 -0.00132242 0.00226807 -0.00107663
29.4453 -0.79774 -0.00147755 0.00259183 -0.000896392
29.5859 -0.797774 -0.0014455 0.00252057 -0.000895327
29.4453 -0.680993 -0.00152769 0.00268886 -0.000712354
29.5859 -0.681022 -0.00149582 0.00261754 -0.000705156
29.7266 -0.797803 -0.00141385 0.00245069 -0.000897815
29.8672 -0.797827 -0.00137434 0.00236797 -0.000896807
29.7266 -0.681046 -0.00146259 0.00254455 -0.000699923
29.8672 -0.681067 -0.00141507 0.00244751 -0.000692108
30.0078 -1.03137 -0.00121899 0.00206601 -0.00123296
30.1484 -1.03139 -0.00117109 0.00197122 -0.00124913
30.0078 -0.914609 -0.00126826 0.00216139 -0.00107675
30.1484 -0.914626 -0.00120137 0.0020335 -0.00109149
30.2891 -1.0314 -0.001134 0.00189564 -0.00127515
30.4297 -1.03141 -0.00110783 0.0018395 -0.00129945
30.2891 -0.914637 -0.00115406 0.00194006 -0.00112155
30.4297 -0.914642 -0.00112547 0.00187953 -0.00115082
30.0078 -0.797846 -0.00130824 0.00224016 -0.000893723
30.1484 -0.797861 -0.00122464 0.00208323 -0.00090571
30.0078 -0.681083 -0.00133713 0.00229877 -0.000688789
30.1484 -0.681096 -0.00124301 0.00212351 -0.000697831
30.2891 -0.79787 -0.00116631 0.00197077 -0.000935743
30.4297 -0.797875 -0.00113302 0.00190205 -0.000969543
30.2891 -0.681104 -0.00117249 0.00199017 -0.000724376
30.4297 -0.681108 -0.0011306 0.00190674 -0.000763226
