26.0703 -0.562648 -2.85106e-05 3.79941e-05 -0.00090147
26.2109 -0.562754 -6.54427e-05 0.000113401 -0.000872426
26.0703 -0.446231 -2.98688e-05 4.59578e-05 -0.000845897
26.2109 -0.446315 -7.32764e-05 0.000134212 -0.000824135
26.3516 -0.562856 -0.000100603 0.000184749 -0.000823386
26.4922 -0.562955 -0.000142875 0.000269703 -0.00076469
26.3516 -0.446397 -0.000113314 0.000214947 -0.000781445
26.4922 -0.446475 -0.000157941 0.000304177 -0.000722834
26.0703 -0.329815 -2.89924e-05 4.94162e-05 -0.000746377
26.2109 -0.329877 -7.62952e-05 0.000145336 -0.000734719
26.0703 -0.213398 -2.63996e-05 4.87569e-05 -0.000609727
26.2109 -0.213439 -7.42816e-05 0.000145747 -0.000605396
26.3516 -0.329937 -0.000122043 0.000237162 -0.000705592
26.4922 -0.329995 -0.000171426 0.00033542 -0.000655843
26.3516 -0.213477 -0.000124692 0.00024674 -0.000589711
26.4922 -0.213515 -0.000180411 0.00035731 -0.000554243
26.6328 -0.563051 -0.000198158 0.00037963 -0.000703095
26.7734 -0.563143 -0.000266856 0.000514791 -0.000642077
26.6328 -0.446551 -0.000213528 0.00041432 -0.000655685
26.7734 -0.446624 -0.000281267 0.00054725 -0.000585829
26.9141 -0.563232 -0.000346364 0.000669544 -0.000583701
27.0547 -0.563317 -0.000433351 0.000836967 -0.000529728
26.9141 -0.446694 -0.000359011 0.000698257 -0.000516857
27.0547 -0.446762 -0.000443608 0.000860792 -0.000451248
26.6328 -0.330051 -0.000229233 0.000449483 -0.000589834
26.7734 -0.330105 -0.000297042 0.000582091 -0.000514933
26.6328 -0.213551 -0.00024292 0.000480246 -0.000497101
26.7734 -0.213586 -0.000312742 0.000616309 -0.000423495
26.9141 -0.330157 -0.000373474 0.000730108 -0.000437073
27.0547 -0.330207 -0.000455767 0.000887787 -0.000360438
26.9141 -0.21362 -0.000388998 0.000763466 -0.000340683
27.0547 -0.213652 -0.000469408 0.00091699 -0.000255045
26.0703 -0.096982 -2.3243e-05 4.57773e-05 -0.000446094
26.2109 -0.0970002 -6.93184e-05 0.000139092 -0.000444186
26.0703 0.0194344 -2.0564e-05 4.2237e-05 -0.000264532
26.2109 0.0194381 -6.40692e-05 0.000130345 -0.000261045
26.3516 -0.0970178 -0.000122049 0.000244717 -0.00043539
26.4922 -0.0970348 -0.00018345 0.000366496 -0.00041155
26.3516 0.0194418 -0.000117262 0.000236917 -0.000251315
26.4922 0.0194453 -0.00018224 0.000365818 -0.000230103
26.0703 0.135851 -1.90197e-05 3.9264e-05 -7.16029e-05
26.2109 0.135877 -6.04953e-05 0.000123232 -6.44755e-05
26.0703 0.252267 -1.88912e-05 3.7318e-05 0.000128334
26.2109 0.252315 -5.94901e-05 0.000119442 0.000139461
26.3516 0.135901 -0.000113621 0.000229637 -4.87068e-05
26.4922 0.135925 -0.000180492 0.00036225 -2.16327e-05
26.3516 0.252361 -0.000112984 0.000226463 0.000162756
26.4922 0.252405 -0.000181115 0.000361401 0.000199388
26.6328 -0.0970513 -0.000252098 0.000501313 -0.000366564
26.7734 -0.0970671 -0.000326098 0.00064517 -0.000300577
26.6328 0.0194486 -0.00025622 0.000511074 -0.000191898
26.7734 0.0194519 -0.000335133 0.000664318 -0.000134156
26.9141 -0.0970823 -0.000403958 0.000794935 -0.000218994
27.0547 -0.097097 -0.000483423 0.000946051 -0.00012926
26.9141 0.019455 -0.000415856 0.000819243 -5.92408e-05
27.0547 0.0194581 -0.000495327 0.000969824 2.65824e-05
26.6328 0.135949 -0.000257725 0.000513826 1.94365e-05
26.7734 0.135971 -0.000339935 0.000673334 7.52235e-05
26.6328 0.252448 -0.000259734 0.00051547 0.000249156
26.7734 0.25249 -0.000342203 0.000675189 0.000308582
26.9141 0.135992 -0.000422449 0.000831432 0.000142939
27.0547 0.136013 -0.000501359 0.000980514 0.000217234
26.9141 0.25253 -0.000422812 0.000829266 0.000370828
27.0547 0.252568 -0.000498119 0.000971116 0.00042986
27.1953 -0.563399 -0.000525393 0.00101207 -0.000481877
27.3359 -0.563478 -0.000621228 0.00119224 -0.000441585
27.1953 -0.446827 -0.000532788 0.00103018 -0.000391235
27.3359 -0.446889 -0.00062558 0.00120438 -0.000338707
27.4766 -0.563553 -0.00071907 0.00137391 -0.000409654
27.6172 -0.563625 -0.000816408 0.00155225 -0.000386186
27.4766 -0.446949 -0.000720585 0.0013806 -0.000294684
27.6172 -0.447006 -0.000815582 0.00155453 -0.000259267
27.1953 -0.330255 -0.000541841 0.00105086 -0.000288652
27.3359 -0.330301 -0.000631143 0.0012181 -0.00022471
27.1953 -0.213683 -0.00055208 0.00107303 -0.000172669
27.3359 -0.213713 -0.000637171 0.00123179 -9.87219e-05
27.4766 -0.330345 -0.000722861 0.00138785 -0.000169995
27.6172 -0.330387 -0.000815157 0.00155656 -0.000124338
27.4766 -0.213741 -0.00072493 0.00139368 -3.5212e-05
27.6172 -0.213768 -0.000814094 0.00155623 1.86218e-05
27.7578 -0.563693 -0.00091088 0.00172284 -0.000370888
27.8984 -0.563758 -0.00100062 0.00188227 -0.000363415
27.7578 -0.44706 -0.000908314 0.00172194 -0.000232138
27.8984 -0.447111 -0.00099689 0.00187935 -0.000213011
28.0391 -0.563819 -0.0010841 0.00202788 -0.000363537
28.1797 -0.563877 -0.00116062 0.0021586 -0.000371111
28.0391 -0.44716 -0.00107971 0.00202394 -0.000201762
28.1797 -0.447206 -0.00115603 0.00215453 -0.000198311
27.7578 -0.330427 -0.000905853 0.00172009 -8.70501e-05
27.8984 -0.330465 -0.00099298 0.00187482 -5.76669e-05
27.7578 -0.213794 -0.000902516 0.00171535 6.41634e-05
27.8984 -0.213819 -0.000988047 0.00186704 0.000102241
28.0391 -0.330501 -0.00107485 0.00201773 -3.60744e-05
28.1797 -0.330535 -0.00115062 0.00214746 -2.23136e-05
28.0391 -0.213842 -0.00106883 0.00200794 0.000133004
28.1797 -0.213864 -0.00114388 0.00213639 0.000156209
27.1953 -0.0971111 -0.000562519 0.00109461 -4.0077e-05
27.3359 -0.0971245 -0.000642522 0.0012431 4.05025e-05
27.1953 0.019461 -0.000570908 0.001111 0.000114295
27.3359 0.0194638 -0.000645216 0.00124802 0.000194608
27.4766 -0.0971374 -0.000725559 0.00139558 0.000109669
27.6172 -0.0971497 -0.000811199 0.00155117 0.000168968
27.4766 0.0194664 -0.000723093 0.00139024 0.000264473
27.6172 0.019469 -0.000805087 0.00153862 0.000325847
27.1953 0.136033 -0.000573404 0.00111442 0.000292312
27.3359 0.136052 -0.000642351 0.00124073 0.000362949
27.1953 0.252605 -0.000566052 0.00109693 0.000485131
27.3359 0.25264 -0.000631097 0.00121563 0.000539878
27.4766 0.13607 -0.000715536 0.00137369 0.000427646
27.6172 0.136088 -0.000794281 0.00151569 0.000487615
27.4766 0.252674 -0.000701046 0.00134231 0.000595569
27.6172 0.252706 -0.000777413 0.00147973 0.000651718
27.7578 -0.0971614 -0.000897222 0.00170558 0.000220555
27.8984 -0.0971726 -0.000981171 0.0018542 0.000265607
27.7578 0.0194714 -0.000888793 0.00168848 0.000381066
27.8984 0.0194737 -0.000971354 0.00183437 0.000431303
28.0391 -0.0971831 -0.00106092 0.00199312 0.000304261
28.1797 -0.097193 -0.00113523 0.00212021 0.000335931
28.0391 0.0194759 -0.00105028 0.0019717 0.000476489
28.1797 0.019478 -0.00112397 0.00209761 0.000515515
27.7578 0.136104 -0.000876017 0.00166169 0.000544158
27.8984 0.13612 -0.000957548 0.00180556 0.000597836
27.7578 0.252737 -0.000857708 0.00162295 0.000707766
27.8984 0.252766 -0.000938648 0.00176567 0.000763299
28.0391 0.136135 -0.001036 0.00194193 0.000648129
28.1797 0.136149 -0.0011093 0.00206708 0.000693243
28.0391 0.252794 -0.00101703 0.00190189 0.000817226
28.1797 0.25282 -0.00109026 0.00202691 0.000867012
26.0703 0.368684 -2.01793e-05 3.63488e-05 0.000332154
26.2109 0.368753 -6.10503e-05 0.000118928 0.000346509
26.0703 0.4851 -2.26797e-05 3.59478e-05 0.00053662
26.2109 0.485192 -6.45766e-05 0.000120503 0.00055279
26.3516 0.368821 -0.000115584 0.000227845 0.000376137
26.4922 0.368886 -0.000184802 0.000364662 0.000421222
26.3516 0.48528 -0.000120475 0.000231955 0.000585953
26.4922 0.485366 -0.000190243 0.000369556 0.00063515
26.0703 0.601517 -2.60454e-05 3.55163e-05 0.000736728
26.2109 0.60163 -6.91069e-05 0.000122353 0.000753022
26.0703 0.717933 -2.9855e-05 3.44251e-05 0.000926522
26.2109 0.718068 -7.35059e-05 0.000122421 0.000941288
26.3516 0.60174 -0.000126004 0.000235647 0.000786107
26.4922 0.601846 -0.000195017 0.000371512 0.000833679
26.3516 0.718199 -0.000130252 0.000235353 0.000970608
26.4922 0.718326 -0.000196651 0.000365944 0.00101117
26.6328 0.368948 -0.000263165 0.000517855 0.000478619
26.7734 0.369009 -0.00034227 0.000670589 0.000539907
26.6328 0.485448 -0.000266153 0.000517532 0.00069391
26.7734 0.485528 -0.000338066 0.000655826 0.000749833
26.9141 0.369067 -0.000416318 0.000811592 0.000594477
27.0547 0.369123 -0.000484409 0.000939369 0.000638045
26.9141 0.485605 -0.000402098 0.00077715 0.000792939
27.0547 0.485678 -0.000461474 0.000888097 0.000824194
26.6328 0.601948 -0.000265648 0.00050881 0.000886611
26.7734 0.602047 -0.000327375 0.000626965 0.000931452
26.6328 0.718448 -0.000259561 0.000487922 0.00105349
26.7734 0.718566 -0.000309823 0.000583599 0.00108649
26.9141 0.602142 -0.000380397 0.000726836 0.000963075
27.0547 0.602233 -0.000431571 0.000822046 0.000987069
26.9141 0.718679 -0.000352509 0.00066345 0.00110972
27.0547 0.718788 -0.000396292 0.000744554 0.00113011
26.0703 0.83435 -3.36994e-05 3.21078e-05 0.00110223
26.2109 0.834507 -7.66982e-05 0.000118808 0.00111408
26.0703 0.950766 -3.73055e-05 2.80983e-05 0.00126659
26.2109 0.950945 -7.79867e-05 0.00011019 0.00127461
26.3516 0.834659 -0.00013155 0.000228014 0.00113659
26.4922 0.834806 -0.000193415 0.000349714 0.00116616
26.3516 0.951119 -0.000128999 0.000211905 0.00128845
26.4922 0.951286 -0.000184712 0.000321706 0.00130473
26.0703 1.06718 -4.0677e-05 2.21868e-05 0.00142841
26.2109 1.06738 -7.74169e-05 9.64198e-05 0.00143253
26.0703 1.1836 -4.39699e-05 1.48406e-05 0.0015853
26.2109 1.18382 -7.57593e-05 7.917e-05 0.00158633
26.3516 1.06758 -0.000123013 0.000187575 0.00143762
26.4922 1.06777 -0.000171467 0.000283435 0.00144046
26.3516 1.18404 -0.000115185 0.000158279 0.00158398
26.4922 1.18425 -0.000155957 0.000239434 0.00157488
26.6328 0.834948 -0.000247406 0.000454222 0.00119558
26.7734 0.835085 -0.000286496 0.000528129 0.00121843
26.6328 0.951448 -0.000229766 0.000408939 0.00132014
26.7734 0.951604 -0.000258907 0.00046362 0.00133399
26.9141 0.835217 -0.000319736 0.000589764 0.00123635
27.0547 0.835344 -0.000356249 0.000657042 0.00125462
26.9141 0.951754 -0.000283265 0.000508198 0.00134807
27.0547 0.951899 -0.000311932 0.000560584 0.00136435
26.6328 1.06795 -0.000208171 0.000354758 0.00144167
26.7734 1.06812 -0.000228845 0.000393304 0.00144606
26.6328 1.18445 -0.000184853 0.000296061 0.00156255
26.7734 1.18464 -0.000198255 0.000321021 0.00155597
26.9141 1.06829 -0.000244725 0.00042172 0.00145556
27.0547 1.06845 -0.00026484 0.000457919 0.00146888
26.9141 1.18483 -0.000206334 0.000334776 0.00155841
27.0547 1.18501 -0.000217737 0.000354595 0.0015667
27.1953 0.369177 -0.000547562 0.00105606 0.000675712
27.3359 0.369229 -0.00061033 0.00117055 0.000716456
27.1953 0.485749 -0.000519818 0.000995746 0.000852143
27.3359 0.485817 -0.000580875 0.00110723 0.000885487
27.4766 0.369278 -0.00067858 0.0012941 0.00076352
27.6172 0.369325 -0.00075342 0.0014287 0.000815211
27.4766 0.485882 -0.000647949 0.00122879 0.000926955
27.6172 0.485944 -0.000721523 0.00136118 0.000974769
27.1953 0.602321 -0.000485269 0.000920994 0.00101163
27.3359 0.602405 -0.000543984 0.0010283 0.00104241
27.1953 0.718893 -0.000445011 0.000834186 0.00115358
27.3359 0.718994 -0.000500074 0.000934839 0.00118302
27.4766 0.602486 -0.000609215 0.00114666 0.00108077
27.6172 0.602563 -0.000681026 0.00127603 0.00112533
27.4766 0.71909 -0.000562117 0.00104752 0.0012188
27.6172 0.719181 -0.000631121 0.00117199 0.0012601
27.7578 0.36937 -0.000832739 0.00157013 0.000869619
27.8984 0.369413 -0.000913479 0.00171254 0.00092562
27.7578 0.486003 -0.000800005 0.00150123 0.00102689
27.8984 0.486059 -0.000880738 0.00164378 0.00108213
28.0391 0.369453 -0.000992194 0.00184942 0.000981689
28.1797 0.369491 -0.00106572 0.00197503 0.00103461
28.0391 0.486112 -0.000960086 0.001782 0.00113882
28.1797 0.486162 -0.00103425 0.00190892 0.00119318
27.7578 0.602636 -0.000758343 0.00141419 0.00117468
27.8984 0.602705 -0.000838939 0.00155679 0.00122797
27.7578 0.719269 -0.000706478 0.00130691 0.00130608
27.8984 0.719352 -0.000786366 0.00144865 0.00135622
28.0391 0.602771 -0.000919 0.00169663 0.00128367
28.1797 0.602833 -0.000994036 0.00182545 0.00133756
28.0391 0.71943 -0.00086683 0.0015897 0.00140906
28.1797 0.719504 -0.000942716 0.00172056 0.00146013
27.1953 0.835465 -0.000399033 0.00073558 0.00127667
27.3359 0.835582 -0.00044885 0.000826606 0.00130377
27.1953 0.952037 -0.000347434 0.000625513 0.00138386
27.3359 0.95217 -0.000390303 0.000703767 0.00140704
27.4766 0.835694 -0.000506119 0.000930695 0.00133605
27.6172 0.8358 -0.00057095 0.00104782 0.00137321
27.4766 0.952297 -0.000441036 0.000796057 0.00143405
27.6172 0.952419 -0.000499943 0.000902715 0.00146489
27.1953 1.06861 -0.000291719 0.000506736 0.00148465
27.3359 1.06876 -0.000325913 0.000569033 0.00150227
27.1953 1.18518 -0.000235121 0.000385714 0.00157715
27.3359 1.18535 -0.000259169 0.000429344 0.00158757
27.4766 1.0689 -0.000368042 0.000645767 0.0015215
27.6172 1.06904 -0.000418652 0.000737721 0.00154228
27.4766 1.18551 -0.000290588 0.000486669 0.00159683
27.6172 1.18566 -0.000330136 0.000558913 0.00160446
27.7578 0.835902 -0.000643096 0.0011773 0.00141475
27.8984 0.835998 -0.000721109 0.00131619 0.00146004
27.7578 0.952534 -0.000567045 0.00102354 0.00149925
27.8984 0.952644 -0.000641246 0.00115622 0.00153634
28.0391 0.836089 -0.000801042 0.00145695 0.0015075
28.1797 0.836175 -0.00087734 0.00158932 0.0015527
28.0391 0.952748 -0.000718906 0.00129377 0.00157447
28.1797 0.952847 -0.000794681 0.00142626 0.00160982
27.7578 1.06917 -0.000478069 0.000845244 0.00156452
27.8984 1.06929 -0.00054562 0.000966804 0.00158772
27.7578 1.1858 -0.000378506 0.00064713 0.00161039
27.8984 1.18594 -0.000435707 0.000751043 0.00161466
28.0391 1.06941 -0.000618425 0.00109678 0.00161075
28.1797 1.06952 -0.000692195 0.00122712 0.00163121
28.0391 1.18607 -0.000500221 0.000867516 0.00161743
28.1797 1.18619 -0.000569673 0.000991909 0.00161824
28.3203 -0.563932 -0.00123175 0.0022776 -0.000385949
28.4609 -0.563983 -0.00130087 0.00239132 -0.000407616
28.3203 -0.447249 -0.00122736 0.00227416 -0.000202508
28.4609 -0.44729 -0.00129705 0.00238923 -0.000214044
28.6016 -0.564031 -0.00137005 0.00250368 -0.000435112
28.7422 -0.564075 -0.00143926 0.00261466 -0.000466381
28.6016 -0.447328 -0.00136729 0.00250382 -0.000232259
28.7422 -0.447363 -0.00143839 0.00261851 -0.000255715
28.3203 -0.330567 -0.00122172 0.00226685 -1.64419e-05
28.4609 -0.330597 -0.00129141 0.00238212 -1.84661e-05
28.3203 -0.213885 -0.00121445 0.00225492 0.000171401
28.4609 -0.213904 -0.00128361 0.00236936 0.000178028
28.6016 -0.330625 -0.00136184 0.00249729 -2.81634e-05
28.7422 -0.330651 -0.00143354 0.0026133 -4.46683e-05
28.6016 -0.213922 -0.00135342 0.00248357 0.000175688
28.7422 -0.213939 -0.00142447 0.0025986 0.000164592
28.8828 -0.564116 -0.00150606 0.00271995 -0.000497373
29.0234 -0.564154 -0.00156249 0.00280544 -0.000521153
28.8828 -0.447396 -0.00150874 0.00273044 -0.000281349
29.0234 -0.447425 -0.00157142 0.00282727 -0.00030355
29.1641 -0.564188 -0.00159421 0.00284592 -0.000530246
29.3047 -0.564218 -0.00159269 0.00282698 -0.000524295
29.1641 -0.447452 -0.00161158 0.00288275 -0.000315329
29.3047 -0.447477 -0.00161733 0.00287645 -0.000313973
28.8828 -0.330675 -0.00150549 0.00272834 -6.57094e-05
29.0234 -0.330697 -0.00157176 0.00283177 -8.66078e-05
28.8828 -0.213954 -0.00149623 0.00271347 0.000146357
29.0234 -0.213969 -0.00156365 0.00281916 0.000125155
29.1641 -0.330717 -0.00161758 0.00289739 -0.000100552
29.3047 -0.330735 -0.00162863 0.00290041 -0.000103135
29.1641 -0.213981 -0.00161252 0.00289036 0.000108083
29.3047 -0.213993 -0.00162654 0.00289868 0.000101103
28.3203 -0.0972024 -0.00120507 0.00223745 0.000359542
28.4609 -0.0972111 -0.00127325 0.0023502 0.000373754
28.3203 0.01948 -0.001193 0.00221337 0.000546459
28.4609 0.0194818 -0.00125984 0.00232371 0.000566953
28.6016 -0.0972193 -0.00134166 0.00246197 0.000377324
28.7422 -0.0972269 -0.00141087 0.00257382 0.000369712
28.6016 0.0194836 -0.00132611 0.00243169 0.000574674
28.7422 0.0194852 -0.00139236 0.00253835 0.000568171
28.3203 0.136162 -0.00117755 0.00218142 0.000730233
28.4609 0.136175 -0.00124278 0.00228884 0.000755471
28.3203 0.252845 -0.00115787 0.00214006 0.000908577
28.4609 0.252868 -0.00122133 0.00224435 0.000936837
28.6016 0.136186 -0.00130627 0.00239189 0.000765294
28.7422 0.136197 -0.00136855 0.00249158 0.00075711
28.6016 0.252889 -0.00128161 0.00234169 0.00094657
28.7422 0.252909 -0.00133918 0.00243316 0.000933854
28.8828 -0.0972339 -0.00148073 0.00268549 0.000352038
29.0234 -0.0972403 -0.00154714 0.00278957 0.000328382
28.8828 0.0194867 -0.00145883 0.00264416 0.000548115
29.0234 0.0194881 -0.00152231 0.00274331 0.000518808
29.1641 -0.0972461 -0.00159656 0.00286199 0.000306185
29.3047 -0.0972513 -0.00161111 0.00287144 0.000292559
29.1641 0.0194893 -0.00156992 0.00281283 0.000488338
29.3047 0.0194905 -0.00158268 0.00281943 0.000465145
28.8828 0.136207 -0.00143033 0.00258925 0.000731046
29.0234 0.136216 -0.00148936 0.00268088 0.000691913
28.8828 0.252928 -0.00139536 0.00252122 0.000898232
29.0234 0.252945 -0.00144919 0.00260414 0.000845424
29.1641 0.136225 -0.00153347 0.00274468 0.000649447
29.3047 0.136232 -0.00154311 0.00274625 0.000614833
29.1641 0.25296 -0.00148958 0.00266203 0.000788105
29.3047 0.252974 -0.00149687 0.00266014 0.000741884
29.4453 -0.564246 -0.00156849 0.00276815 -0.00051205
29.5859 -0.564269 -0.00153746 0.00269791 -0.00050087
29.4453 -0.447498 -0.00159715 0.00282438 -0.00030434
29.5859 -0.447517 -0.00156668 0.00275477 -0.000292914
29.7266 -0.56429 -0.00150055 0.00261809 -0.000491549
29.8672 -0.564307 -0.00144263 0.00250253 -0.000482765
29.7266 -0.447533 -0.001524 0.00266449 -0.000282646
29.8672 -0.447547 -0.00145605 0.00253115 -0.000275244
29.4453 -0.330751 -0.0016112 0.002853 -9.66739e-05
29.5859 -0.330765 -0.00158021 0.00278226 -8.60957e-05
29.4453 -0.214003 -0.00161 0.00285282 0.000104102
29.5859 -0.214012 -0.00157775 0.00277979 0.00011363
29.7266 -0.330777 -0.0015322 0.00268245 -7.56089e-05
29.8672 -0.330787 -0.0014566 0.00253565 -6.95753e-05
29.7266 -0.21402 -0.00152541 0.00267239 0.000123735
29.8672 -0.214026 -0.00144454 0.00251645 0.000129567
30.0078 -0.56432 -0.00135499 0.00233664 -0.000480151
30.1484 -0.564331 -0.00125634 0.00215348 -0.000486359
30.0078 -0.447557 -0.00136279 0.00235538 -0.000273722
30.1484 -0.447565 -0.00126235 0.00216907 -0.000277812
30.2891 -0.564337 -0.00117432 0.00200049 -0.000508155
30.4297 -0.564341 -0.0011206 0.00189704 -0.000546715
30.2891 -0.447571 -0.00117184 0.00200165 -0.000294924
30.4297 -0.447573 -0.00110619 0.00187807 -0.000331127
30.0078 -0.330794 -0.00136039 0.00235473 -6.8111e-05
30.1484 -0.3308 -0.00125922 0.00216722 -7.0575e-05
30.0078 -0.214031 -0.00134688 0.00233313 0.000132011
30.1484 -0.214035 -0.00124554 0.00214547 0.000130428
30.2891 -0.330804 -0.00116292 0.00199 -8.43452e-05
30.4297 -0.330806 -0.00108757 0.00185016 -0.00011812
30.2891 -0.214038 -0.00114614 0.00196312 0.000117817
30.4297 -0.214039 -0.00106386 0.00181179 8.52925e-05
29.4453 -0.0972559 -0.00159369 0.00282413 0.000289971
29.5859 -0.09726 -0.00155954 0.00274789 0.000296754
29.4453 0.0194915 -0.00156272 0.00276794 0.000454372
29.5859 0.0194924 -0.00152598 0.00268744 0.000456206
29.7266 -0.0972634 -0.0015038 0.00263467 0.000306055
29.8672 -0.0972663 -0.00141959 0.00247309 0.000313231
29.7266 0.0194932 -0.00146786 0.00257034 0.00046421
29.8672 0.0194939 -0.00138192 0.0024061 0.000473242
29.4453 0.136239 -0.00151972 0.00268918 0.000595736
29.5859 0.136245 -0.00147988 0.00260368 0.000592286
29.4453 0.252986 -0.00147117 0.00259961 0.000716764
29.5859 0.252997 -0.00142877 0.00251014 0.000709647
29.7266 0.13625 -0.0014204 0.00248466 0.000597868
29.8672 0.136254 -0.00133457 0.00232105 0.000607158
29.7266 0.253006 -0.00136898 0.00239112 0.000710241
29.8672 0.253014 -0.001285 0.00223129 0.000713044
30.0078 -0.0972685 -0.00132104 0.00228848 0.000317366
30.1484 -0.0972702 -0.00121996 0.00210151 0.000315531
30.0078 0.0194944 -0.00128271 0.0022207 0.000479357
30.1484 0.0194949 -0.00118226 0.00203521 0.000476798
30.2891 -0.0972713 -0.00111982 0.0019182 0.000301442
30.4297 -0.0972718 -0.00103436 0.00176184 0.0002685
30.2891 0.0194952 -0.00108367 0.00185497 0.000460611
30.4297 0.0194954 -0.00099922 0.00170082 0.000427378
30.0078 0.136257 -0.00123546 0.00213627 0.000613943
30.1484 0.13626 -0.00113629 0.00195348 0.000610187
30.0078 0.25302 -0.00118725 0.00204939 0.000712699
30.1484 0.253025 -0.00109006 0.00187058 0.000701982
30.2891 0.136262 -0.00104106 0.00177954 0.000592284
30.4297 0.136263 -0.000960345 0.00163228 0.00055923
30.2891 0.253028 -0.000998712 0.00170385 0.000679082
30.4297 0.25303 -0.000922261 0.00156443 0.000644534
28.3203 0.369527 -0.00113291 0.00208749 0.0010791
28.4609 0.369561 -0.00119469 0.00218882 0.00110853
28.3203 0.486209 -0.00110136 0.00202141 0.00123877
28.4609 0.486254 -0.00116179 0.00212051 0.00126738
28.6016 0.369592 -0.00125164 0.00228039 0.00111602
28.7422 0.369621 -0.00130436 0.0023635 0.00109636
28.6016 0.486295 -0.00121593 0.00220736 0.00127065
28.7422 0.486333 -0.00126473 0.00228396 0.00124239
28.3203 0.602892 -0.00106146 0.0019388 0.00138213
28.4609 0.602947 -0.00112124 0.00203712 0.00140781
28.3203 0.719574 -0.00101084 0.00183573 0.00150118
28.4609 0.71964 -0.00107108 0.00193552 0.0015218
28.6016 0.602998 -0.00117389 0.00212182 0.00140511
28.7422 0.603046 -0.00122106 0.0021963 0.00136728
28.6016 0.719701 -0.00112442 0.00202227 0.00151177
28.7422 0.719758 -0.00117352 0.00210123 0.00146381
28.8828 0.369648 -0.00135501 0.00244223 0.0010487
29.0234 0.369673 -0.00140432 0.00251789 0.000979991
28.8828 0.486369 -0.00131152 0.00235658 0.00118166
29.0234 0.486401 -0.00135899 0.00243 0.00109623
29.1641 0.369696 -0.00144282 0.00257335 0.000906272
29.3047 0.369716 -0.00145086 0.00257365 0.000847708
29.1641 0.486431 -0.00139928 0.00248979 0.00100372
29.3047 0.486458 -0.0014121 0.00249966 0.000926533
28.8828 0.603089 -0.00126752 0.00226936 0.00129317
29.0234 0.60313 -0.00131747 0.00234851 0.0011896
28.8828 0.71981 -0.00122424 0.00218326 0.00137555
29.0234 0.719858 -0.00128114 0.0022764 0.0012505
29.1641 0.603166 -0.00136364 0.00242022 0.00107216
29.3047 0.603199 -0.00138416 0.00244523 0.000962867
29.1641 0.719902 -0.00133599 0.00236545 0.00109957
29.3047 0.719941 -0.00136511 0.00240772 0.000944446
28.3203 0.836257 -0.00094656 0.00170729 0.00158745
28.4609 0.836333 -0.0010088 0.00181163 0.00160115
28.3203 0.952939 -0.00086538 0.0015481 0.00163525
28.4609 0.953026 -0.000931474 0.00166071 0.00164046
28.6016 0.836404 -0.00106571 0.00190592 0.00158302
28.7422 0.83647 -0.00112073 0.00199689 0.0015245
28.6016 0.953107 -0.000995022 0.00176843 0.00161359
28.7422 0.953182 -0.00105953 0.00187812 0.0015438
28.3203 1.06962 -0.000764545 0.00135359 0.0016436
28.4609 1.06972 -0.000836208 0.001478 0.00163788
28.3203 1.1863 -0.000643022 0.00112231 0.00161334
28.4609 1.18641 -0.000721108 0.00126058 0.00159303
28.6016 1.06981 -0.000909023 0.0016043 0.0016006
28.7422 1.06989 -0.000985566 0.00173767 0.00151822
28.6016 1.18651 -0.000804862 0.00140894 0.00154253
28.7422 1.18661 -0.000895037 0.00156924 0.00144638
28.8828 0.836531 -0.00117996 0.00209577 0.0014206
29.0234 0.836587 -0.00124679 0.00220861 0.00127041
28.8828 0.953251 -0.00113008 0.00199925 0.00142281
29.0234 0.953315 -0.00120807 0.00213427 0.00124657
29.1641 0.836637 -0.00131132 0.00231717 0.00108088
29.3047 0.836683 -0.00134898 0.00237708 0.000875548
29.1641 0.953373 -0.00128231 0.0022627 0.00102112
29.3047 0.953425 -0.00132904 0.00234142 0.000772795
28.8828 1.06997 -0.00106899 0.00188413 0.00137995
29.0234 1.07004 -0.00115854 0.00204228 0.00118106
28.8828 1.18669 -0.00099231 0.00174303 0.00129275
29.0234 1.18677 -0.00109403 0.00192545 0.00107788
29.1641 1.07011 -0.00124276 0.00219108 0.000929129
29.3047 1.07017 -0.00129998 0.00229103 0.000652135
29.1641 1.18684 -0.00118913 0.0020961 0.000811678
29.3047 1.18691 -0.00125855 0.00222002 0.000522274
29.4453 0.369734 -0.00142588 0.00251507 0.000815509
29.5859 0.36975 -0.00138234 0.00242421 0.000800972
29.4453 0.486481 -0.00139072 0.00244833 0.000876171
29.5859 0.486502 -0.00134673 0.00235748 0.000840064
29.7266 0.369763 -0.00132261 0.00230597 0.000787319
29.8672 0.369774 -0.00124116 0.00215127 0.000769092
29.7266 0.48652 -0.00128618 0.00223874 0.000797434
29.8672 0.486534 -0.00120696 0.00208898 0.000744189
29.4453 0.603229 -0.00136744 0.00240344 0.000875996
29.5859 0.603254 -0.00132249 0.00231213 0.000801902
29.4453 0.719976 -0.00135288 0.00237576 0.0008075
29.5859 0.720007 -0.0013069 0.00228421 0.000689374
29.7266 0.603276 -0.00126003 0.00219127 0.0007217
29.8672 0.603295 -0.00118314 0.00204681 0.000632684
29.7266 0.720033 -0.00124281 0.00216181 0.000576692
29.8672 0.720055 -0.0011688 0.00202348 0.000465161
30.0078 0.369783 -0.00114582 0.00197428 0.000746798
30.1484 0.36979 -0.00105131 0.00180078 0.000718307
30.0078 0.486546 -0.0011152 0.00191919 0.000689245
30.1484 0.486555 -0.00102433 0.00175279 0.000636454
30.2891 0.369795 -0.000963793 0.00164125 0.000683848
30.4297 0.369797 -0.00089139 0.00150927 0.000644066
30.2891 0.486561 -0.000941118 0.00160129 0.000586786
30.4297 0.486564 -0.000872715 0.00147664 0.000539492
30.0078 0.603309 -0.00109658 0.00188712 0.000547885
30.1484 0.60332 -0.00101048 0.00172975 0.000474709
30.0078 0.720072 -0.00108866 0.00187583 0.000363626
30.1484 0.720085 -0.00100873 0.00172971 0.000279915
30.2891 0.603328 -0.000932311 0.00158746 0.000413811
30.4297 0.603331 -0.000867552 0.00146939 0.000361335
30.2891 0.720094 -0.000936079 0.00159724 0.000214048
30.4297 0.720099 -0.000874095 0.00148412 0.000158874
29.4453 0.836724 -0.00134195 0.00235661 0.000687812
29.5859 0.836759 -0.00129698 0.00226857 0.000531618
29.4453 0.953471 -0.00132992 0.00233733 0.000543614
29.5859 0.953512 -0.0012902 0.00226026 0.000359544
29.7266 0.83679 -0.00123332 0.00214809 0.000398518
29.8672 0.836815 -0.00116268 0.0020164 0.000279418
29.7266 0.953546 -0.00123004 0.00214688 0.000215553
29.8672 0.953575 -0.00116342 0.00202268 9.67133e-05
29.4453 1.07022 -0.00131265 0.00231015 0.000395078
29.5859 1.07026 -0.00128354 0.00225342 0.000191756
29.4453 1.18697 -0.00128655 0.00226834 0.000252198
29.5859 1.18702 -0.00127308 0.00224076 3.66662e-05
29.7266 1.0703 -0.00123044 0.00215331 4.11095e-05
29.8672 1.07034 -0.00116897 0.00203847 -7.57843e-05
29.7266 1.18706 -0.00123126 0.00216136 -0.000119927
29.8672 1.1871 -0.00117703 0.00205951 -0.000235832
30.0078 0.836835 -0.00108902 0.00188051 0.000174747
30.1484 0.836851 -0.00101605 0.00174676 8.88786e-05
30.0078 0.953598 -0.00109551 0.00189703 -4.16225e-06
30.1484 0.953616 -0.00102881 0.00177428 -8.8075e-05
30.2891 0.836861 -0.000948636 0.0016235 2.08006e-05
30.4297 0.836866 -0.000888727 0.00151407 -3.66548e-05
30.2891 0.953627 -0.000965963 0.00165899 -0.00015713
30.4297 0.953633 -0.000908243 0.00155337 -0.000215796
30.0078 1.07036 -0.00110636 0.00192213 -0.000171767
30.1484 1.07038 -0.0010449 0.00180848 -0.000251953
30.0078 1.18712 -0.00112024 0.00195335 -0.000327211
30.1484 1.18715 -0.00106384 0.00184835 -0.000402121
30.2891 1.07039 -0.000986131 0.00170021 -0.000319434
30.4297 1.0704 -0.000931189 0.00159927 -0.000376458
30.2891 1.18716 -0.00100922 0.00174705 -0.00046463
30.4297 1.18717 -0.000957671 0.00165164 -0.00051616
