30.5703 -0.564341 -0.00109033 0.00183428 -0.000592015
30.7109 -0.564337 -0.00107231 0.00179273 -0.000641429
30.5703 -0.447573 -0.0010686 0.00180319 -0.000378633
30.7109 -0.447571 -0.00104951 0.00176015 -0.000432466
30.8516 -0.564331 -0.00105808 0.00175786 -0.000696216
30.9922 -0.56432 -0.00104213 0.00172034 -0.000757789
30.8516 -0.447565 -0.00103571 0.00172632 -0.000492086
30.9922 -0.447557 -0.00101974 0.00168915 -0.000557353
30.5703 -0.330806 -0.00104318 0.00176409 -0.000167883
30.7109 -0.330804 -0.0010219 0.00171777 -0.000225112
30.5703 -0.214039 -0.0010141 0.00171703 3.39471e-05
30.7109 -0.214038 -0.00099046 0.0016672 -2.67081e-05
30.8516 -0.3308 -0.00100785 0.00168395 -0.000288646
30.9922 -0.330794 -0.000991816 0.00164713 -0.00035787
30.8516 -0.214035 -0.000975238 0.00163194 -9.45132e-05
30.9922 -0.214031 -0.000958468 0.00159442 -0.000168712
31.1328 -0.564307 -0.00102578 0.00168242 -0.000825301
31.2734 -0.56429 -0.00102095 0.00166385 -0.000893963
31.1328 -0.447547 -0.00100382 0.00165236 -0.000627216
31.2734 -0.447533 -0.00100123 0.00163787 -0.000699131
31.4141 -0.564269 -0.00103785 0.00168113 -0.000957045
31.5547 -0.564246 -0.001067 0.00171831 -0.00101131
31.4141 -0.447517 -0.00102239 0.0016624 -0.0007699
31.5547 -0.447498 -0.00105654 0.00170784 -0.000837128
31.1328 -0.330787 -0.00097611 0.00161117 -0.000431346
31.2734 -0.330777 -0.000974489 0.00159874 -0.000507758
31.1328 -0.214026 -0.000942348 0.00155833 -0.000247397
31.2734 -0.21402 -0.000940718 0.00154644 -0.000329334
31.4141 -0.330765 -0.000997783 0.0016272 -0.000585899
31.5547 -0.330751 -0.00103515 0.00167822 -0.000664222
31.4141 -0.214012 -0.00096477 0.00157669 -0.000414123
31.5547 -0.214003 -0.00100406 0.00163138 -0.000501124
30.5703 -0.0972718 -0.000981225 0.00166186 0.000217285
30.7109 -0.0972713 -0.000955309 0.00160874 0.00015441
30.5703 0.0194954 -0.000945134 0.00159977 0.000377172
30.7109 0.0194952 -0.00091678 0.00154315 0.00031274
30.8516 -0.0972702 -0.000938046 0.00157064 8.19474e-05
30.9922 -0.0972685 -0.000919529 0.00153083 1.37147e-06
30.8516 0.0194949 -0.000896357 0.00150042 0.000234869
30.9922 0.0194944 -0.000874806 0.00145627 0.000146166
30.5703 0.136263 -0.000906961 0.001533 0.000510049
30.7109 0.136262 -0.000875728 0.00147217 0.000443424
30.5703 0.25303 -0.000869822 0.00146732 0.000595466
30.7109 0.253028 -0.000834889 0.00140092 0.000526314
30.8516 0.13626 -0.000850805 0.00142265 0.000358924
30.9922 0.136257 -0.000824812 0.00137193 0.000261082
30.8516 0.253025 -0.000804175 0.00134248 0.00043644
30.9922 0.25302 -0.000772412 0.00128303 0.000332915
31.1328 -0.0972663 -0.000902201 0.00149338 -8.43041e-05
31.2734 -0.0972634 -0.000900012 0.00148124 -0.000172628
31.1328 0.0194939 -0.000855435 0.0014162 5.18339e-05
31.2734 0.0194932 -0.000852645 0.00140385 -4.32698e-05
31.4141 -0.09726 -0.000924229 0.00151243 -0.000263089
31.5547 -0.0972559 -0.000964752 0.0015698 -0.000356246
31.4141 0.0194924 -0.000877193 0.00143637 -0.000138166
31.5547 0.0194915 -0.000918818 0.00149632 -0.000235295
31.1328 0.136254 -0.000802565 0.00132797 0.000158141
31.2734 0.13625 -0.000799399 0.00131589 5.74761e-05
31.1328 0.253014 -0.000746312 0.00123363 0.000226654
31.2734 0.253006 -0.000742507 0.00122141 0.000125929
31.4141 0.136245 -0.000824861 0.00135078 -4.0353e-05
31.5547 0.136239 -0.000867864 0.00141384 -0.000140234
31.4141 0.252997 -0.000769085 0.00125902 2.87473e-05
31.5547 0.252986 -0.000813765 0.00132572 -7.22753e-05
31.6953 -0.564218 -0.0010917 0.00174796 -0.00105866
31.8359 -0.564188 -0.00110593 0.00176045 -0.00110309
31.6953 -0.447477 -0.00108567 0.00174469 -0.000900453
31.8359 -0.447452 -0.00110322 0.0017625 -0.000961026
31.9766 -0.564154 -0.00111075 0.0017577 -0.0011479
32.1172 -0.564116 -0.00110868 0.00174394 -0.00119466
31.9766 -0.447425 -0.00111022 0.00176319 -0.00102051
32.1172 -0.447396 -0.0011095 0.00175154 -0.00108017
31.6953 -0.330735 -0.00106803 0.00172141 -0.000741326
31.8359 -0.330717 -0.00108924 0.0017453 -0.000816686
31.6953 -0.213993 -0.00103997 0.00167995 -0.000588985
31.8359 -0.213981 -0.00106479 0.0017101 -0.000676585
31.9766 -0.330697 -0.00109934 0.00175114 -0.000890631
32.1172 -0.330675 -0.00110105 0.00174352 -0.000963899
31.9766 -0.213969 -0.00107849 0.0017221 -0.000763451
32.1172 -0.213954 -0.00108341 0.00171995 -0.000849811
32.2578 -0.564075 -0.00110191 0.0017228 -0.00124347
32.3984 -0.564031 -0.00109227 0.00169732 -0.00129315
32.2578 -0.447363 -0.00110371 0.00173194 -0.00114045
32.3984 -0.447328 -0.00109525 0.00170832 -0.00120075
32.5391 -0.563983 -0.0010806 0.00166893 -0.00134131
32.6797 -0.563932 -0.00106332 0.00163216 -0.00138494
32.5391 -0.44729 -0.00108537 0.00168272 -0.00125941
32.6797 -0.447249 -0.00107023 0.00164922 -0.00131467
32.2578 -0.330651 -0.0010973 0.0017273 -0.00103707
32.3984 -0.330625 -0.00109092 0.00170708 -0.00111005
32.2578 -0.213939 -0.00108249 0.00170853 -0.000936234
32.3984 -0.213922 -0.00107878 0.00169281 -0.00102313
32.5391 -0.330597 -0.00108342 0.0016853 -0.00118199
32.6797 -0.330567 -0.00107037 0.0016551 -0.00125229
32.5391 -0.213904 -0.00107385 0.00167531 -0.00111071
32.6797 -0.213885 -0.00106267 0.00164822 -0.00119934
31.6953 -0.0972513 -0.00100314 0.00162305 -0.000451693
31.8359 -0.0972461 -0.00103136 0.0016593 -0.000548483
31.6953 0.0194905 -0.000959448 0.00155398 -0.000335782
31.8359 0.0194893 -0.000990865 0.00159615 -0.000439092
31.9766 -0.0972403 -0.0010488 0.00167787 -0.000645864
32.1172 -0.0972339 -0.00105731 0.00168198 -0.000743713
31.9766 0.0194881 -0.00101197 0.00162132 -0.000544437
32.1172 0.0194867 -0.00102411 0.00163191 -0.000651519
31.6953 0.136232 -0.000910834 0.00147615 -0.000244569
31.8359 0.136225 -0.000945435 0.0015243 -0.000352811
31.6953 0.252974 -0.000859353 0.00139319 -0.000179624
31.8359 0.25296 -0.000897299 0.00144763 -0.000291774
31.9766 0.136216 -0.000970118 0.00155602 -0.000464049
32.1172 0.136207 -0.000985739 0.00157296 -0.000577946
31.9766 0.252945 -0.000925532 0.00148593 -0.000407233
32.1172 0.252928 -0.000944415 0.00150892 -0.000525598
32.2578 -0.0972269 -0.00105961 0.00167617 -0.000842535
32.3984 -0.0972193 -0.00105872 0.00166536 -0.000943261
32.2578 0.0194852 -0.00102964 0.00163188 -0.000760826
32.3984 0.0194836 -0.00103125 0.00162565 -0.000873795
32.5391 -0.0972111 -0.00105603 0.00165182 -0.00104721
32.6797 -0.0972024 -0.00104621 0.00162725 -0.00115551
32.5391 0.0194818 -0.00103002 0.001615 -0.0009928
32.6797 0.01948 -0.00102072 0.00159188 -0.00111967
32.2578 0.136197 -0.000994194 0.00157834 -0.000695112
32.3984 0.136186 -0.000997647 0.00157579 -0.000817453
32.2578 0.252909 -0.000955332 0.00151904 -0.000647653
32.3984 0.252889 -0.000959834 0.00151898 -0.000775635
32.5391 0.136175 -0.00099674 0.00156643 -0.000948186
32.6797 0.136162 -0.00098678 0.0015431 -0.00108986
32.5391 0.252868 -0.0009581 0.0015092 -0.00091318
32.6797 0.252845 -0.000946183 0.00148373 -0.0010633
30.5703 0.369797 -0.000839365 0.00141339 0.000593229
30.7109 0.369795 -0.000799847 0.00133985 0.000523207
30.5703 0.486564 -0.000820551 0.00138095 0.000485898
30.7109 0.486561 -0.000776351 0.00129996 0.000418151
30.8516 0.36979 -0.000762564 0.0012711 0.000434213
30.9922 0.369783 -0.000724208 0.00120143 0.000335154
30.8516 0.486555 -0.000732894 0.0012213 0.000337869
30.9922 0.486546 -0.000688454 0.00114191 0.000254468
30.5703 0.603331 -0.000814714 0.00137285 0.000306608
30.7109 0.603328 -0.00076677 0.00128576 0.000243979
30.5703 0.720099 -0.000820328 0.00138613 0.000104716
30.7109 0.720094 -0.000770011 0.00129508 4.84956e-05
30.8516 0.60332 -0.00071878 0.00119965 0.000176605
30.9922 0.603309 -0.000670219 0.00111344 0.000113502
30.8516 0.720085 -0.000719649 0.0012049 -5.93382e-06
30.9922 0.720072 -0.000669612 0.001116 -5.02719e-05
31.1328 0.369774 -0.000693191 0.00114464 0.000237899
31.2734 0.369763 -0.000687437 0.00112995 0.0001488
31.1328 0.486534 -0.000652328 0.00107701 0.000179233
31.2734 0.48652 -0.000642962 0.00105671 0.000114564
31.4141 0.36975 -0.000714046 0.00116839 6.09735e-05
31.5547 0.369734 -0.000759811 0.00123769 -3.57983e-05
31.4141 0.486502 -0.000667023 0.00109138 4.71924e-05
31.5547 0.486481 -0.000711415 0.00115904 -3.66324e-05
31.1328 0.603295 -0.00063055 0.00104259 6.48972e-05
31.2734 0.603276 -0.000616995 0.00101524 2.93284e-05
31.1328 0.720055 -0.000629085 0.00104336 -7.60577e-05
31.2734 0.720033 -0.00061216 0.00101002 -8.79692e-05
31.4141 0.603254 -0.000635493 0.00104078 -1.23421e-05
31.5547 0.603229 -0.000674675 0.00110017 -7.68524e-05
31.4141 0.720007 -0.000623133 0.00102291 -0.00010769
31.5547 0.719976 -0.000653804 0.00106831 -0.00015237
30.5703 0.836866 -0.000834607 0.00141551 -8.98165e-05
30.7109 0.836861 -0.000783412 0.00132287 -0.000139817
30.5703 0.953633 -0.00085495 0.00145615 -0.000267072
30.7109 0.953627 -0.000804403 0.00136438 -0.000310951
30.8516 0.836851 -0.000732769 0.00123197 -0.000183009
30.9922 0.836835 -0.000683836 0.00114451 -0.000212192
30.8516 0.953616 -0.000755301 0.00127569 -0.000344337
30.9922 0.953598 -0.000709453 0.00119287 -0.000361961
30.5703 1.0704 -0.000879943 0.00150533 -0.000423717
30.7109 1.07039 -0.000831371 0.00141655 -0.00046083
30.5703 1.18717 -0.000909174 0.001562 -0.000557181
30.7109 1.18716 -0.000863223 0.00147722 -0.000588041
30.8516 1.07038 -0.000785142 0.00133222 -0.000485872
30.9922 1.07036 -0.000743257 0.0012555 -0.000496314
30.8516 1.18715 -0.000820294 0.00139798 -0.000608056
30.9922 1.18712 -0.000782146 0.00132709 -0.000616627
31.1328 0.836815 -0.000644876 0.00107395 -0.000221837
31.2734 0.83679 -0.000625783 0.00103653 -0.000219663
31.1328 0.953575 -0.000673352 0.00112653 -0.000362302
31.2734 0.953546 -0.000652928 0.00108645 -0.000354695
31.4141 0.836759 -0.000629014 0.00103629 -0.000225637
31.5547 0.836724 -0.00064988 0.00106538 -0.000254225
31.4141 0.953512 -0.000649598 0.00107502 -0.000354337
31.5547 0.953471 -0.000661334 0.00108879 -0.000371798
31.1328 1.07034 -0.000710073 0.00119355 -0.000493891
31.2734 1.0703 -0.000688884 0.00115184 -0.000486774
31.1328 1.1871 -0.000751422 0.0012689 -0.000616191
31.2734 1.18706 -0.00073003 0.00122655 -0.00061238
31.4141 1.07026 -0.000680764 0.00113215 -0.0004849
31.5547 1.07022 -0.000685098 0.0011334 -0.000495731
31.4141 1.18702 -0.000718819 0.00120144 -0.000611523
31.5547 1.18697 -0.000717668 0.0011933 -0.000619174
31.6953 0.369716 -0.000807764 0.00130989 -0.000142991
31.8359 0.369696 -0.00084897 0.0013705 -0.000256861
31.6953 0.486458 -0.000759989 0.00123299 -0.000137387
31.8359 0.486431 -0.000803443 0.00129804 -0.000248585
31.9766 0.369673 -0.000880625 0.00141517 -0.000374443
32.1172 0.369648 -0.000902478 0.00144376 -0.000494801
31.9766 0.486401 -0.000837912 0.00134805 -0.000365003
32.1172 0.486369 -0.00086224 0.0013814 -0.000484417
31.6953 0.603199 -0.000720635 0.00117034 -0.000164528
31.8359 0.603166 -0.000764125 0.00123606 -0.00026738
31.6953 0.719941 -0.000693717 0.0011288 -0.000223069
31.8359 0.719902 -0.000734368 0.00119025 -0.000312631
31.9766 0.60313 -0.000800039 0.00128907 -0.000378254
32.1172 0.603089 -0.000825967 0.00132566 -0.000493246
31.9766 0.719858 -0.000769675 0.00124274 -0.000413476
32.1172 0.71981 -0.000795859 0.00128024 -0.000520416
32.2578 0.369621 -0.000915347 0.00145783 -0.000618647
32.3984 0.369592 -0.000920187 0.00145914 -0.000748222
32.2578 0.486333 -0.000876539 0.00139853 -0.000606903
32.3984 0.486295 -0.000881204 0.00140035 -0.000734215
32.5391 0.369561 -0.000916778 0.0014476 -0.00088701
32.6797 0.369527 -0.000901961 0.00141853 -0.00103789
32.5391 0.486254 -0.000875752 0.00138639 -0.000869126
32.6797 0.486209 -0.000857808 0.00135326 -0.00101374
32.2578 0.603046 -0.000841087 0.00134477 -0.000611215
32.3984 0.602998 -0.000845221 0.00134643 -0.000732924
32.2578 0.719758 -0.00081098 0.00129989 -0.000630889
32.3984 0.719701 -0.000814231 0.00130067 -0.000744329
32.5391 0.602947 -0.000837765 0.00132999 -0.000860026
32.6797 0.602892 -0.000817139 0.00129331 -0.000993478
32.5391 0.71964 -0.000804968 0.00128189 -0.000861079
32.6797 0.719574 -0.00078236 0.00124257 -0.000980978
31.6953 0.836683 -0.000681496 0.00111225 -0.000307659
31.8359 0.836637 -0.000716712 0.00116495 -0.000381348
31.6953 0.953425 -0.000684046 0.00112085 -0.000410379
31.8359 0.953373 -0.000712205 0.00116194 -0.000468388
31.9766 0.836587 -0.000749126 0.00121296 -0.000468916
32.1172 0.836531 -0.000773875 0.00124846 -0.000564829
31.9766 0.953315 -0.000739782 0.00120211 -0.000541506
32.1172 0.953251 -0.00076139 0.00123264 -0.000624742
31.6953 1.07017 -0.000699587 0.00115166 -0.000523193
31.8359 1.07011 -0.000720217 0.00118021 -0.000567809
31.6953 1.18691 -0.000725279 0.00119992 -0.000639336
31.8359 1.18684 -0.000738834 0.00121659 -0.000673753
31.9766 1.07004 -0.000741777 0.00121045 -0.000627286
32.1172 1.06997 -0.000758939 0.00123372 -0.000697646
31.9766 1.18677 -0.000754083 0.0012363 -0.000721615
32.1172 1.18669 -0.000766167 0.00125116 -0.000779998
32.2578 0.83647 -0.000787924 0.00126673 -0.000665375
32.3984 0.836404 -0.000789817 0.00126571 -0.000768618
32.2578 0.953182 -0.000773188 0.00124746 -0.000713782
32.3984 0.953107 -0.000773128 0.00124351 -0.000805588
32.5391 0.836333 -0.000778846 0.00124458 -0.000873625
32.6797 0.836257 -0.000754762 0.00120323 -0.000979393
32.5391 0.953026 -0.000760352 0.00121969 -0.000898192
32.6797 0.952939 -0.000734918 0.00117635 -0.000990074
32.2578 1.06989 -0.000767478 0.0012433 -0.000774532
32.3984 1.06981 -0.000764895 0.00123533 -0.000854281
32.2578 1.18661 -0.000770864 0.00125439 -0.000844929
32.3984 1.18651 -0.00076539 0.00124165 -0.000912636
32.5391 1.06972 -0.000750078 0.00120827 -0.000934273
32.6797 1.06962 -0.000723107 0.00116249 -0.00101275
32.5391 1.18641 -0.000748309 0.00121084 -0.000980263
32.6797 1.1863 -0.000719491 0.00116198 -0.001046
32.8203 -0.563877 -0.00102773 0.00156748 -0.00142234
32.9609 -0.563819 -0.000955675 0.0014473 -0.00145558
32.8203 -0.447206 -0.00103588 0.0015863 -0.00136724
32.9609 -0.44716 -0.000963165 0.00146484 -0.00142085
33.1016 -0.563758 -0.000844989 0.00126911 -0.00148999
33.2422 -0.563693 -0.000714138 0.00106192 -0.00153011
33.1016 -0.447111 -0.000850367 0.00128312 -0.00147782
33.2422 -0.44706 -0.000716954 0.00107184 -0.00153694
32.8203 -0.330535 -0.00103631 0.00159261 -0.00132255
32.9609 -0.330501 -0.000962027 0.00146871 -0.00139588
32.8203 -0.213864 -0.00102868 0.00158601 -0.00128986
32.9609 -0.213842 -0.000953141 0.00146035 -0.00138246
33.1016 -0.330465 -0.000847648 0.00128456 -0.00147205
33.2422 -0.330427 -0.000713617 0.00107239 -0.00154707
33.1016 -0.213819 -0.000838037 0.00127532 -0.00147474
33.2422 -0.213794 -0.000704799 0.00106461 -0.0015622
33.3828 -0.563625 -0.000582159 0.000855081 -0.00157707
33.5234 -0.563553 -0.000465209 0.000673057 -0.00162705
33.3828 -0.447006 -0.000583246 0.000862338 -0.00159568
33.5234 -0.446949 -0.000467447 0.00068215 -0.00164961
33.6641 -0.563478 -0.000381503 0.000542978 -0.00167057
33.8047 -0.563399 -0.000336174 0.000471853 -0.00169886
33.6641 -0.446889 -0.000388382 0.00055918 -0.00169186
33.8047 -0.446827 -0.000347916 0.000495371 -0.00171819
33.3828 -0.330387 -0.000580838 0.000864412 -0.00161607
33.5234 -0.330345 -0.000468691 0.000689899 -0.00167324
33.3828 -0.213768 -0.000575108 0.00086158 -0.00163879
33.5234 -0.213741 -0.000469012 0.000696431 -0.00169695
33.6641 -0.330301 -0.000395196 0.00057544 -0.00171328
33.8047 -0.330255 -0.000358674 0.000517575 -0.00173643
33.6641 -0.213713 -0.000402083 0.000591979 -0.00173279
33.8047 -0.213683 -0.000368502 0.000538542 -0.00175185
32.8203 -0.097193 -0.00101254 0.00156594 -0.00126729
32.9609 -0.0971831 -0.000936944 0.0014406 -0.00137868
32.8203 0.019478 -0.000987627 0.00153209 -0.00125184
32.9609 0.0194759 -0.000913592 0.00140978 -0.001381
33.1016 -0.0971726 -0.000822481 0.00125697 -0.0014849
33.2422 -0.0971614 -0.000691504 0.00105011 -0.00158147
33.1016 0.0194737 -0.000801736 0.00123073 -0.00149906
33.2422 0.0194714 -0.000675083 0.00103098 -0.00160099
32.8203 0.136149 -0.000954174 0.00148491 -0.00123899
32.9609 0.136135 -0.000883365 0.00136838 -0.00138338
32.8203 0.25282 -0.00091346 0.00142633 -0.00122261
32.9609 0.252794 -0.000847118 0.00131764 -0.00137686
33.1016 0.13612 -0.000776691 0.00119799 -0.00151038
33.2422 0.136104 -0.000657221 0.00100976 -0.00161319
33.1016 0.252766 -0.000748582 0.00116052 -0.00150854
33.2422 0.252737 -0.000639718 0.000989046 -0.00160757
33.3828 -0.0971497 -0.000567041 0.000855369 -0.00166162
33.5234 -0.0971374 -0.000469258 0.000703035 -0.00171695
33.3828 0.019469 -0.000558359 0.000848393 -0.00167963
33.5234 0.0194664 -0.000470541 0.000711348 -0.00172807
33.6641 -0.0971245 -0.000409297 0.000609172 -0.00174663
33.8047 -0.0971111 -0.000377073 0.000557761 -0.00176219
33.6641 0.0194638 -0.000416691 0.000626732 -0.0017514
33.8047 0.019461 -0.000383631 0.000574045 -0.00176603
33.3828 0.136088 -0.000550888 0.000843335 -0.0016853
33.5234 0.13607 -0.00047332 0.000721941 -0.00172504
33.3828 0.252706 -0.000545561 0.000841409 -0.00167063
33.5234 0.252674 -0.000476654 0.000733209 -0.00170449
33.6641 0.136052 -0.000423338 0.000643157 -0.00174484
33.8047 0.136033 -0.000387098 0.000585712 -0.00176288
33.6641 0.25264 -0.000427594 0.00065585 -0.00172663
33.8047 0.252605 -0.000386321 0.000590964 -0.00175313
33.9453 -0.563317 -0.000314045 0.000436197 -0.00171242
34.0859 -0.563232 -0.00029726 0.000408953 -0.00171754
33.9453 -0.446762 -0.00032755 0.000462271 -0.00173159
34.0859 -0.446694 -0.000309577 0.00043314 -0.00173833
34.2266 -0.563143 -0.00027611 0.000375628 -0.00171953
34.3672 -0.563051 -0.000246631 0.000330474 -0.00172105
34.2266 -0.446624 -0.000285776 0.00039577 -0.00174291
34.3672 -0.446551 -0.00025335 0.000346177 -0.00174725
33.9453 -0.330207 -0.000338647 0.000484926 -0.00174914
34.0859 -0.330157 -0.000318526 0.000452511 -0.00175807
33.9453 -0.213652 -0.000347189 0.000503929 -0.00176424
34.0859 -0.21362 -0.000323751 0.000466533 -0.00177664
34.2266 -0.330105 -0.000291696 0.000410572 -0.00176668
34.3672 -0.330051 -0.000256397 0.000356674 -0.00177588
34.2266 -0.213586 -0.000293311 0.000419213 -0.00179117
34.3672 -0.213551 -0.000255008 0.000360872 -0.00180759
34.5078 -0.562955 -0.000207729 0.000272079 -0.00172274
34.6484 -0.562856 -0.000159944 0.000201437 -0.00172435
34.5078 -0.446475 -0.00021183 0.000283869 -0.00175154
34.6484 -0.446397 -0.000161877 0.000210013 -0.00175527
34.7891 -0.562754 -0.000104858 0.000121027 -0.00172554
34.9297 -0.562648 -4.4609e-05 3.40697e-05 -0.00172615
34.7891 -0.446315 -0.000104908 0.000126841 -0.00175797
34.9297 -0.446231 -4.28504e-05 3.7264e-05 -0.00175936
34.5078 -0.329995 -0.000212661 0.000291062 -0.00178514
34.6484 -0.329937 -0.000161209 0.000214977 -0.0017934
34.5078 -0.213515 -0.00020931 0.000292377 -0.0018245
34.6484 -0.213477 -0.000157026 0.000215072 -0.00183997
34.7891 -0.329877 -0.000103261 0.000130351 -0.00179961
34.9297 -0.329815 -4.04656e-05 3.96938e-05 -0.00180294
34.7891 -0.213439 -9.9204e-05 0.000130621 -0.00185192
34.9297 -0.213398 -3.71524e-05 4.10272e-05 -0.00185849
33.9453 -0.097097 -0.000352698 0.000518548 -0.00177615
34.0859 -0.0970823 -0.000324737 0.000474427 -0.00179412
33.9453 0.0194581 -0.000354459 0.000527682 -0.00178451
34.0859 0.019455 -0.000320906 0.000475332 -0.00181063
34.2266 -0.0970671 -0.000290002 0.00042079 -0.00181681
34.3672 -0.0970513 -0.000248431 0.000357704 -0.00184283
34.2266 0.0194519 -0.000281272 0.000414587 -0.00184359
34.3672 0.0194486 -0.000236245 0.00034659 -0.00188082
33.9453 0.136013 -0.000351724 0.000530185 -0.0017894
34.0859 0.135992 -0.000311851 0.000468632 -0.00182605
33.9453 0.252568 -0.00034395 0.000525211 -0.00179091
34.0859 0.25253 -0.000297584 0.000454328 -0.00183966
34.2266 0.135971 -0.00026706 0.00040052 -0.00187055
34.3672 0.135949 -0.000218827 0.000328102 -0.00191889
34.2266 0.25249 -0.000248074 0.000379616 -0.00189544
34.3672 0.252448 -0.000197822 0.000304607 -0.00195219
34.5078 -0.0970348 -0.000200942 0.00028666 -0.00186975
34.6484 -0.0970178 -0.000148519 0.000209221 -0.00189449
34.5078 0.0194453 -0.000187271 0.000273558 -0.00191866
34.6484 0.0194418 -0.000135583 0.000197358 -0.00195268
34.7891 -0.0970002 -9.21021e-05 0.000126855 -0.00191373
34.9297 -0.096982 -3.26206e-05 4.09816e-05 -0.00192441
34.7891 0.0194381 -8.19559e-05 0.000119151 -0.00197849
34.9297 0.0194344 -2.68488e-05 3.96327e-05 -0.00199254
34.5078 0.135925 -0.000169227 0.000254442 -0.00196577
34.6484 0.135901 -0.000119613 0.000181498 -0.00200535
34.5078 0.252405 -0.000149471 0.000233096 -0.00200258
34.6484 0.252361 -0.000103833 0.000166156 -0.00204023
34.7891 0.135877 -7.01452e-05 0.000109475 -0.00203318
34.9297 0.135851 -2.04469e-05 3.78128e-05 -0.0020473
34.7891 0.252315 -5.94487e-05 0.0001016 -0.00206292
34.9297 0.252267 -1.46111e-05 3.69682e-05 -0.00207281
32.8203 0.369491 -0.000868319 0.00136067 -0.00119803
32.9609 0.369453 -0.000806919 0.00126055 -0.00135348
32.8203 0.486162 -0.00082289 0.00129425 -0.00116547
32.9609 0.486112 -0.0007663 0.00120236 -0.00131227
33.1016 0.369413 -0.000719128 0.00112071 -0.00148385
33.2422 0.36937 -0.000623761 0.00097034 -0.0015764
33.1016 0.486059 -0.000690322 0.00108133 -0.00143504
33.2422 0.486003 -0.000609051 0.000952944 -0.00152198
32.8203 0.602833 -0.000781296 0.00123349 -0.00113063
32.9609 0.602771 -0.000729114 0.00114898 -0.00126208
32.8203 0.719504 -0.000746195 0.00118266 -0.00110144
32.9609 0.71943 -0.000697721 0.00110426 -0.00121596
33.1016 0.602705 -0.000663776 0.00104481 -0.00137363
33.2422 0.602636 -0.000594482 0.000935156 -0.00145732
33.1016 0.719352 -0.000640389 0.00101275 -0.00131589
33.2422 0.719269 -0.000579708 0.000916676 -0.00139708
33.3828 0.369325 -0.000541603 0.000841181 -0.00163304
33.5234 0.369278 -0.000478432 0.000741787 -0.00166794
33.3828 0.485944 -0.000536901 0.000839285 -0.00157878
33.5234 0.485882 -0.000476695 0.000744634 -0.00162143
33.6641 0.369229 -0.000427778 0.000662182 -0.0016988
33.8047 0.369177 -0.000380501 0.000588545 -0.0017377
33.6641 0.485817 -0.000423034 0.000660813 -0.0016648
33.8047 0.485749 -0.000369607 0.000578362 -0.00171747
33.3828 0.602563 -0.000529741 0.000833151 -0.0015191
33.5234 0.602486 -0.000470779 0.000740776 -0.00157223
33.3828 0.719181 -0.000520029 0.000822806 -0.00146405
33.5234 0.71909 -0.000461478 0.000731514 -0.00152606
33.6641 0.602405 -0.000413707 0.000652261 -0.00162813
33.8047 0.602321 -0.000354543 0.000561724 -0.0016931
33.6641 0.718994 -0.000401219 0.000638693 -0.00159144
33.8047 0.718893 -0.000337133 0.000541312 -0.00166475
32.8203 0.836175 -0.000718552 0.00114349 -0.00108372
32.9609 0.836089 -0.000672732 0.0010694 -0.00118267
32.8203 0.952847 -0.000698449 0.00111629 -0.00107957
32.9609 0.952748 -0.00065402 0.00104445 -0.00116474
33.1016 0.835998 -0.000620605 0.000986162 -0.00127186
33.2422 0.835902 -0.000565403 0.000898804 -0.00134967
33.1016 0.952644 -0.00060472 0.000965714 -0.00124394
33.2422 0.952534 -0.000552582 0.000883294 -0.00131704
32.8203 1.06952 -0.000685814 0.00110109 -0.00108857
32.9609 1.06941 -0.000641453 0.00102933 -0.00116119
32.8203 1.18619 -0.000680675 0.00109803 -0.00110906
32.9609 1.18607 -0.000635093 0.00102423 -0.00116979
33.1016 1.06929 -0.00059302 0.000951982 -0.00123071
33.2422 1.06917 -0.00054212 0.000871601 -0.0012979
33.1016 1.18594 -0.000585818 0.00094551 -0.00122955
33.2422 1.1858 -0.00053464 0.000864736 -0.00128983
33.3828 0.8358 -0.000508959 0.000810262 -0.00141917
33.5234 0.835694 -0.000450513 0.000719565 -0.00148622
33.3828 0.952419 -0.000498093 0.000798049 -0.001386
33.5234 0.952297 -0.000439865 0.000708031 -0.00145401
33.6641 0.835582 -0.000387738 0.000623404 -0.00155633
33.8047 0.835465 -0.000320007 0.000521009 -0.00163232
33.6641 0.95217 -0.000375747 0.000610172 -0.00152387
33.8047 0.952037 -0.000306266 0.000505419 -0.00159644
33.3828 1.06904 -0.000488742 0.000788268 -0.00136392
33.5234 1.0689 -0.000431232 0.000699571 -0.00142977
33.3828 1.18566 -0.000481757 0.000782271 -0.00135131
33.5234 1.18551 -0.000425664 0.000695849 -0.00141326
33.6641 1.06876 -0.000367511 0.000602481 -0.00149556
33.8047 1.06861 -0.000298774 0.000498875 -0.00155993
33.6641 1.18535 -0.000364394 0.000602495 -0.00147337
33.8047 1.18518 -0.000299128 0.000503963 -0.00152824
33.9453 0.369123 -0.000331049 0.000512588 -0.00178863
34.0859 0.369067 -0.000278756 0.000433341 -0.00184958
33.9453 0.485678 -0.000313627 0.000493155 -0.00178141
34.0859 0.485605 -0.000256828 0.000407742 -0.00185268
34.2266 0.369009 -0.000226026 0.000354324 -0.00191438
34.3672 0.368948 -0.000176275 0.000280432 -0.00197416
34.2266 0.485528 -0.000203606 0.000328452 -0.00192212
34.3672 0.485448 -0.000157918 0.000260811 -0.0019783
33.9453 0.602233 -0.000293133 0.00046898 -0.00176755
34.0859 0.602142 -0.000234159 0.000380867 -0.00184505
33.9453 0.718788 -0.000271909 0.000443421 -0.00174491
34.0859 0.718679 -0.000213766 0.000356974 -0.00182289
34.2266 0.602047 -0.000184049 0.000306536 -0.00191329
34.3672 0.601948 -0.000145601 0.000249648 -0.00196086
34.2266 0.718566 -0.000170099 0.000292356 -0.00188487
34.3672 0.718448 -0.000139982 0.000247703 -0.00192325
34.5078 0.368886 -0.000131978 0.000215087 -0.00202021
34.6484 0.368821 -9.19888e-05 0.000156454 -0.00204842
34.5078 0.485366 -0.000120195 0.000205152 -0.0020139
34.6484 0.48528 -8.5923e-05 0.000154778 -0.0020303
34.7891 0.368753 -5.23387e-05 9.87463e-05 -0.00206142
34.9297 0.368684 -1.02668e-05 3.80699e-05 -0.00206546
34.7891 0.485192 -4.92031e-05 0.000101226 -0.00203469
34.9297 0.4851 -7.41566e-06 4.09072e-05 -0.00203459
34.5078 0.601846 -0.000115091 0.000204473 -0.00198544
34.6484 0.60174 -8.48661e-05 0.000159874 -0.00199357
34.5078 0.718326 -0.000115171 0.000210781 -0.00194138
34.6484 0.718199 -8.68038e-05 0.000168827 -0.0019473
34.7891 0.60163 -4.88649e-05 0.000107276 -0.0019937
34.9297 0.601517 -5.54747e-06 4.47174e-05 -0.00199211
34.7891 0.718068 -4.99163e-05 0.000114923 -0.00194771
34.9297 0.717933 -4.16065e-06 4.88523e-05 -0.00194685
33.9453 0.835344 -0.000253053 0.000420935 -0.00171166
34.0859 0.835217 -0.000198536 0.000340117 -0.00178422
33.9453 0.951899 -0.000239847 0.000406297 -0.00166833
34.0859 0.951754 -0.000190273 0.000332851 -0.00173144
34.2266 0.835085 -0.000162765 0.000287221 -0.00183826
34.3672 0.834948 -0.000139638 0.000252828 -0.00187143
34.2266 0.951604 -0.000161222 0.000289893 -0.0017793
34.3672 0.951448 -0.00014238 0.00026189 -0.00181284
33.9453 1.06845 -0.000234789 0.000403274 -0.00161987
34.0859 1.06829 -0.000189421 0.00033594 -0.00167231
33.9453 1.18501 -0.000238859 0.000413621 -0.00157582
34.0859 1.18483 -0.000195714 0.000349355 -0.00161856
34.2266 1.06812 -0.000164 0.00029837 -0.00171684
34.3672 1.06795 -0.000146559 0.000272645 -0.00175476
34.2266 1.18464 -0.000170316 0.000311845 -0.00166112
34.3672 1.18445 -0.000151674 0.000284629 -0.00170428
34.5078 0.834806 -0.000118104 0.000220719 -0.00188949
34.6484 0.834659 -8.98974e-05 0.000179057 -0.00189859
34.5078 0.951286 -0.000122011 0.000231657 -0.0018362
34.6484 0.951119 -9.30084e-05 0.000189026 -0.00185208
34.7891 0.834507 -5.13295e-05 0.000122784 -0.00190265
34.9297 0.83435 -2.90871e-06 5.29204e-05 -0.00190405
34.7891 0.950945 -5.25506e-05 0.00013017 -0.0018618
34.9297 0.950766 -1.60582e-06 5.67585e-05 -0.00186635
34.5078 1.06777 -0.000125873 0.000242261 -0.00178642
34.6484 1.06758 -9.56584e-05 0.000198169 -0.00181089
34.5078 1.18425 -0.000129519 0.000252489 -0.00174471
34.6484 1.18404 -9.78348e-05 0.000206641 -0.00177816
34.7891 1.06738 -5.34025e-05 0.000136938 -0.00182723
34.9297 1.06718 -1.8753e-07 6.03796e-05 -0.00183527
34.7891 1.18382 -5.39191e-05 0.000143296 -0.00180145
34.9297 1.1836 1.36262e-06 6.39155e-05 -0.00181315
