26.0703 1.30002 -4.68841e-05 7.33831e-06 0.00170219
26.2109 1.30026 -7.35578e-05 6.14261e-05 0.00170077
26.0703 1.41643 -4.84154e-05 1.16391e-06 0.0017265
26.2109 1.4167 -7.04263e-05 4.59459e-05 0.0017227
26.3516 1.3005 -0.000106755 0.000128389 0.00169213
26.4922 1.30073 -0.000139931 0.000195036 0.00167272
26.3516 1.41696 -9.76861e-05 0.000101349 0.00170862
26.4922 1.41721 -0.000123538 0.000153993 0.00168121
26.0703 1.53285 -4.7729e-05 -2.67376e-06 0.00163504
26.2109 1.53314 -6.58995e-05 3.44799e-05 0.00162903
26.0703 1.64927 -4.49057e-05 -4.10196e-06 0.00145373
26.2109 1.64958 -6.01733e-05 2.73234e-05 0.00144581
26.3516 1.53342 -8.77307e-05 7.92934e-05 0.00161105
26.4922 1.53369 -0.000106746 0.000118738 0.00157935
26.3516 1.64988 -7.7261e-05 6.28401e-05 0.0014256
26.4922 1.65017 -9.02009e-05 9.03922e-05 0.00139322
26.6328 1.30095 -0.000161417 0.000237813 0.00164833
26.7734 1.30116 -0.00016858 0.000251346 0.00163056
26.6328 1.41745 -0.000138188 0.00018397 0.00164818
26.7734 1.41768 -0.000140318 0.000188393 0.00162196
26.9141 1.30137 -0.000170081 0.000252986 0.00162415
27.0547 1.30156 -0.000173435 0.000257848 0.00162532
26.9141 1.4179 -0.00013678 0.000180958 0.00160736
27.0547 1.41812 -0.000133417 0.000173512 0.00160086
26.6328 1.53395 -0.00011542 0.000137369 0.00154288
26.7734 1.5342 -0.000113679 0.000134756 0.00151274
26.6328 1.65045 -9.38671e-05 9.93226e-05 0.00135771
26.7734 1.65072 -8.90865e-05 9.10674e-05 0.00132747
26.9141 1.53444 -0.000106483 0.000120837 0.00149261
27.0547 1.53467 -9.79716e-05 0.000104081 0.0014797
26.9141 1.65098 -7.91784e-05 7.23369e-05 0.0013047
27.0547 1.65123 -6.68621e-05 4.87707e-05 0.00128741
26.0703 1.76568 -4.06398e-05 -3.86502e-06 0.001231
26.2109 1.76601 -5.37026e-05 2.32439e-05 0.00122145
26.0703 1.8821 -3.56323e-05 -2.87164e-06 0.00100565
26.2109 1.88245 -4.68212e-05 2.05637e-05 0.000995042
26.3516 1.76634 -6.67334e-05 5.07817e-05 0.00120009
26.4922 1.76665 -7.45609e-05 6.82134e-05 0.00116914
26.3516 1.8828 -5.63483e-05 4.11672e-05 0.000973573
26.4922 1.88313 -6.00295e-05 5.03193e-05 0.000945008
26.0703 1.99852 -3.03631e-05 -1.71902e-06 0.000797874
26.2109 1.99889 -3.97594e-05 1.81556e-05 0.000786993
26.0703 2.11493 -2.51103e-05 -6.93926e-07 0.000614889
26.2109 2.11533 -3.26496e-05 1.5436e-05 0.000604398
26.3516 1.99926 -4.61944e-05 3.25747e-05 0.000766441
26.4922 1.99961 -4.65475e-05 3.50207e-05 0.000740782
26.3516 2.11572 -3.63278e-05 2.42763e-05 0.000585535
26.4922 2.11609 -3.40908e-05 2.14404e-05 0.000563117
26.6328 1.76695 -7.41825e-05 6.91756e-05 0.0011367
26.7734 1.76724 -6.68873e-05 5.61396e-05 0.00110836
26.6328 1.88345 -5.64994e-05 4.50112e-05 0.000916078
26.7734 1.88376 -4.70954e-05 2.79076e-05 0.000890186
26.9141 1.76751 -5.48093e-05 3.35054e-05 0.00108497
27.0547 1.76778 -3.96082e-05 4.79116e-06 0.00106512
26.9141 1.88405 -3.31626e-05 1.8751e-06 0.000867301
27.0547 1.88434 -1.56264e-05 -3.10309e-05 0.000846296
26.6328 1.99995 -4.06204e-05 2.49046e-05 0.000715299
26.7734 2.00027 -2.95015e-05 4.45999e-06 0.000691955
26.6328 2.11645 -2.63881e-05 7.70867e-06 0.000541132
26.7734 2.11679 -1.39149e-05 -1.54222e-05 0.000520554
26.9141 2.00059 -1.39528e-05 -2.45879e-05 0.00067028
27.0547 2.00089 5.58963e-06 -6.11491e-05 0.000649245
26.9141 2.11713 3.03086e-06 -4.7141e-05 0.000500741
27.0547 2.11745 2.43492e-05 -8.70166e-05 0.00048073
27.1953 1.30175 -0.000181314 0.000271336 0.00162885
27.3359 1.30194 -0.000194593 0.000295159 0.00163126
27.1953 1.41833 -0.000132742 0.000171232 0.00159712
27.3359 1.41852 -0.000135804 0.000176274 0.00159218
27.4766 1.30211 -0.000213991 0.000330617 0.00163046
27.6172 1.30227 -0.000240296 0.000379064 0.00162538
27.4766 1.41871 -0.000143235 0.000189864 0.00158334
27.6172 1.41889 -0.000155625 0.000213065 0.00156901
27.1953 1.5349 -9.03193e-05 8.90292e-05 0.00146969
27.3359 1.53511 -8.46127e-05 7.7971e-05 0.00145884
27.1953 1.65147 -5.38528e-05 2.39881e-05 0.00127254
27.3359 1.6517 -4.11135e-05 6.66531e-08 0.00125704
27.4766 1.53532 -8.13275e-05 7.19162e-05 0.00144432
27.6172 1.53551 -8.07556e-05 7.14314e-05 0.00142447
27.4766 1.65192 -2.89548e-05 -2.22498e-05 0.00123837
27.6172 1.65213 -1.74152e-05 -4.28262e-05 0.00121511
27.7578 1.30243 -0.000274476 0.00044212 0.00161562
27.8984 1.30258 -0.000317426 0.000521202 0.00160152
27.7578 1.41906 -0.000173975 0.000247637 0.0015486
27.8984 1.41923 -0.000199976 0.000296553 0.00152253
28.0391 1.30273 -0.000369583 0.000616784 0.00158427
28.1797 1.30286 -0.000431265 0.000729111 0.00156502
28.0391 1.41938 -0.000236165 0.000364242 0.00149231
28.1797 1.41953 -0.000285996 0.000456736 0.00145943
27.7578 1.5357 -8.37296e-05 7.8026e-05 0.00139884
27.8984 1.53587 -9.23768e-05 9.55558e-05 0.00136811
27.7578 1.65233 -7.09815e-06 -6.05426e-05 0.00118722
27.8984 1.65252 -1.71153e-07 -7.14171e-05 0.00115574
28.0391 1.53604 -0.000110837 0.00013152 0.00133366
28.1797 1.5362 -0.000145405 0.000197303 0.00129623
28.0391 1.6527 -1.52425e-06 -6.64646e-05 0.00112191
28.1797 1.65287 -1.93404e-05 -3.06764e-05 0.00108551
27.1953 1.76804 -2.25093e-05 -2.73689e-05 0.00104677
27.3359 1.76829 -4.26167e-06 -6.13059e-05 0.00102759
27.1953 1.88461 4.72518e-06 -6.90462e-05 0.000825721
27.3359 1.88487 2.73683e-05 -0.000110938 0.000803832
27.4766 1.76852 1.49564e-05 -9.65039e-05 0.00100553
27.6172 1.76875 3.52452e-05 -0.00013306 0.000979537
27.4766 1.88513 5.22123e-05 -0.000156345 0.000779006
27.6172 1.88537 7.9389e-05 -0.000205399 0.000750506
27.1953 2.00118 2.86785e-05 -0.000104127 0.000627692
27.3359 2.00146 5.49845e-05 -0.000152659 0.000604226
27.1953 2.11776 4.9845e-05 -0.000134436 0.000459484
27.3359 2.11805 7.93476e-05 -0.000188829 0.000435767
27.4766 2.00173 8.44687e-05 -0.000206468 0.000577514
27.6172 2.00198 0.000117226 -0.000265589 0.000546941
27.4766 2.11833 0.000112854 -0.000249965 0.000408357
27.6172 2.1186 0.000150392 -0.000317716 0.000376568
27.7578 1.76896 5.61757e-05 -0.000170155 0.000949945
27.8984 1.76916 7.57691e-05 -0.000204122 0.000918037
27.7578 1.88559 0.00010854 -0.000257385 0.000718806
27.8984 1.88581 0.000137904 -0.000309017 0.000685244
28.0391 1.76936 8.91075e-05 -0.000225861 0.000885003
28.1797 1.76954 8.72281e-05 -0.000218806 0.000850084
28.0391 1.88602 0.00016288 -0.000351738 0.000650984
28.1797 1.88621 0.000174498 -0.000368905 0.000615195
27.7578 2.00223 0.000152869 -0.00032922 0.000512913
27.8984 2.00246 0.000189754 -0.000394261 0.000476623
27.7578 2.11886 0.00019147 -0.000391041 0.000340561
27.8984 2.1191 0.000234409 -0.000466735 0.000301261
28.0391 2.00267 0.000223594 -0.000452719 0.000439202
28.1797 2.00288 0.000245702 -0.000488451 0.000400088
28.0391 2.11933 0.000275023 -0.000536983 0.000259786
28.1797 2.11955 0.000304813 -0.000586008 0.000216086
26.0703 2.23135 -2.00105e-05 2.761e-08 0.000457913
26.2109 2.23177 -2.55836e-05 1.21514e-05 0.000448231
26.0703 2.34777 -1.51261e-05 3.08514e-07 0.000325896
26.2109 2.34821 -1.87174e-05 8.35802e-06 0.00031735
26.3516 2.23218 -2.68808e-05 1.61052e-05 0.000431658
26.4922 2.23257 -2.27744e-05 9.37719e-06 0.00041276
26.3516 2.34864 -1.81277e-05 8.35694e-06 0.000303567
26.4922 2.34905 -1.2807e-05 -1.00864e-06 0.000288443
26.0703 2.46418 -1.05487e-05 1.62341e-07 0.00021706
26.2109 2.46465 -1.233e-05 4.43839e-06 0.000210045
26.0703 2.5806 -6.46412e-06 -1.50304e-07 0.000129424
26.2109 2.58109 -6.79496e-06 1.02367e-06 0.000124368
26.3516 2.4651 -1.04408e-05 1.60364e-06 0.000199445
26.4922 2.46553 -4.43932e-06 -9.38886e-06 0.000188273
26.3516 2.58156 -4.16366e-06 -3.57409e-06 0.000117148
26.4922 2.58201 2.111e-06 -1.54235e-05 0.00010993
26.6328 2.23295 -1.38182e-05 -6.98435e-06 0.000394422
26.7734 2.23331 -3.0048e-07 -3.22606e-05 0.000376975
26.6328 2.34945 -3.04152e-06 -1.91751e-05 0.000273924
26.7734 2.34983 1.12377e-05 -4.61188e-05 0.000260021
26.9141 2.23366 1.78294e-05 -6.63291e-05 0.000359736
27.0547 2.234 4.07192e-05 -0.000109241 0.000341807
26.9141 2.3502 3.03246e-05 -8.21994e-05 0.000246084
27.0547 2.35056 5.456e-05 -0.000127842 0.00023129
26.6328 2.46595 5.76494e-06 -2.86865e-05 0.00017774
26.7734 2.46635 2.05239e-05 -5.68272e-05 0.000167769
26.6328 2.58245 1.24452e-05 -3.52978e-05 0.000103471
26.7734 2.58287 2.73936e-05 -6.41451e-05 9.77273e-05
26.9141 2.46674 4.03042e-05 -9.45158e-05 0.000157812
27.0547 2.46711 6.56041e-05 -0.000142484 0.000147133
26.9141 2.58328 4.75557e-05 -0.000102942 9.2297e-05
27.0547 2.58367 7.35662e-05 -0.000152688 8.6565e-05
26.0703 2.69702 -3.09652e-06 -2.82929e-07 6.12728e-05
26.2109 2.69753 -2.45194e-06 -1.28294e-06 5.83236e-05
26.0703 2.81344 -5.68799e-07 -4.68919e-08 1.07436e-05
26.2109 2.81396 5.47068e-07 -2.19384e-06 9.66286e-06
26.3516 2.69802 4.88614e-07 -6.79971e-06 5.4391e-05
26.4922 2.69849 6.72379e-06 -1.89073e-05 5.09242e-05
26.3516 2.81448 3.46871e-06 -7.96389e-06 8.62208e-06
26.4922 2.81497 9.40695e-06 -1.98214e-05 8.53859e-06
26.0703 2.92985 1.14338e-06 5.3827e-07 -2.45241e-05
26.2109 2.9304 2.26817e-06 -1.78548e-06 -2.41844e-05
26.0703 3.04627 2.16042e-06 1.37419e-06 -4.74937e-05
26.2109 3.04684 2.90793e-06 -3.1031e-07 -4.61287e-05
26.3516 2.93094 4.88365e-06 -7.20053e-06 -2.28935e-05
26.4922 2.93145 1.02885e-05 -1.83221e-05 -2.00792e-05
26.3516 3.0474 4.94875e-06 -4.79243e-06 -4.30491e-05
26.4922 3.04793 9.5965e-06 -1.4703e-05 -3.78723e-05
26.6328 2.69895 1.69117e-05 -3.88559e-05 4.84782e-05
26.7734 2.69939 3.17462e-05 -6.78815e-05 4.70936e-05
26.6328 2.81545 1.91838e-05 -3.93453e-05 9.87663e-06
26.7734 2.81591 3.35914e-05 -6.79803e-05 1.27712e-05
26.9141 2.69981 5.19337e-05 -0.000107185 4.65296e-05
27.0547 2.70022 7.8228e-05 -0.000158005 4.63253e-05
26.9141 2.81635 5.34193e-05 -0.000107106 1.71373e-05
27.0547 2.81678 7.95188e-05 -0.000158168 2.2693e-05
26.6328 2.93195 1.93986e-05 -3.69177e-05 -1.53453e-05
26.7734 2.93243 3.30721e-05 -6.45757e-05 -8.48449e-06
26.6328 3.04845 1.78052e-05 -3.18861e-05 -3.02614e-05
26.7734 3.04895 3.04688e-05 -5.80107e-05 -1.99664e-05
26.9141 2.93289 5.21568e-05 -0.000102807 5.54962e-07
27.0547 2.93333 7.75739e-05 -0.000153213 1.16744e-05
26.9141 3.04943 4.84681e-05 -9.46687e-05 -6.82861e-06
27.0547 3.04989 7.27621e-05 -0.000143554 9.21612e-06
27.1953 2.23433 6.837e-05 -0.000160752 0.000322199
27.3359 2.23464 0.000100752 -0.000220543 0.000299704
27.1953 2.3509 8.41155e-05 -0.000183117 0.000214664
27.3359 2.35123 0.000119108 -0.000247962 0.000194959
27.4766 2.23494 0.000137906 -0.000288432 0.00027305
27.6172 2.23522 0.000179799 -0.000364128 0.000241323
27.4766 2.35154 0.000159654 -0.0003223 0.00017075
27.6172 2.35184 0.000205696 -0.000405729 0.000140771
27.1953 2.46747 9.67588e-05 -0.000201104 0.000134784
27.3359 2.46781 0.000134052 -0.000270611 0.00011947
27.1953 2.58404 0.000105922 -0.000214062 7.96506e-05
27.3359 2.5844 0.000145101 -0.000287649 7.02661e-05
27.4766 2.46814 0.000177733 -0.00035113 9.95824e-05
27.6172 2.46846 0.00022778 -0.00044226 7.34378e-05
27.4766 2.58475 0.000191542 -0.000373898 5.66687e-05
27.6172 2.58507 0.000245345 -0.000472568 3.67955e-05
27.7578 2.23549 0.000225785 -0.000446243 0.000204294
27.8984 2.23575 0.000273978 -0.000531142 0.000162549
27.7578 2.35212 0.000256411 -0.000496455 0.000104284
27.8984 2.35239 0.000309539 -0.000590088 6.14639e-05
28.0391 2.23599 0.000319982 -0.000610614 0.000117249
28.1797 2.23622 0.000355176 -0.000668712 6.90409e-05
28.0391 2.35265 0.00036012 -0.000677366 1.35494e-05
28.1797 2.35289 0.000399031 -0.000741492 -3.80268e-05
27.7578 2.46876 0.000283203 -0.000541803 3.96966e-05
27.8984 2.46904 0.000341222 -0.000644314 -1.9889e-06
27.7578 2.58539 0.000305404 -0.000581132 8.66582e-06
27.8984 2.58568 0.000368324 -0.000692894 -2.87735e-05
28.0391 2.46931 0.000395968 -0.000738828 -5.04105e-05
28.1797 2.46956 0.000437478 -0.000807069 -0.000103531
28.0391 2.58597 0.000427074 -0.00079466 -7.47455e-05
28.1797 2.58623 0.000470651 -0.000866251 -0.00012728
27.1953 2.70061 0.000111282 -0.000221327 4.57349e-05
27.3359 2.70099 0.000151778 -0.000298119 4.35764e-05
27.1953 2.81719 0.000112679 -0.000222425 2.88921e-05
27.3359 2.81758 0.000153773 -0.000301224 3.47784e-05
27.4766 2.70135 0.000200394 -0.000389262 3.81148e-05
27.6172 2.70169 0.000257437 -0.000494847 2.70662e-05
27.4766 2.81795 0.000203726 -0.000395915 3.88194e-05
27.6172 2.81831 0.000263109 -0.00050706 3.87753e-05
27.1953 2.93376 0.000110212 -0.000217266 2.45673e-05
27.3359 2.93417 0.000151092 -0.000296622 3.85949e-05
27.1953 3.05033 0.000104295 -0.000206275 2.8097e-05
27.3359 3.05076 0.000144168 -0.000284676 4.95158e-05
27.4766 2.93456 0.000201345 -0.00039305 5.26036e-05
27.6172 2.93493 0.000261805 -0.000507623 6.46796e-05
27.4766 3.05116 0.000193638 -0.000380812 7.2777e-05
27.6172 3.05155 0.000253752 -0.000496196 9.64672e-05
27.7578 2.70202 0.000321775 -0.000612195 7.87668e-06
27.8984 2.70233 0.000389427 -0.00073337 -2.14551e-05
27.7578 2.81865 0.00033089 -0.000632087 3.17201e-05
27.8984 2.81898 0.000402717 -0.000762185 1.44864e-05
28.0391 2.70262 0.000452152 -0.000842774 -6.13712e-05
28.1797 2.7029 0.000497924 -0.00091822 -0.000111245
28.0391 2.81928 0.000469424 -0.000879759 -1.56303e-05
28.1797 2.81957 0.000518226 -0.000960905 -6.10213e-05
27.7578 2.93529 0.000331679 -0.000638171 7.18183e-05
27.8984 2.93562 0.000406646 -0.000775755 6.96433e-05
27.7578 3.05192 0.000324065 -0.000629316 0.000117778
27.8984 3.05227 0.000400777 -0.00077206 0.000131383
28.039 2.93594 0.000477271 -0.000901894 5.23631e-05
28.1797 2.93624 0.000530498 -0.000991653 1.31236e-05
28.039 3.0526 0.000475061 -0.000906658 0.000128399
28.1797 3.05291 0.000534218 -0.0010082 9.70854e-05
28.3203 1.30299 -0.000503431 0.000859774 0.00154149
28.4609 1.3031 -0.000587181 0.00101091 0.00150462
28.3203 1.41967 -0.000353165 0.000580557 0.00142199
28.4609 1.4198 -0.000439727 0.00073939 0.00137141
28.6016 1.30322 -0.000682132 0.00118217 0.00143941
28.7422 1.30332 -0.000786593 0.00137088 0.00133003
28.6016 1.41992 -0.000544216 0.000930669 0.00129355
28.7422 1.42003 -0.000662268 0.00114663 0.00117383
28.3203 1.53635 -0.000202976 0.000305333 0.00125297
28.4609 1.53649 -0.000287685 0.000462994 0.00119509
28.3203 1.65303 -6.35047e-05 5.40041e-05 0.00104237
28.4609 1.65318 -0.000141175 0.000200504 0.000982968
28.6016 1.53662 -0.000397974 0.000667295 0.00110953
28.7422 1.53674 -0.000527146 0.000905907 0.000983953
28.6016 1.65332 -0.000252098 0.000408027 0.000894924
28.7422 1.65345 -0.000388213 0.000661431 0.000768065
28.8828 1.30341 -0.000898401 0.00157336 0.00116494
29.0234 1.3035 -0.00101315 0.00178153 0.00094193
28.8828 1.42013 -0.000788569 0.00137772 0.00100228
29.0234 1.42023 -0.000916837 0.00161237 0.000778457
29.1641 1.30358 -0.00112041 0.00197606 0.000672841
29.3047 1.30365 -0.00120374 0.00212659 0.000385244
29.1641 1.42031 -0.00103726 0.00183229 0.000515493
29.3047 1.42039 -0.00113579 0.00201134 0.000239828
28.8828 1.53685 -0.000666584 0.00116302 0.000811056
29.0234 1.53695 -0.000807847 0.001423 0.00059257
28.8828 1.65357 -0.00053787 0.000939048 0.000598209
29.0234 1.65368 -0.000690234 0.00122067 0.000389715
29.1641 1.53705 -0.000941454 0.00166804 0.000342394
29.3047 1.53713 -0.00105544 0.00187571 8.51759e-05
29.1641 1.65378 -0.000835668 0.00148809 0.000157074
29.3047 1.65387 -0.000963848 0.00172183 -7.75224e-05
28.3203 1.76971 5.80926e-05 -0.000160797 0.000808316
28.4609 1.76987 -8.62249e-06 -3.30337e-05 0.000749737
28.3203 1.88639 0.00015957 -0.000336146 0.000572927
28.4609 1.88656 0.000105279 -0.000230015 0.000514481
28.6016 1.77002 -0.00011503 0.000167925 0.000662307
28.7422 1.77016 -0.000252976 0.000426497 0.000537347
28.6016 1.88672 6.98807e-06 -4.24854e-05 0.000428276
28.7422 1.88687 -0.000127964 0.000212191 0.000306389
28.3203 2.00307 0.000242486 -0.00047631 0.000354992
28.4609 2.00326 0.000199678 -0.000390164 0.000295093
28.3203 2.11976 0.000310155 -0.000588642 0.000166915
28.4609 2.11995 0.00027637 -0.000518018 0.000104594
28.6016 2.00343 0.000110869 -0.000218741 0.000209428
28.7422 2.00358 -1.75234e-05 2.53477e-05 9.0162e-05
28.6016 2.12013 0.000196562 -0.000361945 1.86024e-05
28.7422 2.12029 7.68178e-05 -0.000132358 -9.94346e-05
28.8828 1.77029 -0.000408581 0.000716617 0.00037335
29.0234 1.77041 -0.000568733 0.00101365 0.000177453
28.8828 1.88701 -0.000284543 0.000505585 0.000148966
29.0234 1.88713 -0.000448008 0.000809801 -3.43998e-05
29.1641 1.77051 -0.000723206 0.00129818 -3.51137e-05
29.3047 1.77061 -0.000862798 0.00155277 -0.000244931
29.1641 1.88725 -0.000607518 0.0011041 -0.000227361
29.3047 1.88735 -0.000754608 0.00137242 -0.000412823
28.8828 2.00373 -0.000170234 0.000313116 -6.19714e-05
29.0234 2.00386 -0.000331965 0.000615398 -0.000235449
28.8828 2.12045 -6.79867e-05 0.000142449 -0.000248849
29.0234 2.12059 -0.000223235 0.000434346 -0.000416571
29.1641 2.00398 -0.000491824 0.000911123 -0.000412398
29.3047 2.00409 -0.000641998 0.00118533 -0.000576896
29.1641 2.12072 -0.000378877 0.000723524 -0.000583052
29.3047 2.12083 -0.000527909 0.000996327 -0.000732351
29.4453 1.30371 -0.00124926 0.00220756 0.000116471
29.5859 1.30377 -0.00125485 0.00221496 -0.000102747
29.4453 1.42046 -0.00119999 0.00212653 -1.63862e-05
29.5859 1.42052 -0.00122625 0.00217139 -0.000228671
29.7266 1.30382 -0.00122878 0.00216417 -0.000264128
29.8672 1.30386 -0.00118528 0.00208149 -0.000380101
29.7266 1.42057 -0.00121951 0.0021553 -0.000388862
29.8672 1.42061 -0.00119097 0.00209913 -0.000503284
29.4453 1.5372 -0.00113858 0.00202525 -0.000151491
29.5859 1.53727 -0.00118613 0.00210821 -0.000348083
29.4453 1.65395 -0.00106488 0.00190358 -0.000291031
29.5859 1.65402 -0.00113328 0.00202362 -0.000467779
29.7266 1.53733 -0.00120061 0.00212979 -0.000498471
29.8672 1.53737 -0.00119011 0.00210534 -0.000606958
29.7266 1.65408 -0.00116936 0.00208328 -0.000603464
29.8672 1.65413 -0.00117826 0.00209278 -0.000702563
30.0078 1.30389 -0.00113615 0.00198863 -0.00046683
30.1484 1.30391 -0.00108565 0.00189361 -0.000534935
30.0078 1.42065 -0.0011522 0.00202426 -0.000585301
30.1484 1.42067 -0.001109 0.00194155 -0.000646883
30.2891 1.30393 -0.0010357 0.00179997 -0.000589854
30.4297 1.30393 -0.000987691 0.00171017 -0.000634088
30.2891 1.42069 -0.00106413 0.00185625 -0.000695162
30.4297 1.4207 -0.0010193 0.00177149 -0.000734268
30.0078 1.53741 -0.00116432 0.00205298 -0.000684123
30.1484 1.53744 -0.00112986 0.00198519 -0.000741205
30.0078 1.65417 -0.0011674 0.00206637 -0.000774067
30.1484 1.6542 -0.00114347 0.00201665 -0.000827486
30.2891 1.53746 -0.00109065 0.00190934 -0.000785924
30.4297 1.53746 -0.00104937 0.00183039 -0.000822881
30.2891 1.65422 -0.00111145 0.00195299 -0.000869888
30.4297 1.65423 -0.00107523 0.0018825 -0.000905712
29.4453 1.7707 -0.000979033 0.00176176 -0.000433796
29.5859 1.77077 -0.00106634 0.00191535 -0.000589744
29.4453 1.88744 -0.00088215 0.00160163 -0.000577277
29.5859 1.88752 -0.000985041 0.00178286 -0.000712646
29.7266 1.77084 -0.00112313 0.0020115 -0.000709837
29.8672 1.77089 -0.00115181 0.00205562 -0.000798483
29.7266 1.88759 -0.00106047 0.00191189 -0.000817388
29.8672 1.88765 -0.00110855 0.00199005 -0.000895545
29.4453 2.00419 -0.000776479 0.00142702 -0.000719119
29.5859 2.00427 -0.000890878 0.0016287 -0.000834876
29.4453 2.12094 -0.000665173 0.00124328 -0.000856661
29.5859 2.12102 -0.000786943 0.00145818 -0.000954979
29.7266 2.00435 -0.000981849 0.00178521 -0.000924571
29.8672 2.00441 -0.00104787 0.00189492 -0.000992223
29.7266 2.1211 -0.000889793 0.00163576 -0.00103021
29.8672 2.12117 -0.000971206 0.00177262 -0.00108718
30.0078 1.77093 -0.00115756 0.00205807 -0.000863477
30.1484 1.77096 -0.0011464 0.00203037 -0.000912748
30.0078 1.88769 -0.0011322 0.0020237 -0.000953769
30.1484 1.88773 -0.00113612 0.00202209 -0.00099873
30.2891 1.77099 -0.00112388 0.00198292 -0.000952524
30.4297 1.771 -0.0010948 0.00192449 -0.000987106
30.2891 1.88775 -0.00112565 0.00199531 -0.00103591
30.4297 1.88776 -0.001106 0.00195296 -0.00106942
30.0078 2.00445 -0.00108977 0.00196047 -0.00104362
30.1484 2.00449 -0.00111047 0.00198802 -0.00108448
30.0078 2.12122 -0.00103035 0.00186842 -0.00113144
30.1484 2.12125 -0.00106835 0.00192613 -0.00116812
30.2891 2.00451 -0.00111436 0.00198605 -0.00111956
30.4297 2.00453 -0.00110653 0.00196398 -0.00115259
30.2891 2.12128 -0.00108814 0.00195177 -0.00120144
30.4297 2.12129 -0.00109418 0.00195367 -0.00123463
28.3203 2.23644 0.000366023 -0.000680518 1.5885e-05
28.4609 2.23664 0.000338355 -0.000620152 -4.89108e-05
28.3203 2.35312 0.000412873 -0.000757924 -9.41935e-05
28.4609 2.35333 0.000388814 -0.000703284 -0.000161125
28.6016 2.23683 0.000266196 -0.000477039 -0.000135939
28.7422 2.23701 0.000156103 -0.000263812 -0.000254556
28.6016 2.35353 0.000323002 -0.000570777 -0.000250051
28.7422 2.35372 0.000223018 -0.000374689 -0.000371294
28.3203 2.4698 0.000452599 -0.000825064 -0.000161588
28.4609 2.47002 0.000430558 -0.000773247 -0.000230818
28.3203 2.58648 0.000486331 -0.00088455 -0.000186715
28.4609 2.58672 0.000465876 -0.000834648 -0.000259705
28.6016 2.47023 0.000370393 -0.000649979 -0.000323254
28.7422 2.47043 0.000280787 -0.000471372 -0.000449495
28.6016 2.58694 0.00041139 -0.000720438 -0.000358414
28.7422 2.58714 0.000332334 -0.000559387 -0.000492335
28.8828 2.23717 2.20971e-05 -7.14598e-06 -0.000404201
29.0234 2.23732 -0.000122988 0.000267904 -0.000570414
28.8828 2.35389 0.000101558 -0.000139215 -0.000523918
29.0234 2.35404 -3.1107e-05 0.000115104 -0.000692126
29.1641 2.23745 -0.000270772 0.000544306 -0.000732232
29.3047 2.23757 -0.000415254 0.00081 -0.000873093
29.1641 2.35419 -0.00016878 0.000374982 -0.000854093
29.3047 2.35431 -0.000306534 0.000630084 -0.000992738
28.8828 2.47061 0.00017265 -0.000258348 -0.000607457
29.0234 2.47077 5.32779e-05 -2.61749e-05 -0.000780103
28.8828 2.58733 0.000237511 -0.000368635 -0.00065744
29.0234 2.5875 0.000131166 -0.000158029 -0.000835761
29.1641 2.47092 -7.34732e-05 0.000215942 -0.000945423
29.3047 2.47105 -0.000203633 0.000459235 -0.00108643
29.1641 2.58765 1.49745e-05 6.70811e-05 -0.00100587
29.3047 2.5878 -0.000107767 0.000299069 -0.00115173
28.3203 2.70316 0.000514599 -0.000937612 -0.000172572
28.4609 2.70341 0.000496466 -0.000890705 -0.000252234
28.3203 2.81985 0.000537498 -0.000984283 -0.000125436
28.4609 2.8201 0.000523383 -0.000943122 -0.000215256
28.6016 2.70364 0.000448251 -0.000786258 -0.000360887
28.7422 2.70385 0.000379725 -0.000642433 -0.000505087
28.6016 2.82034 0.000482287 -0.000849557 -0.000337477
28.7422 2.82056 0.000423931 -0.000722034 -0.000493875
28.3203 2.93653 0.000554855 -0.00102362 -5.49969e-05
28.4609 2.93679 0.000547039 -0.000992119 -0.000157256
28.3203 3.05321 0.000566423 -0.0010541 2.67296e-05
28.4609 3.05349 0.00056732 -0.00103676 -8.71296e-05
28.6016 2.93704 0.000513891 -0.000910624 -0.00029527
28.7422 2.93727 0.000464938 -0.000797833 -0.000464622
28.6016 3.05375 0.0005428 -0.000968523 -0.000240474
28.7422 3.05398 0.000502147 -0.000868443 -0.000422098
28.8828 2.70405 0.000297547 -0.000472617 -0.000678298
29.0234 2.70423 0.000203152 -0.000281635 -0.000862237
28.8828 2.82077 0.000353188 -0.000570922 -0.000675115
29.0234 2.82095 0.000269232 -0.000396951 -0.000863474
29.1641 2.70439 9.64317e-05 -7.16069e-05 -0.00103697
29.3047 2.70454 -1.96543e-05 0.000150465 -0.00118819
29.1641 2.82112 0.000170654 -0.000199772 -0.00104149
29.3047 2.82128 6.0315e-05 1.38913e-05 -0.00119719
28.8828 2.93749 0.000404032 -0.000662586 -0.000652975
29.0234 2.93768 0.000328921 -0.000502949 -0.000843962
28.8828 3.05421 0.000449276 -0.000745897 -0.000616337
29.0234 3.05441 0.000381565 -0.000598193 -0.000808368
29.1641 2.93786 0.000237302 -0.000316721 -0.00102343
29.3047 2.93802 0.000131951 -0.000110309 -0.00118202
29.1641 3.05459 0.000296063 -0.000421643 -0.000987646
29.3047 3.05476 0.00019521 -0.000221845 -0.00114742
29.4453 2.23768 -0.000551849 0.00105643 -0.000985591
29.5859 2.23778 -0.0006773 0.00127824 -0.00107046
29.4453 2.35443 -0.000440048 0.000872153 -0.00110017
29.5859 2.35453 -0.000566259 0.00109607 -0.00117729
29.7266 2.23786 -0.000788345 0.00147051 -0.00113293
29.8672 2.23792 -0.000881964 0.00162899 -0.00117943
29.7266 2.35461 -0.000682181 0.00129744 -0.00123059
29.8672 2.35468 -0.000784675 0.00147183 -0.00126822
29.4453 2.47117 -0.000332822 0.000695166 -0.00119474
29.5859 2.47128 -0.000457841 0.000918207 -0.00127042
29.4453 2.58792 -0.000232392 0.000528759 -0.001265
29.5859 2.58803 -0.000355292 0.000749719 -0.00134469
29.7266 2.47137 -0.000575917 0.00112425 -0.00131981
29.8672 2.47144 -0.000684084 0.00130921 -0.0013521
29.7266 2.58812 -0.000473646 0.000957606 -0.00139594
29.8672 2.5882 -0.000584708 0.00114866 -0.00142773
30.0078 2.23798 -0.000956159 0.00175127 -0.00121612
30.1484 2.23802 -0.00101052 0.00183762 -0.00124819
30.0078 2.35474 -0.000871004 0.00161557 -0.00129768
30.1484 2.35478 -0.000939601 0.00172696 -0.00132497
30.2891 2.23804 -0.00104651 0.00189149 -0.00127967
30.4297 2.23806 -0.00106762 0.00191957 -0.00131336
30.2891 2.35481 -0.000990689 0.00180728 -0.00135447
30.4297 2.35482 -0.00102682 0.00186162 -0.00138889
30.0078 2.4715 -0.000779298 0.00146894 -0.00137629
30.1484 2.47155 -0.000859218 0.00160045 -0.00139976
30.0078 2.58826 -0.000685507 0.00131891 -0.00145007
30.1484 2.58831 -0.000773354 0.00146488 -0.00147186
30.2891 2.47158 -0.000923151 0.0017035 -0.00142786
30.4297 2.47159 -0.000973019 0.00178207 -0.00146356
30.2891 2.58834 -0.000847067 0.00158556 -0.00149991
30.4297 2.58836 -0.000908539 0.0016849 -0.00153764
29.4453 2.70467 -0.000140069 0.000374697 -0.00130833
29.5859 2.70478 -0.000260728 0.000593667 -0.00139562
29.4453 2.82141 -5.64315e-05 0.000233607 -0.00132415
29.5859 2.82153 -0.000175132 0.000451195 -0.00142029
29.7266 2.70488 -0.000378482 0.000802253 -0.0014535
29.8672 2.70496 -0.00049055 0.000996503 -0.00148965
29.7266 2.82163 -0.000292199 0.000660577 -0.00148752
29.8672 2.82172 -0.000404513 0.000857008 -0.00153155
29.4453 2.93816 1.83881e-05 0.000105594 -0.0013145
29.5859 2.93828 -9.87175e-05 0.000322364 -0.00141879
29.4453 3.05491 8.44961e-05 -9.39061e-06 -0.00128359
29.5859 3.05504 -3.1319e-05 0.000206883 -0.00139415
29.7266 2.93839 -0.000215404 0.000533103 -0.00149565
29.8672 2.93848 -0.000328086 0.000732043 -0.00154887
29.7266 3.05515 -0.000148018 0.000419505 -0.00147913
29.8672 3.05524 -0.000261646 0.000621863 -0.00154069
30.0078 2.70502 -0.000594123 0.00117272 -0.00151399
30.1484 2.70507 -0.000686525 0.00132753 -0.00153649
30.0078 2.82179 -0.000509206 0.00103658 -0.00156104
30.1484 2.82184 -0.000603737 0.00119616 -0.00158581
30.2891 2.70511 -0.000766656 0.00146018 -0.00156538
30.4297 2.70512 -0.000837332 0.00157619 -0.00160443
30.2891 2.82187 -0.000687653 0.00133615 -0.00161462
30.4297 2.82189 -0.000765828 0.00146553 -0.00165099
30.0078 2.93855 -0.000433621 0.000914596 -0.00158498
30.1484 2.9386 -0.000529572 0.00107767 -0.00161218
30.0078 3.05531 -0.000368804 0.000808668 -0.00158296
30.1484 3.05537 -0.000467195 0.000976794 -0.00161139
30.2891 2.93864 -0.000616495 0.00122332 -0.00163811
30.4297 2.93865 -0.000701962 0.00136499 -0.00166552
30.2891 3.0554 -0.000558355 0.00112973 -0.00163128
30.4297 3.05542 -0.000651951 0.00128446 -0.00164516
