30.5703 -6.16953 -0.000320711 0.000385016 -0.000738035
30.7109 -6.1695 -0.000264831 0.000305024 -0.000660801
30.5703 -6.05275 -0.000368152 0.000465046 -0.000753735
30.7109 -6.05272 -0.00030801 0.000376599 -0.000678982
30.8516 -6.16942 -0.000213351 0.000231918 -0.000590224
30.9922 -6.16931 -0.000166945 0.000167038 -0.000524717
30.8516 -6.05264 -0.000254048 0.000298425 -0.000609499
30.9922 -6.05253 -0.000205928 0.000229946 -0.000544518
30.5703 -5.93597 -0.000412533 0.000543509 -0.000752494
30.7109 -5.93594 -0.000350112 0.000449096 -0.000684541
30.5703 -5.81919 -0.000451551 0.000616377 -0.00073392
30.7109 -5.81916 -0.000389214 0.000519302 -0.000676572
30.8516 -5.93587 -0.000294393 0.000366457 -0.000619178
30.9922 -5.93576 -0.000244688 0.000294118 -0.000557063
30.8516 -5.81909 -0.00033297 0.00043375 -0.000618141
30.9922 -5.81898 -0.00028224 0.00035819 -0.000560508
31.1328 -6.16916 -0.000126831 0.000112272 -0.000464227
31.2735 -6.16898 -9.29287e-05 6.70673e-05 -0.00040996
31.1328 -6.05239 -0.00016373 0.000171058 -0.000484404
31.2735 -6.05221 -0.000127227 0.000121064 -0.000429956
31.4141 -6.16875 -6.44134e-05 2.97404e-05 -0.000362743
31.5547 -6.16849 -4.05649e-05 -7.89975e-07 -0.000321492
31.4141 -6.05199 -9.6025e-05 7.91665e-05 -0.00038119
31.5547 -6.05173 -6.99293e-05 4.51175e-05 -0.000337099
31.1328 -5.93562 -0.000200589 0.000231098 -0.000498859
31.2735 -5.93544 -0.000161894 0.000176822 -0.000445022
31.1328 -5.81884 -0.000236715 0.000291669 -0.000505107
31.2735 -5.81867 -0.000196336 0.000233775 -0.000452766
31.4141 -5.93522 -0.00012852 0.000131008 -0.00039554
31.5547 -5.93497 -0.000100502 9.36642e-05 -0.000349964
31.4141 -5.81846 -0.0001612 0.00018445 -0.000403871
31.5547 -5.81821 -0.000131462 0.000143789 -0.000358515
30.5703 -5.70241 -0.00048366 0.000681146 -0.000696386
30.7109 -5.70238 -0.00042359 0.000584701 -0.000652277
30.5703 -5.58563 -0.000508509 0.000736574 -0.000642016
30.7109 -5.5856 -0.00045221 0.000643376 -0.000611571
30.8516 -5.70231 -0.000368385 0.000498446 -0.000603289
30.9922 -5.70221 -0.000317638 0.000421032 -0.000552029
30.8516 -5.58553 -0.000399537 0.000558711 -0.000573723
30.9922 -5.58543 -0.000350008 0.000481212 -0.000530747
30.5703 -5.46885 -0.000527226 0.000783154 -0.000577221
30.7109 -5.46882 -0.000475195 0.000694633 -0.000558146
30.5703 -5.35207 -0.000541641 0.000822761 -0.00050791
30.7109 -5.35204 -0.00049376 0.000739392 -0.000497272
30.8516 -5.46875 -0.000425889 0.000613149 -0.000531132
30.9922 -5.46866 -0.000378686 0.000537306 -0.000497533
30.8516 -5.35198 -0.000447781 0.000661518 -0.000479067
30.9922 -5.35188 -0.000403404 0.000588346 -0.000454468
31.1328 -5.70207 -0.00027138 0.000351904 -0.00050089
31.2735 -5.7019 -0.000229825 0.000290964 -0.000451505
31.1328 -5.5853 -0.000303849 0.000410588 -0.000485548
31.2735 -5.58513 -0.00026163 0.000347179 -0.000440706
31.4141 -5.70169 -0.00019326 0.00023836 -0.00040486
31.5547 -5.70145 -0.00016195 0.000194274 -0.000361537
31.4141 -5.58493 -0.000223937 0.000291505 -0.000397939
31.5547 -5.58469 -0.000191186 0.000243923 -0.000358285
31.1328 -5.46852 -0.000333516 0.000466468 -0.000459692
31.2735 -5.46836 -0.000291154 0.000401249 -0.000420763
31.1328 -5.35175 -0.000359975 0.00051849 -0.000424733
31.2735 -5.35159 -0.000317993 0.000452211 -0.000392713
31.4141 -5.46816 -0.000252618 0.000342772 -0.000383209
31.5547 -5.46793 -0.00021856 0.000291716 -0.000348505
31.4141 -5.3514 -0.000278904 0.000391292 -0.000361324
31.5547 -5.35117 -0.000243682 0.0003369 -0.000332431
31.6953 -6.1682 -2.161e-05 -2.38494e-05 -0.000284164
31.836 -6.16786 -8.20314e-06 -3.82207e-05 -0.000249368
31.6953 -6.05144 -4.92378e-05 1.95136e-05 -0.000296475
31.836 -6.05111 -3.43659e-05 3.03389e-06 -0.000258578
31.9766 -6.16749 -9.67264e-07 -4.29932e-05 -0.000216829
32.1172 -6.16708 -7.47282e-07 -3.7157e-05 -0.000187417
31.9766 -6.05075 -2.56293e-05 -3.94736e-06 -0.000223315
32.1172 -6.05035 -2.33887e-05 -1.16121e-06 -0.000191428
31.6953 -5.93469 -7.81392e-05 6.5234e-05 -0.000307791
31.836 -5.93437 -6.17308e-05 4.61085e-05 -0.000268736
31.6953 -5.81793 -0.000107433 0.000112149 -0.0003167
31.836 -5.81762 -8.93694e-05 8.97841e-05 -0.00027848
31.9766 -5.93401 -5.14255e-05 3.6359e-05 -0.000232871
32.1172 -5.93362 -4.72456e-05 3.57471e-05 -0.000200798
31.9766 -5.81727 -7.73338e-05 7.66007e-05 -0.000244072
32.1172 -5.81688 -7.11685e-05 7.20976e-05 -0.000213982
32.2578 -6.16664 -8.32178e-06 -2.00366e-05 -0.000163013
32.3985 -6.16616 -2.22684e-05 5.74351e-06 -0.000144575
32.2578 -6.04991 -2.80033e-05 1.14445e-05 -0.000164695
32.3985 -6.04944 -3.8767e-05 3.22937e-05 -0.000144619
32.5391 -6.16564 -3.9757e-05 3.58578e-05 -0.000130836
32.6797 -6.16508 -5.85182e-05 6.69643e-05 -0.000120446
32.5391 -6.04893 -5.36925e-05 5.82253e-05 -0.000130727
32.6797 -6.04838 -7.04666e-05 8.58317e-05 -0.000121566
32.2578 -5.93319 -4.91347e-05 4.37822e-05 -0.000173792
32.3985 -5.93272 -5.66054e-05 5.92719e-05 -0.000153284
32.2578 -5.81646 -7.05799e-05 7.55009e-05 -0.000189064
32.3985 -5.81601 -7.50157e-05 8.56065e-05 -0.00017037
32.5391 -5.93222 -6.8436e-05 8.00729e-05 -0.000139798
32.6797 -5.93169 -8.27412e-05 0.000103291 -0.000132624
32.5391 -5.81552 -8.35763e-05 0.000100724 -0.000158771
32.6797 -5.81499 -9.48796e-05 0.000118567 -0.000154507
31.6953 -5.70118 -0.00013624 0.000159048 -0.000321931
31.836 -5.70087 -0.000116384 0.000132883 -0.000286374
31.6953 -5.58442 -0.00016378 0.000204816 -0.000322469
31.836 -5.58412 -0.000142002 0.000174391 -0.000291073
31.9766 -5.70053 -0.000102419 0.000115619 -0.000255232
32.1172 -5.70015 -9.4115e-05 0.00010665 -0.000228991
31.9766 -5.58378 -0.000125901 0.000152486 -0.000264623
32.1172 -5.58341 -0.000115237 0.000138476 -0.000243659
31.6953 -5.46767 -0.000189461 0.000248558 -0.000317657
31.836 -5.46737 -0.000165651 0.000213548 -0.000291472
31.6953 -5.35091 -0.000212923 0.000289666 -0.000307282
31.836 -5.35062 -0.000187011 0.000249916 -0.000286876
31.9766 -5.46704 -0.000147219 0.00018657 -0.000270649
32.1172 -5.46668 -0.000133948 0.000167029 -0.000255824
31.9766 -5.3503 -0.00016609 0.000217602 -0.000272072
32.1172 -5.34995 -0.000149991 0.000192198 -0.000263622
32.2578 -5.69974 -9.10823e-05 0.000105098 -0.000208302
32.3985 -5.69929 -9.26956e-05 0.000109707 -0.000193933
32.2578 -5.58301 -0.000109594 0.000131461 -0.000228775
32.3985 -5.58257 -0.000108316 0.000130172 -0.000220615
32.5391 -5.69881 -9.80842e-05 0.000118863 -0.000186674
32.6797 -5.69829 -0.000106054 0.000130499 -0.000187188
32.5391 -5.5821 -0.000110497 0.000132968 -0.000219843
32.6797 -5.5816 -0.00011495 0.000137822 -0.000227045
32.2578 -5.46629 -0.000125434 0.000154048 -0.000247601
32.3985 -5.46586 -0.000121019 0.000146378 -0.000246556
32.2578 -5.34956 -0.000138347 0.000172895 -0.000262167
32.3985 -5.34914 -0.000130539 0.000158523 -0.000268215
32.5391 -5.4654 -0.000119788 0.000142405 -0.000253187
32.6797 -5.4649 -0.000120595 0.000140227 -0.000267775
32.5391 -5.34869 -0.000125708 0.000147598 -0.000282061
32.6797 -5.34821 -0.000122829 0.000138478 -0.000303619
30.5703 -5.23529 -0.000553008 0.000857055 -0.00043632
30.7109 -5.23526 -0.000509128 0.000778974 -0.000432524
30.5703 -5.11851 -0.000561723 0.000886631 -0.000362731
30.7109 -5.11848 -0.000521816 0.000813943 -0.000365368
30.8516 -5.2352 -0.000466111 0.000704527 -0.000421307
30.9922 -5.2351 -0.000424415 0.000634123 -0.000404382
30.8516 -5.11842 -0.000481598 0.000742854 -0.000360453
30.9922 -5.11833 -0.000442293 0.000675018 -0.000350091
30.5703 -5.00173 -0.000567777 0.000911348 -0.000287736
30.7109 -5.0017 -0.000531845 0.000844147 -0.00029673
30.5703 -4.88495 -0.000571218 0.000931027 -0.00021276
30.7109 -4.88493 -0.000539187 0.000869304 -0.000227906
30.8516 -5.00164 -0.000494522 0.000776664 -0.00029806
30.9922 -5.00155 -0.000457525 0.000711419 -0.000293771
30.8516 -4.88487 -0.000504976 0.000805878 -0.000235406
30.9922 -4.88478 -0.000470371 0.000743472 -0.000236986
31.1328 -5.23498 -0.00038308 0.000565963 -0.000382577
31.2735 -5.23482 -0.000341937 0.000499376 -0.000357942
31.1328 -5.11821 -0.000402998 0.000608692 -0.000335433
31.2735 -5.11805 -0.000362959 0.000542335 -0.000318094
31.4141 -5.23463 -0.000302589 0.000436472 -0.000333269
31.5547 -5.23441 -0.000266376 0.000379005 -0.000310657
31.4141 -5.11787 -0.000323638 0.000477956 -0.000300337
31.5547 -5.11765 -0.000286656 0.000417823 -0.000284144
31.1328 -5.00143 -0.000420079 0.000646814 -0.000285545
31.2735 -5.00128 -0.000381187 0.000580908 -0.000275109
31.1328 -4.88466 -0.000434629 0.000680475 -0.00023488
31.2735 -4.88452 -0.000396846 0.000615088 -0.000231046
31.4141 -5.0011 -0.000342149 0.00051557 -0.000264168
31.5547 -5.00089 -0.00030469 0.000453344 -0.000254255
31.4141 -4.88434 -0.000358335 0.000549313 -0.000226647
31.5547 -4.88413 -0.000320759 0.000485707 -0.000222666
30.5703 -4.76817 -0.000572272 0.000945767 -0.000139528
30.7109 -4.76815 -0.000544001 0.000889422 -0.000160447
30.5703 -4.6514 -0.000571304 0.000955964 -6.95596e-05
30.7109 -4.65137 -0.000546651 0.000904911 -9.57338e-05
30.8516 -4.76809 -0.000513096 0.000830509 -0.000173793
30.9922 -4.768 -0.000480953 0.000771149 -0.000181131
30.8516 -4.65131 -0.000519078 0.000850692 -0.000114519
30.9922 -4.65123 -0.000489319 0.000794293 -0.000127756
30.5703 -4.53462 -0.000568743 0.000962249 -3.69432e-06
30.7109 -4.53459 -0.000547537 0.000916333 -3.46917e-05
30.5703 -4.41784 -0.000564841 0.000965099 5.80241e-05
30.7109 -4.41781 -0.000546809 0.000923888 2.20424e-05
30.8516 -4.53454 -0.000523052 0.000866472 -5.88516e-05
30.9922 -4.53446 -0.00049544 0.000812638 -7.8468e-05
30.8516 -4.41776 -0.000524962 0.000877599 -8.13438e-06
30.9922 -4.41768 -0.000499323 0.000826047 -3.45776e-05
31.1328 -4.76789 -0.000446804 0.000709639 -0.000185201
31.2734 -4.76775 -0.000410164 0.000644921 -0.000187855
31.1328 -4.65112 -0.000456689 0.000734177 -0.000138275
31.2734 -4.65098 -0.000421381 0.000670542 -0.000147249
31.4141 -4.76757 -0.000372472 0.000579324 -0.000189623
31.5547 -4.76737 -0.000335199 0.000515171 -0.000191057
31.4141 -4.65081 -0.000384877 0.000605887 -0.000154616
31.5547 -4.65062 -0.000348374 0.000542123 -0.000160745
31.1328 -4.53435 -0.000464406 0.000754098 -9.55816e-05
31.2734 -4.53421 -0.000430781 0.000692284 -0.000110323
31.1328 -4.41757 -0.000470223 0.000769797 -5.77851e-05
31.2734 -4.41744 -0.000438725 0.000710774 -7.71414e-05
31.4141 -4.53405 -0.000395892 0.00062947 -0.000122393
31.5547 -4.53386 -0.000360658 0.000567111 -0.000132221
31.4141 -4.41728 -0.000405867 0.000650718 -9.27008e-05
31.5547 -4.4171 -0.000372389 0.000590749 -0.000105209
31.6953 -5.23416 -0.00023404 0.00032784 -0.000291518
31.836 -5.23388 -0.000206023 0.00028339 -0.000276991
31.6953 -5.11741 -0.000252906 0.000363067 -0.000270967
31.836 -5.11713 -0.000222884 0.000314189 -0.000262029
31.9766 -5.23356 -0.00018253 0.000245694 -0.000268077
32.1172 -5.23321 -0.000163451 0.000214319 -0.000265637
31.9766 -5.11682 -0.00019685 0.000271321 -0.000258435
32.1172 -5.11648 -0.000174768 0.000234143 -0.000261134
31.6953 -5.00065 -0.000269792 0.000395546 -0.000246714
31.836 -5.00038 -0.000237994 0.000342765 -0.000242788
31.6953 -4.8839 -0.000285089 0.000425621 -0.000220249
31.836 -4.88363 -0.000251886 0.000369709 -0.000220595
31.9766 -5.00008 -0.000209607 0.000295225 -0.000243634
32.1172 -4.99975 -0.000184666 0.000252728 -0.000250262
31.9766 -4.88334 -0.000221505 0.000318283 -0.000224864
32.1172 -4.88302 -0.000194051 0.00027127 -0.00023408
32.2578 -5.23284 -0.000148492 0.00018857 -0.000270356
32.3985 -5.23243 -0.000137118 0.000167435 -0.000282685
32.2578 -5.11611 -0.000156435 0.000202119 -0.000270856
32.3985 -5.11571 -0.00014145 0.000174456 -0.000288012
32.5391 -5.23199 -0.000128594 0.000149665 -0.00030272
32.6797 -5.23151 -0.000122096 0.000133988 -0.00033004
32.5391 -5.11528 -0.000129264 0.000150232 -0.000312552
32.6797 -5.11482 -0.000119314 0.00012862 -0.000343796
32.2578 -4.99939 -0.000163081 0.000214921 -0.000263434
32.3985 -4.999 -0.000144611 0.000181283 -0.00028355
32.2578 -4.88266 -0.000169546 0.000228507 -0.000249026
32.3985 -4.88228 -0.000147927 0.000189758 -0.000270112
32.5391 -4.99857 -0.000128942 0.000151267 -0.000310484
32.6797 -4.99812 -0.00011581 0.000124534 -0.000343425
32.5391 -4.88187 -0.000129126 0.000154868 -0.000297212
32.6797 -4.88143 -0.000113188 0.000123971 -0.000329538
31.6953 -4.76714 -0.000299227 0.000453718 -0.00019312
31.836 -4.76689 -0.000265124 0.000395661 -0.000196928
31.6953 -4.65039 -0.00031264 0.000480351 -0.000166487
31.836 -4.65014 -0.000278241 0.000421289 -0.000172885
31.9766 -4.7666 -0.000233282 0.000341394 -0.000203598
32.1172 -4.76628 -0.000203862 0.000290958 -0.000214136
31.9766 -4.64986 -0.000245598 0.000365409 -0.00018101
32.1172 -4.64955 -0.000214928 0.000312855 -0.000191826
31.6953 -4.53364 -0.000325739 0.000506144 -0.000140642
31.836 -4.53339 -0.000291675 0.000447262 -0.000148703
31.6953 -4.41688 -0.000338833 0.000531612 -0.000115572
31.836 -4.41665 -0.000305686 0.00047392 -0.000124889
31.9766 -4.53312 -0.000258943 0.000391036 -0.000157486
32.1172 -4.53282 -0.00022783 0.00033775 -0.000167867
31.9766 -4.41638 -0.000273543 0.000418464 -0.000134137
32.1172 -4.41609 -0.000242806 0.000365754 -0.000143971
32.2578 -4.76594 -0.000176993 0.000244368 -0.000229324
32.3985 -4.76557 -0.000152778 0.000201658 -0.000249592
32.2578 -4.64922 -0.000186442 0.00026379 -0.000206086
32.3985 -4.64885 -0.00016038 0.000218472 -0.000224246
32.5391 -4.76516 -0.000131382 0.000163031 -0.000274876
32.6797 -4.76473 -0.000113132 0.000129029 -0.000304539
32.5391 -4.64846 -0.000137106 0.0001774 -0.000246336
32.6797 -4.64804 -0.000117169 0.00014143 -0.000271928
32.2578 -4.53249 -0.000198591 0.000287662 -0.00018051
32.3985 -4.53214 -0.000171541 0.000241144 -0.000195906
32.2578 -4.41577 -0.000213715 0.000316056 -0.000154877
32.3985 -4.41542 -0.000186545 0.000269686 -0.000167343
32.5391 -4.53175 -0.000147211 0.000198946 -0.000214236
32.6797 -4.53134 -0.000126343 0.000162189 -0.000235261
32.5391 -4.41505 -0.000161962 0.000227579 -0.000181774
32.6797 -4.41465 -0.000140945 0.000191175 -0.000198272
32.8204 -6.16449 -7.67964e-05 9.6418e-05 -0.000112921
32.961 -6.16385 -9.2999e-05 0.000121822 -0.000108075
32.8204 -6.0478 -8.7097e-05 0.000112187 -0.000116144
32.961 -6.04718 -0.000101928 0.000134825 -0.000114093
33.1016 -6.16319 -0.000105675 0.000141065 -0.000105647
33.2422 -6.16248 -0.000113653 0.000152515 -0.000105328
33.1016 -6.04653 -0.000113554 0.000151679 -0.000115235
33.2422 -6.04583 -0.000120761 0.000161026 -0.000119377
32.8204 -5.93112 -9.74412e-05 0.000125876 -0.000130621
32.961 -5.93051 -0.00011064 0.000145046 -0.000133078
32.8204 -5.81443 -0.000107074 0.000136301 -0.000157113
32.961 -5.81384 -0.000118121 0.000150922 -0.000165806
33.1016 -5.92987 -0.000120848 0.000158607 -0.000139768
33.2422 -5.92919 -0.000126809 0.000164753 -0.000150578
33.1016 -5.81321 -0.000126356 0.000160054 -0.000179899
33.2422 -5.81254 -0.000130495 0.000161932 -0.000198798
33.3829 -6.16174 -0.000116092 0.000155035 -0.000107035
33.5235 -6.16096 -0.000112343 0.000147693 -0.000111233
33.3829 -6.04511 -0.00012252 0.000161417 -0.000126522
33.5235 -6.04434 -0.000117858 0.000151455 -0.000137037
33.6641 -6.16014 -0.000102156 0.000130035 -0.000119119
33.8047 -6.15929 -8.60585e-05 0.000102692 -0.000132317
33.6641 -6.04354 -0.000106191 0.0001303 -0.000151569
33.8047 -6.0427 -8.78956e-05 9.85487e-05 -0.000170843
33.3829 -5.92847 -0.000127385 0.000161895 -0.000165373
33.5235 -5.92772 -0.000121483 0.000148572 -0.0001839
33.3829 -5.81184 -0.000129468 0.000155183 -0.000221727
33.5235 -5.8111 -0.000122269 0.000138632 -0.00024759
33.6641 -5.92694 -0.000108421 0.000124 -0.000205742
33.8047 -5.92612 -8.84177e-05 8.87415e-05 -0.000230594
33.6641 -5.81033 -0.000108189 0.000111588 -0.000275176
33.8047 -5.80953 -8.71933e-05 7.4315e-05 -0.000303682
32.8203 -5.69775 -0.000115048 0.000142121 -0.000195662
32.961 -5.69716 -0.000123234 0.000151013 -0.000211445
32.8203 -5.58106 -0.000120345 0.000142604 -0.00024236
32.961 -5.58049 -0.000125242 0.000145227 -0.00026503
33.1016 -5.69654 -0.000128965 0.000154925 -0.000233271
33.2422 -5.69589 -0.000130983 0.000152267 -0.000259721
33.1016 -5.57988 -0.000128243 0.000143861 -0.000293465
33.2422 -5.57925 -0.000128197 0.000137157 -0.000325717
32.8203 -5.46438 -0.00012234 0.000138147 -0.000290058
32.961 -5.46382 -0.000123967 0.000134724 -0.000318964
32.8203 -5.34769 -0.000121066 0.000129955 -0.000332181
32.961 -5.34715 -0.000119715 0.000121185 -0.000366277
33.1016 -5.46322 -0.000124389 0.000128626 -0.000352649
33.2422 -5.4626 -0.000122603 0.000118761 -0.000388869
33.1016 -5.34657 -0.000117973 0.0001113 -0.000403769
33.2422 -5.34595 -0.000114965 9.94067e-05 -0.00044221
33.3828 -5.69521 -0.00012833 0.000141965 -0.000289273
33.5235 -5.69449 -0.000120112 0.000123084 -0.000320321
33.3828 -5.57857 -0.000124218 0.000124215 -0.000359767
33.5235 -5.57787 -0.000115434 0.000104159 -0.000393698
33.6641 -5.69373 -0.000105547 9.48597e-05 -0.000351325
33.8047 -5.69294 -8.42892e-05 5.71151e-05 -0.000381248
33.6641 -5.57713 -0.00010095 7.60552e-05 -0.00042583
33.8047 -5.57636 -8.00978e-05 3.92316e-05 -0.000455065
33.3828 -5.46194 -0.000117762 0.000104298 -0.000425344
33.5235 -5.46125 -0.000108944 8.42771e-05 -0.000460027
33.3828 -5.34531 -0.000109831 8.4632e-05 -0.000479251
33.5235 -5.34463 -0.000101533 6.5786e-05 -0.000512957
33.6641 -5.46053 -9.50944e-05 5.74874e-05 -0.00049129
33.8047 -5.45977 -7.52168e-05 2.27189e-05 -0.000518169
33.6641 -5.34392 -8.88138e-05 4.12808e-05 -0.000541963
33.8047 -5.34318 -7.03595e-05 9.36511e-06 -0.000565584
33.9453 -6.1584 -6.57913e-05 6.80949e-05 -0.000152395
34.086 -6.15747 -4.44223e-05 3.06466e-05 -0.000180599
33.9453 -6.04183 -6.46655e-05 5.8741e-05 -0.000195612
34.086 -6.04092 -3.96531e-05 1.55331e-05 -0.000226539
34.2266 -6.15651 -2.64423e-05 -3.07825e-06 -0.000217273
34.3672 -6.15551 -1.62921e-05 -2.6333e-05 -0.000260766
34.2266 -6.03997 -1.7713e-05 -2.39392e-05 -0.000263892
34.3672 -6.03899 -4.41631e-06 -5.1459e-05 -0.000306968
33.9453 -5.92526 -6.29827e-05 4.5169e-05 -0.000258661
34.086 -5.92437 -3.52485e-05 -2.059e-06 -0.000290485
33.9453 -5.80869 -6.04608e-05 2.87377e-05 -0.00033305
34.086 -5.80781 -3.09318e-05 -2.07777e-05 -0.000363891
34.2266 -5.92344 -1.01627e-05 -4.57021e-05 -0.000326547
34.3672 -5.92247 5.99722e-06 -7.66043e-05 -0.000366661
34.2266 -5.8069 -3.56215e-06 -6.70393e-05 -0.000397063
34.3672 -5.80596 1.47791e-05 -0.000100082 -0.000432727
34.5078 -6.15447 -1.54692e-05 -3.61843e-05 -0.000306257
34.6485 -6.15339 -2.10805e-05 -3.57081e-05 -0.000346822
34.5078 -6.03797 -3.08371e-06 -6.16987e-05 -0.000352105
34.6485 -6.03692 -1.13122e-05 -5.71422e-05 -0.000392546
34.7891 -6.15228 -2.8145e-05 -3.11369e-05 -0.000376707
34.9297 -6.15113 -3.30838e-05 -2.70203e-05 -0.000392588
34.7891 -6.03582 -2.29771e-05 -4.57008e-05 -0.000422222
34.9297 -6.0347 -3.3451e-05 -3.34968e-05 -0.000437891
34.5078 -5.92147 8.12281e-06 -8.7047e-05 -0.00040817
34.6485 -5.92044 -2.33442e-06 -7.84018e-05 -0.000445357
34.5078 -5.80498 1.75509e-05 -0.000110225 -0.000468804
34.6485 -5.80396 5.25105e-06 -9.7719e-05 -0.000500701
34.7891 -5.91937 -1.83271e-05 -6.00737e-05 -0.000472567
34.9297 -5.91826 -3.40794e-05 -3.99383e-05 -0.000486848
34.7891 -5.80291 -1.44886e-05 -7.30724e-05 -0.000523796
34.9297 -5.80183 -3.4864e-05 -4.5804e-05 -0.000535808
33.9453 -5.69212 -5.71106e-05 1.11828e-05 -0.00040991
34.086 -5.69126 -2.66042e-05 -3.91088e-05 -0.000438066
33.9453 -5.57555 -5.31904e-05 -5.67936e-06 -0.000481254
34.086 -5.57471 -2.23654e-05 -5.55587e-05 -0.00050538
34.2266 -5.69037 2.32741e-06 -8.67095e-05 -0.000466998
34.3672 -5.68944 2.21918e-05 -0.000120808 -0.000497289
34.2266 -5.57383 7.5894e-06 -0.000103585 -0.000529156
34.3672 -5.57293 2.85274e-05 -0.000138059 -0.000553653
33.9453 -5.45898 -4.91438e-05 -2.01479e-05 -0.000540678
34.086 -5.45816 -1.84959e-05 -6.87892e-05 -0.000560005
33.9453 -5.34241 -4.55485e-05 -3.07924e-05 -0.000584002
34.086 -5.3416 -1.54664e-05 -7.76598e-05 -0.000598458
34.2266 -5.4573 1.21305e-05 -0.000116704 -0.000578209
34.3672 -5.45641 3.3942e-05 -0.000151311 -0.000596865
34.2266 -5.34077 1.55832e-05 -0.000125163 -0.00061112
34.3672 -5.3399 3.82788e-05 -0.000159991 -0.000623995
34.5078 -5.68848 2.52563e-05 -0.000130073 -0.000527279
34.6485 -5.68749 1.1332e-05 -0.00011395 -0.000553168
34.5078 -5.57199 3.15953e-05 -0.000146091 -0.000577583
34.6485 -5.57101 1.61783e-05 -0.000126634 -0.000597645
34.7891 -5.68646 -1.14919e-05 -8.38624e-05 -0.000571458
34.9297 -5.6854 -3.56158e-05 -5.06677e-05 -0.00058079
34.7891 -5.57 -9.11319e-06 -9.20705e-05 -0.000611286
34.9297 -5.56896 -3.60875e-05 -5.42816e-05 -0.000618032
34.5078 -5.45549 3.69246e-05 -0.000158107 -0.000615123
34.6484 -5.45454 2.02055e-05 -0.000135776 -0.000630091
34.5078 -5.33899 4.14255e-05 -0.000166048 -0.000637019
34.6484 -5.33806 2.38359e-05 -0.000141706 -0.000648012
34.7891 -5.45355 -6.9853e-06 -9.77397e-05 -0.000639893
34.9297 -5.45253 -3.60271e-05 -5.65939e-05 -0.000644574
34.7891 -5.33709 -4.70786e-06 -0.00010124 -0.000655288
34.9297 -5.3361 -3.52378e-05 -5.77255e-05 -0.000658731
32.8203 -5.23101 -0.000117084 0.00011972 -0.000363518
32.961 -5.23047 -0.000113189 0.000106578 -0.000401306
32.8203 -5.11432 -0.000111391 0.000109488 -0.00038031
32.961 -5.1138 -0.000105441 9.30605e-05 -0.000419984
33.1016 -5.22991 -0.000109841 9.40729e-05 -0.000441005
33.2422 -5.22931 -0.000106233 8.13879e-05 -0.000480075
33.1016 -5.11325 -0.00010108 7.91208e-05 -0.000460296
33.2422 -5.11266 -9.74844e-05 6.6778e-05 -0.00049877
32.8203 -4.99764 -0.000105354 0.000101496 -0.000380809
32.961 -4.99713 -9.78175e-05 8.28189e-05 -0.000420481
32.8203 -4.88096 -0.000100591 9.79716e-05 -0.000365619
32.961 -4.88046 -9.18485e-05 7.78897e-05 -0.000403521
33.1016 -4.99659 -9.29529e-05 6.84418e-05 -0.000460012
33.2422 -4.99601 -8.98534e-05 5.72756e-05 -0.000497145
33.1016 -4.87993 -8.68114e-05 6.37298e-05 -0.000441147
33.2422 -4.87937 -8.446e-05 5.41408e-05 -0.000476598
33.3828 -5.22868 -0.000101412 6.74558e-05 -0.000516282
33.5235 -5.22801 -9.41531e-05 5.07215e-05 -0.000547993
33.3828 -5.11204 -9.35255e-05 5.4621e-05 -0.000533418
33.5235 -5.1114 -8.77313e-05 4.06342e-05 -0.000562978
33.6641 -5.22732 -8.29691e-05 2.91646e-05 -0.000574226
33.8047 -5.2266 -6.62697e-05 5.53392e-07 -0.000594606
33.6641 -5.11072 -7.83806e-05 2.23656e-05 -0.000586842
33.8047 -5.11001 -6.36653e-05 -2.7866e-06 -0.000604849
33.3828 -4.99541 -8.71534e-05 4.74674e-05 -0.000530202
33.5235 -4.99478 -8.31049e-05 3.65099e-05 -0.000558245
33.3828 -4.87878 -8.3177e-05 4.68102e-05 -0.000508509
33.5235 -4.87816 -8.09493e-05 3.87811e-05 -0.000536143
33.6641 -4.99412 -7.57658e-05 2.15695e-05 -0.000580894
33.8047 -4.99342 -6.31715e-05 -2.03143e-07 -0.00059804
33.6641 -4.87751 -7.56489e-05 2.69254e-05 -0.00055916
33.8047 -4.87684 -6.52065e-05 8.25716e-06 -0.000577297
32.8203 -4.76427 -9.87957e-05 0.000100948 -0.000337415
32.961 -4.76379 -8.91107e-05 8.00524e-05 -0.000372046
32.8203 -4.64759 -0.000101539 0.000112097 -0.00030025
32.961 -4.64711 -9.10841e-05 9.07553e-05 -0.000330505
33.1016 -4.76327 -8.40062e-05 6.63565e-05 -0.000406891
33.2422 -4.76272 -8.23642e-05 5.82595e-05 -0.000440513
33.1016 -4.64661 -8.58005e-05 7.73848e-05 -0.000361916
33.2422 -4.64608 -8.45357e-05 7.02358e-05 -0.000393577
32.8203 -4.53091 -0.000109983 0.000132479 -0.000258492
32.961 -4.53044 -9.89188e-05 0.000110939 -0.000283798
32.8203 -4.41422 -0.000124548 0.000162063 -0.000216524
32.961 -4.41377 -0.000113084 0.000140567 -0.000236841
33.1016 -4.52995 -9.31702e-05 9.74325e-05 -0.000311412
33.2422 -4.52943 -9.17099e-05 9.03099e-05 -0.000341011
33.1016 -4.41329 -0.000106432 0.000126182 -0.000260581
33.2422 -4.41279 -0.000104046 0.00011792 -0.000288056
33.3828 -4.76215 -8.23507e-05 5.3054e-05 -0.000471834
33.5235 -4.76154 -8.17453e-05 4.74415e-05 -0.000500214
33.3828 -4.64552 -8.53146e-05 6.6334e-05 -0.000424665
33.5235 -4.64493 -8.58081e-05 6.21983e-05 -0.000454601
33.6641 -4.76091 -7.82979e-05 3.81241e-05 -0.000525179
33.8047 -4.76025 -6.98854e-05 2.20836e-05 -0.000546121
33.6641 -4.64431 -8.37513e-05 5.45365e-05 -0.000482681
33.8047 -4.64367 -7.7032e-05 4.04124e-05 -0.00050781
33.3828 -4.52888 -9.25241e-05 8.65081e-05 -0.000371939
33.5235 -4.52831 -9.32814e-05 8.25204e-05 -0.000403734
33.3828 -4.41225 -0.000104015 0.000112868 -0.00031862
33.5235 -4.41169 -0.000104006 0.000107486 -0.000352048
33.6641 -4.52771 -9.18655e-05 7.53045e-05 -0.000435473
33.8047 -4.52708 -8.62617e-05 6.21429e-05 -0.000465485
33.6641 -4.41111 -0.00010227 9.92892e-05 -0.000387338
33.8047 -4.4105 -9.70201e-05 8.59762e-05 -0.0004222
33.9453 -5.22584 -4.30527e-05 -3.6525e-05 -0.000609383
34.086 -5.22505 -1.38976e-05 -8.12491e-05 -0.000619621
33.9453 -5.10927 -4.23056e-05 -3.66385e-05 -0.000617182
34.086 -5.1085 -1.44436e-05 -7.8947e-05 -0.000624525
34.2266 -5.22423 1.7295e-05 -0.000128081 -0.000627288
34.3672 -5.22338 4.09672e-05 -0.00016338 -0.000634665
34.2266 -5.1077 1.65246e-05 -0.000124821 -0.000628377
34.3672 -5.10687 4.12397e-05 -0.000160892 -0.000631117
33.9453 -4.9927 -4.3865e-05 -3.08545e-05 -0.000609653
34.086 -4.99195 -1.76428e-05 -7.05669e-05 -0.000615905
33.9453 -4.87613 -4.80665e-05 -1.93624e-05 -0.000590165
34.086 -4.8754 -2.37763e-05 -5.63901e-05 -0.000597334
34.2266 -4.99117 1.26842e-05 -0.000115192 -0.000617641
34.3672 -4.99035 3.84285e-05 -0.00015229 -0.000617089
34.2266 -4.87463 5.47412e-06 -9.94622e-05 -0.000598868
34.3672 -4.87384 3.20726e-05 -0.000137614 -0.000596521
34.5078 -5.2225 4.49505e-05 -0.000169812 -0.000642916
34.6484 -5.22159 2.73314e-05 -0.000144907 -0.000651077
34.5078 -5.106 4.69868e-05 -0.000169213 -0.000635239
34.6484 -5.10511 3.05278e-05 -0.000145611 -0.000641231
34.7891 -5.22064 -1.99619e-06 -0.000103076 -0.000657165
34.9297 -5.21966 -3.36319e-05 -5.78857e-05 -0.000660191
34.7891 -5.10419 1.12174e-06 -0.00010356 -0.000646838
34.9297 -5.10323 -3.12859e-05 -5.72572e-05 -0.000649941
34.5078 -4.98951 4.68119e-05 -0.000163938 -0.000617786
34.6484 -4.98863 3.28057e-05 -0.000143561 -0.000621691
34.5078 -4.87301 4.36903e-05 -0.000153606 -0.000594403
34.6484 -4.87216 3.33456e-05 -0.000138197 -0.000595917
34.7891 -4.98773 4.24949e-06 -0.000102633 -0.000626765
34.9297 -4.9868 -2.84427e-05 -5.59247e-05 -0.000629974
34.7891 -4.87128 6.77555e-06 -9.99641e-05 -0.000599895
34.9297 -4.87037 -2.54493e-05 -5.38861e-05 -0.000602895
33.9453 -4.75956 -5.49114e-05 -2.8083e-06 -0.000562152
34.086 -4.75884 -3.27605e-05 -3.71535e-05 -0.000572179
33.9453 -4.64299 -6.40565e-05 1.77798e-05 -0.000528508
34.086 -4.64229 -4.4117e-05 -1.40137e-05 -0.000543026
34.2266 -4.7581 -5.0263e-06 -7.8339e-05 -0.000575427
34.3672 -4.75732 2.20161e-05 -0.000117218 -0.000572864
34.2266 -4.64156 -1.82852e-05 -5.30123e-05 -0.000549777
34.3672 -4.64081 8.56869e-06 -9.19703e-05 -0.000548737
33.9453 -4.52643 -7.49051e-05 4.11032e-05 -0.000491686
34.086 -4.52574 -5.70523e-05 1.15425e-05 -0.000511773
33.9453 -4.40986 -8.67179e-05 6.57083e-05 -0.000453989
34.086 -4.40919 -7.06255e-05 3.78793e-05 -0.000480028
34.2266 -4.52503 -3.33654e-05 -2.51031e-05 -0.000523464
34.3672 -4.52429 -7.42818e-06 -6.33199e-05 -0.000525664
34.2266 -4.4085 -4.91373e-05 3.57967e-06 -0.000497513
34.3672 -4.40778 -2.47873e-05 -3.3091e-05 -0.000504371
34.5078 -4.75652 3.70452e-05 -0.000137958 -0.000568571
34.6484 -4.75569 3.13584e-05 -0.000128938 -0.000567245
34.5078 -4.64002 2.6643e-05 -0.000117107 -0.000543252
34.6484 -4.63921 2.62211e-05 -0.000115367 -0.000538837
34.7891 -4.75482 8.05121e-06 -9.51433e-05 -0.000569301
34.9297 -4.75393 -2.26787e-05 -5.11014e-05 -0.000571556
34.7891 -4.63837 7.48214e-06 -8.78038e-05 -0.000538111
34.9297 -4.6375 -2.04953e-05 -4.75288e-05 -0.000539002
34.5078 -4.52353 1.27833e-05 -9.17629e-05 -0.000520432
34.6484 -4.52274 1.76388e-05 -9.74289e-05 -0.000513368
34.5078 -4.40703 -3.65316e-06 -6.33306e-05 -0.000501212
34.6484 -4.40626 5.83456e-06 -7.57029e-05 -0.000492946
34.7891 -4.52192 4.60853e-06 -7.77207e-05 -0.000509414
34.9297 -4.52107 -1.92239e-05 -4.31638e-05 -0.000508453
34.7891 -4.40546 -7.75503e-07 -6.49671e-05 -0.000486126
34.9297 -4.40464 -1.9099e-05 -3.80946e-05 -0.000483199
