26.0703 -4.2882 1.83044e-05 0.000121935 0.000927682
26.2109 -4.28901 -7.22254e-05 0.000306069 0.000932216
26.0703 -4.17177 2.43443e-05 0.000124814 0.00104478
26.2109 -4.17256 -6.6307e-05 0.00030843 0.00104483
26.3516 -4.28979 -0.00016671 0.000496117 0.000937926
26.4922 -4.29054 -0.000267559 0.000695883 0.000939401
26.3516 -4.17331 -0.000160962 0.000497535 0.00104288
26.4922 -4.17404 -0.000262284 0.000697004 0.00103677
26.0703 -4.05534 2.87582e-05 0.00012493 0.00113115
26.2109 -4.0561 -6.07289e-05 0.000305397 0.00112626
26.0703 -3.93891 3.14259e-05 0.000123504 0.00119022
26.2109 -3.93965 -5.66211e-05 0.000301023 0.00118496
26.3516 -4.05684 -0.000155566 0.000493831 0.00111762
26.4922 -4.05755 -0.000258194 0.0006952 0.00110664
26.3516 -3.94036 -0.000151907 0.000490526 0.0011769
26.4922 -3.94105 -0.000256162 0.00069553 0.0011678
26.6328 -4.29126 -0.000376494 0.000908502 0.000936003
26.7734 -4.29197 -0.000488948 0.00112482 0.000928573
26.6328 -4.17475 -0.00037175 0.00090947 0.00102583
26.7734 -4.17543 -0.000484941 0.00112598 0.0010104
26.914 -4.29264 -0.00059926 0.00133348 0.000916453
27.0547 -4.29329 -0.000702465 0.00152484 0.000899229
26.914 -4.17609 -0.000596432 0.00133601 0.000991995
27.0547 -4.17672 -0.000700931 0.00152957 0.000972293
26.6328 -4.05824 -0.000368824 0.000909624 0.00109298
26.7734 -4.0589 -0.000483427 0.00112891 0.00107691
26.6328 -3.94172 -0.000368498 0.000913899 0.00115722
26.7734 -3.94237 -0.000485199 0.00113799 0.00114499
26.914 -4.05954 -0.00059702 0.00134339 0.00106001
27.0547 -4.06015 -0.000704042 0.00154241 0.00104324
26.914 -3.94299 -0.000601358 0.00135806 0.00113136
27.0547 -3.94358 -0.000711015 0.00156234 0.00111529
26.0703 -3.82248 3.29141e-05 0.000122927 0.00124269
26.2109 -3.8232 -5.46751e-05 0.000299968 0.00124019
26.0703 -3.70605 3.35442e-05 0.000124189 0.00129903
26.2109 -3.70674 -5.49605e-05 0.000303548 0.00129958
26.3516 -3.82389 -0.000150936 0.00049215 0.0012365
26.4922 -3.82456 -0.000256947 0.000701416 0.00123204
26.3516 -3.70742 -0.000152658 0.000499255 0.00130015
26.4922 -3.70807 -0.000260274 0.000712185 0.00129886
26.0703 -3.58962 3.32973e-05 0.000126957 0.00135703
26.2109 -3.59029 -5.71998e-05 0.000310613 0.00135944
26.0703 -3.47319 3.20714e-05 0.000130179 0.00140779
26.2109 -3.47384 -6.06343e-05 0.000318167 0.00140931
26.3516 -3.59094 -0.000156326 0.000509347 0.00136131
26.4922 -3.59157 -0.000264671 0.000723357 0.00135769
26.3516 -3.47447 -0.000160156 0.000516987 0.0014064
26.4922 -3.47508 -0.000267393 0.000727187 0.00139143
26.6328 -3.82521 -0.000371149 0.000924164 0.00122573
26.7734 -3.82583 -0.000489904 0.00115271 0.00121607
26.6328 -3.70869 -0.000375867 0.000937729 0.0012929
26.7734 -3.7093 -0.000495739 0.00116783 0.00127895
26.914 -3.82643 -0.000608136 0.00137665 0.00120119
27.0547 -3.82701 -0.000719469 0.00158316 0.00117822
26.914 -3.70988 -0.000614743 0.0013918 0.00125379
27.0547 -3.71044 -0.000726658 0.00159724 0.00121537
26.6328 -3.59218 -0.000380279 0.000947762 0.00134372
26.7734 -3.59277 -0.000499663 0.0011749 0.00131549
26.6328 -3.47567 -0.000381195 0.000945604 0.00135967
26.7734 -3.47623 -0.000499026 0.00116694 0.00131039
26.9141 -3.59333 -0.000618339 0.00139568 0.00127164
27.0547 -3.59388 -0.000731163 0.0016005 0.00121489
26.9141 -3.47678 -0.000617814 0.00138557 0.0012472
27.0547 -3.47731 -0.000733642 0.00159481 0.00117731
27.1953 -4.29391 -0.000792539 0.00168774 0.000878576
27.3359 -4.29451 -0.000864912 0.00181448 0.000858386
27.1953 -4.17732 -0.00079243 0.00169559 0.00095329
27.3359 -4.1779 -0.000865884 0.00182495 0.000936092
27.4765 -4.29508 -0.000918028 0.00190323 0.000841778
27.6172 -4.29562 -0.000952669 0.0019563 0.000829685
27.4765 -4.17846 -0.000918185 0.00191204 0.000918728
27.6172 -4.17899 -0.000949621 0.00195778 0.000898953
27.1953 -4.06074 -0.000797932 0.00171346 0.00102656
27.3359 -4.0613 -0.000872309 0.00184429 0.00100745
27.1953 -3.94415 -0.000806899 0.00173657 0.00109425
27.3359 -3.9447 -0.000881507 0.00186618 0.00106439
27.4765 -4.06184 -0.000922867 0.0019266 0.000981108
27.6172 -4.06236 -0.000950792 0.00196341 0.00094685
27.4765 -3.94523 -0.000930594 0.00194343 0.00102326
27.6172 -3.94573 -0.000956979 0.0019752 0.00097471
27.7578 -4.29614 -0.000970532 0.00197806 0.000825134
27.8984 -4.29663 -0.000972424 0.00197196 0.000836646
27.7578 -4.17949 -0.000963371 0.00196979 0.000882048
27.8984 -4.17997 -0.000961586 0.00195505 0.000882753
28.039 -4.2971 -0.000957086 0.00193764 0.000873591
28.1797 -4.29754 -0.000922378 0.00187182 0.000937133
28.039 -4.18043 -0.000942302 0.00191257 0.000915215
28.1797 -4.18086 -0.000901333 0.00183513 0.000979954
27.7578 -4.06285 -0.000961529 0.00196745 0.000914992
27.8984 -4.06331 -0.000957873 0.00194748 0.000904555
27.7578 -3.9462 -0.00096733 0.0019767 0.00093025
27.8984 -3.94666 -0.000963851 0.00195513 0.000906842
28.039 -4.06376 -0.000936043 0.00189915 0.000930611
28.1797 -4.06417 -0.000889127 0.0018097 0.000990784
28.039 -3.94708 -0.000940664 0.00190192 0.00091829
28.1797 -3.94749 -0.000888268 0.00179949 0.000961624
27.1953 -3.82757 -0.000816383 0.00175746 0.00114424
27.3359 -3.8281 -0.000891621 0.00188599 0.00109859
27.1953 -3.71098 -0.000824754 0.00177152 0.00116464
27.3359 -3.7115 -0.000902928 0.00190403 0.00110623
27.4765 -3.82861 -0.000941765 0.00196341 0.00104424
27.6172 -3.82909 -0.000969892 0.00199714 0.000985619
27.4765 -3.71199 -0.000957441 0.00198892 0.00104442
27.6172 -3.71246 -0.00098928 0.00202867 0.000977439
27.1953 -3.5944 -0.000832596 0.00177971 0.00115142
27.3359 -3.5949 -0.00091665 0.001923 0.00108725
27.1953 -3.47781 -0.000841141 0.00178537 0.00110815
27.3359 -3.4783 -0.00093261 0.00194298 0.00104201
27.4765 -3.59537 -0.00097717 0.00201906 0.00102155
27.6172 -3.59583 -0.00101226 0.00206378 0.000944635
27.4765 -3.47876 -0.000998507 0.00204887 0.000971304
27.6172 -3.4792 -0.00103553 0.00209595 0.000883198
27.7578 -3.82956 -0.00098204 0.00200023 0.000928118
27.8984 -3.83 -0.000979964 0.00197819 0.000883326
27.7578 -3.71291 -0.00100346 0.00203319 0.00090222
27.8984 -3.71334 -0.00100309 0.00201029 0.000828263
28.039 -3.83041 -0.000956516 0.00192033 0.000867161
28.1797 -3.83081 -0.000899681 0.00180537 0.000882943
28.039 -3.71374 -0.000980824 0.00194986 0.000778548
28.1797 -3.71412 -0.000921568 0.00182628 0.000766684
27.7578 -3.59627 -0.00102745 0.00206764 0.000849527
27.8984 -3.59668 -0.00102894 0.00204455 0.000747545
27.7578 -3.47962 -0.00105117 0.00209877 0.000772201
27.8984 -3.48002 -0.0010543 0.00207616 0.000648153
28.039 -3.59707 -0.00100939 0.00198508 0.000667135
28.1797 -3.59744 -0.000950401 0.00185844 0.000630027
28.039 -3.4804 -0.00103851 0.0020202 0.000539412
28.1797 -3.48076 -0.000983149 0.00189714 0.000478201
26.0703 -3.35675 3.00025e-05 0.000131964 0.00143855
26.2109 -3.35738 -6.36371e-05 0.000321066 0.00143437
26.0703 -3.24032 2.7617e-05 0.000129566 0.00143427
26.2109 -3.24093 -6.3991e-05 0.000313198 0.0014195
26.3516 -3.35799 -0.000161375 0.000514556 0.00141854
26.4922 -3.35858 -0.000265413 0.000715871 0.00138436
26.3516 -3.24152 -0.000157646 0.000496304 0.00138614
26.4922 -3.24209 -0.000257594 0.000687258 0.00133311
26.0703 -3.12389 2.53579e-05 0.000120966 0.00138212
26.2109 -3.12448 -6.05861e-05 0.000291952 0.00135735
26.0703 -3.00746 2.27661e-05 0.000107475 0.00127962
26.2109 -3.00803 -5.49088e-05 0.000261557 0.00125252
26.3516 -3.12505 -0.000148994 0.000463118 0.00131097
26.4922 -3.1256 -0.000245236 0.000645742 0.00124722
26.3516 -3.00857 -0.000137558 0.000421189 0.00120374
26.4922 -3.0091 -0.000230287 0.000597077 0.00113822
26.6328 -3.35915 -0.000376444 0.000926128 0.00133107
26.7734 -3.3597 -0.00049335 0.00114348 0.00126285
26.6328 -3.24264 -0.000366371 0.000891381 0.00126378
26.7734 -3.24317 -0.000483848 0.00110892 0.00118417
26.9141 -3.36023 -0.000614142 0.00136478 0.00118677
27.0547 -3.36074 -0.000735288 0.00158403 0.00111056
26.9141 -3.24368 -0.000608399 0.0013373 0.0011013
27.0547 -3.24417 -0.000736058 0.00156934 0.00102143
26.6328 -3.12613 -0.000352646 0.000846749 0.00117023
26.7734 -3.12664 -0.000471603 0.00106716 0.00108508
26.6328 -3.00961 -0.000336462 0.000796005 0.0010592
26.7734 -3.0101 -0.000456774 0.00101939 0.000970822
26.9141 -3.12713 -0.000600521 0.00130419 0.000997631
27.0547 -3.1276 -0.000734546 0.00154862 0.000912731
26.9141 -3.01058 -0.000589582 0.00126415 0.000878215
27.0547 -3.01103 -0.000728942 0.00151872 0.00078557
26.0703 -2.89103 1.90628e-05 9.28405e-05 0.00113932
26.2109 -2.89157 -4.95351e-05 0.000229259 0.00111733
26.0703 -2.7746 1.43017e-05 7.95183e-05 0.000979555
26.2109 -2.77512 -4.55857e-05 0.000199164 0.000964511
26.3516 -2.8921 -0.000125588 0.000376654 0.00107454
26.4922 -2.89261 -0.000214018 0.000544885 0.00101271
26.3516 -2.77563 -0.000114033 0.000332449 0.000929824
26.4922 -2.77611 -0.000196903 0.000490601 0.00087302
26.0703 -2.65817 9.28807e-06 6.76031e-05 0.00081414
26.2109 -2.65867 -4.23824e-05 0.000171085 0.000803018
26.0703 -2.54174 5.11727e-06 5.56562e-05 0.00065017
26.2109 -2.54222 -3.83554e-05 0.000142434 0.00063757
26.3516 -2.65915 -0.000102583 0.000288546 0.000773265
26.4922 -2.65962 -0.000178986 0.000434582 0.000719865
26.3516 -2.54268 -9.04626e-05 0.000243794 0.000607347
26.4922 -2.54313 -0.000160359 0.000377349 0.000554754
26.6328 -2.8931 -0.000318214 0.000740576 0.000934163
26.7734 -2.89357 -0.000439017 0.000965337 0.000842997
26.6328 -2.77659 -0.000298015 0.000680927 0.000795597
26.7734 -2.77704 -0.000418167 0.000904881 0.000701951
26.9141 -2.89403 -0.000574587 0.00121557 0.000744271
27.0547 -2.89447 -0.000717966 0.00147765 0.000642307
26.9141 -2.77748 -0.00055516 0.00115807 0.000597392
27.0547 -2.7779 -0.000701369 0.00142556 0.00048687
26.6328 -2.66007 -0.00027613 0.000617764 0.000643387
26.7734 -2.66051 -0.000394623 0.000839051 0.000548175
26.6328 -2.54356 -0.000253185 0.000552672 0.000479075
26.7734 -2.54398 -0.000369381 0.000770216 0.000383933
26.9141 -2.66093 -0.000531853 0.00109316 0.00043979
27.0547 -2.66133 -0.000679932 0.00136462 0.000323836
26.9141 -2.54438 -0.00050604 0.00102403 0.000274968
27.0547 -2.54476 -0.000655276 0.00129859 0.000158252
27.1953 -3.36123 -0.000850301 0.0017893 0.00103927
27.3359 -3.36169 -0.000948519 0.00195978 0.000969756
27.1953 -3.24464 -0.000858301 0.00178861 0.000946535
27.3359 -3.24509 -0.000961162 0.00196746 0.000869687
27.4765 -3.36214 -0.00101816 0.002072 0.000890636
27.6172 -3.36257 -0.00105693 0.00212134 0.000792345
27.4765 -3.24553 -0.00103332 0.00208351 0.000780166
27.6172 -3.24594 -0.00107475 0.00213732 0.000674048
27.1953 -3.12806 -0.000862565 0.00177866 0.00083027
27.3359 -3.12849 -0.000967994 0.00196157 0.000742743
27.1953 -3.01147 -0.000861062 0.00175604 0.000692589
27.3359 -3.01189 -0.000967992 0.00194109 0.000594021
27.4766 -3.12891 -0.00104226 0.00208093 0.000643597
27.6172 -3.12931 -0.00108724 0.00214144 0.000532783
27.4766 -3.01229 -0.00104445 0.00206435 0.000487514
27.6172 -3.01268 -0.00109352 0.00213303 0.000374964
27.7578 -3.36298 -0.0010731 0.0021242 0.000671083
27.8984 -3.36336 -0.00107661 0.00210059 0.000530591
27.7578 -3.24633 -0.00109147 0.00214091 0.000546871
27.8984 -3.2467 -0.00109418 0.00211529 0.00039819
28.039 -3.36373 -0.00106552 0.00205086 0.000398837
28.1797 -3.36407 -0.00101824 0.00194072 0.000319967
28.039 -3.24706 -0.0010888 0.00207557 0.000256692
28.1797 -3.24739 -0.00105321 0.00198645 0.000169913
27.7578 -3.12968 -0.00110468 0.00214687 0.000405318
27.8984 -3.13004 -0.00110653 0.00212065 0.000260342
27.7578 -3.01304 -0.00111255 0.00214276 0.000253641
27.8984 -3.01339 -0.00111389 0.00211789 0.000123394
28.039 -3.13039 -0.00110693 0.00209289 0.000123572
28.1797 -3.13071 -0.00108398 0.00202759 3.65506e-05
28.0391 -3.01371 -0.00111833 0.00210003 1.96444e-06
28.1797 -3.01402 -0.00110636 0.00205606 -8.06118e-05
27.1953 -2.89489 -0.000853285 0.00172064 0.000538608
27.3359 -2.89529 -0.000961876 0.00190861 0.000431726
27.1953 -2.7783 -0.000839924 0.00167468 0.000374524
27.3359 -2.77869 -0.000951254 0.00186815 0.000262819
27.4766 -2.89568 -0.00104062 0.00203642 0.000320914
27.6172 -2.89604 -0.00109373 0.00211344 0.000208073
27.4766 -2.77906 -0.00103231 0.00200101 0.000150814
27.6172 -2.77941 -0.00108855 0.00208475 3.85825e-05
27.1953 -2.66172 -0.00082199 0.00162088 0.000206394
27.3359 -2.66209 -0.000937185 0.00182243 9.27327e-05
27.1953 -2.54513 -0.000800671 0.00156221 4.04053e-05
27.3359 -2.54549 -0.000920174 0.00177299 -7.25329e-05
27.4766 -2.66244 -0.00102046 0.00196042 -1.79839e-05
27.6172 -2.66278 -0.00107882 0.00204919 -0.00012765
27.4766 -2.54583 -0.00100574 0.00191645 -0.000180333
27.6172 -2.54615 -0.00106558 0.00200919 -0.0002857
27.7578 -2.89639 -0.00111565 0.00213025 9.55776e-05
27.8984 -2.89673 -0.00111704 0.0021083 -1.44405e-05
27.7578 -2.77975 -0.00111458 0.00211079 -6.64755e-05
27.8984 -2.78007 -0.00111716 0.00209365 -0.000157428
28.0391 -2.89704 -0.00112244 0.00209509 -0.000114901
28.1797 -2.89734 -0.00111788 0.00206612 -0.000190058
28.0391 -2.78037 -0.00112046 0.0020792 -0.000236726
28.1797 -2.78066 -0.00111889 0.00205712 -0.000303015
27.7578 -2.66311 -0.00110976 0.00208576 -0.000227262
27.8984 -2.66341 -0.00111495 0.00207536 -0.00030525
27.7578 -2.54646 -0.0011011 0.00205548 -0.000381405
27.8984 -2.54675 -0.00111019 0.0020535 -0.000453758
28.0391 -2.6637 -0.00111447 0.00205589 -0.000368174
28.1797 -2.66398 -0.00111187 0.00203311 -0.000426279
28.0391 -2.54703 -0.00110645 0.00202916 -0.000507428
28.1797 -2.54729 -0.00110019 0.00200053 -0.000559539
28.3203 -4.29795 -0.000868649 0.00177393 0.00101604
28.4609 -4.29834 -0.00080023 0.00164951 0.00109125
28.3203 -4.18126 -0.000837825 0.00171921 0.00106045
28.4609 -4.18164 -0.000757428 0.00157221 0.00113255
28.6015 -4.29871 -0.000724676 0.00151015 0.00114551
28.7422 -4.29904 -0.000650495 0.00137029 0.00117046
28.6015 -4.18199 -0.000670962 0.00141175 0.00117835
28.7422 -4.18232 -0.000589296 0.00125713 0.001193
28.3203 -4.06457 -0.000815179 0.00167315 0.00106423
28.4609 -4.06493 -0.000722189 0.00150128 0.00112577
28.3203 -3.94787 -0.000804257 0.00164125 0.00101635
28.4609 -3.94823 -0.000699987 0.00144616 0.00106203
28.6015 -4.06528 -0.000625186 0.00132014 0.00116108
28.7422 -4.06559 -0.000536961 0.00115298 0.00116872
28.6015 -3.94856 -0.000594062 0.00124766 0.00108945
28.7422 -3.94887 -0.000499944 0.0010701 0.00109694
28.8828 -4.29935 -0.00058476 0.00124272 0.00116585
29.0234 -4.29964 -0.00053279 0.00113711 0.00113365
28.8828 -4.18262 -0.000519341 0.00112137 0.00118036
29.0234 -4.1829 -0.000465188 0.00101223 0.00114535
29.164 -4.2999 -0.00049778 0.00105885 0.00107424
29.3047 -4.30013 -0.000479979 0.00100789 0.000987564
29.164 -4.18315 -0.000429374 0.00093411 0.00109003
29.3047 -4.18338 -0.000412359 0.000887258 0.0010142
28.8828 -4.06589 -0.000463413 0.00101099 0.00115371
29.0234 -4.06616 -0.000407065 0.000899063 0.00112134
28.8828 -3.94916 -0.000422591 0.000922464 0.00108696
29.0234 -3.94942 -0.000363303 0.000807182 0.00106378
29.164 -4.0664 -0.000369969 0.00082069 0.00107397
29.3047 -4.06662 -0.000353033 0.00077692 0.00101169
29.164 -3.94966 -0.00032364 0.000726833 0.00102984
29.3047 -3.94987 -0.000305219 0.000683584 0.000984317
28.3203 -3.83118 -0.000807154 0.00162797 0.000916149
28.4609 -3.83152 -0.000693984 0.00141469 0.000950274
28.3203 -3.71448 -0.000822822 0.00163486 0.000783991
28.4609 -3.71482 -0.000702662 0.00140772 0.000812694
28.6015 -3.83185 -0.000580866 0.00120277 0.000975868
28.7422 -3.83215 -0.00048113 0.0010159 0.000988565
28.6015 -3.71513 -0.000583548 0.00118495 0.000840077
28.7422 -3.71542 -0.000478729 0.000989815 0.000860044
28.3203 -3.59779 -0.000848358 0.00165877 0.000633533
28.4609 -3.59811 -0.000723248 0.0014218 0.00065925
28.3203 -3.48109 -0.000881561 0.00169668 0.000471244
28.4609 -3.48141 -0.000753608 0.00145433 0.000498763
28.6015 -3.59842 -0.000599375 0.00119063 0.000690901
28.7422 -3.5987 -0.000490061 0.000988278 0.000719425
28.6015 -3.4817 -0.000625548 0.00121607 0.000537793
28.7422 -3.48198 -0.000511815 0.00100648 0.000575079
28.8828 -3.83242 -0.000399335 0.000861892 0.000988277
29.0234 -3.83268 -0.000336511 0.000742435 0.000977875
28.8828 -3.71569 -0.000392342 0.000829125 0.000870991
29.0234 -3.71594 -0.000325364 0.000704198 0.000874048
29.164 -3.83291 -0.000293686 0.000659113 0.00095982
29.3047 -3.83312 -0.000272028 0.000613261 0.000933204
29.164 -3.71616 -0.000279149 0.000616981 0.000870215
29.3047 -3.71636 -0.000254215 0.000567705 0.000859165
28.8828 -3.59896 -0.000399327 0.000821065 0.000741252
29.0234 -3.5992 -0.000328006 0.000689912 0.00075653
28.8828 -3.48223 -0.000416887 0.000832564 0.000605837
29.0234 -3.48246 -0.000341612 0.000695216 0.000629764
29.1641 -3.59942 -0.000277541 0.00059679 0.000765315
29.3047 -3.59961 -0.000249011 0.000542745 0.000765869
29.1641 -3.48267 -0.000286784 0.00059527 0.000647218
29.3047 -3.48286 -0.000253534 0.000533884 0.000656455
29.4453 -4.30034 -0.000477076 0.000980129 0.000876772
29.5859 -4.30052 -0.000485759 0.000970576 0.000749969
29.4453 -4.18358 -0.000412546 0.000868428 0.000918753
29.5859 -4.18376 -0.000427061 0.000872685 0.000807813
29.7266 -4.30067 -0.000502781 0.000974957 0.000618518
29.8672 -4.3008 -0.000524622 0.000988644 0.000493883
29.7266 -4.18391 -0.000452356 0.000894504 0.000688741
29.8672 -4.18403 -0.000484077 0.000927348 0.000570664
29.4453 -4.06682 -0.000354927 0.000764819 0.000934646
29.5859 -4.06699 -0.000372922 0.000779205 0.000844036
29.4453 -3.95006 -0.00030728 0.000675292 0.000926134
29.5859 -3.95023 -0.00032684 0.000696163 0.000855736
29.7266 -4.06714 -0.000403744 0.00081435 0.000743082
29.8672 -4.06726 -0.000442897 0.000862854 0.000637295
29.7266 -3.95037 -0.000360542 0.000739986 0.000774366
29.8672 -3.95049 -0.000403949 0.000798902 0.000683922
30.0078 -4.30091 -0.000546498 0.00100454 0.00038496
30.1484 -4.30098 -0.000563076 0.00101401 0.000295474
30.0078 -4.18413 -0.000516068 0.000961644 0.000462217
30.1484 -4.18421 -0.000541359 0.000986135 0.000368637
30.2891 -4.30103 -0.000570784 0.00101077 0.000223544
30.4297 -4.30106 -0.000569025 0.000993364 0.000164784
30.2891 -4.18426 -0.000555456 0.000993362 0.000290323
30.4297 -4.18428 -0.000558136 0.000982843 0.000224528
30.0078 -4.06736 -0.000483257 0.000913119 0.000533438
30.1484 -4.06743 -0.000516385 0.000951428 0.000437429
30.0078 -3.95058 -0.000449746 0.000860475 0.000587963
30.1484 -3.95065 -0.000488776 0.000909625 0.00049181
30.2891 -4.06748 -0.000536751 0.000968939 0.000352238
30.4297 -4.0675 -0.00054413 0.000965599 0.000277693
30.2891 -3.9507 -0.00051469 0.000936412 0.000400713
30.4297 -3.95072 -0.000526949 0.000940737 0.000317891
29.4453 -3.8333 -0.000271727 0.000604133 0.000894826
29.5859 -3.83346 -0.000290573 0.000626999 0.000843192
29.4453 -3.71654 -0.000250019 0.000554452 0.000838619
29.5859 -3.7167 -0.000265328 0.000573939 0.000804872
29.7266 -3.8336 -0.000324856 0.000674869 0.000778769
29.8672 -3.83372 -0.000369708 0.000738918 0.000702179
29.7266 -3.71683 -0.000297321 0.00062037 0.000755711
29.8672 -3.71695 -0.000341068 0.000684677 0.000691037
29.4453 -3.59978 -0.000241212 0.000524827 0.000757053
29.5859 -3.59994 -0.000251981 0.000538383 0.00073713
29.4453 -3.48303 -0.000241622 0.00050967 0.000655073
29.5859 -3.48317 -0.00024857 0.000517576 0.000642664
29.7266 -3.60007 -0.000279236 0.000578776 0.000702608
29.8672 -3.60017 -0.000319147 0.000638534 0.000650853
29.7266 -3.4833 -0.000271179 0.000551331 0.000618322
29.8672 -3.4834 -0.000305826 0.000603802 0.000578983
30.0078 -3.83381 -0.000417876 0.000806508 0.00061494
30.1484 -3.83388 -0.00046039 0.000862691 0.000521273
30.0078 -3.71704 -0.000389171 0.000753936 0.000612372
30.1484 -3.7171 -0.000433163 0.000814018 0.000523915
30.2891 -3.83392 -0.000490746 0.000897406 0.000427814
30.4297 -3.83395 -0.000507981 0.000910196 0.000340758
30.2891 -3.71715 -0.000466934 0.000855538 0.000432803
30.4297 -3.71717 -0.000489102 0.000877409 0.00034648
30.0078 -3.60026 -0.00036496 0.000705717 0.000582578
30.1484 -3.60033 -0.000408882 0.00076735 0.000502394
30.0078 -3.48349 -0.000347462 0.000665768 0.000523391
30.1484 -3.48355 -0.000389723 0.000726472 0.000454612
30.2891 -3.60037 -0.000445094 0.000814458 0.000417515
30.4297 -3.60039 -0.000471619 0.000844798 0.000334986
30.2891 -3.48359 -0.000426972 0.000777016 0.000378738
30.4297 -3.48361 -0.000456391 0.000813476 0.000301641
28.3203 -3.3644 -0.000921006 0.00174753 0.000308522
28.4609 -3.3647 -0.000791593 0.00150264 0.000340808
28.3203 -3.2477 -0.000963563 0.00180681 0.000156124
28.4609 -3.248 -0.000833874 0.0015612 0.000191005
28.6015 -3.36499 -0.000659109 0.0012567 0.000387262
28.7422 -3.36525 -0.000540591 0.00103882 0.000431597
28.6016 -3.24827 -0.000696928 0.001307 0.000241542
28.7422 -3.24853 -0.000573414 0.00107995 0.000289625
28.3203 -3.13101 -0.0010043 0.0018658 1.89762e-05
28.4609 -3.13129 -0.000876295 0.00162246 5.10695e-05
28.3203 -3.01432 -0.00103816 0.00191475 -0.000104586
28.4609 -3.01459 -0.000914824 0.0016786 -8.12096e-05
28.6016 -3.13156 -0.000735823 0.00136108 0.000100572
28.7422 -3.1318 -0.000607726 0.0011251 0.000148446
28.6016 -3.01484 -0.000773022 0.00141353 -3.79591e-05
28.7422 -3.01508 -0.000641542 0.00117042 6.04217e-06
28.8828 -3.3655 -0.000441386 0.000857558 0.000468484
29.0234 -3.36572 -0.000362371 0.000713806 0.000497419
28.8828 -3.24876 -0.000469855 0.000890734 0.00032955
29.0234 -3.24898 -0.000387152 0.000740251 0.000360664
29.1641 -3.36592 -0.000303727 0.000607326 0.000519062
29.3047 -3.36611 -0.00026578 0.000538005 0.000533001
29.1641 -3.24918 -0.000325056 0.000627469 0.000383622
29.3047 -3.24935 -0.000283206 0.000551145 0.000398839
28.8828 -3.13203 -0.000500045 0.000927959 0.000188399
29.0234 -3.13224 -0.000413807 0.000770724 0.000219427
28.8828 -3.0153 -0.000530387 0.000966252 4.3505e-05
29.0234 -3.0155 -0.000440971 0.000802716 7.27217e-05
29.1641 -3.13243 -0.000348487 0.000651819 0.000241958
29.3047 -3.1326 -0.000303334 0.000569309 0.00025654
29.1641 -3.01568 -0.000372682 0.000678012 9.3649e-05
29.3047 -3.01585 -0.000324583 0.00058984 0.00010659
28.3203 -2.89762 -0.00106165 0.0019462 -0.000221774
28.4609 -2.89788 -0.000946514 0.00172352 -0.00021115
28.3203 -2.78093 -0.00107385 0.00195742 -0.000341845
28.4609 -2.78118 -0.000970158 0.00175429 -0.000345237
28.6016 -2.89813 -0.000806593 0.00146036 -0.00017793
28.7422 -2.89836 -0.000673608 0.00121334 -0.00014038
28.6016 -2.78142 -0.000835749 0.00149969 -0.000323806
28.7422 -2.78164 -0.000703513 0.00125285 -0.000293903
28.3203 -2.66423 -0.00107619 0.00195049 -0.000471075
28.4609 -2.66448 -0.000986246 0.0017714 -0.000488177
28.3203 -2.54754 -0.00107144 0.00193065 -0.000609415
28.4609 -2.54777 -0.000996372 0.00177794 -0.000639773
28.6016 -2.6647 -0.000860855 0.00153193 -0.000479
28.7422 -2.66491 -0.000731729 0.00128967 -0.000456962
28.6016 -2.54799 -0.000883099 0.0015594 -0.00064341
28.7422 -2.54819 -0.000759446 0.00132608 -0.000629554
28.8828 -2.89857 -0.000559969 0.0010038 -0.000107072
29.0234 -2.89876 -0.000467901 0.000834816 -8.07607e-05
28.8828 -2.78184 -0.000588559 0.00104005 -0.000265429
29.0234 -2.78202 -0.000494417 0.000866646 -0.000242434
29.1641 -2.89894 -0.000396941 0.000704786 -6.21745e-05
29.3047 -2.89909 -0.000346153 0.000611357 -5.14844e-05
29.1641 -2.78219 -0.000421079 0.000731804 -0.000226495
29.3047 -2.78234 -0.000367786 0.000633428 -0.000218416
28.8828 -2.66511 -0.000616623 0.00107577 -0.00043322
29.0234 -2.66528 -0.000520913 0.000898915 -0.000413384
28.8828 -2.54837 -0.000645276 0.00111312 -0.000610378
29.0234 -2.54854 -0.000548356 0.000933499 -0.000593419
29.1641 -2.66544 -0.00044541 0.000759669 -0.000400032
29.3047 -2.66559 -0.000389725 0.000656552 -0.00039469
29.1641 -2.5487 -0.000470775 0.000790027 -0.000582518
29.3047 -2.54884 -0.000412789 0.000682336 -0.000579986
29.4453 -3.36627 -0.000248737 0.000505328 0.00053717
29.5859 -3.36641 -0.0002515 0.000506501 0.000529642
29.4453 -3.24951 -0.000261387 0.000510206 0.000405728
29.5859 -3.24965 -0.000259088 0.000502903 0.000402201
29.7266 -3.36653 -0.000270464 0.000534583 0.00051008
29.8672 -3.36663 -0.00030077 0.000580633 0.000478322
29.7266 -3.24976 -0.000273997 0.000524381 0.000386276
29.8672 -3.24986 -0.000301177 0.000565633 0.000358694
29.4453 -3.13275 -0.000277719 0.000521481 0.000263358
29.5859 -3.13288 -0.000270805 0.000506175 0.000261633
29.4453 -3.01599 -0.000295876 0.000536196 0.000111868
29.5859 -3.01612 -0.000285492 0.000514626 0.00010967
29.7266 -3.133 -0.000281079 0.000519974 0.000249446
29.8672 -3.13309 -0.000305086 0.000556278 0.000226037
29.7266 -3.01623 -0.000291761 0.000521606 9.95017e-05
29.8672 -3.01632 -0.000312373 0.000552529 8.0504e-05
30.0078 -3.36671 -0.000338055 0.000636695 0.000433623
30.1484 -3.36677 -0.000377487 0.000694359 0.000376745
30.0078 -3.24994 -0.000335313 0.000617281 0.000320938
30.1484 -3.25 -0.000371972 0.000671587 0.000273678
30.2891 -3.36681 -0.000414142 0.000745597 0.000311402
30.4297 -3.36683 -0.000444686 0.000785376 0.000242228
30.2891 -3.25004 -0.0004072 0.000721955 0.000218886
30.4297 -3.25006 -0.000437883 0.00076353 0.00016001
30.0078 -3.13317 -0.000337074 0.000604973 0.000193553
30.1484 -3.13322 -0.00037177 0.000656997 0.0001541
30.0078 -3.01639 -0.000342472 0.000598693 5.37383e-05
30.1484 -3.01645 -0.000375894 0.000649488 2.1751e-05
30.2891 -3.13326 -0.000405685 0.00070647 0.000109079
30.4297 -3.13328 -0.000436312 0.000749405 6.07657e-05
30.2891 -3.01648 -0.000408809 0.0006984 -1.42489e-05
30.4297 -3.0165 -0.000439272 0.000742277 -5.30436e-05
29.4453 -2.89923 -0.000314775 0.000552567 -4.8568e-05
29.5859 -2.89936 -0.000301794 0.000526105 -5.28035e-05
29.4453 -2.78248 -0.00033398 0.000569875 -0.000218509
29.5859 -2.78259 -0.000319002 0.000539483 -0.000225853
29.7266 -2.89946 -0.00030539 0.000528338 -6.31255e-05
29.8672 -2.89955 -0.000323405 0.000555107 -7.86862e-05
29.7266 -2.7827 -0.000321276 0.000539207 -0.000237565
29.8672 -2.78278 -0.000338267 0.00056444 -0.000250396
29.4453 -2.66572 -0.000353654 0.000588506 -0.000398227
29.5859 -2.66583 -0.000337263 0.000555176 -0.000409248
29.4453 -2.54896 -0.000374751 0.000610324 -0.000587108
29.5859 -2.54907 -0.000357798 0.000575603 -0.00060142
29.7266 -2.66593 -0.000339627 0.000554865 -0.000422306
29.8672 -2.66601 -0.000356931 0.000580856 -0.000432257
29.7266 -2.54916 -0.000361284 0.000577111 -0.000615191
29.8672 -2.54924 -0.000379178 0.000604192 -0.00062323
30.0078 -2.89962 -0.000351745 0.000598965 -9.88918e-05
30.1484 -2.89967 -0.000384022 0.000648703 -0.000122928
30.0078 -2.78285 -0.000365294 0.000606685 -0.00026392
30.1484 -2.7829 -0.000396123 0.000654742 -0.000279941
30.2891 -2.89971 -0.000415932 0.000696893 -0.000150345
30.4297 -2.89972 -0.000445851 0.000740849 -0.000180614
30.2891 -2.78293 -0.000426747 0.000701594 -0.000299052
30.4297 -2.78295 -0.000455558 0.000744521 -0.000321217
30.0078 -2.66607 -0.000382948 0.000621816 -0.000440175
30.1484 -2.66612 -0.000412168 0.000667724 -0.000449102
30.0078 -2.5493 -0.000404289 0.000643807 -0.000627308
30.1484 -2.54935 -0.000432245 0.000687976 -0.000630102
30.2891 -2.66615 -0.000441314 0.000712774 -0.000460202
30.4297 -2.66617 -0.000468547 0.000753778 -0.000474219
30.2891 -2.54938 -0.000460022 0.000731282 -0.000633447
30.4297 -2.54939 -0.000485503 0.000769962 -0.000639269
