26.0703 -9.87711 -2.71925e-05 2.56612e-05 -7.50095e-05
26.2109 -9.87894 -5.86813e-05 9.01277e-05 -7.32368e-05
26.0703 -9.76067 -5.03633e-05 1.5904e-05 -0.000220864
26.2109 -9.76247 -8.30578e-05 8.4715e-05 -0.000214189
26.3515 -9.8807 -9.58603e-05 0.000165906 -6.99007e-05
26.4921 -9.88241 -0.000140419 0.000256037 -6.53543e-05
26.3515 -9.76422 -0.000120907 0.000164841 -0.000203029
26.4921 -9.76591 -0.000165441 0.000258901 -0.000188019
26.0703 -9.64423 -7.31423e-05 9.80756e-06 -0.000358847
26.2109 -9.64601 -0.000109176 8.68362e-05 -0.000348297
26.0703 -9.52779 -9.54396e-05 6.30866e-06 -0.000490948
26.2109 -9.52955 -0.000136649 9.50453e-05 -0.00047702
26.3515 -9.64774 -0.000149606 0.000174779 -0.00033002
26.4921 -9.6494 -0.000195668 0.000275352 -0.000305513
26.3515 -9.53126 -0.000181244 0.000193573 -0.000452499
26.4921 -9.5329 -0.000230024 0.000302389 -0.000419854
26.6328 -9.88405 -0.000192047 0.000359517 -5.9916e-05
26.7734 -9.88564 -0.000248728 0.000471954 -5.39507e-05
26.6328 -9.76753 -0.00021623 0.000365346 -0.000170299
26.7734 -9.7691 -0.000271172 0.000479314 -0.000151083
26.914 -9.88717 -0.000307113 0.000586492 -4.77076e-05
27.0546 -9.88864 -0.000362858 0.000694494 -4.14172e-05
26.914 -9.77062 -0.000326834 0.000593521 -0.000131371
27.0546 -9.77207 -0.00037882 0.00069899 -0.000112113
26.6328 -9.65101 -0.000246611 0.000386023 -0.000276887
26.7734 -9.65257 -0.000299981 0.000500905 -0.000246354
26.6328 -9.53449 -0.000281659 0.000417431 -0.00038235
26.7734 -9.53603 -0.000333041 0.000531213 -0.00034322
26.914 -9.65406 -0.000352049 0.000611866 -0.000215788
27.0546 -9.6555 -0.000398368 0.000709601 -0.000186954
26.914 -9.5375 -0.000379971 0.000634518 -0.000305053
27.0546 -9.53892 -0.000418308 0.000718617 -0.000270009
26.0703 -9.41135 -0.000117354 4.62897e-06 -0.000619525
26.2109 -9.41309 -0.000165013 0.000107442 -0.000602699
26.0703 -9.29491 -0.000139 3.87032e-06 -0.000747453
26.2109 -9.29663 -0.00019371 0.000121771 -0.000728208
26.3515 -9.41478 -0.000214822 0.000218198 -0.000572967
26.4921 -9.4164 -0.000266903 0.000335667 -0.000533925
26.3515 -9.2983 -0.000249061 0.00024495 -0.000694371
26.4921 -9.2999 -0.000304231 0.000369902 -0.000650749
26.0703 -9.17847 -0.000160394 3.1343e-06 -0.000877232
26.2109 -9.18017 -0.000222024 0.00013568 -0.000855988
26.0703 -9.06203 -0.000181433 1.63061e-06 -0.00101051
26.2109 -9.06371 -0.000249168 0.000147057 -0.00098752
26.3515 -9.18181 -0.000282458 0.00026998 -0.000818965
26.4921 -9.1834 -0.0003397 0.000399849 -0.000772116
26.3515 -9.06533 -0.000313539 0.000289991 -0.000947761
26.4921 -9.0669 -0.00037128 0.000421483 -0.000898068
26.6328 -9.41797 -0.000319069 0.000453699 -0.000490066
26.7734 -9.41949 -0.000367336 0.000562905 -0.000445393
26.6328 -9.30146 -0.000355942 0.000488027 -0.000602889
26.7734 -9.30295 -0.000399455 0.000588538 -0.000554942
26.914 -9.42095 -0.000407213 0.000653633 -0.00040252
27.0546 -9.42235 -0.000435731 0.000719817 -0.000363024
26.914 -9.30439 -0.000430779 0.000663265 -0.000508618
27.0546 -9.30578 -0.000449089 0.000710923 -0.000464291
26.6328 -9.18494 -0.000389387 0.00051447 -0.000721509
26.7734 -9.18642 -0.00042662 0.000603156 -0.000670625
26.6328 -9.06842 -0.000417349 0.000529539 -0.000844454
26.7734 -9.06988 -0.000447563 0.000605443 -0.000789323
26.914 -9.18784 -0.000448981 0.000661414 -0.000620005
27.0546 -9.18921 -0.000458164 0.00069326 -0.000569233
26.914 -9.07129 -0.000461669 0.000649311 -0.000732582
27.0546 -9.07264 -0.000463569 0.000669533 -0.000673749
27.1952 -9.89006 -0.000411142 0.00078652 -3.5512e-05
27.3358 -9.89141 -0.000447623 0.000854164 -3.07626e-05
27.1952 -9.77347 -0.000422406 0.000786123 -9.47659e-05
27.3358 -9.7748 -0.000453841 0.000847281 -8.12096e-05
27.4765 -9.8927 -0.000469478 0.000892216 -2.77169e-05
27.6171 -9.89394 -0.000476456 0.000900831 -2.60921e-05
27.4765 -9.77608 -0.000471509 0.000879463 -7.2366e-05
27.6171 -9.77731 -0.000476295 0.000885337 -6.69896e-05
27.1952 -9.65688 -0.000434729 0.000785369 -0.000161929
27.3358 -9.6582 -0.000458721 0.000834267 -0.000142388
27.1952 -9.54029 -0.000445394 0.00077801 -0.00023989
27.3358 -9.5416 -0.000461066 0.000812652 -0.000215128
27.4765 -9.65946 -0.000470577 0.000857273 -0.000128181
27.6171 -9.66067 -0.00047249 0.000859865 -0.00011704
27.4765 -9.54284 -0.000467268 0.000827249 -0.000194279
27.6171 -9.54404 -0.000466762 0.00082833 -0.000174879
27.7577 -9.89512 -0.00047139 0.000886383 -2.46362e-05
27.8983 -9.89623 -0.000459611 0.000859852 -2.20163e-05
27.7577 -9.77847 -0.00047114 0.000872076 -6.20632e-05
27.8983 -9.77957 -0.000460341 0.00084923 -5.46428e-05
28.039 -9.89729 -0.000447202 0.000833007 -1.78784e-05
28.1796 -9.89829 -0.000438138 0.000812886 -1.32709e-05
28.039 -9.78062 -0.000448565 0.000826019 -4.39515e-05
28.1796 -9.78161 -0.000439111 0.00080781 -3.21866e-05
27.7577 -9.66182 -0.000467377 0.000849138 -0.000105727
27.8983 -9.66291 -0.000458319 0.000832084 -9.16903e-05
27.7577 -9.54517 -0.000461993 0.000821618 -0.000154612
27.8983 -9.54625 -0.000454871 0.000811342 -0.000132161
28.039 -9.66395 -0.00044826 0.000814487 -7.45423e-05
28.1796 -9.66493 -0.000439337 0.000799511 -5.66012e-05
28.039 -9.54728 -0.000446927 0.000800342 -0.000107791
28.1796 -9.54824 -0.000439232 0.000789959 -8.3399e-05
27.1952 -9.4237 -0.000452798 0.000761432 -0.000327665
27.3358 -9.42499 -0.000460683 0.000783508 -0.00029589
27.1952 -9.30711 -0.000456994 0.000737108 -0.000421845
27.3358 -9.30839 -0.000458491 0.000750208 -0.000380528
27.4765 -9.42623 -0.000462333 0.000792677 -0.000265966
27.6171 -9.4274 -0.000460268 0.000794665 -0.000236017
27.4765 -9.30961 -0.000456842 0.000757149 -0.000339166
27.6171 -9.31077 -0.000453979 0.000762072 -0.000296805
27.1952 -9.19052 -0.000458768 0.000708284 -0.000517852
27.3359 -9.19178 -0.000455608 0.000716325 -0.000465232
27.1952 -9.07394 -0.000458995 0.000677916 -0.000612197
27.3359 -9.07518 -0.000452909 0.000684482 -0.000547334
27.4765 -9.19299 -0.000451826 0.000723727 -0.000410878
27.6171 -9.19414 -0.000448754 0.00073306 -0.000354755
27.4765 -9.07637 -0.000448092 0.000694618 -0.000479155
27.6171 -9.07751 -0.000445329 0.000709513 -0.000408389
27.7577 -9.42853 -0.000456155 0.000793178 -0.000204889
27.8983 -9.42959 -0.000450919 0.000790097 -0.000172391
27.7577 -9.31188 -0.000450737 0.000766662 -0.000253264
27.8983 -9.31293 -0.000447251 0.000770977 -0.000209138
28.039 -9.4306 -0.000445086 0.000786168 -0.000139278
28.1796 -9.43156 -0.00043899 0.00078154 -0.00010695
28.039 -9.31393 -0.000443371 0.000774371 -0.000165474
28.1796 -9.31488 -0.000438974 0.000776257 -0.000123332
27.7577 -9.19524 -0.000446508 0.000744291 -0.000297503
27.8983 -9.19628 -0.000444615 0.00075609 -0.000240286
27.7577 -9.07859 -0.000444183 0.000727782 -0.000336403
27.8983 -9.07962 -0.000443734 0.000747049 -0.000264881
28.039 -9.19726 -0.000442474 0.000766869 -0.000184386
28.1796 -9.19819 -0.000439672 0.000775551 -0.000130747
28.039 -9.08059 -0.000443076 0.000765054 -0.000195403
28.1796 -9.08151 -0.000441617 0.000780354 -0.000129015
26.0703 -8.9456 -0.000201912 -1.23367e-06 -0.00114791
26.2109 -8.94725 -0.000274408 0.000154306 -0.00112326
26.0703 -8.82916 -0.000221576 -5.83839e-06 -0.00128918
26.2109 -8.83079 -0.000297165 0.000156415 -0.0012629
26.3515 -8.94885 -0.000341168 0.00030278 -0.00108067
26.4921 -8.9504 -0.000397717 0.00043276 -0.00102745
26.3515 -8.83237 -0.000364699 0.000307294 -0.00121714
26.4921 -8.8339 -0.000418708 0.000433493 -0.00115921
26.0703 -8.71272 -0.000240153 -1.2356e-05 -0.00143341
26.2109 -8.71433 -0.000317036 0.000152916 -0.00140559
26.0703 -8.59628 -0.00025739 -2.07339e-05 -0.00157906
26.2109 -8.59787 -0.000333816 0.000143918 -0.00154993
26.3515 -8.7159 -0.000383904 0.000303385 -0.00135641
26.4921 -8.71741 -0.000434627 0.000424649 -0.0012928
26.3515 -8.59942 -0.000398901 0.000291724 -0.00149733
26.4921 -8.60091 -0.0004462 0.0004079 -0.00142767
26.6328 -8.9519 -0.000439004 0.000532478 -0.000969388
26.7734 -8.95334 -0.000462375 0.000596601 -0.000908257
26.6328 -8.83538 -0.000454697 0.000524502 -0.00109487
26.7734 -8.83681 -0.000471972 0.000578859 -0.00102624
26.914 -8.95473 -0.000469658 0.000629426 -0.000843922
27.0546 -8.95607 -0.0004663 0.000642343 -0.000775945
26.914 -8.83818 -0.000474115 0.000604244 -0.000953438
27.0546 -8.8395 -0.00046746 0.00061385 -0.000875718
26.6328 -8.71886 -0.000465532 0.000507819 -0.00122091
26.7734 -8.72027 -0.000477787 0.000554838 -0.00114386
26.6328 -8.60235 -0.000472827 0.000484929 -0.00134789
26.7734 -8.60373 -0.000481371 0.000527178 -0.0012624
26.914 -8.72162 -0.000476406 0.000576093 -0.00106212
27.0546 -8.72292 -0.000468199 0.000585844 -0.000974333
26.914 -8.60507 -0.000477949 0.000547147 -0.00117176
27.0546 -8.60635 -0.000469668 0.000559836 -0.00107396
26.0703 -8.47984 -0.000273104 -3.06497e-05 -0.00172414
26.2109 -8.48142 -0.000347557 0.000130197 -0.00169402
26.0703 -8.36341 -0.000287285 -4.15027e-05 -0.00186679
26.2109 -8.36496 -0.000358655 0.00011321 -0.0018359
26.3515 -8.48294 -0.000410141 0.000273749 -0.00163842
26.4921 -8.48441 -0.000454351 0.000385346 -0.00156314
26.3515 -8.36646 -0.000418336 0.000251459 -0.00177799
26.4922 -8.36791 -0.000459999 0.000359111 -0.00169838
26.0703 -8.24697 -0.000300156 -5.24689e-05 -0.00200579
26.2109 -8.2485 -0.000367921 9.50354e-05 -0.00197415
26.0703 -8.13053 -0.000312102 -6.26862e-05 -0.00214074
26.2109 -8.13204 -0.000376434 7.79817e-05 -0.00210827
26.3515 -8.24998 -0.000424487 0.000227373 -0.00191445
26.4922 -8.25141 -0.000463964 0.000331277 -0.00183205
26.3515 -8.1335 -0.00042991 0.000204365 -0.002047
26.4922 -8.13491 -0.000467178 0.000304098 -0.00196289
26.6328 -8.48583 -0.0004778 0.00045818 -0.0014761
26.7734 -8.4872 -0.000484015 0.000498068 -0.001383
26.6328 -8.36931 -0.000481425 0.00042948 -0.0016057
26.7734 -8.37066 -0.000486621 0.000469034 -0.00150653
26.914 -8.48852 -0.000479933 0.000519138 -0.00128425
27.0546 -8.48978 -0.000472866 0.000536976 -0.00117708
26.914 -8.37196 -0.000483152 0.000493156 -0.00140114
27.0546 -8.37321 -0.000478492 0.000517936 -0.00128595
26.6328 -8.25279 -0.00048429 0.000400256 -0.00173594
26.7734 -8.25413 -0.000489626 0.000440986 -0.00163299
26.6328 -8.13628 -0.000486734 0.000371653 -0.00186541
26.7734 -8.13759 -0.000493035 0.000414316 -0.00176129
26.914 -8.25541 -0.000487952 0.000469711 -0.00152317
27.0546 -8.25664 -0.000486871 0.000502962 -0.00140207
26.914 -8.13886 -0.000494275 0.000448913 -0.00164983
27.0546 -8.14007 -0.000497988 0.000492093 -0.00152551
27.1952 -8.95735 -0.000458553 0.000648185 -0.000703448
27.3359 -8.95858 -0.000451124 0.000656422 -0.000625778
27.1952 -8.84076 -0.000458327 0.000620709 -0.000791789
27.3359 -8.84197 -0.000450959 0.000633334 -0.000700927
27.4765 -8.95975 -0.000446298 0.000671292 -0.000543276
27.6171 -8.96087 -0.000444358 0.000692765 -0.000457276
27.4765 -8.84314 -0.000447066 0.000654716 -0.000603738
27.6171 -8.84424 -0.000446444 0.000683684 -0.000502078
27.1952 -8.72417 -0.000459236 0.000596729 -0.000878711
27.3359 -8.72537 -0.000453154 0.000616056 -0.000774414
27.1952 -8.60759 -0.000462195 0.000577191 -0.000966665
27.3359 -8.60877 -0.000458466 0.000605146 -0.000848899
27.4765 -8.72652 -0.00045104 0.000645494 -0.00066228
27.6171 -8.72761 -0.000452186 0.00068273 -0.000544677
27.4765 -8.6099 -0.000458872 0.000643926 -0.000721718
27.6171 -8.61098 -0.000462162 0.000689996 -0.000588056
27.7577 -8.96194 -0.000444432 0.000718385 -0.000369805
27.8983 -8.96296 -0.000445284 0.000744982 -0.000283103
27.7577 -8.8453 -0.000447861 0.000716875 -0.000398618
27.8983 -8.8463 -0.000449858 0.000750501 -0.000296217
28.039 -8.96392 -0.000445815 0.000769803 -0.000199152
28.1796 -8.96483 -0.000445332 0.000791141 -0.000119262
28.039 -8.84725 -0.000451236 0.000781472 -0.000197355
28.1796 -8.84815 -0.000451284 0.000807953 -0.000103682
27.7577 -8.72865 -0.000455034 0.000723559 -0.000424958
27.8984 -8.72964 -0.000457976 0.00076371 -0.000306667
27.7577 -8.61201 -0.000466462 0.000738325 -0.00045203
27.8984 -8.61298 -0.000470085 0.000784289 -0.000317919
28.039 -8.73058 -0.000459806 0.00079993 -0.000192835
28.1796 -8.73146 -0.000459892 0.000830436 -8.5495e-05
28.039 -8.61391 -0.000471915 0.000824661 -0.000189338
28.1796 -8.61478 -0.000471491 0.000857839 -6.88591e-05
27.1952 -8.491 -0.000468038 0.000562757 -0.00105861
27.3359 -8.49217 -0.000467609 0.000600917 -0.000927683
27.1952 -8.37441 -0.000477391 0.000553763 -0.00115743
27.3359 -8.37557 -0.000481156 0.000603433 -0.00101418
27.4765 -8.49328 -0.000471182 0.000650054 -0.000785621
27.6171 -8.49435 -0.000476902 0.000705272 -0.000636023
27.4765 -8.37667 -0.000488477 0.000663678 -0.000857824
27.6171 -8.37772 -0.00049683 0.000728085 -0.000692775
27.1952 -8.25783 -0.0004906 0.000550271 -0.00126534
27.3359 -8.25896 -0.000499448 0.000612551 -0.00111124
27.1952 -8.14124 -0.000507685 0.000552224 -0.00138303
27.3359 -8.14236 -0.000522497 0.000627993 -0.0012203
27.4765 -8.26005 -0.000511056 0.000684385 -0.000941801
27.6171 -8.26109 -0.000522181 0.000757722 -0.000762381
27.4765 -8.14343 -0.000538879 0.000711552 -0.00103982
27.6171 -8.14446 -0.000552864 0.000793165 -0.00084811
27.7577 -8.49536 -0.000482595 0.000760728 -0.000483881
27.8984 -8.49633 -0.00048658 0.000811609 -0.000334282
27.7577 -8.37872 -0.000503782 0.000790051 -0.000525055
27.8984 -8.37967 -0.000507766 0.000844727 -0.000360775
28.039 -8.49724 -0.000487908 0.000854829 -0.000191545
28.1796 -8.4981 -0.000486325 0.000888956 -5.90585e-05
28.039 -8.38057 -0.000508074 0.000889235 -0.000205209
28.1796 -8.38142 -0.00050469 0.000922455 -6.2375e-05
27.7577 -8.26207 -0.000530204 0.000825284 -0.00058027
27.8984 -8.26301 -0.0005338 0.000882354 -0.000402891
27.7577 -8.14543 -0.000561769 0.000865073 -0.000653938
27.8984 -8.14635 -0.00056473 0.000923199 -0.000465802
28.039 -8.2639 -0.000532654 0.000926619 -0.000236341
28.1796 -8.26474 -0.00052712 0.000957838 -8.4211e-05
28.039 -8.14723 -0.000562054 0.000966567 -0.000289528
28.1796 -8.14806 -0.000554429 0.000995977 -0.000127486
28.3202 -9.89924 -0.000431808 0.000797719 -9.60503e-06
28.4608 -9.90012 -0.00042478 0.000780893 -7.4088e-06
28.3202 -9.78254 -0.000431923 0.000793213 -2.26223e-05
28.4608 -9.78341 -0.000424499 0.000777136 -1.63873e-05
28.6015 -9.90094 -0.000415867 0.000760502 -6.01179e-06
28.7421 -9.90171 -0.000407232 0.000740938 -4.35327e-06
28.6015 -9.78423 -0.000415932 0.000758563 -1.17556e-05
28.7421 -9.78498 -0.000408034 0.000741715 -6.30027e-06
28.3202 -9.66585 -0.000431779 0.000786336 -4.11887e-05
28.4608 -9.66671 -0.000424275 0.000772172 -2.92386e-05
28.3202 -9.54915 -0.000432039 0.00077984 -6.12501e-05
28.4608 -9.55 -0.000424984 0.000769176 -4.17084e-05
28.6015 -9.66751 -0.000416442 0.000757112 -1.85624e-05
28.7421 -9.66826 -0.000409692 0.000744653 -6.62127e-06
28.6015 -9.5508 -0.000418177 0.000758844 -2.2892e-05
28.7421 -9.55154 -0.000412656 0.000751422 -2.82713e-06
28.8827 -9.90241 -0.000401857 0.000727845 -1.74957e-06
29.0234 -9.90306 -0.000401689 0.000724582 1.6915e-06
28.8827 -9.78568 -0.000403144 0.000731297 1.34029e-06
29.0234 -9.78632 -0.000402822 0.000729941 1.09794e-05
29.164 -9.90365 -0.000406917 0.000731165 5.53601e-06
29.3046 -9.90418 -0.00041661 0.000745637 9.43134e-06
29.164 -9.7869 -0.000407341 0.000737637 2.16346e-05
29.3046 -9.78743 -0.000416006 0.000752686 3.24467e-05
28.8827 -9.66895 -0.000405719 0.00073822 7.71071e-06
29.0234 -9.66958 -0.000405606 0.000739569 2.41539e-05
28.8827 -9.55222 -0.000409592 0.000749235 1.91909e-05
29.0234 -9.55285 -0.000409725 0.000753396 4.27889e-05
29.164 -9.67016 -0.000409609 0.000748656 4.16533e-05
29.3046 -9.67068 -0.000417265 0.000764164 5.9191e-05
29.164 -9.55341 -0.000413256 0.00076383 6.70242e-05
29.3046 -9.55392 -0.000419883 0.000779551 9.09017e-05
28.3202 -9.43246 -0.000432806 0.000776125 -7.65981e-05
28.4608 -9.4333 -0.000426692 0.00077026 -4.81265e-05
28.3202 -9.31576 -0.000434135 0.000776608 -8.32688e-05
28.4608 -9.3166 -0.00042922 0.000776222 -4.4991e-05
28.6015 -9.43409 -0.000421071 0.000765193 -2.01966e-05
28.7421 -9.43482 -0.000416714 0.000762773 8.49676e-06
28.6015 -9.31737 -0.000424776 0.000776424 -7.60284e-06
28.7421 -9.31809 -0.000421411 0.000778579 2.96845e-05
28.3202 -9.19907 -0.000436191 0.000782017 -7.97061e-05
28.4608 -9.19989 -0.000432437 0.000787148 -3.09838e-05
28.3202 -9.08238 -0.000439254 0.000792671 -6.60955e-05
28.4609 -9.08319 -0.00043637 0.00080281 -6.50098e-06
28.6015 -9.20066 -0.000428977 0.000792196 1.5984e-05
28.7421 -9.20137 -0.000426315 0.000798228 6.16412e-05
28.6015 -9.08395 -0.000433518 0.000811916 5.00717e-05
28.7421 -9.08465 -0.000431144 0.000820875 0.000103797
28.8827 -9.43549 -0.000414415 0.000764528 3.83451e-05
29.0234 -9.43611 -0.000414689 0.000771179 6.89505e-05
28.8827 -9.31876 -0.000419671 0.000783706 6.70493e-05
29.0234 -9.31937 -0.000419935 0.00079231 0.000104122
29.164 -9.43667 -0.000417698 0.000782648 9.949e-05
29.3046 -9.43717 -0.000423213 0.000798067 0.000128854
29.164 -9.31992 -0.000422303 0.000804232 0.00014008
29.3046 -9.32042 -0.000426471 0.000818323 0.000173305
28.8827 -9.20203 -0.000424861 0.000805977 0.00010601
29.0234 -9.20263 -0.000424904 0.000815784 0.000148651
28.8827 -9.0853 -0.000429592 0.000830233 0.000154437
29.0234 -9.08589 -0.000429059 0.000840042 0.000201126
29.164 -9.20318 -0.000426385 0.000827114 0.0001884
29.3046 -9.20367 -0.000428805 0.000838288 0.000222972
29.164 -9.08643 -0.000429238 0.000849173 0.000242154
29.3046 -9.08692 -0.000429531 0.000855864 0.000275379
29.4453 -9.90465 -0.000429564 0.000765673 1.32181e-05
29.5859 -9.90506 -0.000444652 0.000789165 1.68166e-05
29.4453 -9.78789 -0.000427791 0.000772973 4.2927e-05
29.5859 -9.7883 -0.000441663 0.000796474 5.27645e-05
29.7265 -9.90542 -0.000460711 0.000813965 2.00827e-05
29.8671 -9.90571 -0.000476065 0.000836901 2.23731e-05
29.7265 -9.78865 -0.000456368 0.000820675 6.1196e-05
29.8671 -9.78894 -0.000470262 0.000842098 6.6518e-05
29.4453 -9.67114 -0.000427755 0.000784283 7.60481e-05
29.5859 -9.67154 -0.000440103 0.000806906 9.13367e-05
29.4453 -9.55438 -0.000428911 0.000798863 0.000113354
29.5859 -9.55478 -0.000439324 0.00081929 0.000132554
29.7265 -9.67188 -0.000452957 0.000829015 0.00010332
29.8672 -9.67217 -0.00046483 0.000847329 0.000109975
29.7265 -9.55512 -0.000449846 0.000837744 0.000146091
29.8672 -9.5554 -0.000459408 0.000851937 0.00015263
30.0078 -9.90595 -0.000488664 0.000854226 2.30442e-05
30.1484 -9.90612 -0.000497478 0.000864362 2.23867e-05
30.0078 -9.78917 -0.000481829 0.000857763 6.75831e-05
30.1484 -9.78935 -0.000490347 0.000866808 6.523e-05
30.289 -9.90624 -0.000502739 0.000868057 2.10698e-05
30.4297 -9.9063 -0.000504194 0.000865089 1.93875e-05
30.289 -9.78946 -0.000495639 0.000869536 6.09158e-05
30.4297 -9.78952 -0.00049715 0.000865354 5.53626e-05
30.0078 -9.6724 -0.000474807 0.000860146 0.000110799
30.1484 -9.67257 -0.000482397 0.000867117 0.000107002
30.0078 -9.55563 -0.000467504 0.000861182 0.000152552
30.1484 -9.5558 -0.000473676 0.000865198 0.000147146
30.2891 -9.67269 -0.000487107 0.000868006 0.000100105
30.4297 -9.67275 -0.000487987 0.000861476 9.06436e-05
30.2891 -9.55591 -0.000477193 0.000863204 0.000137573
30.4297 -9.55597 -0.00047663 0.000852758 0.000123496
29.4453 -9.43762 -0.000430506 0.000815474 0.000155275
29.5859 -9.43802 -0.00043854 0.000832122 0.000176159
29.4453 -9.32087 -0.000431646 0.000832277 0.000201238
29.5859 -9.32125 -0.000437014 0.00084386 0.000221508
29.7265 -9.43835 -0.000446423 0.000845759 0.00018944
29.8672 -9.43863 -0.000453571 0.000855314 0.000194844
29.7265 -9.32159 -0.000442197 0.000852136 0.000233198
29.8672 -9.32186 -0.000446909 0.000856783 0.000236717
29.4453 -9.20411 -0.000431526 0.000847335 0.000249859
29.5859 -9.20449 -0.000434194 0.00085327 0.000267877
29.4453 -9.08735 -0.000429693 0.000859277 0.000299493
29.5859 -9.08773 -0.000429769 0.000859523 0.00031445
29.7265 -9.20482 -0.000436766 0.000856078 0.000277103
29.8672 -9.20509 -0.000439058 0.000855667 0.000278099
29.7265 -9.08806 -0.000429828 0.000856903 0.000320675
29.8672 -9.08833 -0.000429692 0.000851234 0.000318458
30.0078 -9.43886 -0.000459607 0.000860482 0.000193242
30.1484 -9.43902 -0.000464014 0.000860802 0.000185728
30.0078 -9.32208 -0.00045077 0.000857489 0.000232956
30.1484 -9.32225 -0.000453089 0.000853295 0.000222449
30.2891 -9.43914 -0.000465736 0.000854651 0.000172639
30.4297 -9.43919 -0.000462944 0.000838557 0.000152585
30.2891 -9.32236 -0.000452371 0.000841432 0.000204328
30.4297 -9.32242 -0.00044686 0.000818545 0.000177122
30.0078 -9.20531 -0.000440625 0.000851473 0.000271368
30.1484 -9.20548 -0.000440417 0.000841574 0.000256402
30.0078 -9.08854 -0.000428711 0.000841302 0.00030739
30.1484 -9.0887 -0.000425478 0.000824275 0.000286015
30.2891 -9.20559 -0.000436707 0.000822581 0.000231596
30.4297 -9.20564 -0.000428546 0.000793059 0.000197075
30.2891 -9.08881 -0.000418662 0.000797765 0.000253653
30.4297 -9.08886 -0.000408469 0.000763064 0.000212811
28.3202 -8.96568 -0.000443678 0.000808579 -4.39786e-05
28.4609 -8.96648 -0.000441203 0.000822811 2.66716e-05
28.3202 -8.84899 -0.000449844 0.000829474 -1.59522e-05
28.4609 -8.84978 -0.000447222 0.000846584 6.55507e-05
28.6015 -8.96723 -0.000438438 0.000834868 9.27062e-05
28.7421 -8.96793 -0.000435805 0.000845472 0.000153895
28.6015 -8.85052 -0.000443915 0.000860101 0.000140332
28.7421 -8.85121 -0.000440356 0.000870579 0.000207513
28.3202 -8.7323 -0.000458125 0.000854759 1.42595e-05
28.4609 -8.73308 -0.000454737 0.000873158 0.000105607
28.3202 -8.6156 -0.000468782 0.000883309 4.1744e-05
28.4609 -8.61638 -0.000463961 0.000901049 0.000141033
28.6015 -8.73381 -0.000450192 0.000886203 0.000187397
28.7421 -8.73448 -0.000445004 0.000894536 0.000258464
28.6015 -8.61709 -0.00045753 0.000911732 0.000227854
28.7421 -8.61776 -0.000450145 0.000916472 0.000301609
28.8827 -8.96857 -0.000433601 0.000854929 0.000209468
29.0234 -8.96916 -0.000431918 0.000862943 0.000257979
28.8827 -8.85184 -0.000436817 0.000878165 0.000265896
29.0234 -8.85242 -0.000433349 0.000882574 0.000314205
29.164 -8.96969 -0.00043033 0.000868224 0.000297781
29.3046 -8.97017 -0.000428342 0.000869645 0.000327998
29.164 -8.85295 -0.000429618 0.000883018 0.000351714
29.3046 -8.85342 -0.000425315 0.000879113 0.000378777
28.8827 -8.73511 -0.000439502 0.000898554 0.000317974
29.0234 -8.73568 -0.000433761 0.00089832 0.000365522
28.8827 -8.61838 -0.000442196 0.000916024 0.000362192
29.0234 -8.61894 -0.000433786 0.0009107 0.000409773
29.164 -8.7362 -0.000427581 0.00089358 0.000401253
29.3046 -8.73667 -0.00042082 0.000884386 0.00042594
29.164 -8.61946 -0.000424826 0.000900538 0.000444757
29.3046 -8.61992 -0.000415282 0.000885703 0.000467666
28.3202 -8.49891 -0.000481964 0.000913587 6.06703e-05
28.4609 -8.49967 -0.000475103 0.000928962 0.000166306
28.3202 -8.38222 -0.000498056 0.000944662 6.54122e-05
28.4609 -8.38297 -0.000488695 0.000956819 0.000177595
28.6015 -8.50038 -0.000466323 0.000936193 0.000257547
28.7421 -8.50104 -0.000456313 0.000936679 0.00033445
28.6015 -8.38367 -0.000477177 0.000960192 0.000274386
28.7421 -8.38432 -0.000464101 0.000956025 0.000355851
28.3202 -8.26553 -0.000517905 0.000977141 5.22259e-05
28.4609 -8.26627 -0.000505637 0.000985806 0.000172753
28.3202 -8.14884 -0.000542505 0.00101264 1.95667e-05
28.4609 -8.14957 -0.000526848 0.00101753 0.000150766
28.6015 -8.26696 -0.000490847 0.000984896 0.000277114
28.7421 -8.2676 -0.000474097 0.000975386 0.000364676
28.6015 -8.15025 -0.000508033 0.00101143 0.000264595
28.7421 -8.15088 -0.000486697 0.000995039 0.000358898
28.8827 -8.50165 -0.000445489 0.000931309 0.000397144
29.0234 -8.50221 -0.000433986 0.000920479 0.000445842
28.8827 -8.38492 -0.000449909 0.000945195 0.000421869
29.0234 -8.38547 -0.000434758 0.000927979 0.000472114
29.164 -8.50271 -0.000421796 0.00090427 0.000480618
29.3046 -8.50317 -0.000408902 0.000882624 0.000501135
29.164 -8.38597 -0.000418654 0.000904244 0.000505813
29.3046 -8.38642 -0.000401649 0.000873944 0.000522203
28.8827 -8.26819 -0.000455848 0.000957943 0.000434455
29.0234 -8.26873 -0.000436233 0.000932541 0.000485186
28.8828 -8.15146 -0.000463375 0.000968796 0.000431416
29.0234 -8.152 -0.000438399 0.000933142 0.000481117
29.164 -8.26923 -0.000415412 0.000899338 0.000516068
29.3046 -8.26967 -0.000393818 0.000859464 0.000527918
29.164 -8.15248 -0.000412415 0.000889751 0.000509308
29.3046 -8.15292 -0.000386338 0.000841293 0.000519142
29.4453 -8.9706 -0.000426026 0.000867406 0.000348696
29.5859 -8.97097 -0.000423613 0.000862107 0.000360322
29.4453 -8.85384 -0.000420597 0.000871448 0.000396185
29.5859 -8.85421 -0.000415698 0.000860611 0.000404327
29.7265 -8.97129 -0.000421177 0.000853989 0.000363098
29.8672 -8.97156 -0.000418421 0.000842407 0.000356512
29.7265 -8.85453 -0.000410588 0.000846426 0.000402685
29.8672 -8.85479 -0.000404787 0.000827654 0.00038983
29.4453 -8.73709 -0.000413595 0.00087125 0.00044035
29.5859 -8.73745 -0.000405966 0.000854265 0.000444269
29.4453 -8.62033 -0.000405143 0.000866254 0.000478538
29.5859 -8.62069 -0.000394258 0.000841726 0.000476524
29.7265 -8.73776 -0.000397758 0.000832769 0.000436394
29.8672 -8.73802 -0.000388593 0.000805855 0.00041572
29.7265 -8.621 -0.000382613 0.000811985 0.000461041
29.8672 -8.62125 -0.000370298 0.000777617 0.000433251
30.0078 -8.97177 -0.000414449 0.000825399 0.000339124
30.1484 -8.97193 -0.000407971 0.000800509 0.000309948
30.0078 -8.855 -0.000397491 0.0008026 0.000364602
30.1484 -8.85516 -0.000388098 0.00077067 0.000328122
30.2891 -8.97204 -0.000398554 0.000767641 0.000270665
30.4297 -8.97209 -0.000387084 0.000729647 0.000225157
30.2891 -8.85526 -0.000376891 0.000733547 0.000283916
30.4297 -8.85531 -0.000364518 0.0006934 0.00023518
30.0078 -8.73823 -0.000378191 0.000773393 0.00038316
30.1484 -8.73838 -0.000366617 0.000736515 0.000341758
30.0078 -8.62146 -0.000357517 0.000739889 0.000395947
30.1484 -8.62161 -0.000344403 0.000699951 0.000351999
30.2891 -8.73849 -0.000354172 0.00069679 0.000294744
30.4297 -8.73854 -0.000340556 0.000653963 0.000242816
30.2891 -8.62171 -0.000330581 0.000657439 0.000302229
30.4297 -8.62176 -0.000315024 0.000610292 0.000245481
29.4453 -8.50357 -0.000395189 0.000855222 0.000506766
29.5859 -8.50393 -0.00038065 0.000822174 0.00049765
29.4453 -8.38682 -0.000383898 0.000837586 0.00052176
29.5859 -8.38717 -0.000365896 0.000796921 0.000507123
29.7265 -8.50423 -0.000365766 0.000784963 0.000475645
29.8672 -8.50449 -0.000350958 0.000745257 0.000443652
29.7265 -8.38747 -0.000348363 0.000754326 0.000481831
29.8672 -8.38772 -0.000331495 0.000710808 0.000448053
29.4453 -8.27007 -0.000372161 0.000815104 0.000523553
29.5859 -8.27041 -0.000351249 0.000768889 0.000506846
29.4453 -8.15331 -0.000361205 0.000790704 0.000514136
29.5859 -8.15365 -0.000337593 0.000739748 0.000496792
29.7265 -8.27071 -0.000331377 0.00072211 0.000480368
29.8672 -8.27095 -0.000312095 0.00067397 0.000444069
29.7265 -8.15394 -0.000314995 0.000687686 0.000467632
29.8672 -8.15418 -0.000292763 0.000633472 0.000426926
30.0078 -8.50469 -0.000336421 0.00070414 0.000404048
30.1484 -8.50484 -0.000321744 0.000661096 0.000357432
30.0078 -8.38792 -0.000315088 0.000666024 0.00040579
30.1484 -8.38807 -0.000298276 0.000618273 0.000354299
30.2891 -8.50494 -0.0003059 0.000614104 0.000302823
30.4297 -8.50499 -0.000288375 0.000562553 0.000240926
30.2891 -8.38816 -0.000280303 0.000566588 0.000294555
30.4297 -8.38821 -0.00026172 0.000513099 0.000230424
30.0078 -8.27115 -0.000293171 0.000623852 0.00039717
30.1484 -8.27129 -0.000274115 0.000571347 0.000341089
30.0078 -8.15438 -0.000271232 0.000578295 0.000376696
30.1484 -8.15452 -0.000250472 0.000523209 0.000320173
30.2891 -8.27139 -0.000254787 0.000517354 0.000279649
30.4297 -8.27144 -0.000235933 0.00046422 0.000216493
30.2891 -8.15462 -0.000230369 0.000468896 0.000260443
30.4297 -8.15467 -0.000211103 0.000416036 0.000198878
