26.0703 -6.15113 -0.000241483 -1.6869e-05 -0.00206756
26.2109 -6.15228 -0.000324749 0.00015258 -0.00206385
26.0703 -6.0347 -0.000222452 -7.03357e-06 -0.00190653
26.2109 -6.03582 -0.000306282 0.000163626 -0.0019025
26.3515 -6.15339 -0.000418164 0.000341704 -0.00205491
26.4922 -6.15447 -0.000521034 0.000549027 -0.00203962
26.3515 -6.03692 -0.000400832 0.000355133 -0.001893
26.4922 -6.03797 -0.000505973 0.000566977 -0.00187749
26.0703 -5.91826 -0.000202853 3.28515e-06 -0.00173217
26.2109 -5.91937 -0.000287394 0.000175305 -0.00172844
26.0703 -5.80183 -0.000182758 1.37974e-05 -0.00154556
26.2109 -5.80291 -0.000267905 0.000186876 -0.00154252
26.3515 -5.92044 -0.000383069 0.000368829 -0.00171983
26.4922 -5.92147 -0.000490173 0.00058399 -0.00170659
26.3515 -5.80396 -0.000364332 0.000381464 -0.0015357
26.4922 -5.80498 -0.000472676 0.000598179 -0.00152624
26.6328 -6.15551 -0.000626064 0.000760359 -0.0020151
26.7734 -6.15651 -0.000721213 0.000952361 -0.00197886
26.6328 -6.03899 -0.000614724 0.000785243 -0.00185436
26.7734 -6.03997 -0.000714351 0.000984847 -0.00182244
26.914 -6.15747 -0.000797549 0.0011075 -0.00193215
27.0547 -6.1584 -0.000858286 0.0012315 -0.00188011
26.914 -6.04092 -0.000794615 0.00114572 -0.00178274
27.0547 -6.04183 -0.000857796 0.00127239 -0.00173803
26.6328 -5.92247 -0.000602016 0.000807246 -0.00168789
26.7734 -5.92344 -0.000705464 0.00101279 -0.00166209
26.6328 -5.80596 -0.000586862 0.000824567 -0.00151383
26.7734 -5.8069 -0.000694123 0.00103583 -0.00149544
26.914 -5.92437 -0.000789399 0.00117927 -0.00162821
27.0547 -5.92526 -0.000855218 0.00130982 -0.00158755
26.914 -5.80781 -0.00078251 0.0012096 -0.00146706
27.0547 -5.80869 -0.000851654 0.00134587 -0.00142854
26.0703 -5.6854 -0.000162351 2.42998e-05 -0.00134848
26.2109 -5.68646 -0.000247868 0.000197974 -0.0013461
26.0703 -5.56896 -0.000141858 3.47552e-05 -0.00114252
26.2109 -5.57 -0.000227562 0.000208756 -0.00114036
26.3515 -5.68749 -0.000344502 0.000392575 -0.00134095
26.4922 -5.68848 -0.000453153 0.000609096 -0.00133491
26.3515 -5.57101 -0.00032396 0.000402712 -0.00113589
26.4922 -5.57199 -0.000432117 0.000617874 -0.00113144
26.0703 -5.45253 -0.000121519 4.5263e-05 -0.000928893
26.2109 -5.45355 -0.000207418 0.000219742 -0.000926342
26.0703 -5.3361 -0.000101545 5.59896e-05 -0.000708351
26.2109 -5.33709 -0.00018788 0.000231562 -0.000704798
26.3516 -5.45454 -0.000303412 0.000413014 -0.000921194
26.4922 -5.45549 -0.000410636 0.000626443 -0.000916048
26.3516 -5.33806 -0.000283602 0.000424653 -0.000697787
26.4922 -5.33899 -0.000389834 0.000636585 -0.000690178
26.6328 -5.68944 -0.000568725 0.000836927 -0.00132816
26.7734 -5.69037 -0.000679713 0.00105391 -0.00131683
26.6328 -5.57293 -0.000548056 0.000845747 -0.00112777
26.7734 -5.57383 -0.00066211 0.0010677 -0.00112132
26.914 -5.69126 -0.000773622 0.00123708 -0.00129431
27.0547 -5.69212 -0.000847246 0.00138128 -0.00125836
26.914 -5.57471 -0.000761948 0.00126118 -0.00110461
27.0547 -5.57555 -0.000841171 0.00141513 -0.00107314
26.6328 -5.45641 -0.000526106 0.000853403 -0.000912281
26.7734 -5.4573 -0.000642055 0.00107873 -0.000907599
26.6328 -5.3399 -0.000504322 0.000862088 -0.000683992
26.7734 -5.34077 -0.000620863 0.00108875 -0.00067857
26.914 -5.45816 -0.00074705 0.0012813 -0.000895557
27.0547 -5.45898 -0.0008322 0.00144529 -0.000870586
26.914 -5.3416 -0.000729268 0.00129732 -0.000669763
27.0547 -5.34241 -0.000819476 0.00146948 -0.00065244
27.1953 -6.15929 -0.00091489 0.00134593 -0.00182829
27.3359 -6.16014 -0.00097475 0.00146476 -0.0017787
27.1953 -6.0427 -0.000915336 0.00138684 -0.00169208
27.3359 -6.04354 -0.000976032 0.00150566 -0.00164777
27.4765 -6.16096 -0.00103487 0.00158325 -0.00172675
27.6171 -6.16174 -0.00108244 0.00167945 -0.00166148
27.4765 -6.04434 -0.00103987 0.00162902 -0.00160376
27.6171 -6.04511 -0.00109669 0.00173931 -0.00155197
27.1953 -5.92612 -0.000913886 0.00142554 -0.00154406
27.3359 -5.92694 -0.000974968 0.00154418 -0.00150215
27.1953 -5.80953 -0.000911513 0.00146353 -0.00138513
27.3359 -5.81033 -0.000972278 0.00158116 -0.0013434
27.4765 -5.92772 -0.0010408 0.00166986 -0.00146317
27.6171 -5.92847 -0.00110437 0.0017901 -0.00142259
27.4765 -5.8111 -0.00103821 0.00170611 -0.00130713
27.6171 -5.81184 -0.00110536 0.00183102 -0.0012748
27.7578 -6.16248 -0.0011058 0.00173298 -0.00157721
27.8984 -6.16319 -0.00110978 0.00175081 -0.00148638
27.7578 -6.04583 -0.0011313 0.00180986 -0.00148364
27.8984 -6.04653 -0.00114148 0.00183622 -0.00140324
28.039 -6.16385 -0.00110833 0.00175527 -0.00140849
28.1796 -6.16449 -0.00110793 0.00175577 -0.0013562
28.039 -6.04718 -0.00114026 0.00183974 -0.00132784
28.1796 -6.0478 -0.00113769 0.00183605 -0.00127311
27.7578 -5.92919 -0.00115031 0.00187794 -0.00137067
27.8984 -5.92987 -0.00117012 0.00191884 -0.00130343
27.7578 -5.81254 -0.00116097 0.00193361 -0.00123746
27.8984 -5.81321 -0.0011925 0.00199279 -0.00118513
28.039 -5.93051 -0.00117237 0.00192708 -0.00123259
28.1796 -5.93112 -0.00116894 0.00192163 -0.00117525
28.039 -5.81384 -0.0012014 0.00201119 -0.00112174
28.1796 -5.81443 -0.00119874 0.00200674 -0.0010632
27.1953 -5.69294 -0.0009086 0.00150153 -0.00121485
27.3359 -5.69373 -0.000968415 0.00161711 -0.00117245
27.1953 -5.57636 -0.000904729 0.00153889 -0.00103167
27.3359 -5.57713 -0.000963502 0.00165206 -0.000989492
27.4765 -5.69449 -0.00103273 0.00173851 -0.00113679
27.6172 -5.69521 -0.00110039 0.00186324 -0.00110849
27.4765 -5.57787 -0.0010253 0.00176843 -0.00095319
27.6172 -5.57857 -0.0010912 0.0018896 -0.000924751
27.1953 -5.45977 -0.000898866 0.00157363 -0.000834617
27.3359 -5.46053 -0.0009573 0.00168524 -0.000795143
27.1953 -5.34318 -0.000889886 0.00160307 -0.000625226
27.3359 -5.34392 -0.000949367 0.00171527 -0.000591327
27.4765 -5.46125 -0.00101676 0.00179694 -0.000758313
27.6172 -5.46194 -0.00107991 0.00191323 -0.000726886
27.4765 -5.34463 -0.00100775 0.00182456 -0.000554782
27.6172 -5.34531 -0.00106843 0.00193683 -0.000518702
27.7578 -5.69589 -0.00116244 0.00197557 -0.00108128
27.8984 -5.69654 -0.00120552 0.00205297 -0.00104379
27.7578 -5.57925 -0.00115562 0.0020054 -0.000901406
27.8984 -5.57988 -0.00120728 0.00209644 -0.000874738
28.039 -5.69716 -0.00122386 0.00208612 -0.000991575
28.1797 -5.69775 -0.00122412 0.00208601 -0.000935161
28.039 -5.58049 -0.0012361 0.00214606 -0.000835712
28.1797 -5.58106 -0.00124182 0.00215414 -0.000786381
27.7578 -5.4626 -0.0011433 0.00202743 -0.000701027
27.8984 -5.46322 -0.00119865 0.00212467 -0.000677185
27.7578 -5.34595 -0.00112898 0.00204692 -0.000485566
27.8984 -5.34657 -0.00118329 0.00214308 -0.000456508
28.039 -5.46382 -0.00123558 0.0021872 -0.000648143
28.1797 -5.46438 -0.00124817 0.00220545 -0.000609788
28.039 -5.34715 -0.00122289 0.00220997 -0.000429922
28.1797 -5.34769 -0.00124017 0.00223457 -0.000402435
26.0703 -5.21966 -8.21243e-05 6.70747e-05 -0.000481588
26.2109 -5.22064 -0.000169328 0.000244683 -0.000476656
26.0703 -5.10323 -6.34782e-05 7.8492e-05 -0.000250533
26.2109 -5.10419 -0.000152044 0.000259102 -0.000244324
26.3516 -5.22159 -0.0002651 0.00043834 -0.000467202
26.4922 -5.2225 -0.000370501 0.000649185 -0.000456547
26.3516 -5.10511 -0.000248201 0.000453862 -0.000232939
26.4922 -5.106 -0.000352928 0.000663654 -0.000220436
26.0703 -4.9868 -4.59851e-05 8.98155e-05 -2.08875e-05
26.2109 -4.98773 -0.000136237 0.000273873 -1.43967e-05
26.0703 -4.87037 -3.01613e-05 0.000100013 0.000196548
26.2109 -4.87128 -0.000121923 0.000286758 0.000201259
26.3516 -4.98863 -0.000232902 0.000469535 -3.23572e-06
26.4922 -4.98951 -0.000336927 0.000677546 7.83669e-06
26.3516 -4.87216 -0.000218863 0.000482165 0.000208609
26.4922 -4.87301 -0.000321982 0.000687217 0.000214131
26.6328 -5.22338 -0.000483747 0.000872774 -0.000447451
26.7734 -5.22423 -0.000599724 0.00109853 -0.000440868
26.6328 -5.10687 -0.000464737 0.00088452 -0.000210322
26.7734 -5.1077 -0.000579209 0.00110706 -0.000204743
26.914 -5.22505 -0.000709462 0.00130909 -0.000435072
27.0547 -5.22584 -0.000803025 0.00148609 -0.000425927
26.914 -5.1085 -0.000688509 0.00131585 -0.000203445
27.0547 -5.10927 -0.000783828 0.00149468 -0.000202349
26.6328 -4.99035 -0.000447077 0.000894465 1.50311e-05
26.7734 -4.99117 -0.000559435 0.00111192 1.61335e-05
26.6328 -4.87384 -0.000430393 0.000899405 0.000214921
26.7734 -4.87463 -0.000540683 0.00111166 0.000210165
26.914 -4.99195 -0.000667358 0.0013169 1.16672e-05
27.0547 -4.9927 -0.000763801 0.00149687 7.02526e-06
26.914 -4.8754 -0.000647469 0.00131379 0.000202045
27.0547 -4.87613 -0.000745468 0.00149683 0.000197058
26.0703 -4.75393 -1.64997e-05 0.000107674 0.000388172
26.2109 -4.75482 -0.000108882 0.000294958 0.000389187
26.0703 -4.6375 -5.23355e-06 0.000112191 0.000546194
26.2109 -4.63837 -9.70042e-05 0.000297724 0.000544429
26.3516 -4.75569 -0.000205603 0.000488695 0.000390224
26.4922 -4.75652 -0.000307753 0.000690482 0.000388804
26.3516 -4.63921 -0.000193058 0.00048938 0.000541391
26.4922 -4.64002 -0.000294576 0.000689358 0.000536809
26.0703 -4.52107 3.85967e-06 0.000114891 0.000677832
26.2109 -4.52192 -8.67333e-05 0.000298261 0.000677221
26.0703 -4.40464 1.14624e-05 0.000117968 0.00080133
26.2109 -4.40546 -7.86071e-05 0.000300979 0.000804675
26.3516 -4.52274 -0.000181966 0.000488674 0.000676272
26.4922 -4.52353 -0.000283256 0.000688739 0.000674429
26.3516 -4.40626 -0.000173226 0.000491184 0.000809539
26.4922 -4.40703 -0.000274304 0.000691631 0.000812217
26.6328 -4.75732 -0.000414816 0.000898963 0.000384039
26.7734 -4.7581 -0.000523909 0.00110847 0.000376892
26.6328 -4.64081 -0.000401238 0.000897056 0.000531781
26.7734 -4.64156 -0.000510392 0.00110739 0.000528102
26.914 -4.75884 -0.000630708 0.00131106 0.00037062
27.0547 -4.75956 -0.000730988 0.0014996 0.000370803
26.914 -4.64229 -0.000618295 0.00131333 0.000527916
27.0547 -4.64299 -0.000720881 0.0015074 0.000533645
26.6328 -4.52429 -0.000390546 0.00089848 0.000673527
26.7734 -4.52503 -0.00050074 0.0011119 0.000675377
26.6328 -4.40778 -0.000382618 0.000903803 0.000813475
26.7734 -4.4085 -0.00049414 0.00111975 0.000814809
26.914 -4.52574 -0.000609902 0.00132102 0.00067917
27.0547 -4.52643 -0.000713648 0.00151703 0.00068323
26.914 -4.40919 -0.000603962 0.0013293 0.000813754
27.0547 -4.40986 -0.000707406 0.00152288 0.000807224
27.1953 -5.2266 -0.000877341 0.00162507 -0.000408911
27.3359 -5.22732 -0.000939584 0.00174103 -0.000381815
27.1953 -5.11001 -0.000862089 0.00163958 -0.000193931
27.3359 -5.11072 -0.000928661 0.0017628 -0.000171814
27.4765 -5.22801 -0.000998787 0.00185152 -0.000345854
27.6172 -5.22868 -0.0010581 0.00196193 -0.000304678
27.4765 -5.1114 -0.000990369 0.00187788 -0.000135808
27.6172 -5.11204 -0.0010492 0.00198773 -9.12879e-05
27.1953 -4.99342 -0.000846294 0.00164929 1.1669e-05
27.3359 -4.99412 -0.000918061 0.00178226 3.27638e-05
27.1953 -4.87684 -0.000832434 0.00165836 0.000203743
27.3359 -4.87751 -0.000908937 0.00180061 0.000226029
27.4765 -4.99478 -0.000982646 0.00190266 6.88256e-05
27.6172 -4.99541 -0.00104036 0.00200964 0.000111026
27.4765 -4.87816 -0.000974761 0.00192248 0.000258314
27.6172 -4.87878 -0.00102889 0.00202023 0.000289037
27.7578 -5.22931 -0.00111529 0.00206705 -0.000263191
27.8984 -5.22991 -0.0011653 0.00215641 -0.000226503
27.7578 -5.11266 -0.00110256 0.00208601 -4.61119e-05
27.8984 -5.11325 -0.00114601 0.00216295 -8.44541e-06
28.039 -5.23047 -0.00120157 0.00221722 -0.000198413
28.1797 -5.23101 -0.00121784 0.00223809 -0.000179874
28.039 -5.1138 -0.00117465 0.00220864 1.60419e-05
28.1797 -5.11432 -0.00118467 0.00221632 2.6347e-05
27.7578 -4.99601 -0.00108847 0.00209638 0.000149362
27.8984 -4.99659 -0.00112357 0.00215545 0.000176787
27.7578 -4.87937 -0.00106994 0.00209028 0.000310662
27.8984 -4.87993 -0.00109651 0.00213051 0.000323441
28.039 -4.99713 -0.00114303 0.0021821 0.000191782
28.1797 -4.99764 -0.00114531 0.00217466 0.000197656
28.039 -4.88046 -0.00110788 0.00214095 0.000332219
28.1797 -4.88096 -0.00110353 0.00212211 0.000342088
27.1953 -4.76025 -0.000821778 0.00166938 0.000381882
27.3359 -4.76091 -0.00090074 0.00181584 0.000401813
27.1953 -4.64367 -0.000813546 0.00168072 0.000544429
27.3359 -4.64431 -0.000891517 0.00182325 0.000553745
27.4765 -4.76154 -0.000964764 0.00193182 0.000421852
27.6172 -4.76215 -0.00101298 0.00201478 0.000434061
27.4765 -4.64493 -0.000951332 0.00192776 0.00055529
27.6172 -4.64552 -0.000993858 0.00199687 0.000550709
27.1953 -4.52708 -0.00080578 0.00168749 0.000684006
27.3359 -4.52771 -0.000880619 0.0018211 0.000677109
27.1953 -4.4105 -0.00079795 0.00168781 0.00079371
27.3359 -4.41111 -0.000870477 0.001815 0.000775011
27.4765 -4.52831 -0.000936361 0.00191523 0.000663702
27.6172 -4.52888 -0.000975256 0.00197622 0.000651575
27.4765 -4.41169 -0.000924185 0.00190451 0.000756727
27.6172 -4.41225 -0.000960975 0.00196165 0.000744838
27.7578 -4.76272 -0.00104674 0.00206792 0.000438989
27.8984 -4.76327 -0.00106642 0.00209382 0.000443846
27.7578 -4.64608 -0.00102205 0.00203816 0.000547684
27.8984 -4.64661 -0.00103666 0.00205498 0.000554298
28.039 -4.76379 -0.00107163 0.00209343 0.00045549
28.1797 -4.76427 -0.00106174 0.00206656 0.000476887
28.039 -4.64711 -0.00103679 0.00204691 0.000575535
28.1797 -4.64759 -0.00102141 0.00201259 0.000611853
27.7578 -4.52943 -0.000999775 0.00201076 0.000648965
27.8984 -4.52995 -0.00101019 0.00202088 0.000661877
27.7578 -4.41279 -0.000982444 0.00199086 0.000744311
27.8984 -4.41329 -0.000988667 0.0019937 0.000760626
28.039 -4.53044 -0.00100528 0.00200528 0.000693754
28.1797 -4.53091 -0.000983824 0.00196206 0.000743913
28.039 -4.41377 -0.000978415 0.00196911 0.000798498
28.1797 -4.41422 -0.00095034 0.00191505 0.000857772
28.3203 -6.16508 -0.00110675 0.00174822 -0.00133277
28.4609 -6.16564 -0.00109901 0.00172294 -0.00133418
28.3203 -6.04838 -0.00113579 0.00182724 -0.00124689
28.4609 -6.04893 -0.00113135 0.00180749 -0.00124895
28.6015 -6.16616 -0.00108006 0.00167299 -0.00135501
28.7422 -6.16664 -0.00104991 0.00159946 -0.00139212
28.6015 -6.04944 -0.00111896 0.0017685 -0.00127294
28.7422 -6.04991 -0.00109601 0.00170732 -0.00131191
28.3203 -5.93169 -0.0011652 0.00191016 -0.00114297
28.4609 -5.93222 -0.00116105 0.0018917 -0.00113967
28.3203 -5.81499 -0.00119268 0.00199185 -0.00102405
28.4609 -5.81552 -0.00118606 0.00197031 -0.00101177
28.6015 -5.93272 -0.0011525 0.00185984 -0.00116163
28.7422 -5.93319 -0.00113536 0.001809 -0.00120033
28.6015 -5.81601 -0.00117715 0.0019391 -0.00102613
28.7422 -5.81646 -0.00116218 0.00189294 -0.00106028
28.8828 -6.16708 -0.00101076 0.00150809 -0.00143954
29.0234 -6.16749 -0.000964289 0.00140513 -0.00148428
28.8828 -6.05035 -0.00106402 0.00162845 -0.00135971
29.0234 -6.05075 -0.00102542 0.00153859 -0.00140729
29.164 -6.16786 -0.000912731 0.00129817 -0.0015112
29.3047 -6.1682 -0.000859933 0.00119633 -0.00151047
29.164 -6.05111 -0.000981823 0.00144351 -0.00144224
29.3047 -6.05144 -0.000935237 0.00134942 -0.001453
28.8828 -5.93362 -0.00110909 0.00174044 -0.00124684
29.0234 -5.93401 -0.00107572 0.00166002 -0.00129253
28.8828 -5.81688 -0.00113921 0.00183073 -0.00110397
29.0234 -5.81727 -0.00110896 0.00175621 -0.00114704
29.164 -5.93437 -0.00103719 0.00157344 -0.00132773
29.3047 -5.93469 -0.000995255 0.00148626 -0.00134193
29.164 -5.81762 -0.00107329 0.00167493 -0.00117976
29.3047 -5.81793 -0.0010343 0.00159289 -0.00119222
28.3203 -5.69829 -0.00121588 0.00206762 -0.000890666
28.4609 -5.69881 -0.00120491 0.00203957 -0.000869078
28.3203 -5.5816 -0.00123235 0.0021332 -0.000740517
28.4609 -5.5821 -0.00121602 0.00209618 -0.000712433
28.6015 -5.69929 -0.00119202 0.0020029 -0.000873268
28.7422 -5.69974 -0.00117487 0.00195438 -0.000898809
28.6015 -5.58257 -0.0011968 0.00204938 -0.000708179
28.7422 -5.58301 -0.00117422 0.00199259 -0.000725251
28.3203 -5.4649 -0.00123909 0.00218372 -0.000569215
28.4609 -5.4654 -0.00121731 0.00213635 -0.000540845
28.3203 -5.34821 -0.00123233 0.00221229 -0.000374809
28.4609 -5.34869 -0.00120627 0.0021551 -0.000354876
28.6015 -5.46586 -0.00119068 0.00207646 -0.00053307
28.7422 -5.46629 -0.00116097 0.00200766 -0.000545037
28.6015 -5.34914 -0.00117277 0.00208208 -0.000349374
28.7422 -5.34956 -0.00113573 0.00200038 -0.0003594
28.8828 -5.70015 -0.00115146 0.00189249 -0.000936593
29.0234 -5.70053 -0.00112175 0.00181962 -0.000975757
28.8828 -5.58341 -0.0011469 0.00192501 -0.000756145
29.0234 -5.58378 -0.00111505 0.00184931 -0.000790446
29.164 -5.70087 -0.00108734 0.00174119 -0.00100494
29.3047 -5.70118 -0.0010503 0.00166314 -0.0010135
29.164 -5.58412 -0.00108057 0.00177153 -0.000815766
29.3047 -5.58442 -0.00104516 0.00169706 -0.000820604
28.8828 -5.46668 -0.00112769 0.00193037 -0.000570977
29.0234 -5.46704 -0.00109211 0.00184886 -0.00060153
28.8828 -5.34995 -0.00109592 0.0019121 -0.000381996
29.0234 -5.3503 -0.00105644 0.00182444 -0.000409578
29.164 -5.46737 -0.00105708 0.00177081 -0.000624041
29.3047 -5.46767 -0.00102387 0.00170076 -0.000626796
29.164 -5.35062 -0.00102169 0.00174761 -0.000429963
29.3047 -5.35091 -0.000992113 0.00168423 -0.000432699
29.4453 -6.16849 -0.000808129 0.00110403 -0.00147977
29.5859 -6.16875 -0.000755801 0.00101797 -0.00142132
29.4453 -6.05173 -0.000887174 0.00126033 -0.00143354
29.5859 -6.05199 -0.000836536 0.00117415 -0.00138432
29.7265 -6.16898 -0.000701061 0.000933831 -0.00133945
29.8672 -6.16916 -0.000642944 0.000848491 -0.00124068
29.7265 -6.05221 -0.000781235 0.00108613 -0.00131027
29.8672 -6.05239 -0.00072004 0.000992557 -0.00121901
29.4453 -5.93497 -0.000950622 0.00140138 -0.00132739
29.5859 -5.93522 -0.000901436 0.00131564 -0.0012835
29.4453 -5.81821 -0.00099222 0.00151196 -0.00117738
29.5859 -5.81846 -0.00094418 0.00142698 -0.00113592
29.7265 -5.93544 -0.00084534 0.00122359 -0.00121687
29.8672 -5.93562 -0.000781519 0.00112186 -0.00113732
29.7265 -5.81867 -0.000887382 0.00133129 -0.00107678
29.8672 -5.81884 -0.000821748 0.00122248 -0.00101197
30.0078 -6.16931 -0.00058087 0.000759313 -0.00113271
30.1484 -6.16942 -0.000514894 0.000664783 -0.00102332
30.0078 -6.05253 -0.000652862 0.000891575 -0.00111909
30.1484 -6.05264 -0.000580634 0.000783214 -0.00101855
30.2891 -6.1695 -0.000447275 0.000567428 -0.000919175
30.4297 -6.16953 -0.000381643 0.000472706 -0.000823852
30.2891 -6.05272 -0.000506521 0.000671821 -0.000923057
30.4297 -6.05275 -0.000434697 0.000564089 -0.000834827
30.0078 -5.93576 -0.000710631 0.00100991 -0.00105379
30.1484 -5.93587 -0.000634434 0.000889669 -0.000972388
30.0078 -5.81898 -0.000749151 0.00110223 -0.000950184
30.1484 -5.81909 -0.000672126 0.000974583 -0.000894047
30.2891 -5.93594 -0.000556681 0.000767208 -0.000895524
30.4297 -5.93597 -0.000481758 0.000650142 -0.00082266
30.2891 -5.81916 -0.000594477 0.000846601 -0.000841442
30.4297 -5.81919 -0.000520188 0.000725793 -0.000788812
29.4453 -5.70145 -0.00101013 0.00158577 -0.000995803
29.5859 -5.70169 -0.000963061 0.00150168 -0.000955783
29.4453 -5.58469 -0.00100699 0.00162348 -0.000800697
29.5859 -5.58493 -0.000961132 0.00154056 -0.000763844
29.7265 -5.7019 -0.000906082 0.00140323 -0.000905642
29.8672 -5.70207 -0.000839977 0.00128939 -0.000858592
29.7265 -5.58513 -0.00090469 0.00144033 -0.000725564
29.8672 -5.5853 -0.000839641 0.00132401 -0.000698609
29.4453 -5.46793 -0.000988558 0.00163207 -0.000607536
29.5859 -5.46816 -0.000944544 0.00155087 -0.000577801
29.4453 -5.35117 -0.000960878 0.00162182 -0.000418716
29.5859 -5.3514 -0.000919469 0.00154272 -0.000401917
29.7265 -5.46836 -0.000889404 0.00144977 -0.000554842
29.8672 -5.46852 -0.000826739 0.00133343 -0.00054885
29.7265 -5.35159 -0.00086636 0.00144155 -0.000398079
29.8672 -5.35175 -0.000807069 0.0013272 -0.000412909
30.0078 -5.70221 -0.000768011 0.00116471 -0.000821402
30.1484 -5.70231 -0.0006934 0.00103526 -0.000792353
30.0078 -5.58543 -0.00077056 0.0011992 -0.000685937
30.1484 -5.58553 -0.00070102 0.00107338 -0.000681487
30.2891 -5.70238 -0.000619411 0.000907963 -0.000765093
30.4297 -5.70241 -0.000548995 0.000788949 -0.000733965
30.2891 -5.5856 -0.000633292 0.000952227 -0.000676186
30.4297 -5.58563 -0.000568886 0.000839473 -0.000663702
30.0078 -5.46866 -0.000762258 0.00121227 -0.000558221
30.1484 -5.46875 -0.000699453 0.00109418 -0.000573698
30.0078 -5.35188 -0.00074816 0.00121228 -0.000441002
30.1484 -5.35198 -0.000692741 0.00110408 -0.000471996
30.2891 -5.46882 -0.000639382 0.000982814 -0.000585221
30.4297 -5.46885 -0.00058202 0.00087919 -0.000586758
30.2891 -5.35204 -0.000640726 0.00100415 -0.000496288
30.4297 -5.35207 -0.000590713 0.000910975 -0.000508422
28.3203 -5.23151 -0.00120971 0.00221206 -0.000168368
28.4609 -5.23199 -0.00118134 0.00214808 -0.000161437
28.3203 -5.11482 -0.00117365 0.0021831 2.75503e-05
28.4609 -5.11528 -0.00114429 0.00211619 2.76974e-05
28.6015 -5.23243 -0.00114316 0.00206568 -0.000160425
28.7422 -5.23284 -0.00109999 0.0019734 -0.000168308
28.6015 -5.11571 -0.00110385 0.0020299 2.88551e-05
28.7422 -5.11611 -0.00105654 0.00193157 2.73418e-05
28.3203 -4.99812 -0.00113013 0.00213426 0.000200228
28.4609 -4.99857 -0.00109964 0.00206658 0.000205594
28.3203 -4.88143 -0.001084 0.00207602 0.000356045
28.4609 -4.88187 -0.00105134 0.00200717 0.000375211
28.6015 -4.999 -0.00105807 0.00198004 0.000214875
28.7422 -4.99939 -0.00100859 0.00188015 0.000224666
28.6015 -4.88228 -0.00100837 0.00192085 0.00039797
28.7422 -4.88266 -0.000957852 0.00182175 0.000420769
28.8828 -5.23321 -0.00105423 0.00187563 -0.000185696
29.0234 -5.23356 -0.00101173 0.00178397 -0.000207764
28.8828 -5.11648 -0.00100637 0.00182811 2.02518e-05
29.0234 -5.11682 -0.00096196 0.00173537 8.69786e-06
29.164 -5.23388 -0.000978644 0.00171113 -0.000224763
29.3047 -5.23416 -0.000953861 0.00165608 -0.000230115
29.164 -5.11713 -0.000930928 0.00166749 -3.63363e-06
29.3047 -5.11741 -0.000910514 0.00161919 -1.63616e-05
28.8828 -4.99975 -0.000956129 0.00177547 0.000231548
29.0234 -5.00008 -0.000910597 0.00168342 0.000232688
28.8828 -4.88302 -0.000904916 0.00171873 0.000439785
29.0234 -4.88334 -0.000858819 0.00162749 0.00044919
29.164 -5.00038 -0.000880282 0.00161782 0.00022362
29.3047 -5.00065 -0.000862068 0.00157158 0.000198292
29.164 -4.88363 -0.000827399 0.00156009 0.000438777
29.3047 -4.8839 -0.000808705 0.00151083 0.000398347
28.3203 -4.76473 -0.00103746 0.00201485 0.00050718
28.4609 -4.76516 -0.00100115 0.00194256 0.00054324
28.3203 -4.64804 -0.000991418 0.00195348 0.000659452
28.4609 -4.64846 -0.000949718 0.00187428 0.000711821
28.6015 -4.76557 -0.000955624 0.0018544 0.000580506
28.7422 -4.76594 -0.000903893 0.0017553 0.000614047
28.6015 -4.64885 -0.000899765 0.00178036 0.000761265
28.7422 -4.64922 -0.000845331 0.00167765 0.000800671
28.3203 -4.53134 -0.000946898 0.00189274 0.000806535
28.4609 -4.53175 -0.000897936 0.00180247 0.000871853
28.3203 -4.41465 -0.000905445 0.00183266 0.000930753
28.4609 -4.41505 -0.000847526 0.0017272 0.0010037
28.6015 -4.53214 -0.000841301 0.00169778 0.00092877
28.7422 -4.53249 -0.000781918 0.00158639 0.000968161
28.6015 -4.41542 -0.000782151 0.00160695 0.00106211
28.7422 -4.41577 -0.000715803 0.00148238 0.00109618
28.8828 -4.76628 -0.000851014 0.00165373 0.000638871
29.0234 -4.7666 -0.000804735 0.00156245 0.000647687
28.8828 -4.64955 -0.000791579 0.00157461 0.000823823
29.0234 -4.64986 -0.000745037 0.00148179 0.00082363
29.164 -4.76689 -0.000771577 0.00149101 0.000629184
29.3047 -4.76714 -0.000750977 0.00143627 0.000573089
29.164 -4.65014 -0.000710804 0.00140666 0.000791189
29.3047 -4.65039 -0.000688947 0.00134785 0.000719565
28.8828 -4.53282 -0.000725469 0.00147767 0.000983757
29.0234 -4.53312 -0.000677973 0.00138156 0.000970377
28.8828 -4.41609 -0.000654958 0.00136462 0.00110165
29.0234 -4.41638 -0.000605491 0.00126382 0.00107659
29.164 -4.53339 -0.000643557 0.00130437 0.000922858
29.3047 -4.53364 -0.000622262 0.00124537 0.000838346
29.164 -4.41665 -0.000571034 0.00118585 0.00101903
29.3047 -4.41688 -0.000551581 0.00113025 0.000928597
29.4453 -5.23441 -0.000927342 0.00159989 -0.000228357
29.5859 -5.23463 -0.000889131 0.00152264 -0.000232361
29.4453 -5.11765 -0.000888274 0.00156703 -3.5413e-05
29.5859 -5.11787 -0.000853752 0.00149133 -6.79411e-05
29.7265 -5.23482 -0.00083894 0.00142233 -0.000252191
29.8672 -5.23498 -0.000784012 0.00131194 -0.000287774
29.7265 -5.11805 -0.000807839 0.00139382 -0.00011519
29.8672 -5.11821 -0.00075864 0.00129002 -0.000171446
29.4453 -5.00089 -0.000843001 0.00152066 0.000152517
29.5859 -5.0011 -0.000812872 0.00144744 8.80158e-05
29.4453 -4.88413 -0.000791546 0.00145927 0.000326258
29.5859 -4.88434 -0.000766599 0.00139072 0.000232386
29.7265 -5.00128 -0.000773022 0.00135607 1.28036e-05
29.8672 -5.00143 -0.000731185 0.00126209 -6.31063e-05
29.7265 -4.88452 -0.00073461 0.00130947 0.000132272
29.8672 -4.88466 -0.000701709 0.00122866 3.89426e-05
30.0078 -5.2351 -0.000731257 0.00120503 -0.000331521
30.1484 -5.2352 -0.000683213 0.00110757 -0.000374259
30.0078 -5.11833 -0.000712718 0.00119286 -0.0002286
30.1484 -5.11842 -0.000671903 0.00110657 -0.000279994
30.2891 -5.23526 -0.000639033 0.00101936 -0.0004084
30.4297 -5.23529 -0.000596318 0.00093701 -0.000429273
30.2891 -5.11848 -0.000635003 0.00102974 -0.000321102
30.4297 -5.11851 -0.000599277 0.00095811 -0.000348913
30.0078 -5.00155 -0.000692951 0.00117657 -0.000132133
30.1484 -5.00164 -0.000659422 0.00110198 -0.00019023
30.0078 -4.88478 -0.000672052 0.00115667 -4.064e-05
30.1484 -4.88487 -0.000646068 0.00109446 -0.00010446
30.2891 -5.0017 -0.000629249 0.00103611 -0.000235781
30.4297 -5.00173 -0.000599862 0.000974573 -0.000268191
30.2891 -4.88493 -0.000622331 0.00103934 -0.000153127
30.4297 -4.88495 -0.000598509 0.000986906 -0.000188471
29.4453 -4.76737 -0.00073487 0.00138373 0.000479828
29.5859 -4.76757 -0.000715627 0.00132229 0.000363642
29.4453 -4.65062 -0.000674218 0.00129617 0.000611303
29.5859 -4.65081 -0.000661043 0.00124415 0.000481295
29.7266 -4.76775 -0.000692828 0.00125471 0.000244261
29.8672 -4.76789 -0.000670136 0.00119 0.000136725
29.7266 -4.65098 -0.000648056 0.00119267 0.000349528
29.8672 -4.65112 -0.000636366 0.00114625 0.000231709
29.4453 -4.53386 -0.000610456 0.00119851 0.000721241
29.5859 -4.53405 -0.00060403 0.0011585 0.000585107
29.4453 -4.4171 -0.000544209 0.00109219 0.000810124
29.5859 -4.41728 -0.000545378 0.00106689 0.000674898
29.7266 -4.53421 -0.000601043 0.00112468 0.000447658
29.8672 -4.53435 -0.00060063 0.00109782 0.000323769
29.7266 -4.41744 -0.000552543 0.00105199 0.000537587
29.8672 -4.41757 -0.000563392 0.00104532 0.000411435
30.0078 -4.768 -0.000649891 0.00113335 4.8021e-05
30.1484 -4.76809 -0.000631827 0.00108433 -2.09655e-05
30.0078 -4.65123 -0.000626247 0.00110654 0.000135498
30.1484 -4.65131 -0.000616524 0.00107153 6.15726e-05
30.2891 -4.76815 -0.00061445 0.00103989 -7.25529e-05
30.4297 -4.76817 -0.000595536 0.000995502 -0.000110735
30.2891 -4.65137 -0.000605481 0.00103763 6.29282e-06
30.4297 -4.6514 -0.000591022 0.00100037 -3.59277e-05
30.0078 -4.53446 -0.000601089 0.00107619 0.000221724
30.1484 -4.53454 -0.000600026 0.00105577 0.000142662
30.0078 -4.41768 -0.000574583 0.00104233 0.000305051
30.1484 -4.41776 -0.000582313 0.00103675 0.00022062
30.2891 -4.53459 -0.000595255 0.00103215 8.2407e-05
30.4297 -4.53462 -0.000585039 0.0010015 3.49523e-05
30.2891 -4.41781 -0.000583759 0.00102327 0.000154622
30.4297 -4.41784 -0.000577747 0.000999185 0.000101633
