30.5703 -4.30106 -0.000559434 0.000964285 0.000115633
30.7109 -4.30103 -0.000544218 0.000927073 7.35467e-05
30.5703 -4.18428 -0.00055187 0.000958601 0.000168051
30.7109 -4.18426 -0.000539354 0.000925043 0.000118306
30.8516 -4.30098 -0.000524677 0.000883731 3.64031e-05
30.9922 -4.30091 -0.000501221 0.000834948 3.52341e-06
30.8516 -4.18421 -0.000522359 0.000885133 7.42087e-05
30.9922 -4.18413 -0.000501713 0.000840456 3.64077e-05
30.5703 -4.0675 -0.000541532 0.000946638 0.000212232
30.7109 -4.06748 -0.000532284 0.000917767 0.000154726
30.5703 -3.95072 -0.000528773 0.000928617 0.000244698
30.7109 -3.9507 -0.00052384 0.000906607 0.000181743
30.8516 -4.06743 -0.000518658 0.000882971 0.000105249
30.9922 -4.06736 -0.000501309 0.000843431 6.36914e-05
30.8516 -3.95065 -0.000514204 0.000878236 0.000128433
30.9922 -3.95058 -0.000499911 0.000843368 8.23557e-05
31.1328 -4.3008 -0.000474586 0.000782148 -2.43386e-05
31.2734 -4.30067 -0.00044558 0.000726769 -4.6946e-05
31.1328 -4.18403 -0.000477949 0.000792017 5.17555e-06
31.2734 -4.18391 -0.000451458 0.000740349 -2.07614e-05
31.4141 -4.30052 -0.000415008 0.000670029 -6.53243e-05
31.5547 -4.30034 -0.000383632 0.000613026 -8.06411e-05
31.4141 -4.18376 -0.000423136 0.000686733 -4.31203e-05
31.5547 -4.18358 -0.000393967 0.000632667 -6.29108e-05
31.1328 -4.06726 -0.000480288 0.000799068 2.82811e-05
31.2734 -4.06714 -0.00045607 0.000750486 -2.90864e-06
31.1328 -3.95049 -0.00048121 0.000802224 4.12394e-05
31.2734 -3.95037 -0.000459338 0.000756905 4.76712e-06
31.4141 -4.06699 -0.000429943 0.000699776 -3.05418e-05
31.5547 -4.06682 -0.000402989 0.000648682 -5.50437e-05
31.4141 -3.95023 -0.000435649 0.000709753 -2.67001e-05
31.5547 -3.95006 -0.000410954 0.000662021 -5.39025e-05
30.5703 -3.83395 -0.000514994 0.000906853 0.00026396
30.7109 -3.83392 -0.000514916 0.000893027 0.00019822
30.5703 -3.71717 -0.000501469 0.000883595 0.000269469
30.7109 -3.71715 -0.000505716 0.000877165 0.00020156
30.8516 -3.83388 -0.000508934 0.000870553 0.000141023
30.9922 -3.83381 -0.000497246 0.00083956 8.96755e-05
30.8516 -3.7171 -0.000502752 0.000859556 0.000140381
30.9922 -3.71704 -0.000493964 0.000833253 8.5854e-05
30.5703 -3.60039 -0.000488528 0.000859244 0.000258614
30.7109 -3.60037 -0.000496296 0.000858897 0.000188676
30.5703 -3.48361 -0.000476579 0.000834178 0.000227165
30.7109 -3.48359 -0.000487755 0.000840112 0.000158292
30.8516 -3.60033 -0.000496587 0.00084687 0.0001258
30.9922 -3.60026 -0.000491216 0.00082651 7.10271e-05
30.8516 -3.48355 -0.000491701 0.000834768 9.72059e-05
30.9922 -3.48349 -0.000489306 0.000819725 4.31251e-05
31.1328 -3.83372 -0.000481076 0.000802228 4.42321e-05
31.2734 -3.8336 -0.000461912 0.000761193 5.29317e-06
31.1328 -3.71695 -0.000480884 0.000801061 3.89061e-05
31.2734 -3.71683 -0.000464422 0.000764448 -1.5101e-06
31.4141 -3.83346 -0.000440731 0.000718011 -2.79966e-05
31.5547 -3.8333 -0.000418242 0.000673694 -5.70544e-05
31.4141 -3.7167 -0.000445459 0.000724733 -3.7004e-05
31.5547 -3.71654 -0.000425044 0.000683567 -6.8489e-05
31.1328 -3.60017 -0.000480972 0.000799128 2.3214e-05
31.2734 -3.60007 -0.000466789 0.000766168 -1.94054e-05
31.1328 -3.4834 -0.000481268 0.000796113 -5.57883e-06
31.2734 -3.4833 -0.000469205 0.000766698 -4.92675e-05
31.4141 -3.59994 -0.000449988 0.000729816 -5.74014e-05
31.5547 -3.59978 -0.000431655 0.000691872 -9.1034e-05
31.4141 -3.48317 -0.000454569 0.000733924 -8.81881e-05
31.5547 -3.48303 -0.000438237 0.000699212 -0.000122954
31.6953 -4.30013 -0.000351845 0.000556286 -9.37305e-05
31.836 -4.2999 -0.000320113 0.000500447 -0.000105369
31.6953 -4.18338 -0.000364201 0.000578525 -8.04418e-05
31.836 -4.18315 -0.000334339 0.000525112 -9.57547e-05
31.9766 -4.29964 -0.000289216 0.000446676 -0.000116052
32.1172 -4.29935 -0.000259629 0.000395652 -0.00012613
31.9766 -4.1829 -0.000305264 0.000473816 -0.000108988
32.1172 -4.18262 -0.000277419 0.000425263 -0.000120497
31.6953 -4.06662 -0.000375439 0.000597561 -7.66137e-05
31.836 -4.0664 -0.000347773 0.000547208 -9.51326e-05
31.6953 -3.94987 -0.000385688 0.000614323 -7.76449e-05
31.836 -3.94966 -0.000360273 0.000567308 -9.81969e-05
31.9766 -4.06616 -0.00032079 0.000498846 -0.000110941
32.1172 -4.06589 -0.000294915 0.000453048 -0.00012461
31.9766 -3.94942 -0.000335307 0.000521845 -0.000116161
32.1172 -3.94916 -0.000311292 0.000478631 -0.000132186
32.2578 -4.29904 -0.000231543 0.000347583 -0.000135972
32.3985 -4.29871 -0.000205138 0.000302654 -0.000145941
32.2578 -4.18232 -0.000250989 0.000379649 -0.000130672
32.3985 -4.18199 -0.000226132 0.00033715 -0.000139742
32.5391 -4.29834 -0.000181085 0.000261798 -0.000156532
32.6797 -4.29795 -0.000160537 0.000226651 -0.000168457
32.5391 -4.18164 -0.000203371 0.000298484 -0.000148082
32.6797 -4.18126 -0.000183737 0.00026507 -0.000156656
32.2578 -4.06559 -0.000270387 0.000410101 -0.000136546
32.3985 -4.06528 -0.000247416 0.000370269 -0.000146926
32.2578 -3.94887 -0.000288562 0.00043811 -0.000146646
32.3985 -3.94856 -0.000267366 0.000400611 -0.000159721
32.5391 -4.06493 -0.000226387 0.000334082 -0.000155927
32.6797 -4.06457 -0.000208015 0.000302515 -0.000164198
32.5391 -3.94823 -0.000248097 0.000366699 -0.000171465
32.6797 -3.94787 -0.000231173 0.000336934 -0.000182121
31.6953 -3.83312 -0.00039522 0.00062941 -8.27376e-05
31.836 -3.83291 -0.000371993 0.000585632 -0.00010551
31.6953 -3.71636 -0.000404125 0.00064243 -9.65963e-05
31.836 -3.71616 -0.000382982 0.000601706 -0.000121946
31.9766 -3.83268 -0.000348933 0.000542905 -0.000125734
32.1172 -3.83242 -0.000326635 0.000502102 -0.000143892
31.9766 -3.71594 -0.000361896 0.000561831 -0.000144588
32.1172 -3.71569 -0.000341382 0.000523583 -0.000164785
31.6953 -3.59961 -0.000412641 0.000653649 -0.000121087
31.8359 -3.59942 -0.000393354 0.000615714 -0.000148369
31.6953 -3.48286 -0.000420939 0.000663679 -0.000154384
31.8359 -3.48267 -0.000403244 0.000628171 -0.000183249
31.9766 -3.5992 -0.000374145 0.000578598 -0.00017315
32.1172 -3.59896 -0.000355398 0.000542871 -0.000195672
31.9766 -3.48246 -0.000385615 0.000593378 -0.000210021
32.1172 -3.48223 -0.000368396 0.000559803 -0.000235004
32.2578 -3.83215 -0.000305509 0.000463788 -0.000160414
32.3985 -3.83185 -0.00028579 0.000428248 -0.000175711
32.2578 -3.71542 -0.000321849 0.00048753 -0.000183007
32.3985 -3.71513 -0.000303496 0.000453888 -0.000199781
32.5391 -3.83152 -0.000267944 0.000396121 -0.000190142
32.6797 -3.83118 -0.000252384 0.000367956 -0.000204059
32.5391 -3.71482 -0.000286721 0.000423187 -0.000215573
32.6797 -3.71448 -0.000272194 0.000396335 -0.000231165
32.2578 -3.5987 -0.000337481 0.000509056 -0.000216284
32.3985 -3.59842 -0.000320619 0.000477445 -0.000235274
32.2578 -3.48198 -0.000351947 0.000527972 -0.000258439
32.3985 -3.4817 -0.000336559 0.000498299 -0.000280486
32.5391 -3.59811 -0.000305144 0.000448507 -0.000252801
32.6797 -3.59779 -0.000291623 0.000422989 -0.00026967
32.5391 -3.48141 -0.000322525 0.000471195 -0.000301288
32.6797 -3.48109 -0.000310046 0.00044686 -0.000321481
30.5703 -3.36683 -0.000467284 0.00081131 0.000173822
30.7109 -3.36681 -0.000481795 0.00082389 0.000110437
30.5703 -3.25006 -0.000462309 0.000794022 0.000101199
30.7109 -3.25004 -0.000479127 0.000811666 4.5345e-05
30.8516 -3.36677 -0.000488625 0.000824127 5.30323e-05
30.9922 -3.36671 -0.000488234 0.00081286 4.51946e-07
30.8516 -3.25 -0.000487504 0.000815299 -7.40886e-06
30.9922 -3.24994 -0.000488625 0.000807194 -5.6441e-05
30.5703 -3.13328 -0.000461865 0.000783184 1.18817e-05
30.7109 -3.13326 -0.000479639 0.000803546 -3.62074e-05
30.5703 -3.0165 -0.000465237 0.000777901 -9.30216e-05
30.7109 -3.01648 -0.00048327 0.000799742 -0.000133079
30.8516 -3.13322 -0.000488711 0.000809255 -8.27214e-05
30.9922 -3.13317 -0.000491135 0.000804121 -0.000126301
30.8516 -3.01645 -0.000492796 0.000807194 -0.000171964
30.9922 -3.01639 -0.000496144 0.000804451 -0.000208946
31.1328 -3.36663 -0.000482198 0.000792897 -4.72921e-05
31.2734 -3.36653 -0.000472231 0.000767219 -9.00768e-05
31.1328 -3.24986 -0.000484431 0.00079084 -0.000101045
31.2734 -3.24976 -0.000476265 0.000768543 -0.00014161
31.4141 -3.36641 -0.000459546 0.000737831 -0.000128598
31.5547 -3.36627 -0.000444927 0.000705979 -0.000163689
31.4141 -3.24965 -0.000465158 0.000742007 -0.000178945
31.5547 -3.24951 -0.000451884 0.000712481 -0.000213778
31.1328 -3.13309 -0.000488394 0.00079082 -0.000166563
31.2734 -3.133 -0.000481558 0.000771183 -0.000204135
31.1328 -3.01632 -0.000494351 0.000793381 -0.000244184
31.2734 -3.01623 -0.000488337 0.000775584 -0.000278204
31.4141 -3.13288 -0.000471592 0.000746826 -0.000239681
31.5547 -3.13275 -0.000459277 0.000719045 -0.000273744
31.4141 -3.01612 -0.000479055 0.000752688 -0.000311456
31.5547 -3.01599 -0.000467305 0.000726046 -0.000344282
30.5703 -2.89972 -0.000471765 0.000777349 -0.000212508
30.7109 -2.89971 -0.000490042 0.000800578 -0.000244252
30.5703 -2.78295 -0.000481033 0.000781089 -0.00034562
30.7109 -2.78293 -0.000499831 0.000806018 -0.00036971
30.8516 -2.89967 -0.000500031 0.000809759 -0.000274904
30.9922 -2.89962 -0.000503896 0.000808705 -0.000304742
30.8516 -2.7829 -0.000510497 0.000817195 -0.000392147
30.9922 -2.78285 -0.000514579 0.000817287 -0.000414384
30.5703 -2.66617 -0.00049291 0.000789164 -0.000491312
30.7109 -2.66615 -0.000512274 0.000815676 -0.000508921
30.5703 -2.54939 -0.00050801 0.000802832 -0.000648808
30.7109 -2.54938 -0.000527157 0.000829489 -0.000660358
30.8516 -2.66612 -0.000524109 0.0008295 -0.000524026
30.9922 -2.66607 -0.00052832 0.000830507 -0.000538626
30.8516 -2.54935 -0.000540358 0.000846059 -0.000669829
30.9922 -2.5493 -0.000545071 0.000848424 -0.000677856
31.1328 -2.89955 -0.000502524 0.000798982 -0.000334437
31.2734 -2.89946 -0.000496824 0.00078219 -0.000364445
31.1328 -2.78278 -0.000513133 0.000808067 -0.00043808
31.2734 -2.7827 -0.000507267 0.00079147 -0.000463705
31.4141 -2.89936 -0.000487779 0.000760031 -0.000394973
31.5547 -2.89923 -0.000476209 0.000733922 -0.00042614
31.4141 -2.78259 -0.000498037 0.000769357 -0.000491154
31.5547 -2.78248 -0.000486289 0.000743209 -0.000520274
31.1328 -2.66601 -0.0005264 0.000821079 -0.000556034
31.2734 -2.66593 -0.000519961 0.000803974 -0.000577025
31.1328 -2.54924 -0.000542566 0.000838513 -0.000689162
31.2734 -2.54916 -0.000535334 0.000820487 -0.00070538
31.4141 -2.66583 -0.000510188 0.000781303 -0.000601093
31.5547 -2.66572 -0.000497954 0.000754619 -0.000627779
31.4141 -2.54907 -0.000524762 0.000796819 -0.000725734
31.5547 -2.54896 -0.000511803 0.00076921 -0.000749518
31.6953 -3.36611 -0.00042909 0.000672786 -0.00019606
31.8359 -3.36592 -0.000412714 0.000639301 -0.00022634
31.6953 -3.24935 -0.000437199 0.000681181 -0.000246668
31.8359 -3.24918 -0.000421851 0.000649291 -0.000278104
31.9766 -3.36572 -0.00039635 0.000606358 -0.000255017
32.1172 -3.3655 -0.000380357 0.000574489 -0.000282413
31.9766 -3.24898 -0.000406448 0.000617754 -0.000308499
32.1172 -3.24876 -0.00039138 0.000587152 -0.000338142
31.6953 -3.1326 -0.000445409 0.000689144 -0.000306729
31.8359 -3.13243 -0.000430785 0.000658407 -0.000338984
31.6953 -3.01585 -0.000453915 0.000697033 -0.000376938
31.8359 -3.01568 -0.000439713 0.000667007 -0.000409616
31.9766 -3.13224 -0.000416049 0.000627849 -0.000370801
32.1172 -3.13203 -0.000401609 0.000598097 -0.0004024
31.9766 -3.0155 -0.000425358 0.000637025 -0.000442453
32.1172 -3.0153 -0.000411264 0.000607737 -0.000475572
32.2578 -3.36525 -0.000365115 0.000544254 -0.000308731
32.3985 -3.36499 -0.000350945 0.000516122 -0.000334121
32.2578 -3.24853 -0.000377044 0.000558084 -0.000367216
32.3984 -3.24827 -0.000363773 0.000531037 -0.000395848
32.5391 -3.3647 -0.000338076 0.000490396 -0.000358756
32.6797 -3.3644 -0.000326458 0.000466925 -0.000383013
32.5391 -3.248 -0.000351741 0.00050624 -0.00042415
32.6797 -3.2477 -0.000340784 0.000483391 -0.000452258
32.2578 -3.1318 -0.00038788 0.000569784 -0.000433926
32.3984 -3.13156 -0.000375205 0.000543416 -0.000465466
32.2578 -3.01508 -0.000397858 0.000579799 -0.000509071
32.3984 -3.01484 -0.000385498 0.00055375 -0.000542988
32.5391 -3.13129 -0.000363735 0.000519199 -0.000497037
32.6797 -3.13101 -0.000353268 0.000496789 -0.000528595
32.5391 -3.01459 -0.000374345 0.000529822 -0.000577249
32.6797 -3.01432 -0.000364204 0.000507693 -0.000611667
31.6953 -2.89909 -0.000462966 0.000705296 -0.000458037
31.8359 -2.89894 -0.000448898 0.000675562 -0.00049068
31.6953 -2.78234 -0.000472893 0.000714511 -0.000550966
31.8359 -2.78219 -0.000458707 0.000684707 -0.000583034
31.9766 -2.89876 -0.000434659 0.000645791 -0.00052402
32.1172 -2.89857 -0.000420653 0.000616626 -0.000558056
31.9766 -2.78202 -0.000444361 0.00065485 -0.000616204
32.1172 -2.78184 -0.000430221 0.000625536 -0.000650342
31.6953 -2.66559 -0.000484156 0.00072547 -0.000656761
31.8359 -2.66544 -0.000469657 0.000695327 -0.000687583
31.6953 -2.54884 -0.000497421 0.000739338 -0.000776148
31.8359 -2.5487 -0.000482489 0.000708711 -0.000804844
31.9766 -2.66528 -0.000455041 0.000665189 -0.000719707
32.1172 -2.66511 -0.000440603 0.000635554 -0.000752843
31.9766 -2.54854 -0.000467515 0.00067823 -0.000834746
32.1172 -2.54837 -0.00045269 0.000648235 -0.000865394
32.2578 -2.89836 -0.000407304 0.000588728 -0.00059284
32.3984 -2.89813 -0.000394993 0.000562675 -0.000628379
32.2578 -2.78164 -0.000416692 0.000597398 -0.000685459
32.3984 -2.78142 -0.00040418 0.000571056 -0.000721568
32.5391 -2.89788 -0.000383926 0.000538775 -0.000664524
32.6797 -2.89762 -0.000373948 0.000516786 -0.000700948
32.5391 -2.78118 -0.000392968 0.000546944 -0.000758482
32.6797 -2.78093 -0.000383008 0.000524995 -0.000795715
32.2578 -2.66491 -0.000426699 0.000606979 -0.000786983
32.3984 -2.6647 -0.000413749 0.000580104 -0.000822201
32.2578 -2.54819 -0.000438282 0.000619147 -0.000896773
32.3984 -2.54799 -0.000424695 0.00059157 -0.000929072
32.5391 -2.66448 -0.000402162 0.000555552 -0.000858357
32.6797 -2.66423 -0.000392101 0.000533603 -0.000894781
32.5391 -2.54777 -0.000412486 0.000566353 -0.000962351
32.6797 -2.54754 -0.000402235 0.000544429 -0.000995755
32.8203 -4.29754 -0.000144657 0.000198878 -0.000182052
32.961 -4.2971 -0.000133004 0.000177597 -0.000197911
32.8203 -4.18086 -0.000168483 0.000238584 -0.000166793
32.961 -4.18043 -0.000156752 0.000217441 -0.000179646
33.1016 -4.29663 -0.000124985 0.000161564 -0.000217699
33.2422 -4.29614 -0.000120954 0.000151129 -0.000242174
33.1016 -4.17997 -0.000147447 0.000199808 -0.000195675
33.2422 -4.17949 -0.00014153 0.000187009 -0.000215518
32.8203 -4.06417 -0.000193288 0.000276799 -0.000173461
32.961 -4.06376 -0.000181536 0.000255596 -0.000185319
32.8203 -3.94749 -0.000217047 0.000311786 -0.000193042
32.961 -3.94708 -0.000205392 0.000290481 -0.000205736
33.1016 -4.06331 -0.000171708 0.000237288 -0.000199281
33.2422 -4.06285 -0.00016438 0.00022267 -0.000215608
33.1016 -3.94666 -0.000195517 0.000271903 -0.000220174
33.2422 -3.9462 -0.000187242 0.000255699 -0.000236618
33.3828 -4.29562 -0.000119296 0.000143781 -0.000271113
33.5235 -4.29508 -0.000117477 0.000135613 -0.000304712
33.3828 -4.17899 -0.000137763 0.000176925 -0.000240407
33.5235 -4.17846 -0.000133337 0.000165188 -0.000270943
33.6641 -4.29451 -0.000114314 0.000124975 -0.000342164
33.8047 -4.29391 -0.000108536 0.000110358 -0.000380838
33.6641 -4.1779 -0.000127582 0.000150886 -0.000306594
33.8047 -4.17732 -0.000120137 0.000133759 -0.000345539
33.3828 -4.06236 -0.000158448 0.00020974 -0.000236373
33.5235 -4.06184 -0.000151332 0.000194523 -0.000261973
33.3828 -3.94573 -0.000179445 0.000239974 -0.000256307
33.5235 -3.94523 -0.000170253 0.000221934 -0.000278892
33.6641 -4.0613 -0.000142483 0.000176327 -0.000291641
33.8047 -4.06074 -0.000132261 0.000155771 -0.000325103
33.6641 -3.9447 -0.000159028 0.000200811 -0.000303158
33.8047 -3.94415 -0.000146043 0.000177063 -0.000329069
32.8203 -3.83081 -0.000239127 0.000343654 -0.000217972
32.961 -3.83041 -0.000227779 0.000322422 -0.000232871
32.8203 -3.71412 -0.000259906 0.00037317 -0.00024724
32.961 -3.71374 -0.000248956 0.000352164 -0.000264498
33.1016 -3.83 -0.000217753 0.000303227 -0.000249457
33.2422 -3.82956 -0.00020852 0.000285172 -0.000268181
33.1016 -3.71334 -0.000238503 0.000331912 -0.000283598
33.2422 -3.71291 -0.00022802 0.000311547 -0.000304962
32.8203 -3.59744 -0.000280025 0.00040062 -0.00028734
32.961 -3.59707 -0.000269271 0.000379591 -0.000306644
32.8203 -3.48076 -0.000298929 0.00042483 -0.000342151
32.961 -3.4804 -0.000288271 0.000403607 -0.000363912
33.1016 -3.59668 -0.000258223 0.000358122 -0.000327666
33.2422 -3.59627 -0.000246315 0.000335356 -0.000350442
33.1016 -3.48002 -0.000276876 0.00038136 -0.000386618
33.2422 -3.47962 -0.00026396 0.000356943 -0.000409979
33.3828 -3.82909 -0.000199103 0.00026672 -0.000289336
33.5235 -3.82861 -0.000188334 0.00024622 -0.000312058
33.3828 -3.71246 -0.000216844 0.000290073 -0.000328525
33.5235 -3.71199 -0.000204468 0.000266862 -0.000353278
33.6641 -3.8281 -0.000175602 0.000222972 -0.000334837
33.8047 -3.82757 -0.000160868 0.000197071 -0.00035674
33.6641 -3.7115 -0.000190522 0.000241606 -0.000377367
33.8047 -3.71098 -0.000174764 0.000214175 -0.000399092
33.3828 -3.59583 -0.000233126 0.000310675 -0.000374929
33.5235 -3.59537 -0.000218703 0.000284248 -0.000400584
33.3828 -3.4792 -0.000249077 0.000329732 -0.00043383
33.5235 -3.47876 -0.000232363 0.000300011 -0.000457884
33.6641 -3.5949 -0.00020326 0.000256576 -0.000426059
33.8047 -3.5944 -0.000186568 0.000227599 -0.000449066
33.6641 -3.4783 -0.000214659 0.00026911 -0.000481884
33.8047 -3.47781 -0.00019645 0.000237921 -0.000504513
33.9453 -4.29329 -9.86441e-05 9.00341e-05 -0.000417541
34.086 -4.29264 -8.38746e-05 6.33758e-05 -0.000449226
33.9453 -4.17672 -0.00010987 0.000112569 -0.00038475
34.086 -4.17609 -9.59014e-05 8.65353e-05 -0.000420743
34.2266 -4.29197 -6.44648e-05 3.12594e-05 -0.000472747
34.3672 -4.29126 -4.21632e-05 -3.29267e-06 -0.000485312
34.2266 -4.17543 -7.8298e-05 5.63121e-05 -0.000449883
34.3672 -4.17475 -5.82168e-05 2.41132e-05 -0.000468706
33.9453 -4.06015 -0.000120418 0.000132663 -0.000361261
34.086 -4.05954 -0.000106244 0.000106322 -0.000397546
33.9453 -3.94358 -0.000131688 0.000151255 -0.000357096
34.086 -3.94299 -0.000115779 0.000123153 -0.000387206
34.2266 -4.0589 -8.97996e-05 7.7363e-05 -0.000430218
34.3672 -4.05824 -7.17982e-05 4.7437e-05 -0.000454832
34.2266 -3.94237 -9.89955e-05 9.3991e-05 -0.000417764
34.3672 -3.94172 -8.22316e-05 6.55628e-05 -0.000444971
34.5078 -4.29054 -2.12935e-05 -3.38599e-05 -0.000486287
34.6484 -4.28979 -8.40019e-06 -5.1494e-05 -0.000479191
34.5078 -4.17404 -3.849e-05 -5.69202e-06 -0.000475588
34.6484 -4.17331 -2.36944e-05 -2.6759e-05 -0.000472454
34.7891 -4.28901 -8.57672e-06 -4.99605e-05 -0.00047083
34.9297 -4.2882 -2.02496e-05 -3.24701e-05 -0.000466205
34.7891 -4.17256 -1.82997e-05 -3.3513e-05 -0.000464969
34.9297 -4.17177 -2.27085e-05 -2.64221e-05 -0.00045956
34.5078 -4.05755 -5.36952e-05 1.90449e-05 -0.000468508
34.6484 -4.05684 -3.82964e-05 -3.81488e-06 -0.000471609
34.5078 -3.94105 -6.57522e-05 3.87585e-05 -0.000464632
34.6484 -3.94036 -5.05895e-05 1.5277e-05 -0.000474903
34.7891 -4.0561 -2.88065e-05 -1.70919e-05 -0.000467994
34.9297 -4.05534 -2.62041e-05 -2.029e-05 -0.000463761
34.7891 -3.93965 -3.8464e-05 -2.65224e-06 -0.000477441
34.9297 -3.93891 -2.99496e-05 -1.48197e-05 -0.00047663
33.9453 -3.82701 -0.000144447 0.000169036 -0.000377751
34.086 -3.82643 -0.00012626 0.000138688 -0.000398653
33.9453 -3.71044 -0.000157254 0.000184809 -0.000417473
34.086 -3.70988 -0.000137788 0.000153288 -0.000432124
34.2266 -3.82583 -0.000107514 0.000107726 -0.000420397
34.3672 -3.82521 -9.00844e-05 7.88708e-05 -0.00044326
34.2266 -3.7093 -0.000117165 0.000120715 -0.000443963
34.3672 -3.70869 -9.74605e-05 8.97463e-05 -0.000456451
33.9453 -3.59388 -0.000168468 0.000197347 -0.000467453
34.0859 -3.59333 -0.00014874 0.000165683 -0.00047977
33.9453 -3.47731 -0.00017769 0.00020667 -0.000523125
34.0859 -3.47678 -0.000157979 0.000175061 -0.000535058
34.2266 -3.59277 -0.000127555 0.000132906 -0.000485834
34.3672 -3.59218 -0.00010597 0.000100271 -0.000488437
34.2266 -3.47623 -0.000137034 0.000142825 -0.000539091
34.3672 -3.47567 -0.000114938 0.000109975 -0.000536325
34.5078 -3.82456 -7.42413e-05 5.27878e-05 -0.000464677
34.6484 -3.82389 -5.95127e-05 2.92114e-05 -0.00048077
34.5078 -3.70807 -8.01669e-05 6.22334e-05 -0.000472144
34.6484 -3.70742 -6.49255e-05 3.78201e-05 -0.000489151
34.7891 -3.8232 -4.58503e-05 8.22409e-06 -0.000489954
34.9297 -3.82248 -3.30249e-05 -1.06963e-05 -0.000493576
34.7891 -3.70674 -5.03012e-05 1.48981e-05 -0.000503053
34.9297 -3.70605 -3.4916e-05 -8.15956e-06 -0.000510631
34.5078 -3.59157 -8.57804e-05 6.97813e-05 -0.000493035
34.6484 -3.59094 -6.80547e-05 4.2536e-05 -0.000503369
34.5078 -3.47508 -9.24714e-05 7.71976e-05 -0.00053107
34.6484 -3.47447 -7.11418e-05 4.59773e-05 -0.000529826
34.7891 -3.59029 -5.20134e-05 1.7639e-05 -0.000516919
34.9297 -3.58962 -3.5536e-05 -7.19983e-06 -0.000526587
34.7891 -3.47384 -5.22841e-05 1.78645e-05 -0.000535825
34.9297 -3.47319 -3.52128e-05 -7.57889e-06 -0.0005435
32.8203 -3.36407 -0.000315799 0.000445164 -0.000407371
32.961 -3.36373 -0.000305342 0.000423893 -0.000432106
32.8203 -3.24739 -0.000330571 0.000461932 -0.000480279
32.961 -3.24706 -0.000320414 0.000440781 -0.000508203
33.1016 -3.36336 -0.00029394 0.00040136 -0.00045706
33.2422 -3.36298 -0.000280605 0.000376127 -0.000481796
33.1016 -3.2467 -0.000309185 0.000418238 -0.000535734
33.2422 -3.24633 -0.000295799 0.000392735 -0.000562244
32.8203 -3.13071 -0.000343462 0.000475641 -0.000560005
32.961 -3.13039 -0.000333655 0.000454745 -0.00059098
32.8203 -3.01402 -0.000354738 0.000486847 -0.000645914
32.9609 -3.01371 -0.000345307 0.000466333 -0.000679418
33.1016 -3.13004 -0.000322726 0.000432437 -0.000620941
33.2422 -3.12968 -0.000309542 0.000407101 -0.000648987
33.1016 -3.01339 -0.000334795 0.000444523 -0.00071124
33.2422 -3.01304 -0.000322035 0.000419783 -0.000740161
33.3828 -3.36257 -0.000264786 0.000347464 -0.000505732
33.5235 -3.36214 -0.000246482 0.000315506 -0.000528121
33.3828 -3.24594 -0.000279644 0.000363485 -0.000586841
33.5235 -3.24553 -0.000260631 0.000330518 -0.000608535
33.6641 -3.36169 -0.000226478 0.000281514 -0.000548706
33.8047 -3.36123 -0.000205907 0.000247206 -0.000567578
33.6641 -3.24509 -0.000239277 0.000294747 -0.000626582
33.8047 -3.24464 -0.000216614 0.000257776 -0.000640863
33.3828 -3.12931 -0.000293432 0.00037788 -0.000674031
33.5234 -3.12891 -0.000274227 0.000344687 -0.000695028
33.3828 -3.01268 -0.000306271 0.000391128 -0.000764929
33.5234 -3.01229 -0.000287227 0.00035831 -0.00078454
33.6641 -3.12849 -0.000252339 0.000308288 -0.000711161
33.8047 -3.12806 -0.000228544 0.000269934 -0.000722042
33.6641 -3.01189 -0.000265231 0.000321948 -0.000798347
33.8047 -3.01147 -0.000240953 0.000283132 -0.000806091
32.8203 -2.89734 -0.000364753 0.00049625 -0.000737124
32.9609 -2.89704 -0.00035571 0.000476256 -0.000772186
32.8203 -2.78066 -0.000374038 0.000504842 -0.000832452
32.9609 -2.78037 -0.000365397 0.000485543 -0.000867538
33.1016 -2.89673 -0.000345719 0.000455226 -0.000804841
33.2422 -2.89639 -0.000333595 0.000431519 -0.00083353
33.1016 -2.78007 -0.000356 0.000465554 -0.00089947
33.2422 -2.77975 -0.000344715 0.000443331 -0.00092636
32.8203 -2.66398 -0.000383387 0.000514051 -0.000930144
32.9609 -2.6637 -0.000375181 0.00049569 -0.000962979
32.8203 -2.54729 -0.000393946 0.000525944 -0.001027
32.9609 -2.54703 -0.000386269 0.00050892 -0.00105417
33.1016 -2.66341 -0.000366407 0.000476979 -0.000991847
33.2422 -2.66311 -0.000356143 0.000456706 -0.00101452
33.1016 -2.54675 -0.000378212 0.000491899 -0.00107622
33.2422 -2.54646 -0.000369059 0.000473972 -0.00109094
33.3828 -2.89604 -0.000318442 0.000403947 -0.00085685
33.5234 -2.89568 -0.000299827 0.000371999 -0.000874001
33.3828 -2.77941 -0.000330412 0.000417344 -0.000946562
33.5234 -2.77906 -0.000312402 0.000386653 -0.000959646
33.6641 -2.89529 -0.000278003 0.000336158 -0.000884634
33.8047 -2.89489 -0.000253622 0.000297474 -0.000888652
33.6641 -2.77869 -0.000290983 0.000351782 -0.000965671
33.8047 -2.7783 -0.00026692 0.000313952 -0.000964525
33.3828 -2.66278 -0.000342912 0.000432818 -0.00102915
33.5234 -2.66244 -0.000325665 0.000403783 -0.00103583
33.3828 -2.54615 -0.000356813 0.000452207 -0.00109735
33.5234 -2.54583 -0.000340243 0.000424722 -0.00109651
33.6641 -2.66209 -0.000304847 0.000370301 -0.00103524
33.8047 -2.66172 -0.000281314 0.00033366 -0.00102812
33.6641 -2.54549 -0.000319815 0.000392194 -0.00108993
33.8047 -2.54513 -0.000296201 0.000355552 -0.00107953
33.9453 -3.36074 -0.0001856 0.00021392 -0.000583826
34.0859 -3.36023 -0.000165478 0.000181779 -0.000595047
33.9453 -3.24417 -0.000193904 0.000221447 -0.000651912
34.0859 -3.24368 -0.000172173 0.000187279 -0.000659626
34.2266 -3.3597 -0.000144826 0.00015 -0.000598554
34.3672 -3.35915 -0.00012289 0.000117531 -0.000593867
34.2266 -3.24317 -0.000151332 0.000155338 -0.000661766
34.3672 -3.24264 -0.000129558 0.000123151 -0.000656144
33.9453 -3.1276 -0.000203873 0.000231166 -0.000727954
34.0859 -3.12713 -0.000179775 0.00019403 -0.00072994
33.9453 -3.01103 -0.000215258 0.000243176 -0.000807886
34.0859 -3.01058 -0.000189441 0.000203964 -0.000804302
34.2266 -3.12664 -0.000157843 0.000160847 -0.00072804
34.3672 -3.12613 -0.000135907 0.000128548 -0.000720545
34.2266 -3.0101 -0.000166057 0.000169136 -0.000796494
34.3672 -3.00961 -0.000143273 0.000135816 -0.000785852
34.5078 -3.35858 -9.94869e-05 8.3857e-05 -0.00058353
34.6484 -3.35799 -7.54519e-05 4.96765e-05 -0.000572669
34.5078 -3.24209 -0.000105729 8.89503e-05 -0.00064414
34.6484 -3.24152 -8.038e-05 5.32233e-05 -0.00062903
34.7891 -3.35738 -5.32201e-05 1.78867e-05 -0.000567257
34.9297 -3.35675 -3.49959e-05 -8.43619e-06 -0.000567698
34.7891 -3.24093 -5.59766e-05 1.90872e-05 -0.00061538
34.9297 -3.24032 -3.61822e-05 -8.68661e-06 -0.000607722
34.5078 -3.1256 -0.000111493 9.34669e-05 -0.000708067
34.6484 -3.12505 -8.54043e-05 5.66121e-05 -0.00069267
34.5078 -3.0091 -0.000117934 9.93045e-05 -0.000773323
34.6484 -3.00857 -9.1029e-05 6.09881e-05 -0.000759969
34.7891 -3.12448 -6.01473e-05 2.13595e-05 -0.000677101
34.9297 -3.12389 -3.88504e-05 -8.34353e-06 -0.000666659
34.7891 -3.00803 -6.50747e-05 2.43519e-05 -0.000747584
34.9297 -3.00746 -4.21519e-05 -7.97935e-06 -0.000739751
33.9453 -2.89447 -0.000227631 0.0002574 -0.000886082
34.0859 -2.89403 -0.000201355 0.000217904 -0.000877127
33.9453 -2.7779 -0.000241239 0.000274712 -0.000956527
34.0859 -2.77748 -0.000215097 0.000235664 -0.000943229
34.2266 -2.89357 -0.000176809 0.000181735 -0.000864071
34.3672 -2.8931 -0.000152493 0.000146283 -0.000851007
34.2266 -2.77704 -0.000189472 0.000197936 -0.000928183
34.3672 -2.77659 -0.000163384 0.000159726 -0.000915496
33.9453 -2.66133 -0.000255873 0.000294969 -0.0010162
34.0859 -2.66093 -0.000229396 0.000255326 -0.0010022
33.9453 -2.54476 -0.000270148 0.000315783 -0.00106773
34.0859 -2.54438 -0.000242642 0.000274206 -0.00105687
34.2266 -2.66051 -0.000202545 0.000215461 -0.000989257
34.3672 -2.66007 -0.000174955 0.000174624 -0.000980047
34.2266 -2.54398 -0.000214471 0.000231846 -0.00104904
34.3672 -2.54356 -0.000185677 0.000188634 -0.00104606
34.5078 -2.89261 -0.000125854 0.00010769 -0.000839438
34.6484 -2.8921 -9.76961e-05 6.71066e-05 -0.000830073
34.5078 -2.77611 -0.000135287 0.000118658 -0.000906681
34.6484 -2.77563 -0.000105276 7.481e-05 -0.000902996
34.7891 -2.89157 -7.03503e-05 2.78195e-05 -0.000824042
34.9297 -2.89103 -4.55241e-05 -7.76386e-06 -0.000821549
34.7891 -2.77512 -7.5527e-05 3.12647e-05 -0.000905519
34.9297 -2.7746 -4.86325e-05 -7.9395e-06 -0.000910376
34.5078 -2.65962 -0.000145562 0.000131157 -0.000976077
34.6484 -2.65915 -0.000113259 8.33427e-05 -0.000979298
34.5078 -2.54313 -0.000155248 0.000143005 -0.00104927
34.6484 -2.54268 -0.000120637 9.11742e-05 -0.0010604
34.7891 -2.65867 -7.98928e-05 3.37652e-05 -0.00099142
34.9297 -2.65817 -5.09593e-05 -9.07435e-06 -0.00100503
34.7891 -2.54222 -8.28108e-05 3.4527e-05 -0.00108079
34.9297 -2.54174 -5.1991e-05 -1.14914e-05 -0.00110103
