30.5703 -2.43262 -0.000527484 0.000824227 -0.000817624
30.7109 -2.43261 -0.000545078 0.000848658 -0.000823448
30.5703 -2.31585 -0.000552377 0.000855376 -0.000996215
30.7109 -2.31584 -0.000567344 0.000875577 -0.000997529
30.8516 -2.43258 -0.000558871 0.000866497 -0.000828573
30.9922 -2.43253 -0.000564635 0.000870927 -0.000831658
30.8516 -2.31581 -0.000580362 0.000892224 -0.00099952
30.9922 -2.31577 -0.000587293 0.000898706 -0.000999375
30.5703 -2.19908 -0.000583749 0.000898686 -0.00117809
30.7109 -2.19907 -0.000595505 0.000913446 -0.00117657
30.5703 -2.08232 -0.000622514 0.00095694 -0.00134664
30.7109 -2.0823 -0.00063107 0.000965977 -0.00134505
30.8516 -2.19904 -0.000606477 0.000926577 -0.00117689
30.9922 -2.199 -0.000614099 0.00093409 -0.00117561
30.8516 -2.08228 -0.000639449 0.000974463 -0.0013454
30.9922 -2.08224 -0.000646736 0.00098111 -0.00134448
31.1328 -2.43247 -0.000561993 0.000861145 -0.000837516
31.2734 -2.4324 -0.000554059 0.000842302 -0.000848719
31.1328 -2.31571 -0.000585467 0.000890501 -0.00100053
31.2734 -2.31564 -0.000577239 0.000871469 -0.00100629
31.4141 -2.43231 -0.000542563 0.000817416 -0.000864825
31.5547 -2.43221 -0.000528718 0.000788626 -0.00088502
31.4141 -2.31556 -0.000564847 0.000845402 -0.00101731
31.5547 -2.31546 -0.000550064 0.000815359 -0.00103287
31.1328 -2.19895 -0.000614084 0.000928899 -0.00117381
31.2734 -2.19888 -0.000606365 0.000910891 -0.00117437
31.1328 -2.08219 -0.000648809 0.000979141 -0.00134208
31.2734 -2.08213 -0.000642802 0.000963905 -0.00133924
31.4141 -2.1988 -0.000593362 0.000884081 -0.00117942
31.5547 -2.19871 -0.000577751 0.000852968 -0.00118898
31.4141 -2.08205 -0.000629991 0.000937546 -0.00133831
31.5547 -2.08196 -0.000613951 0.000905991 -0.00134041
30.5703 -1.96555 -0.00066883 0.00103205 -0.00147524
30.7109 -1.96554 -0.000674659 0.00103582 -0.0014773
30.5703 -1.84878 -0.000722162 0.00112394 -0.0015434
30.7109 -1.84877 -0.000725621 0.00112284 -0.00155133
30.8516 -1.96551 -0.000680972 0.00104027 -0.00148037
30.9922 -1.96548 -0.000687293 0.00104483 -0.00148097
30.8516 -1.84875 -0.000730557 0.00112418 -0.00155971
30.9922 -1.84871 -0.000736112 0.00112674 -0.00156462
30.5703 -1.73201 -0.000781563 0.00122988 -0.00155761
30.7109 -1.732 -0.000782375 0.00122353 -0.00156966
30.5703 -1.61525 -0.000845052 0.00134423 -0.00154725
30.7109 -1.61524 -0.000842601 0.00133181 -0.00155934
30.8516 -1.73198 -0.000785742 0.00122145 -0.00158268
30.9922 -1.73195 -0.000790417 0.0012217 -0.00159309
30.8516 -1.61522 -0.00084365 0.00132526 -0.00157313
30.9922 -1.61519 -0.000846623 0.00132201 -0.00158612
31.1328 -1.96543 -0.000690562 0.00104444 -0.00147917
31.2734 -1.96537 -0.000686906 0.00103275 -0.00147546
31.1328 -1.84867 -0.000739623 0.00112611 -0.00156559
31.2734 -1.84861 -0.000737845 0.00111696 -0.00156321
31.4141 -1.9653 -0.000675719 0.00100894 -0.0014704
31.5547 -1.96522 -0.000660124 0.000978219 -0.00146493
31.4141 -1.84855 -0.000729164 0.00109681 -0.00155746
31.5547 -1.84847 -0.000714902 0.00106796 -0.00154876
31.1328 -1.73191 -0.000793755 0.00121995 -0.0015995
31.2734 -1.73186 -0.00079301 0.00121171 -0.00160182
31.1328 -1.61515 -0.000848896 0.00131772 -0.00159715
31.2734 -1.6151 -0.000847969 0.00130831 -0.00160591
31.4141 -1.73179 -0.000786249 0.00119392 -0.00160026
31.5547 -1.73172 -0.000773539 0.00116682 -0.00159512
31.4141 -1.61504 -0.000841938 0.00129075 -0.00161229
31.5547 -1.61497 -0.000830488 0.00126468 -0.001616
31.6953 -2.43209 -0.000513653 0.000757898 -0.000908392
31.8359 -2.43196 -0.000498257 0.000726794 -0.000933736
31.6953 -2.31535 -0.000534325 0.00078383 -0.00105164
31.8359 -2.31522 -0.000518537 0.000752434 -0.0010719
31.9766 -2.43181 -0.000482932 0.000696066 -0.000959828
32.1172 -2.43165 -0.000467725 0.000665832 -0.00098603
31.9766 -2.31508 -0.000502965 0.000721715 -0.00109206
32.1172 -2.31493 -0.000487489 0.000691533 -0.00111135
31.6953 -2.19861 -0.000561477 0.000820903 -0.00120131
31.8359 -2.19849 -0.000545437 0.000789506 -0.0012142
31.6953 -2.08186 -0.000597341 0.000873729 -0.00134414
31.8359 -2.08175 -0.000581101 0.000842432 -0.00134741
31.9766 -2.19835 -0.000529758 0.000759099 -0.00122592
32.1172 -2.19821 -0.000514227 0.000729398 -0.00123552
31.9766 -2.08162 -0.000565356 0.000812401 -0.00134855
32.1172 -2.08148 -0.000550012 0.000783554 -0.00134631
32.2578 -2.43147 -0.000452791 0.000636333 -0.00101231
32.3984 -2.43128 -0.000438475 0.000608083 -0.00103894
32.2578 -2.31476 -0.00047215 0.000661953 -0.00112967
32.3984 -2.31458 -0.000457275 0.00063347 -0.0011472
32.5391 -2.43107 -0.000425454 0.0005821 -0.0010662
32.6797 -2.43085 -0.000414985 0.000560394 -0.00109302
32.5391 -2.31438 -0.000443618 0.000607247 -0.00116395
32.6797 -2.31417 -0.000432984 0.000586152 -0.00117871
32.2578 -2.19805 -0.000498761 0.00070029 -0.00124259
32.3984 -2.19787 -0.000483704 0.000672308 -0.00124714
32.2578 -2.08133 -0.000534805 0.000755521 -0.00133971
32.3984 -2.08117 -0.00051966 0.000728165 -0.00132892
32.5391 -2.19769 -0.000469903 0.000646781 -0.00124897
32.6797 -2.19749 -0.000458677 0.000625742 -0.00124783
32.5391 -2.08099 -0.000505223 0.00070241 -0.0013151
32.6797 -2.0808 -0.000491906 0.000678764 -0.00129984
31.6953 -1.96512 -0.000643235 0.000945733 -0.00145934
31.8359 -1.96501 -0.00062661 0.000914078 -0.00145272
31.6953 -1.84838 -0.000697934 0.00103515 -0.0015381
31.8359 -1.84828 -0.000680834 0.00100259 -0.00152546
31.9766 -1.96489 -0.000610726 0.000884124 -0.0014433
32.1172 -1.96476 -0.000595504 0.000855815 -0.0014296
31.9766 -1.84817 -0.000664705 0.00097213 -0.00150938
32.1172 -1.84804 -0.000649178 0.000943241 -0.00148854
31.6953 -1.73164 -0.000757165 0.00113426 -0.00158675
31.8359 -1.73154 -0.000740109 0.00110114 -0.00157492
31.6953 -1.61489 -0.000815396 0.00123316 -0.00161636
31.8359 -1.61481 -0.00079945 0.00120084 -0.00161205
31.9766 -1.73144 -0.000723887 0.00106996 -0.00155841
32.1172 -1.73132 -0.000707982 0.00103995 -0.001536
31.9766 -1.61471 -0.00078415 0.00117025 -0.00160105
32.1172 -1.6146 -0.000768789 0.00114031 -0.00158171
32.2578 -1.96462 -0.000580348 0.000828221 -0.00141103
32.3984 -1.96447 -0.00056448 0.000800063 -0.00138825
32.2578 -1.84791 -0.000633194 0.000914231 -0.00146274
32.3984 -1.84776 -0.000615651 0.000883319 -0.00143281
32.5391 -1.9643 -0.000547927 0.00077128 -0.00136309
32.6797 -1.96412 -0.000530992 0.000742214 -0.00133771
32.5391 -1.84761 -0.000596134 0.00084979 -0.00140029
32.6797 -1.84744 -0.00057498 0.000814094 -0.00136728
32.2578 -1.7312 -0.000690985 0.00100888 -0.00150733
32.3984 -1.73106 -0.000671531 0.000974576 -0.00147313
32.2578 -1.61448 -0.000751603 0.00110826 -0.00155357
32.3984 -1.61436 -0.000730828 0.00107131 -0.0015175
32.5391 -1.73091 -0.000648898 0.000935859 -0.00143516
32.6797 -1.73076 -0.000623281 0.000892963 -0.00139609
32.5391 -1.61422 -0.000705374 0.00102772 -0.00147566
32.6797 -1.61407 -0.000675219 0.000977374 -0.00143147
30.5703 -1.49848 -0.000908924 0.00145918 -0.00153618
30.7109 -1.49847 -0.000902948 0.00144035 -0.00154612
30.5703 -1.38171 -0.000968439 0.00156672 -0.00152403
30.7109 -1.3817 -0.000959306 0.00154205 -0.00153325
30.8516 -1.49845 -0.00090127 0.0014288 -0.00155783
30.9922 -1.49842 -0.00090181 0.00142103 -0.00157006
30.8516 -1.38169 -0.000955173 0.00152594 -0.00154389
30.9922 -1.38166 -0.000953233 0.00151358 -0.00155565
30.5703 -1.26494 -0.00101938 0.00166045 -0.00149311
30.7109 -1.26494 -0.00100781 0.00163111 -0.00150479
30.5703 -1.14818 -0.00105922 0.00173656 -0.00142705
30.7109 -1.14817 -0.00104593 0.00170375 -0.00144354
30.8516 -1.26492 -0.0010018 0.00161129 -0.001518
30.9922 -1.2649 -0.000997789 0.00159493 -0.00153317
30.8516 -1.14816 -0.00103837 0.00168078 -0.00146258
30.9922 -1.14814 -0.00103252 0.00166073 -0.00148551
31.1328 -1.49839 -0.000901813 0.0014124 -0.00158271
31.2734 -1.49834 -0.000899064 0.00139927 -0.00159634
31.1328 -1.38163 -0.00095028 0.00149955 -0.00156943
31.2734 -1.38159 -0.000944268 0.00148044 -0.00158704
31.4141 -1.49829 -0.000892168 0.0013794 -0.00161117
31.5547 -1.49823 -0.000881193 0.00135308 -0.00162614
31.4141 -1.38154 -0.000934767 0.00145557 -0.00160957
31.5547 -1.38148 -0.000923222 0.00142747 -0.00163533
31.1328 -1.26487 -0.000991908 0.00157547 -0.00155167
31.2734 -1.26483 -0.000982088 0.00154947 -0.00157563
31.1328 -1.14811 -0.001024 0.00163624 -0.00151373
31.2734 -1.14807 -0.00101096 0.00160431 -0.00154799
31.4141 -1.26478 -0.000969158 0.00151838 -0.00160586
31.5547 -1.26473 -0.000956815 0.00148842 -0.00163924
31.4141 -1.14803 -0.00099588 0.00156923 -0.00158594
31.5547 -1.14798 -0.000984704 0.00154096 -0.00162111
30.5703 -1.03141 -0.00108732 0.00179368 -0.00132068
30.7109 -1.0314 -0.00107277 0.00175832 -0.00134271
30.5703 -0.914642 -0.00110419 0.0018321 -0.00117694
30.7109 -0.914637 -0.00108847 0.00179449 -0.00120456
30.8516 -1.03139 -0.00106358 0.00173214 -0.00136902
30.9922 -1.03137 -0.00105561 0.00170803 -0.00140197
30.8516 -0.914626 -0.00107735 0.00176478 -0.00123827
30.9922 -0.914609 -0.00106681 0.00173604 -0.00128105
30.5703 -0.797875 -0.00111021 0.00185187 -0.00100179
30.7109 -0.79787 -0.00109337 0.00181221 -0.00103589
30.5703 -0.681108 -0.0011053 0.00185227 -0.000803338
30.7109 -0.681104 -0.0010877 0.00181129 -0.000845208
30.8516 -0.797861 -0.00108034 0.00177915 -0.00107688
30.9922 -0.797846 -0.00106716 0.00174589 -0.00112783
30.8516 -0.681096 -0.0010735 0.00177628 -0.000893485
30.9922 -0.681083 -0.00105835 0.00173985 -0.000950565
31.1328 -1.03135 -0.00104457 0.0016788 -0.00144266
31.2734 -1.03132 -0.00102984 0.00164357 -0.00148912
31.1328 -0.914587 -0.00105336 0.00170247 -0.0013334
31.2734 -0.91456 -0.00103904 0.00166767 -0.00139016
31.4141 -1.03128 -0.00101627 0.00161068 -0.00153328
31.5547 -1.03124 -0.00101029 0.00159092 -0.00156497
31.4141 -0.914527 -0.00103147 0.00164454 -0.00143827
31.5547 -0.914488 -0.00103437 0.00163929 -0.00146694
31.1328 -0.797827 -0.0010518 0.0017091 -0.00118846
31.2734 -0.797803 -0.00103996 0.00167842 -0.0012515
31.1328 -0.681067 -0.00104202 0.00170163 -0.00101572
31.2734 -0.681046 -0.00103381 0.00167715 -0.00108198
31.4141 -0.797774 -0.00104122 0.00166981 -0.0013029
31.5547 -0.79774 -0.00105424 0.00168093 -0.00133461
31.4141 -0.681022 -0.0010439 0.0016831 -0.0011382
31.5547 -0.680993 -0.00106599 0.00170884 -0.0011795
31.6953 -1.49815 -0.000867799 0.00132321 -0.00163884
31.8359 -1.49807 -0.000854337 0.00129382 -0.00164604
31.6953 -1.38141 -0.000911874 0.00140003 -0.00165972
31.8359 -1.38134 -0.000902371 0.00137614 -0.00167753
31.9766 -1.49798 -0.000841787 0.00126662 -0.00164432
32.1172 -1.49788 -0.000828787 0.00123954 -0.00163137
31.9766 -1.38125 -0.000894467 0.00135552 -0.00168493
32.1172 -1.38116 -0.000885697 0.00133429 -0.00167981
31.6953 -1.26467 -0.000948373 0.00146521 -0.00166945
31.8359 -1.2646 -0.000944146 0.00144936 -0.00169144
31.6953 -1.14793 -0.000980822 0.00152512 -0.00164767
31.8359 -1.14786 -0.000982243 0.00151829 -0.00166549
31.9766 -1.26452 -0.000941781 0.00143704 -0.00170377
32.1172 -1.26444 -0.000937843 0.00142273 -0.00170637
31.9766 -1.1478 -0.000984493 0.00151304 -0.00167799
32.1172 -1.14772 -0.000984037 0.00150363 -0.00168726
32.2578 -1.49777 -0.000812947 0.00120882 -0.00160655
32.3984 -1.49765 -0.00079205 0.00117098 -0.00157075
32.2578 -1.38106 -0.000872917 0.00130753 -0.00166115
32.3984 -1.38095 -0.000853502 0.00127121 -0.00162882
32.5391 -1.49753 -0.000764596 0.00112369 -0.0015263
32.6797 -1.49739 -0.000730255 0.00106638 -0.00147719
32.5391 -1.38083 -0.000825465 0.0012223 -0.00158419
32.6797 -1.38071 -0.000787938 0.00115949 -0.00153115
32.2578 -1.26435 -0.000929047 0.00140133 -0.00169762
32.3984 -1.26425 -0.000912603 0.00136867 -0.00167484
32.2578 -1.14764 -0.000978505 0.00148646 -0.00169121
32.3984 -1.14755 -0.000965489 0.00145805 -0.00168479
32.5391 -1.26414 -0.000885929 0.00132095 -0.0016365
32.6797 -1.26403 -0.000847155 0.00125543 -0.00158428
32.5391 -1.14745 -0.000942112 0.00141428 -0.00166239
32.6797 -1.14734 -0.000905059 0.00135035 -0.00162078
31.6953 -1.03119 -0.00101251 0.0015851 -0.00158266
31.8359 -1.03113 -0.00101832 0.00158534 -0.00159369
31.6953 -0.914444 -0.00104299 0.00164378 -0.00148027
31.8359 -0.914394 -0.00105133 0.00164787 -0.00148989
31.9766 -1.03107 -0.00102285 0.00158347 -0.00160538
32.1172 -1.031 -0.00102352 0.00157534 -0.00162021
31.9766 -0.914339 -0.00105601 0.00164588 -0.00150381
32.1172 -0.914278 -0.00105599 0.00163621 -0.001524
31.6953 -0.797702 -0.00106869 0.00169457 -0.00135305
31.8359 -0.797658 -0.00107858 0.00170076 -0.00136922
31.6953 -0.68096 -0.00108575 0.00173073 -0.00121071
31.8359 -0.680923 -0.0010974 0.00173934 -0.00123948
31.9766 -0.79761 -0.0010826 0.00169731 -0.00138989
32.1172 -0.797557 -0.00108128 0.00168522 -0.00141669
31.9766 -0.680882 -0.00110125 0.00173526 -0.00127088
32.1172 -0.680837 -0.00109905 0.00172147 -0.0013065
32.2578 -1.03092 -0.0010193 0.00155948 -0.00163592
32.3984 -1.03084 -0.00100874 0.00153394 -0.00164704
32.2578 -0.914211 -0.00105135 0.00161917 -0.00154845
32.3984 -0.914139 -0.00104173 0.00159446 -0.00157273
32.5391 -1.03075 -0.000989478 0.00149541 -0.00164581
32.6797 -1.03066 -0.000956976 0.00143732 -0.00162444
32.5391 -0.914062 -0.00102578 0.00156026 -0.00158983
32.6797 -0.913979 -0.000998706 0.00150953 -0.00159111
32.2578 -0.797499 -0.00107552 0.00166605 -0.00144828
32.3984 -0.797436 -0.00106583 0.00164084 -0.00148159
32.2578 -0.680787 -0.00109238 0.00170063 -0.0013458
32.3984 -0.680734 -0.00108245 0.00167481 -0.00138685
32.5391 -0.797369 -0.00105182 0.00160917 -0.00151155
32.6797 -0.797296 -0.00102915 0.00156459 -0.00153132
32.5391 -0.680676 -0.00106957 0.00164466 -0.00142621
32.6797 -0.680614 -0.00104997 0.00160445 -0.00145922
32.8203 -2.43062 -0.000407326 0.000543557 -0.00111609
32.9609 -2.43037 -0.000400336 0.000528375 -0.00113334
32.8203 -2.31395 -0.000425499 0.000570492 -0.001189
32.9609 -2.31371 -0.000418682 0.000556394 -0.00119421
33.1016 -2.4301 -0.000392993 0.00051327 -0.00114459
33.2422 -2.42982 -0.000384452 0.000497003 -0.0011492
33.1016 -2.31345 -0.000411345 0.000541993 -0.00119467
33.2422 -2.31319 -0.000402149 0.000525218 -0.00119086
32.8203 -2.19727 -0.000449699 0.00060859 -0.00124411
32.9609 -2.19705 -0.000441368 0.000592756 -0.0012383
32.8203 -2.0806 -0.000479569 0.000656882 -0.0012846
32.9609 -2.08039 -0.000468062 0.000636492 -0.00126958
33.1016 -2.19681 -0.000432602 0.000576577 -0.00123022
33.2422 -2.19655 -0.000421512 0.000557151 -0.00122021
33.1016 -2.08016 -0.000456363 0.000616022 -0.00125448
33.2422 -2.07992 -0.000442173 0.000591932 -0.00123985
33.3828 -2.42953 -0.000372391 0.000476035 -0.00114768
33.5234 -2.42922 -0.000355734 0.000448709 -0.00114142
33.3828 -2.31291 -0.000389046 0.000502926 -0.00118374
33.5234 -2.31261 -0.000371161 0.000473785 -0.00117473
33.6641 -2.42889 -0.000334776 0.000415432 -0.00113227
33.8047 -2.42855 -0.000310083 0.000376974 -0.00112243
33.6641 -2.3123 -0.000348547 0.000437842 -0.00116579
33.8047 -2.31198 -0.000321792 0.000395923 -0.0011591
33.3828 -2.19629 -0.000406231 0.000531623 -0.00120937
33.5234 -2.19601 -0.000385868 0.000498616 -0.00119955
33.3828 -2.07967 -0.000423488 0.000561135 -0.00122721
33.5234 -2.0794 -0.000399299 0.000522069 -0.00121884
33.6641 -2.19572 -0.000360377 0.000458022 -0.00119303
33.8047 -2.19541 -0.000330445 0.000410839 -0.00119198
33.6641 -2.07913 -0.000369572 0.000474651 -0.00121719
33.8047 -2.07884 -0.000335192 0.0004202 -0.00122432
32.8203 -1.96393 -0.000514293 0.000713745 -0.00131351
32.9609 -1.96373 -0.000498426 0.00068675 -0.00129099
32.8203 -1.84726 -0.00055328 0.000777828 -0.00133588
32.9609 -1.84707 -0.000531962 0.000742343 -0.00130762
33.1016 -1.96351 -0.000482395 0.000659651 -0.00127056
33.2422 -1.96329 -0.00046374 0.000628632 -0.00125327
33.1016 -1.84687 -0.000510242 0.000706361 -0.00128365
33.2422 -1.84666 -0.000485746 0.000666174 -0.00126548
32.8203 -1.73059 -0.000595926 0.000847714 -0.00135892
32.9609 -1.73041 -0.000568117 0.000801998 -0.00132611
32.8203 -1.61392 -0.000641704 0.000922267 -0.00138893
32.9609 -1.61375 -0.000606563 0.000864962 -0.00135158
33.1016 -1.73022 -0.000539489 0.00075516 -0.00129957
33.2422 -1.73002 -0.000507923 0.000703869 -0.00128128
33.1016 -1.61357 -0.000570005 0.000805672 -0.00132225
33.2422 -1.61339 -0.0005303 0.00074165 -0.0013036
33.3828 -1.96305 -0.000440281 0.00059033 -0.00124103
33.5234 -1.9628 -0.000410885 0.000542996 -0.00123629
33.3828 -1.84643 -0.000456197 0.000618272 -0.00125526
33.5234 -1.8462 -0.000420314 0.000560689 -0.00125552
33.6641 -1.96254 -0.000375531 0.000486585 -0.00124157
33.8047 -1.96226 -0.000335382 0.000422856 -0.00125884
33.6641 -1.84595 -0.000378047 0.000493363 -0.00126878
33.8047 -1.84569 -0.00033087 0.000418538 -0.00129691
33.3828 -1.72981 -0.000471125 0.000644589 -0.00127365
33.5234 -1.72959 -0.00042768 0.000575168 -0.00127919
33.3828 -1.61319 -0.000485255 0.000669511 -0.00129826
33.5234 -1.61299 -0.000433433 0.000587095 -0.00130855
33.6641 -1.72936 -0.000377514 0.000495534 -0.00130018
33.8047 -1.72912 -0.000322396 0.000408409 -0.00133813
33.6641 -1.61277 -0.000374879 0.000494551 -0.00133609
33.8047 -1.61255 -0.00031179 0.000395306 -0.00138118
33.9453 -2.4282 -0.000282585 0.000334643 -0.00111404
34.0859 -2.42783 -0.00025347 0.00029011 -0.00110895
33.9453 -2.31165 -0.000292033 0.00034967 -0.00115664
34.0859 -2.3113 -0.000260641 0.000301072 -0.00115988
34.2266 -2.42745 -0.000223726 0.000244748 -0.00110874
34.3672 -2.42705 -0.000193656 0.000198918 -0.00111463
34.2266 -2.31093 -0.000228821 0.00025187 -0.00116979
34.3672 -2.31055 -0.00019706 0.000202742 -0.00118694
33.9453 -2.19509 -0.000297445 0.000359096 -0.00119807
34.0859 -2.19476 -0.000263002 0.000305208 -0.00121215
33.9453 -2.07853 -0.000297894 0.000361329 -0.00124139
34.0859 -2.07822 -0.000259655 0.000301032 -0.00126837
34.2266 -2.19441 -0.000228519 0.000251261 -0.00123438
34.3672 -2.19405 -0.000194583 0.000198136 -0.00126443
34.2266 -2.07789 -0.000222074 0.000241745 -0.0013043
34.3672 -2.07755 -0.00018587 0.000184612 -0.00134749
34.5078 -2.42664 -0.000162215 0.00015105 -0.00112744
34.6484 -2.42621 -0.000125679 9.57566e-05 -0.00114753
34.5078 -2.31016 -0.0001643 0.000152147 -0.00121133
34.6484 -2.30975 -0.000126532 9.44338e-05 -0.00124126
34.7891 -2.42577 -8.41059e-05 3.33536e-05 -0.00117337
34.9297 -2.42532 -5.21051e-05 -1.43619e-05 -0.00119469
34.7891 -2.30933 -8.38666e-05 3.03169e-05 -0.00127044
34.9297 -2.3089 -5.22699e-05 -1.65222e-05 -0.00128879
34.5078 -2.19368 -0.000160196 0.00014445 -0.00130112
34.6484 -2.19329 -0.000122257 8.60219e-05 -0.00134007
34.5078 -2.0772 -0.000150435 0.000128951 -0.00139432
34.6484 -2.07683 -0.000114466 7.33856e-05 -0.0014365
34.7891 -2.19289 -8.22324e-05 2.57929e-05 -0.00137011
34.9297 -2.19248 -5.29192e-05 -1.73126e-05 -0.00138285
34.7891 -2.07646 -8.04252e-05 2.22736e-05 -0.00146137
34.9297 -2.07606 -5.40428e-05 -1.61197e-05 -0.001467
33.9453 -1.96198 -0.000292754 0.000355333 -0.00128866
34.0859 -1.96168 -0.000250192 0.000287916 -0.00132967
33.9453 -1.84542 -0.000282006 0.000341118 -0.00133992
34.0859 -1.84514 -0.000235155 0.00026681 -0.00139445
34.2266 -1.96137 -0.000209626 0.000223613 -0.00137915
34.3672 -1.96105 -0.000172234 0.000164361 -0.00143271
34.2266 -1.84485 -0.000193026 0.000199909 -0.0014542
34.3672 -1.84455 -0.000157615 0.000143728 -0.00151034
33.9453 -1.72887 -0.000266804 0.000320602 -0.00139232
34.0859 -1.72861 -0.000216795 0.000241411 -0.00145656
33.9453 -1.61231 -0.00025021 0.000298574 -0.00144133
34.0859 -1.61207 -0.000199685 0.000218898 -0.0015071
34.2266 -1.72833 -0.000176623 0.000177599 -0.00151894
34.3672 -1.72805 -0.000147522 0.000131376 -0.00156749
34.2266 -1.61181 -0.000165662 0.000164798 -0.00156307
34.3672 -1.61155 -0.000144843 0.000131519 -0.00159997
34.5078 -1.96072 -0.00013835 0.000111048 -0.00148255
34.6484 -1.96037 -0.00010769 6.38159e-05 -0.00151803
34.5078 -1.84424 -0.000129241 9.91483e-05 -0.00155266
34.6484 -1.84391 -0.000105382 6.26664e-05 -0.00157557
34.7891 -1.96002 -8.03683e-05 2.31267e-05 -0.00153277
34.9297 -1.95965 -5.52061e-05 -1.32179e-05 -0.00153367
34.7891 -1.84358 -8.20684e-05 2.82564e-05 -0.00158242
34.9297 -1.84323 -5.57574e-05 -9.69825e-06 -0.00158236
34.5078 -1.72776 -0.000126431 9.83045e-05 -0.00159691
34.6484 -1.72745 -0.000107087 6.89613e-05 -0.00161019
34.5078 -1.61128 -0.000129019 0.000106693 -0.00161992
34.6484 -1.61099 -0.00011081 7.91981e-05 -0.00162927
34.7891 -1.72714 -8.41999e-05 3.53132e-05 -0.0016142
34.9297 -1.72681 -5.55048e-05 -6.1208e-06 -0.0016148
34.7891 -1.6107 -8.6251e-05 4.31223e-05 -0.00163308
34.9297 -1.6104 -5.47491e-05 -2.39422e-06 -0.00163432
32.8203 -1.49725 -0.000690411 0.00100112 -0.00142861
32.9609 -1.49709 -0.000647314 0.000931255 -0.00138563
32.8203 -1.38057 -0.000742074 0.0010845 -0.00147606
32.9609 -1.38043 -0.000690586 0.0010014 -0.00142634
33.1016 -1.49693 -0.000601922 0.000858137 -0.00135251
33.2422 -1.49676 -0.000553087 0.000779895 -0.00133274
33.1016 -1.38028 -0.000635462 0.000913067 -0.00138844
33.2422 -1.38012 -0.000576482 0.00081906 -0.00136694
32.8203 -1.2639 -0.000796383 0.00117229 -0.00152488
32.9609 -1.26377 -0.0007364 0.00107569 -0.00146894
32.8203 -1.14723 -0.000851786 0.0012625 -0.00156434
32.9609 -1.14711 -0.00078401 0.00115326 -0.00150646
33.1016 -1.26364 -0.000670665 0.000970736 -0.00142638
33.2422 -1.26349 -0.000600495 0.000859334 -0.0014034
33.1016 -1.14699 -0.000707091 0.00103066 -0.00146168
33.2422 -1.14686 -0.000624813 0.000900381 -0.00143888
33.3828 -1.49657 -0.000498905 0.000693589 -0.00132909
33.5234 -1.49638 -0.000438134 0.000597391 -0.00134337
33.3828 -1.37996 -0.000512322 0.000717338 -0.00136461
33.5234 -1.37978 -0.000442242 0.000606865 -0.00138239
33.6641 -1.49618 -0.000371251 0.000492149 -0.00137604
33.8047 -1.49598 -0.000301377 0.00038276 -0.00142524
33.6641 -1.3796 -0.000367517 0.000489751 -0.00141901
33.8047 -1.3794 -0.000292939 0.000373463 -0.00146989
33.3828 -1.26334 -0.000525575 0.000740999 -0.00140267
33.5234 -1.26318 -0.000446034 0.000616051 -0.00142391
33.3828 -1.14672 -0.00053852 0.00076447 -0.00144089
33.5234 -1.14657 -0.000449648 0.000625255 -0.001466
33.6641 -1.26301 -0.000364391 0.00048852 -0.00146359
33.8047 -1.26283 -0.00028768 0.000369272 -0.00151377
33.6641 -1.14642 -0.000362535 0.000489531 -0.00150801
33.8047 -1.14626 -0.000286727 0.000371927 -0.00155515
32.8203 -1.03056 -0.000904749 0.00134994 -0.00158214
32.9609 -1.03046 -0.00083133 0.00123109 -0.00153099
32.8203 -0.91389 -0.000950639 0.0014274 -0.00157123
32.9609 -0.913796 -0.000874989 0.00130402 -0.00153669
33.1016 -1.03034 -0.000743528 0.00109112 -0.00148945
33.2422 -1.03022 -0.000648697 0.000941168 -0.00147021
33.1016 -0.913697 -0.000777932 0.001149 -0.00150595
33.2422 -0.913591 -0.000670987 0.000979948 -0.00149497
32.8203 -0.797219 -0.000986338 0.00148964 -0.00153453
32.9609 -0.797137 -0.00091149 0.00136647 -0.00152257
32.8203 -0.680548 -0.00101159 0.00153578 -0.00148133
32.9609 -0.680478 -0.000938603 0.00141467 -0.0014928
33.1016 -0.79705 -0.000807779 0.00120033 -0.00150987
33.2422 -0.796959 -0.000690254 0.00101449 -0.00151228
33.1016 -0.680404 -0.000830677 0.00124128 -0.00150293
33.2422 -0.680326 -0.000705038 0.00104247 -0.0015231
33.3828 -1.0301 -0.000550787 0.000787268 -0.00147694
33.5234 -1.02997 -0.000453155 0.000634657 -0.00150667
33.3828 -0.913481 -0.000561812 0.000808568 -0.00150894
33.5234 -0.913364 -0.000456504 0.000644215 -0.00154412
33.6641 -1.02983 -0.00036256 0.000493765 -0.00155024
33.8047 -1.02969 -0.000290679 0.000382335 -0.00159273
33.6641 -0.913243 -0.000364813 0.000501764 -0.0015887
33.8047 -0.913115 -0.000299095 0.000399807 -0.00162611
33.3828 -0.796862 -0.000571004 0.000827455 -0.00153583
33.5234 -0.796761 -0.000459577 0.000653759 -0.00157665
33.3828 -0.680243 -0.000577921 0.000843191 -0.00155796
33.5234 -0.680157 -0.000462463 0.00066338 -0.0016037
33.6641 -0.796654 -0.000369084 0.000513218 -0.00162164
33.8047 -0.796543 -0.000310626 0.000422297 -0.00165469
33.6641 -0.680066 -0.000374861 0.000527313 -0.00164823
33.8047 -0.679971 -0.000323497 0.000447106 -0.00167833
33.9453 -1.49576 -0.000236516 0.000281457 -0.00148511
34.0859 -1.49553 -0.000189055 0.000206977 -0.00154382
33.9453 -1.3792 -0.000228878 0.000273825 -0.00152511
34.0859 -1.37899 -0.000187538 0.000209154 -0.00157218
34.2266 -1.4953 -0.000162893 0.000165238 -0.00158839
34.3672 -1.49505 -0.000148482 0.000141911 -0.00161578
34.2266 -1.37878 -0.000168013 0.000177851 -0.0016046
34.3672 -1.37855 -0.000156635 0.000159316 -0.00162461
33.9453 -1.26265 -0.0002283 0.000277117 -0.00156151
34.0859 -1.26246 -0.000194598 0.000224387 -0.0015961
33.9453 -1.14609 -0.000234597 0.00029105 -0.0015934
34.0859 -1.14592 -0.00020806 0.000249373 -0.00161676
34.2266 -1.26226 -0.000179361 0.00019986 -0.0016177
34.3672 -1.26205 -0.000168127 0.000181743 -0.00163153
34.2266 -1.14574 -0.000194806 0.000228015 -0.00163
34.3672 -1.14555 -0.000181802 0.000207394 -0.00163893
34.5078 -1.4948 -0.000134769 0.000120395 -0.00163108
34.6484 -1.49453 -0.000115516 9.14089e-05 -0.00163937
34.5078 -1.37832 -0.000142531 0.000137332 -0.00163696
34.6484 -1.37807 -0.000120941 0.000104929 -0.00164486
34.7891 -1.49426 -8.83752e-05 5.15523e-05 -0.00164368
34.9297 -1.49398 -5.3806e-05 1.58416e-06 -0.00164554
34.7891 -1.37782 -9.06464e-05 6.04525e-05 -0.00164996
34.9297 -1.37756 -5.27992e-05 5.72586e-06 -0.00165261
34.5078 -1.26184 -0.000151809 0.000156575 -0.00164128
34.6484 -1.26161 -0.000126882 0.000119295 -0.00164884
34.5078 -1.14536 -0.000162052 0.000177227 -0.00164633
34.6484 -1.14515 -0.000133089 0.000134056 -0.00165324
34.7891 -1.26138 -9.29699e-05 6.95326e-05 -0.00165469
34.9297 -1.26115 -5.17312e-05 9.89075e-06 -0.00165812
34.7891 -1.14495 -9.52519e-05 7.85909e-05 -0.0016593
34.9297 -1.14473 -5.05931e-05 1.40136e-05 -0.00166306
33.9453 -1.02954 -0.000246734 0.000314019 -0.00162145
34.0859 -1.02938 -0.000225474 0.000280397 -0.00163594
33.9453 -0.912982 -0.000262828 0.000343142 -0.00164701
34.0859 -0.912844 -0.000244722 0.000314265 -0.00165532
34.2266 -1.02922 -0.000212331 0.000259287 -0.0016432
34.3672 -1.02905 -0.000196468 0.000234483 -0.00164836
34.2266 -0.9127 -0.000230373 0.000291355 -0.00165851
34.3672 -0.912551 -0.000211101 0.000261504 -0.00166088
33.9453 -0.796427 -0.000280679 0.000375114 -0.00167052
34.0859 -0.796307 -0.000264022 0.000348333 -0.00167545
33.9453 -0.679872 -0.000298229 0.000406852 -0.00169212
34.0859 -0.679769 -0.000281886 0.00038041 -0.00169632
34.2266 -0.796181 -0.000247685 0.000322395 -0.00167646
34.3672 -0.796051 -0.000224838 0.000287212 -0.00167715
34.2266 -0.679662 -0.00026321 0.000350883 -0.00169703
34.3672 -0.679551 -0.000236913 0.000310522 -0.00169739
34.5078 -1.02888 -0.000172647 0.000198357 -0.00165357
34.6484 -1.02869 -0.00013934 0.000148863 -0.00165926
34.5078 -0.912396 -0.000183039 0.000219152 -0.00166404
34.6484 -0.912235 -0.000145451 0.000163431 -0.00166805
34.7891 -1.02851 -9.74895e-05 8.75954e-05 -0.00166462
34.9297 -1.02831 -4.942e-05 1.8121e-05 -0.00166802
34.7891 -0.912069 -9.97127e-05 9.65601e-05 -0.00167196
34.9297 -0.911897 -4.82692e-05 2.22543e-05 -0.00167444
34.5078 -0.795915 -0.000192713 0.000238874 -0.00167874
34.6484 -0.795775 -0.000151183 0.00017741 -0.00168108
34.5078 -0.679435 -0.000201138 0.000256781 -0.00169834
34.6484 -0.679316 -0.000156177 0.000190297 -0.00169968
34.7891 -0.795631 -0.000101855 0.00010536 -0.00168339
34.9297 -0.795481 -4.71486e-05 2.63797e-05 -0.00168482
34.7891 -0.679192 -0.000103689 0.000113671 -0.0017009
34.9297 -0.679064 -4.59785e-05 3.03746e-05 -0.0017016
