30.5703 1.30393 -0.000941758 0.00162447 -0.000669431
30.7109 1.30393 -0.000898302 0.00154352 -0.000696757
30.5703 1.4207 -0.000975622 0.00168928 -0.000766738
30.7109 1.42069 -0.000934551 0.00161206 -0.000793239
30.8516 1.30391 -0.000858413 0.00146904 -0.000715633
30.9922 1.30389 -0.000823438 0.00140316 -0.000725897
30.8516 1.42067 -0.00089749 0.00154207 -0.000813165
30.9922 1.42065 -0.000865374 0.00148073 -0.00082622
30.5703 1.53746 -0.00100845 0.00175261 -0.000854629
30.7109 1.53746 -0.000970172 0.0016799 -0.000881746
30.5703 1.65423 -0.00103831 0.00181136 -0.000937486
30.7109 1.65422 -0.00100369 0.00174465 -0.000965758
30.8516 1.53744 -0.000936103 0.00161473 -0.000903513
30.9922 1.53741 -0.000906891 0.00155803 -0.000919378
30.8516 1.6542 -0.000973148 0.00168524 -0.000989553
30.9922 1.65417 -0.000947223 0.00163384 -0.0010079
31.1328 1.30386 -0.000794886 0.00134831 -0.000729295
31.2734 1.30382 -0.000773852 0.00130629 -0.00072944
31.1328 1.42061 -0.000838969 0.00142922 -0.000833436
31.2734 1.42057 -0.000818771 0.00138831 -0.000837217
31.4141 1.30377 -0.000760873 0.00127794 -0.000730697
31.5547 1.30371 -0.000755892 0.00126315 -0.000737435
31.4141 1.42052 -0.000804979 0.00135831 -0.000840806
31.5547 1.42046 -0.000797453 0.00133898 -0.000847741
31.1328 1.53737 -0.000882806 0.00151014 -0.000929826
31.2734 1.53733 -0.000863879 0.00147106 -0.000936531
31.1328 1.65413 -0.000925846 0.00159021 -0.0010208
31.2734 1.65408 -0.000908664 0.0015537 -0.00102943
31.4141 1.53727 -0.000849992 0.00144057 -0.000942035
31.5547 1.5372 -0.00084089 0.00141828 -0.000949283
31.4141 1.65402 -0.000895283 0.00152368 -0.00103593
31.5547 1.65395 -0.000885334 0.00149957 -0.00104287
30.5703 1.771 -0.00106352 0.00186281 -0.00101902
30.7109 1.77099 -0.00103374 0.00180417 -0.00104857
30.5703 1.88776 -0.00108227 0.00190407 -0.00110167
30.7109 1.88775 -0.00105888 0.00185617 -0.00113254
30.8516 1.77096 -0.00100762 0.00175205 -0.00107426
30.9922 1.77093 -0.000985704 0.00170716 -0.00109452
30.8516 1.88773 -0.00103847 0.00181353 -0.00115984
30.9922 1.88769 -0.00102164 0.00177695 -0.00118133
30.5703 2.00453 -0.00109252 0.00193168 -0.00118567
30.7109 2.00451 -0.00107745 0.00189789 -0.00121809
30.5703 2.12129 -0.00109211 0.0019419 -0.00126921
30.7109 2.12128 -0.00108755 0.00192604 -0.00130375
30.8516 2.00449 -0.00106444 0.00186764 -0.00124689
30.9922 2.00445 -0.00105415 0.00184179 -0.0012691
30.8516 2.12125 -0.00108396 0.00191167 -0.00133442
30.9922 2.12122 -0.001082 0.00189961 -0.00135746
31.1328 1.77089 -0.000967664 0.0016688 -0.00110888
31.2734 1.77084 -0.000952806 0.00163577 -0.00111819
31.1328 1.88765 -0.00100784 0.0017453 -0.00119605
31.2734 1.88759 -0.000996022 0.00171688 -0.00120469
31.4141 1.77077 -0.000940483 0.00160705 -0.00112439
31.5547 1.7707 -0.000930241 0.00158197 -0.00112993
31.4141 1.88752 -0.000985317 0.00169028 -0.00120914
31.5547 1.88744 -0.000975215 0.00166484 -0.001212
31.1328 2.00441 -0.00104576 0.0018188 -0.00128334
31.2734 2.00435 -0.0010379 0.0017964 -0.00129014
31.1328 2.12117 -0.00108054 0.00188779 -0.00137094
31.2734 2.1211 -0.00107782 0.00187334 -0.00137525
31.4141 2.00427 -0.00102946 0.00177289 -0.00129157
31.5547 2.00419 -0.00101988 0.00174761 -0.0012905
31.4141 2.12102 -0.00107245 0.00185418 -0.0013727
31.5547 2.12094 -0.00106384 0.00182969 -0.00136666
31.6953 1.30365 -0.000758121 0.00126058 -0.000753334
31.8359 1.30358 -0.000765597 0.00126695 -0.000780552
31.6953 1.42039 -0.00079566 0.00132944 -0.000861222
31.8359 1.42031 -0.000798222 0.0013274 -0.000883375
31.9766 1.3035 -0.000774965 0.00127677 -0.000819123
32.1172 1.30341 -0.00078202 0.00128317 -0.00086701
31.9766 1.42023 -0.000802534 0.0013286 -0.000914631
32.1172 1.42013 -0.000805068 0.0013273 -0.000953644
31.6953 1.53713 -0.000836177 0.00140355 -0.00096105
31.8359 1.53705 -0.000834893 0.00139481 -0.000979299
31.6953 1.65387 -0.000878523 0.00148096 -0.00105277
31.8359 1.65378 -0.000874222 0.00146683 -0.00106751
31.9766 1.53695 -0.000835045 0.00138881 -0.00100466
32.1172 1.53685 -0.000833713 0.00138082 -0.00103639
31.9766 1.65368 -0.000870945 0.00145478 -0.00108794
32.1172 1.65357 -0.000866299 0.00144097 -0.00111386
32.2578 1.30332 -0.000782796 0.0012798 -0.000920872
32.3984 1.30322 -0.000774364 0.00126205 -0.000977254
32.2578 1.42003 -0.00080222 0.00131771 -0.000997831
32.3984 1.41992 -0.000791031 0.00129518 -0.00104432
32.5391 1.3031 -0.000754948 0.00122725 -0.00103339
32.6797 1.30299 -0.000724066 0.00117485 -0.00108746
32.5391 1.4198 -0.000769437 0.00125655 -0.0010906
32.6797 1.41967 -0.000736581 0.00120067 -0.00113462
32.2578 1.53674 -0.000827687 0.00136569 -0.00107269
32.3984 1.53662 -0.000814079 0.00133888 -0.0011114
32.2578 1.65345 -0.00085746 0.00142089 -0.00114433
32.3984 1.65332 -0.000841739 0.00139033 -0.00117787
32.5391 1.53649 -0.000790705 0.00129704 -0.00115022
32.6797 1.53635 -0.000756491 0.00123861 -0.00118639
32.5391 1.65318 -0.000817145 0.00134622 -0.00121226
32.6797 1.65303 -0.000782675 0.00128701 -0.0012437
31.6953 1.77061 -0.000921889 0.0015603 -0.00113729
31.8359 1.77051 -0.000915101 0.00154159 -0.00114844
31.6953 1.88735 -0.000965652 0.00164058 -0.0012159
31.8359 1.88725 -0.000956616 0.00161762 -0.00122308
31.9766 1.77041 -0.000908836 0.00152419 -0.00116453
32.1172 1.77029 -0.000901167 0.00150504 -0.00118601
31.9766 1.88713 -0.000947489 0.00159505 -0.0012352
32.1172 1.88701 -0.000936781 0.00157055 -0.00125334
31.6953 2.00409 -0.00100928 0.00172096 -0.00128997
31.8359 2.00398 -0.000998002 0.00169369 -0.00129271
31.6953 2.12083 -0.00105233 0.00180074 -0.00136081
31.8359 2.12072 -0.00103865 0.00176884 -0.00135854
31.9766 2.00386 -0.000985862 0.00166568 -0.00130096
32.1172 2.00373 -0.000971838 0.00163543 -0.00131647
31.9766 2.12059 -0.00102316 0.00173482 -0.00136278
32.1172 2.12045 -0.00100538 0.00169812 -0.00137589
32.2578 1.77016 -0.000889652 0.00148028 -0.00121272
32.3984 1.77002 -0.000871934 0.00144625 -0.00124385
32.2578 1.88687 -0.00092245 0.00154097 -0.00127807
32.3984 1.88672 -0.000902598 0.00150338 -0.00130906
32.5391 1.76987 -0.00084658 0.00140073 -0.00127712
32.6797 1.76971 -0.00081274 0.00134231 -0.00130803
32.5391 1.88656 -0.00087657 0.00145673 -0.001344
32.6797 1.88639 -0.000843313 0.00139925 -0.00137809
32.2578 2.00358 -0.000954352 0.00160055 -0.00134036
32.3984 2.00343 -0.000932082 0.00155903 -0.00137254
32.2578 2.12029 -0.000984326 0.00165731 -0.00139936
32.3984 2.12013 -0.000959391 0.00161153 -0.001433
32.5391 2.00326 -0.000905176 0.00151105 -0.00141051
32.6797 2.00307 -0.000871853 0.00145363 -0.00144946
32.5391 2.11995 -0.000931391 0.00156192 -0.00147399
32.6797 2.11976 -0.000897389 0.00150367 -0.00151794
30.5703 2.23806 -0.00107926 0.00193152 -0.00135011
30.7109 2.23804 -0.00108725 0.00193724 -0.00138762
30.5703 2.35482 -0.00105302 0.00189894 -0.00142838
30.7109 2.35481 -0.00107511 0.00192903 -0.00146962
30.8516 2.23802 -0.0010952 0.00194249 -0.00142108
30.9922 2.23798 -0.00110365 0.0019478 -0.00144571
30.8516 2.35478 -0.00109658 0.00195741 -0.00150673
30.9922 2.35474 -0.00111767 0.001984 -0.00153378
30.5703 2.47159 -0.00101369 0.00184478 -0.00150619
30.7109 2.47158 -0.00105082 0.001901 -0.00155112
30.5703 2.58836 -0.000963059 0.00177203 -0.0015831
30.7109 2.58834 -0.00101602 0.00185564 -0.00162964
30.8516 2.47155 -0.00108753 0.00195548 -0.0015915
30.9922 2.4715 -0.00112352 0.00200719 -0.0016206
30.8516 2.58831 -0.00106951 0.00193866 -0.00166998
30.9922 2.58826 -0.00112234 0.00201856 -0.00169819
31.1328 2.23792 -0.00111102 0.00195037 -0.00145879
31.2734 2.23786 -0.001115 0.00194645 -0.0014604
31.1328 2.35468 -0.00113616 0.00200485 -0.00154691
31.2734 2.35461 -0.00114884 0.00201475 -0.00154574
31.4141 2.23778 -0.0011138 0.00193336 -0.0014532
31.5547 2.23768 -0.00110675 0.00191052 -0.0014413
31.4141 2.35453 -0.00115321 0.00200999 -0.00153329
31.5547 2.35443 -0.00114846 0.00198991 -0.00151466
31.1328 2.47144 -0.00115562 0.00205052 -0.00163362
31.2734 2.47137 -0.00117925 0.00207795 -0.00162957
31.1328 2.5882 -0.00117009 0.00208769 -0.00171008
31.2734 2.58812 -0.00120657 0.00213593 -0.00170423
31.4141 2.47128 -0.00119081 0.00208413 -0.00161165
31.5547 2.47117 -0.00118917 0.00206806 -0.00158579
31.4141 2.58803 -0.00122686 0.00215572 -0.00168267
31.5547 2.58792 -0.00122921 0.00214515 -0.00165101
30.5703 2.70512 -0.000905218 0.00168675 -0.00164977
30.7109 2.70511 -0.000975112 0.00179919 -0.00169245
30.5703 2.82189 -0.00084718 0.00159903 -0.00168941
30.7109 2.82187 -0.000935068 0.00174132 -0.00172045
30.8516 2.70507 -0.0010468 0.00191253 -0.00172601
30.9922 2.70502 -0.00111725 0.00202147 -0.00174812
30.8516 2.82184 -0.00102525 0.0018848 -0.00174078
30.9922 2.82179 -0.00111202 0.00202025 -0.00175338
30.5703 2.93865 -0.000796937 0.00152083 -0.00168964
30.7109 2.93864 -0.000902303 0.00169147 -0.00170446
30.5703 3.05542 -0.000759631 0.00146056 -0.0016522
30.7109 3.0554 -0.000879685 0.00165476 -0.00165219
30.8516 2.9386 -0.00100909 0.00186172 -0.00171086
30.9922 2.93855 -0.00110908 0.00201851 -0.00171505
30.8516 3.05537 -0.000999609 0.00184621 -0.00164882
30.9922 3.05531 -0.0011094 0.00201893 -0.00164826
31.1328 2.70496 -0.0011809 0.00211678 -0.00175792
31.2734 2.70488 -0.00123079 0.00218708 -0.00175375
31.1328 2.82172 -0.00118937 0.00213811 -0.00176117
31.2734 2.82163 -0.00125121 0.00222848 -0.00176243
31.4141 2.70478 -0.00126094 0.00222286 -0.00173429
31.5547 2.70467 -0.00126823 0.00221984 -0.00170234
31.4141 2.82153 -0.00129124 0.00228103 -0.00175237
31.5547 2.82141 -0.00130436 0.00228793 -0.00172931
31.1328 2.93848 -0.00119669 0.00215329 -0.00172168
31.2734 2.93839 -0.00126751 0.00225901 -0.00172935
31.1328 3.05524 -0.001204 0.00216531 -0.00165492
31.2734 3.05515 -0.00128038 0.00228074 -0.00166841
31.4141 2.93828 -0.00131564 0.00232592 -0.00173236
31.5547 2.93816 -0.00133444 0.00234338 -0.00172605
31.4141 3.05504 -0.00133334 0.00235681 -0.00168446
31.5547 3.05491 -0.00135584 0.00238216 -0.00169825
31.6953 2.23757 -0.00109444 0.00187938 -0.00142925
31.8359 2.23745 -0.00107813 0.0018424 -0.00142133
31.6953 2.35431 -0.00113549 0.00195667 -0.00149552
31.8359 2.35419 -0.00111626 0.00191404 -0.00148124
31.9766 2.23732 -0.00105885 0.0018016 -0.00142119
32.1172 2.23717 -0.00103682 0.00175764 -0.00143171
31.9766 2.35404 -0.00109266 0.00186558 -0.00147623
32.1172 2.35389 -0.00106588 0.00181351 -0.00148369
31.6953 2.47105 -0.00117563 0.00203278 -0.00155899
31.8359 2.47092 -0.00115305 0.00198373 -0.0015379
31.6953 2.5878 -0.0012151 0.00210784 -0.0016174
31.8359 2.58765 -0.0011886 0.00205149 -0.00159014
31.9766 2.47077 -0.00112455 0.00192662 -0.0015277
32.1172 2.47061 -0.00109253 0.00186563 -0.00153168
31.9766 2.5875 -0.00115456 0.00198469 -0.00157521
32.1172 2.58733 -0.00111689 0.00191412 -0.00157575
32.2578 2.23701 -0.0010118 0.00171029 -0.00145452
32.3984 2.23683 -0.000984059 0.00166001 -0.00148918
32.2578 2.35372 -0.00103656 0.00175905 -0.00150522
32.3984 2.35353 -0.00100593 0.00170412 -0.00154009
32.5391 2.23664 -0.000954828 0.00160856 -0.00153249
32.6797 2.23644 -0.000919784 0.00154891 -0.00158045
32.5391 2.35333 -0.000975411 0.00165069 -0.00158484
32.6797 2.35312 -0.000939388 0.00158967 -0.00163518
32.2578 2.47043 -0.00105867 0.00180361 -0.00155117
32.3984 2.47023 -0.00102507 0.00174385 -0.00158528
32.2578 2.58714 -0.00107836 0.00184431 -0.00159264
32.3984 2.58694 -0.00104173 0.00177955 -0.001625
32.5391 2.47002 -0.000993256 0.00168841 -0.00163064
32.6797 2.4698 -0.000956791 0.00162679 -0.00168206
32.5391 2.58672 -0.00100864 0.00172207 -0.00166992
32.6797 2.58648 -0.000972535 0.00166105 -0.00172143
31.6953 2.70454 -0.00125367 0.00218105 -0.00166611
31.8359 2.70439 -0.00122271 0.00211673 -0.00163572
31.6953 2.82128 -0.00128992 0.00224937 -0.00169896
31.8359 2.82112 -0.00125446 0.00217764 -0.00167182
31.9766 2.70423 -0.0011826 0.00203956 -0.0016181
32.1172 2.70405 -0.00113908 0.00195918 -0.00161614
31.9766 2.82095 -0.00120824 0.00209043 -0.00165563
32.1172 2.82077 -0.00115914 0.00200086 -0.00165328
31.6953 2.93802 -0.00132097 0.00230757 -0.00171174
31.8359 2.93786 -0.00128202 0.00223098 -0.00169665
31.6953 3.05476 -0.00134368 0.00235056 -0.00170707
31.8359 3.05459 -0.00130328 0.00227336 -0.00171167
31.9766 2.93768 -0.0012307 0.00213596 -0.00168761
32.1172 2.93749 -0.00117703 0.00203911 -0.00168784
31.9766 3.05441 -0.00124914 0.00217485 -0.00171514
32.1172 3.05421 -0.00119275 0.00207401 -0.00172089
32.2578 2.70385 -0.00109596 0.00188169 -0.00163032
32.3984 2.70364 -0.00105634 0.00181192 -0.00165998
32.2578 2.82056 -0.00111185 0.00191639 -0.00166523
32.3984 2.82034 -0.00106949 0.00184191 -0.00169152
32.5391 2.70341 -0.00102201 0.00175234 -0.00170317
32.6797 2.70316 -0.000986984 0.00169297 -0.00175379
32.5391 2.8201 -0.0010339 0.00178012 -0.00173167
32.6797 2.81985 -0.00100034 0.00172292 -0.00178055
32.2578 2.93727 -0.00112641 0.00194911 -0.00169867
32.3984 2.93704 -0.00108176 0.00187062 -0.0017214
32.2578 3.05398 -0.00114001 0.00198057 -0.00173205
32.3984 3.05375 -0.00109371 0.00189911 -0.00175174
32.5391 2.93679 -0.0010449 0.00180644 -0.00175741
32.6797 2.93653 -0.00101266 0.00175113 -0.00180373
32.5391 3.05349 -0.00105558 0.00183247 -0.00178309
32.6797 3.05321 -0.001024 0.00177788 -0.00182596
32.8203 1.30286 -0.000683143 0.00110731 -0.00113866
32.9609 1.30273 -0.000635187 0.00102955 -0.00118782
32.8203 1.41953 -0.000693382 0.00112916 -0.00117496
32.9609 1.41938 -0.000642148 0.00104589 -0.00121253
33.1016 1.30258 -0.000583458 0.000946837 -0.00123744
33.2422 1.30243 -0.000530549 0.000863326 -0.00128999
33.1016 1.41923 -0.00058627 0.000956441 -0.00125153
33.2422 1.41906 -0.000530056 0.000867671 -0.00129598
32.8203 1.5362 -0.000711524 0.00116384 -0.00121723
32.9609 1.53604 -0.000656363 0.00107393 -0.00124374
32.8203 1.65287 -0.000736845 0.00121046 -0.00126848
32.9609 1.6527 -0.000677211 0.00111314 -0.00128802
33.1016 1.53587 -0.000594454 0.000974726 -0.00127238
33.2422 1.5357 -0.000533315 0.000878109 -0.00130852
33.1016 1.65252 -0.000608171 0.00100248 -0.00130866
33.2422 1.65233 -0.000541508 0.000896893 -0.00133474
33.3828 1.30227 -0.000477561 0.000780715 -0.00134596
33.5234 1.30211 -0.00042347 0.000697373 -0.00140339
33.3828 1.41889 -0.00047632 0.000783851 -0.00134602
33.5234 1.41871 -0.000424533 0.000703978 -0.00139876
33.6641 1.30194 -0.000366387 0.000610318 -0.00145842
33.8047 1.30175 -0.000306816 0.000520181 -0.00150652
33.6641 1.41852 -0.000372537 0.000624567 -0.00144997
33.8047 1.41833 -0.000319711 0.000544493 -0.00149542
33.3828 1.53551 -0.000478268 0.000792111 -0.0013519
33.5234 1.53532 -0.000428851 0.000715711 -0.00139922
33.3828 1.65213 -0.00048464 0.000807648 -0.00136761
33.5234 1.65192 -0.000437132 0.000733788 -0.00140647
33.6641 1.53511 -0.000382029 0.000644026 -0.00144682
33.8047 1.5349 -0.000335789 0.000573837 -0.00149177
33.6641 1.6517 -0.000394952 0.000668877 -0.00144865
33.8047 1.65147 -0.000354413 0.000607171 -0.00149219
32.8203 1.76954 -0.000766317 0.00126467 -0.00133313
32.9609 1.76936 -0.000702183 0.00116025 -0.00135356
32.8203 1.88621 -0.000795536 0.00131964 -0.00140867
32.9609 1.88602 -0.000728192 0.00121044 -0.00143514
33.1016 1.76916 -0.000627753 0.00104094 -0.00137031
33.2422 1.76896 -0.000557586 0.000929225 -0.00138424
33.1016 1.88581 -0.000652803 0.00108946 -0.00145182
33.2422 1.88559 -0.000583336 0.000978046 -0.00145626
32.8203 2.00288 -0.000821999 0.00137106 -0.00148648
32.9609 2.00267 -0.000753506 0.00126028 -0.00151851
32.8203 2.11955 -0.000845717 0.00141857 -0.00156074
32.9609 2.11933 -0.000778196 0.00130939 -0.00159595
33.1016 2.00246 -0.000681432 0.0011443 -0.00153682
33.2422 2.00223 -0.000616613 0.00103949 -0.00153757
33.1016 2.1191 -0.000711826 0.00120205 -0.00161523
33.2422 2.11886 -0.000653802 0.0011073 -0.00161575
33.3828 1.76875 -0.000498676 0.000835896 -0.00140035
33.5234 1.76852 -0.000451463 0.000761637 -0.00142415
33.3828 1.88537 -0.000523862 0.000882614 -0.00145475
33.5234 1.88513 -0.000475333 0.000804964 -0.00145761
33.6641 1.76829 -0.00041247 0.000700965 -0.00145627
33.8047 1.76804 -0.000376366 0.000645615 -0.00149504
33.6641 1.88487 -0.000436882 0.000743976 -0.0014725
33.8047 1.88461 -0.000403252 0.000691629 -0.0015009
33.3828 2.00198 -0.000559906 0.000947261 -0.00152548
33.5234 2.00173 -0.000511122 0.000867735 -0.00150992
33.3828 2.1186 -0.000602673 0.00102295 -0.00160076
33.5234 2.11833 -0.000556667 0.000946591 -0.00157663
33.6641 2.00146 -0.00047107 0.000802713 -0.0015033
33.8047 2.00118 -0.000437077 0.000748539 -0.0015145
33.6641 2.11805 -0.000515773 0.000878805 -0.00155407
33.8047 2.11776 -0.000479379 0.000819417 -0.00154613
33.9453 1.30156 -0.000251249 0.000436592 -0.00154608
34.0859 1.30137 -0.000208824 0.000373162 -0.00158222
33.9453 1.41812 -0.000269577 0.000468936 -0.00153358
34.0859 1.4179 -0.000227816 0.000406425 -0.00156902
34.2266 1.30116 -0.000180612 0.000331468 -0.00162275
34.3672 1.30095 -0.00015844 0.000299289 -0.0016693
34.2266 1.41768 -0.000195694 0.000358964 -0.00160954
34.3672 1.41745 -0.000168258 0.000319212 -0.0016582
33.9453 1.53467 -0.000291083 0.000506493 -0.00153316
34.0859 1.53444 -0.000250593 0.000446059 -0.00157399
33.9453 1.65123 -0.00031434 0.000546878 -0.00153713
34.0859 1.65098 -0.000275225 0.000488819 -0.00158564
34.2266 1.5342 -0.000215047 0.000393767 -0.0016198
34.3672 1.53395 -0.000181637 0.000345536 -0.00167375
34.2266 1.65072 -0.000236908 0.000432901 -0.00164109
34.3672 1.65045 -0.000197479 0.000376403 -0.00170545
34.5078 1.30073 -0.00013349 0.000263448 -0.00171688
34.6484 1.3005 -9.97405e-05 0.000215023 -0.00175881
34.5078 1.41721 -0.000138737 0.000277035 -0.00171117
34.6484 1.41696 -0.000101482 0.000223985 -0.00176128
34.7891 1.30026 -5.40494e-05 0.00014947 -0.00178955
34.9297 1.30002 3.18319e-06 6.74869e-05 -0.00180557
34.7891 1.4167 -5.32706e-05 0.000155258 -0.00180074
34.9297 1.41643 5.77771e-06 7.09671e-05 -0.00182262
34.5078 1.53369 -0.000145726 0.000294464 -0.00173381
34.6484 1.53342 -0.000102952 0.000233975 -0.00179334
34.5078 1.65017 -0.000154059 0.000315052 -0.00177676
34.6484 1.64988 -0.000104249 0.000245107 -0.00184813
34.7891 1.53314 -5.09827e-05 0.000160406 -0.00184268
34.9297 1.53285 9.66987e-06 7.41942e-05 -0.00187117
34.7891 1.64958 -4.7532e-05 0.000165377 -0.00190811
34.9297 1.64927 1.46377e-05 7.74108e-05 -0.00194307
33.9453 1.76778 -0.000339769 0.000590486 -0.0015405
34.0859 1.76751 -0.000301455 0.000533873 -0.00159456
33.9453 1.88434 -0.000368861 0.000639458 -0.00154213
34.0859 1.88405 -0.000330555 0.000582864 -0.00159719
34.2266 1.76724 -0.000260397 0.000474424 -0.00165946
34.3672 1.76695 -0.000214971 0.000409841 -0.00173578
34.2266 1.88376 -0.0002864 0.000519183 -0.00166777
34.3672 1.88345 -0.00023484 0.000446242 -0.00175363
33.9453 2.00089 -0.000403153 0.000696275 -0.00154545
34.0859 2.00059 -0.000364029 0.000638108 -0.00159615
33.9453 2.11745 -0.000443551 0.000763024 -0.00156133
34.0859 2.11713 -0.000402226 0.000700801 -0.00160227
34.2266 2.00027 -0.00031634 0.000569248 -0.0016674
34.3672 1.99995 -0.000258388 0.000487352 -0.00175862
34.2266 2.11679 -0.000350275 0.000625346 -0.00166947
34.3672 2.11645 -0.000285462 0.00053354 -0.00176187
34.5078 1.76665 -0.00016361 0.000337767 -0.00182048
34.6484 1.76634 -0.000105979 0.000257401 -0.00190551
34.5078 1.88313 -0.000175259 0.000363059 -0.00185067
34.6484 1.8828 -0.000109144 0.00027141 -0.00194956
34.7891 1.76601 -4.38711e-05 0.000170723 -0.00197735
34.9297 1.76568 2.00056e-05 8.08088e-05 -0.00201938
34.7891 1.88245 -4.08539e-05 0.00017679 -0.00203447
34.9297 1.8821 2.5225e-05 8.43382e-05 -0.00208483
34.5078 1.99961 -0.000190247 0.000392444 -0.00186504
34.6484 1.99926 -0.000114783 0.000288252 -0.00197637
34.5078 2.11609 -0.000208366 0.000426155 -0.00187429
34.6484 2.11572 -0.000122716 0.000308116 -0.00199568
34.7891 1.99889 -3.91058e-05 0.000184048 -0.00207459
34.9297 1.99852 2.99925e-05 8.79936e-05 -0.00213413
34.7891 2.11533 -3.83989e-05 0.000192513 -0.00210579
34.9297 2.11493 3.4492e-05 9.17763e-05 -0.00217404
32.8203 2.23622 -0.000867482 0.00146307 -0.00162759
32.9609 2.23599 -0.000802969 0.00135856 -0.00166439
32.8203 2.35289 -0.000887843 0.00150515 -0.00168444
32.9609 2.35265 -0.000827864 0.00140763 -0.00172217
33.1016 2.23575 -0.000743146 0.00126112 -0.00168406
33.2422 2.23549 -0.000692403 0.00117726 -0.00168583
33.1016 2.35239 -0.000774723 0.00132034 -0.00174286
33.2422 2.35212 -0.000730903 0.00124694 -0.00174715
32.8203 2.46956 -0.000907175 0.00154528 -0.00173163
32.9609 2.46931 -0.000852419 0.00145579 -0.00176975
32.8203 2.58623 -0.00092578 0.00158394 -0.00177034
32.9609 2.58597 -0.000876212 0.00150242 -0.00180869
33.1016 2.46904 -0.000805722 0.00137837 -0.00179234
33.2422 2.46876 -0.000768188 0.00131459 -0.00180047
33.1016 2.58568 -0.000835328 0.00143399 -0.00183398
33.2422 2.58539 -0.00080331 0.0013788 -0.00184728
33.3828 2.23522 -0.000647799 0.00110252 -0.00167248
33.5234 2.23494 -0.000606531 0.00103284 -0.00164866
33.3828 2.35184 -0.000692541 0.00118157 -0.00173788
33.5234 2.35154 -0.000656143 0.00111914 -0.00171916
33.6641 2.23464 -0.000567103 0.00096643 -0.00162184
33.8047 2.23433 -0.000528689 0.000902792 -0.00160322
33.6641 2.35123 -0.000619208 0.00105627 -0.00169693
33.8047 2.3509 -0.000579879 0.000990836 -0.00167966
33.3828 2.46846 -0.00073534 0.00125766 -0.00179688
33.5234 2.46814 -0.000703073 0.00120158 -0.00178552
33.3828 2.58507 -0.000775189 0.00132929 -0.00185079
33.5234 2.58475 -0.000746108 0.00127833 -0.00184815
33.6641 2.46781 -0.000668193 0.00114197 -0.00177187
33.8047 2.46747 -0.000628088 0.00107553 -0.00176301
33.6641 2.5844 -0.000712326 0.00122077 -0.00184486
33.8047 2.58404 -0.000671026 0.00115303 -0.00184706
32.8203 2.7029 -0.000943716 0.00162122 -0.00180182
32.9609 2.70262 -0.000898853 0.00154696 -0.00184072
32.8203 2.81957 -0.000960834 0.00165698 -0.0018279
32.9609 2.81928 -0.000919953 0.00158893 -0.00186791
33.1016 2.70233 -0.000862779 0.00148609 -0.00186958
33.2422 2.70202 -0.000835294 0.0014382 -0.00188965
33.1016 2.81898 -0.000887298 0.00153361 -0.00190129
33.2422 2.81865 -0.00086287 0.00149101 -0.00193015
32.8203 2.93624 -0.000976838 0.00169091 -0.00185085
32.961 2.93594 -0.000939091 0.00162786 -0.00189273
32.8203 3.05291 -0.000991231 0.00172244 -0.00187306
32.961 3.0526 -0.000955642 0.00166302 -0.00191797
33.1016 2.93562 -0.000908081 0.00157551 -0.00193156
33.2422 2.93529 -0.000884637 0.00153529 -0.00197088
33.1016 3.05227 -0.000924438 0.00161099 -0.00196334
33.2422 3.05192 -0.000899877 0.00157008 -0.00201332
33.3828 2.70169 -0.000811008 0.00139502 -0.00190246
33.5234 2.70135 -0.000784081 0.00134793 -0.00191106
33.3828 2.81831 -0.000841096 0.00145258 -0.0019557
33.5234 2.81795 -0.000815289 0.00140828 -0.00197938
33.6641 2.70099 -0.000750477 0.00129134 -0.00192018
33.8047 2.70061 -0.000707664 0.00122205 -0.00193478
33.6641 2.81758 -0.000781327 0.00135225 -0.00200383
33.8047 2.81719 -0.00073679 0.00128142 -0.00203287
33.3828 2.93493 -0.000863676 0.0014994 -0.00201171
33.5234 2.93456 -0.000838239 0.00145717 -0.00205308
33.3828 3.05155 -0.00087792 0.0015341 -0.00206889
33.5234 3.05116 -0.000852036 0.00149292 -0.00212806
33.6641 2.93417 -0.000803601 0.00140161 -0.002095
33.8047 2.93376 -0.000756945 0.00132901 -0.00214053
33.6641 3.05076 -0.000816373 0.00143759 -0.00218839
33.8047 3.05033 -0.000767192 0.00136289 -0.00225123
33.9453 2.234 -0.000489104 0.000839487 -0.00160477
34.0859 2.23366 -0.000443329 0.000769658 -0.00163443
33.9453 2.35056 -0.000536035 0.000920531 -0.0016781
34.0859 2.3502 -0.000483742 0.000840374 -0.00170242
34.2266 2.23331 -0.000385544 0.000685058 -0.00169499
34.3672 2.23295 -0.00031283 0.00058159 -0.00178535
34.2266 2.34983 -0.00041793 0.000743498 -0.00175834
34.3672 2.34945 -0.000335658 0.000625893 -0.00184599
33.9453 2.46711 -0.000580029 0.000999002 -0.00176754
34.0859 2.46674 -0.000520309 0.000907777 -0.00179462
33.9453 2.58367 -0.000618927 0.00107092 -0.00186143
34.0859 2.58328 -0.000552012 0.000969363 -0.00189539
34.2266 2.46635 -0.000444902 0.000796687 -0.0018508
34.3672 2.46595 -0.000351626 0.000662983 -0.00193757
34.2266 2.58287 -0.000466783 0.000844026 -0.00195515
34.3672 2.58245 -0.000362146 0.000693866 -0.00204276
34.5078 2.23257 -0.000226052 0.000460474 -0.00190045
34.6484 2.23218 -0.000129793 0.000327812 -0.00202845
34.5078 2.34905 -0.000238062 0.000489214 -0.00196072
34.6484 2.34864 -0.000131316 0.000341799 -0.00209002
34.7891 2.23177 -3.66073e-05 0.000200296 -0.00214651
34.9297 2.23135 3.97111e-05 9.52593e-05 -0.00222043
34.7891 2.34821 -3.07839e-05 0.000204148 -0.00220904
34.9297 2.34777 4.67514e-05 9.76227e-05 -0.00228284
34.5078 2.46553 -0.00024246 0.00050957 -0.00205041
34.6484 2.4651 -0.000125925 0.000348078 -0.00217586
34.5078 2.58201 -0.000241735 0.000524172 -0.00215317
34.6484 2.58156 -0.00011675 0.00035029 -0.00227157
34.7891 2.46465 -2.04688e-05 0.000203274 -0.00228856
34.9297 2.46418 5.55247e-05 9.8796e-05 -0.00235639
34.7891 2.58109 -8.37897e-06 0.000200841 -0.00237337
34.9297 2.5806 6.47961e-05 9.99542e-05 -0.00243209
33.9453 2.70022 -0.000651908 0.00113517 -0.00196034
34.0859 2.69981 -0.000578661 0.00102478 -0.00200281
33.9453 2.81678 -0.000677525 0.00119028 -0.00207136
34.0859 2.81635 -0.000598743 0.00107251 -0.0021241
34.2266 2.69939 -0.000484505 0.000886675 -0.00206732
34.3672 2.69895 -0.000369395 0.000721391 -0.00215578
34.2266 2.81591 -0.000497046 0.000923874 -0.00219478
34.3672 2.81545 -0.000373121 0.000745958 -0.00228443
33.9453 2.93333 -0.000693998 0.00123368 -0.00219376
34.0859 2.93289 -0.000609927 0.00110918 -0.00225841
33.9453 3.04989 -0.000700397 0.00126333 -0.00231948
34.0859 3.04943 -0.000610977 0.00113218 -0.0023961
34.2266 2.93243 -0.000501482 0.000951468 -0.00233727
34.3672 2.93195 -0.000370081 0.00076313 -0.00243016
34.2266 3.04895 -0.00049595 0.000965789 -0.0024833
34.3672 3.04845 -0.000358036 0.000768499 -0.00257911
34.5078 2.69849 -0.000239192 0.00053744 -0.00226267
34.6484 2.69802 -0.000107737 0.000353808 -0.00237182
34.5078 2.81497 -0.000235119 0.000550602 -0.00238734
34.6484 2.81448 -9.96134e-05 0.000360593 -0.00248651
34.7891 2.69753 2.3631e-06 0.000201125 -0.00246019
34.9297 2.69702 7.34538e-05 0.000102596 -0.00250853
34.7891 2.81396 1.09721e-05 0.00020623 -0.00255997
34.9297 2.81344 8.13895e-05 0.000107791 -0.0025962
34.5078 2.93145 -0.000226142 0.000559177 -0.00253005
34.6484 2.93094 -8.93582e-05 0.000366727 -0.00261887
34.5078 3.04793 -0.000210497 0.000559152 -0.00267343
34.6484 3.0474 -7.63243e-05 0.000369371 -0.00274672
34.7891 2.9304 1.90529e-05 0.000214273 -0.00267591
34.9297 2.92985 8.90272e-05 0.000115338 -0.00269827
34.7891 3.04684 2.63149e-05 0.000223457 -0.00278254
34.9297 3.04627 9.55656e-05 0.000124159 -0.0027893
