26.0703 -8.01409 -0.000323419 -7.14996e-05 -0.0022713
26.2109 -8.01558 -0.0003851 6.38548e-05 -0.00223817
26.0703 -7.89766 -0.000334076 -7.86158e-05 -0.00239617
26.2109 -7.89912 -0.000394189 5.34152e-05 -0.00236298
26.3515 -8.01702 -0.000435883 0.000184924 -0.00217575
26.4922 -8.01841 -0.000470786 0.000279862 -0.0020908
26.3515 -7.90054 -0.000443064 0.000170392 -0.00230048
26.4922 -7.90192 -0.000475804 0.000260517 -0.00221592
26.0703 -7.78122 -0.000343689 -8.40063e-05 -0.00251246
26.2109 -7.78267 -0.000403326 4.66147e-05 -0.0024802
26.0703 -7.66478 -0.000351681 -8.76809e-05 -0.00261601
26.2109 -7.66621 -0.000411874 4.33001e-05 -0.00258574
26.3515 -7.78407 -0.000451432 0.000161299 -0.00241915
26.4922 -7.78542 -0.000482949 0.000248016 -0.00233647
26.3515 -7.66759 -0.000460726 0.000158256 -0.00252777
26.4922 -7.66892 -0.000492793 0.000244674 -0.00244839
26.6328 -8.01976 -0.000489347 0.000345039 -0.00199346
26.7734 -8.02106 -0.000496965 0.000389652 -0.00189027
26.6328 -7.90324 -0.000493236 0.000322662 -0.00211988
26.7734 -7.90452 -0.000502312 0.000369174 -0.00201866
26.914 -8.0223 -0.000502066 0.000431207 -0.00177957
27.0546 -8.0235 -0.000511716 0.000485716 -0.00165457
26.914 -7.90575 -0.000511859 0.000418484 -0.00190981
27.0546 -7.90693 -0.00052815 0.000485193 -0.00178565
26.6328 -7.78672 -0.000499838 0.000307993 -0.00224264
26.7734 -7.78798 -0.000510702 0.000356981 -0.00214354
26.6328 -7.67021 -0.000510528 0.000305048 -0.00235734
26.7734 -7.67145 -0.00052377 0.000357724 -0.00226007
26.914 -7.7892 -0.000524852 0.00041436 -0.00203643
27.0546 -7.79036 -0.000547737 0.000492994 -0.0019136
26.914 -7.67264 -0.000542317 0.000422886 -0.00215412
27.0546 -7.67379 -0.000571019 0.000511882 -0.00203255
26.0703 -7.54835 -0.000357496 -8.95335e-05 -0.0027021
26.2109 -7.54975 -0.000419262 4.36057e-05 -0.00267477
26.0703 -7.43191 -0.000360774 -8.93615e-05 -0.00276677
26.2109 -7.4333 -0.000425098 4.77901e-05 -0.00274295
26.3515 -7.55111 -0.000470699 0.0001621 -0.0026214
26.4922 -7.55242 -0.000505653 0.00025251 -0.00254665
26.3515 -7.43463 -0.000480937 0.000173167 -0.00269539
26.4922 -7.43593 -0.000521149 0.000271944 -0.00262659
26.0703 -7.31548 -0.000361429 -8.70368e-05 -0.00280795
26.2109 -7.31684 -0.000429136 5.58051e-05 -0.00278774
26.0703 -7.19904 -0.000359545 -8.27206e-05 -0.00282563
26.2109 -7.20038 -0.000431145 6.69352e-05 -0.00280884
26.3515 -7.31816 -0.000490684 0.000190562 -0.00274661
26.4922 -7.31943 -0.000537972 0.000301034 -0.00268494
26.3515 -7.20168 -0.000498937 0.000212209 -0.00277411
26.4922 -7.20293 -0.000554184 0.000336013 -0.00272025
26.6328 -7.55369 -0.000526096 0.000316824 -0.00245884
26.7734 -7.55491 -0.000542409 0.000374577 -0.00236312
26.6328 -7.43718 -0.000546201 0.000343728 -0.00254279
26.7734 -7.43838 -0.000566243 0.00040771 -0.00244891
26.914 -7.55609 -0.000564899 0.000446671 -0.0022579
27.0546 -7.55722 -0.000598221 0.000543614 -0.00213759
26.914 -7.43954 -0.000592165 0.000485565 -0.00234471
27.0546 -7.44065 -0.000628897 0.000587869 -0.00222615
26.6328 -7.32066 -0.000569209 0.000383057 -0.00260642
26.7734 -7.32185 -0.000593564 0.000454041 -0.00251555
26.6328 -7.20414 -0.000592607 0.00042989 -0.00264842
26.7734 -7.20531 -0.000621804 0.000508442 -0.00256223
26.914 -7.32299 -0.000622564 0.000536582 -0.00241347
27.0546 -7.32409 -0.000661819 0.000642157 -0.00229775
26.914 -7.20644 -0.000653849 0.000595152 -0.00246381
27.0546 -7.20752 -0.000695235 0.000702855 -0.00235221
27.1952 -8.02466 -0.000528404 0.000559756 -0.00150898
27.3359 -8.02576 -0.000549918 0.000649449 -0.00134046
27.1953 -7.90807 -0.000552387 0.000573456 -0.00163929
27.3359 -7.90916 -0.00058092 0.0006766 -0.00146825
27.4765 -8.02682 -0.000571422 0.000744301 -0.00115207
27.6171 -8.02782 -0.000588284 0.000832971 -0.000951679
27.4765 -7.9102 -0.00060758 0.000781386 -0.00127628
27.6171 -7.91119 -0.000627278 0.000875354 -0.00107243
27.1953 -7.79148 -0.00057928 0.000594431 -0.00176818
27.3359 -7.79256 -0.000614427 0.000709178 -0.00159796
27.1953 -7.6749 -0.000608785 0.000623991 -0.00188924
27.3359 -7.67595 -0.000649323 0.000747077 -0.00172273
27.4765 -7.79358 -0.000645747 0.000821356 -0.00140754
27.6171 -7.79456 -0.000668257 0.000918727 -0.00120626
27.4765 -7.67696 -0.000684196 0.000863129 -0.00153852
27.6171 -7.67793 -0.000709368 0.000962082 -0.00134513
27.7577 -8.02878 -0.000598064 0.000907915 -0.000749239
27.8984 -8.0297 -0.000600665 0.000966714 -0.000552914
27.7577 -7.91214 -0.000638379 0.000952664 -0.000866453
27.8984 -7.91304 -0.000641668 0.00101334 -0.000664231
28.039 -8.03056 -0.000596955 0.00100998 -0.000367005
28.1796 -8.03138 -0.000587535 0.00103858 -0.000193175
28.039 -7.91389 -0.000637924 0.00105839 -0.000468243
28.1796 -7.91469 -0.000627078 0.00108732 -0.000280631
27.7577 -7.79549 -0.000681668 0.000998834 -0.00100151
27.8984 -7.79638 -0.000687278 0.00106373 -0.000795693
27.7577 -7.67885 -0.000726295 0.001046 -0.00114602
27.8984 -7.67972 -0.000736036 0.00111758 -0.000939722
28.039 -7.79722 -0.000684822 0.00111286 -0.000589887
28.1796 -7.79801 -0.000673024 0.00114309 -0.000387611
28.039 -7.68055 -0.000736422 0.00117303 -0.000726069
28.1796 -7.68133 -0.000724344 0.00120527 -0.000510476
27.1953 -7.55831 -0.000640604 0.000662981 -0.0019972
27.3359 -7.55935 -0.000684715 0.000790279 -0.00183646
27.1953 -7.44172 -0.000674286 0.000711089 -0.00208947
27.3359 -7.44275 -0.000720049 0.000838599 -0.00193551
27.4765 -7.56035 -0.000721574 0.000906329 -0.00166155
27.6171 -7.5613 -0.000748839 0.0010049 -0.0014793
27.4765 -7.44373 -0.000757159 0.000951122 -0.00177078
27.6171 -7.44467 -0.000785441 0.00104715 -0.00160041
27.1953 -7.32514 -0.000709045 0.000766668 -0.00216572
27.3359 -7.32615 -0.000755047 0.000891625 -0.00201874
27.1953 -7.20855 -0.000743769 0.000827378 -0.00222578
27.3359 -7.20955 -0.000789449 0.000948759 -0.00208569
27.4765 -7.32712 -0.000790908 0.000998116 -0.00186309
27.6171 -7.32804 -0.000818725 0.00108928 -0.00170309
27.4765 -7.2105 -0.000823194 0.00104809 -0.00193741
27.6171 -7.21141 -0.000849003 0.0011322 -0.00178535
27.7577 -7.5622 -0.000770019 0.00109309 -0.00128931
27.8984 -7.56307 -0.000785443 0.00117317 -0.00108648
27.7577 -7.44556 -0.000810624 0.00113872 -0.00142134
27.8984 -7.44641 -0.000832451 0.0012276 -0.00122586
28.039 -7.56388 -0.000790322 0.00123679 -0.000869079
28.1796 -7.56465 -0.000778874 0.00127139 -0.000644442
28.039 -7.44721 -0.000843165 0.00130023 -0.00101066
28.1796 -7.44797 -0.00083353 0.00133734 -0.000784084
27.7578 -7.32892 -0.000846594 0.00118185 -0.00153492
27.8984 -7.32975 -0.000874282 0.00127777 -0.00134981
27.7578 -7.21227 -0.000877475 0.00122225 -0.0016268
27.8984 -7.21309 -0.000909207 0.00132143 -0.00145379
28.039 -7.33054 -0.000891303 0.00135852 -0.00114343
28.1796 -7.33129 -0.00088479 0.00139822 -0.00092356
28.039 -7.21387 -0.000931787 0.00140748 -0.00126192
28.1796 -7.21461 -0.000929383 0.00144956 -0.00105688
26.0703 -7.08261 -0.000355179 -7.69039e-05 -0.00282078
26.2109 -7.08393 -0.000430745 7.97967e-05 -0.00280722
26.0703 -6.96617 -0.000348262 -7.02412e-05 -0.0027941
26.2109 -6.96747 -0.000427369 9.26833e-05 -0.00278374
26.3515 -7.0852 -0.000504639 0.000235439 -0.00277863
26.4922 -7.08644 -0.000567853 0.000372632 -0.00273267
26.3515 -6.96873 -0.000506773 0.000257592 -0.00276117
26.4922 -6.96994 -0.000577516 0.000407396 -0.00272308
26.0703 -6.84974 -0.000338695 -6.33019e-05 -0.00274577
26.2109 -6.85101 -0.000420467 0.000104125 -0.00273855
26.0703 -6.7333 -0.000326502 -5.63637e-05 -0.00267591
26.2109 -6.73456 -0.000409829 0.000113462 -0.00267138
26.3515 -6.85225 -0.000504488 0.000276594 -0.00272192
26.4922 -6.85344 -0.000582256 0.000438128 -0.00269159
26.3515 -6.73577 -0.000497368 0.000291527 -0.00266003
26.4922 -6.73695 -0.000581607 0.000463906 -0.00263699
26.6328 -7.08763 -0.000613865 0.000478968 -0.00266846
26.7734 -7.08878 -0.000648408 0.000565769 -0.00258825
26.6328 -6.97111 -0.000631234 0.00052649 -0.00266659
26.7734 -6.97224 -0.000671636 0.00062259 -0.00259249
26.914 -7.08988 -0.000683787 0.000656922 -0.00249464
27.0546 -7.09095 -0.000727363 0.000766603 -0.00238822
26.914 -6.97333 -0.000710781 0.00071903 -0.00250392
27.0546 -6.97438 -0.00075678 0.000831046 -0.00240327
26.6328 -6.8546 -0.000643929 0.000570664 -0.00264251
26.7734 -6.85571 -0.000690826 0.000677572 -0.00257392
26.6328 -6.73808 -0.000651695 0.000610948 -0.00259518
26.7734 -6.73918 -0.000705985 0.000730595 -0.00253184
26.914 -6.85678 -0.000734131 0.000780279 -0.00248987
27.0546 -6.85781 -0.000782614 0.000894794 -0.00239507
26.914 -6.74023 -0.000753832 0.000840514 -0.00245182
27.0546 -6.74124 -0.000804549 0.000957186 -0.00236256
26.0703 -6.61687 -0.000311967 -4.9383e-05 -0.00258536
26.2109 -6.6181 -0.000395818 0.000121009 -0.00258267
26.0703 -6.50043 -0.000295625 -4.21384e-05 -0.00247636
26.2109 -6.50165 -0.000379309 0.00012772 -0.00247441
26.3515 -6.6193 -0.000485715 0.000302774 -0.00257516
26.4922 -6.62045 -0.000575614 0.000484791 -0.00255819
26.3515 -6.50282 -0.000470555 0.000311706 -0.00246876
26.4922 -6.50396 -0.000565015 0.000501795 -0.00245568
26.0703 -6.384 -0.000278129 -3.44004e-05 -0.0023522
26.2109 -6.38519 -0.000361417 0.00013471 -0.00235004
26.0703 -6.26756 -0.000260014 -2.60049e-05 -0.00221572
26.2109 -6.26874 -0.000343088 0.000142867 -0.00221277
26.3515 -6.38634 -0.000453383 0.00032018 -0.00234424
26.4922 -6.38746 -0.000551269 0.000516834 -0.00233216
26.3515 -6.26987 -0.000435652 0.000329905 -0.00220546
26.4922 -6.27096 -0.000536175 0.000532138 -0.00219203
26.6328 -6.62157 -0.000654434 0.000647122 -0.00252347
26.7734 -6.62264 -0.000717185 0.000781576 -0.00246587
26.6328 -6.50505 -0.000652269 0.000679191 -0.00242697
26.7734 -6.50611 -0.000724275 0.000829943 -0.0023758
26.914 -6.62368 -0.000770114 0.000899768 -0.00239012
27.0546 -6.62467 -0.000822707 0.00101803 -0.00230614
26.914 -6.50713 -0.000783006 0.000957591 -0.00230549
27.0546 -6.5081 -0.000837312 0.00107706 -0.00222727
26.6328 -6.38854 -0.000645881 0.000707824 -0.00230709
26.7734 -6.38958 -0.000727058 0.000874835 -0.00226216
26.6328 -6.27202 -0.000636646 0.000734458 -0.00216779
26.7734 -6.27304 -0.000725754 0.000915673 -0.00212779
26.914 -6.39058 -0.000792144 0.00101269 -0.00219897
27.0547 -6.39154 -0.000848308 0.00113334 -0.0021281
26.914 -6.27402 -0.000797002 0.00106316 -0.00207289
27.0547 -6.27497 -0.000855344 0.00118525 -0.00201128
27.1953 -7.09197 -0.000777252 0.000891029 -0.00226828
27.3359 -7.09295 -0.000822822 0.00100924 -0.00213531
27.1953 -6.97538 -0.000808368 0.000955822 -0.00229086
27.3359 -6.97635 -0.00085458 0.00107211 -0.00216602
27.4765 -7.09388 -0.000854373 0.00110158 -0.00199341
27.6171 -7.09478 -0.000877048 0.00117706 -0.00184739
27.4765 -6.97727 -0.000884621 0.00115878 -0.00203068
27.6171 -6.97815 -0.000903769 0.00122513 -0.00188987
27.1953 -6.8588 -0.000836122 0.00102016 -0.00229122
27.3359 -6.85975 -0.000884007 0.00113616 -0.00217618
27.1953 -6.74221 -0.000859764 0.00108271 -0.00226771
27.3359 -6.74315 -0.000910222 0.00119986 -0.00216406
27.4765 -6.86065 -0.000913944 0.0012196 -0.00204863
27.6171 -6.86152 -0.000930038 0.00127773 -0.0019132
27.4765 -6.74404 -0.000942041 0.00128343 -0.0020464
27.6171 -6.74489 -0.000956546 0.00133587 -0.00191751
27.7578 -7.09563 -0.00090384 0.00126076 -0.00169691
27.8984 -7.09644 -0.00093693 0.00135809 -0.00153658
27.7578 -6.97898 -0.000926941 0.00129914 -0.00174637
27.8984 -6.97978 -0.00095846 0.00138922 -0.00159871
28.039 -7.0972 -0.00096321 0.00144514 -0.00136289
28.1796 -7.09793 -0.000965122 0.00148858 -0.00117872
28.039 -6.98053 -0.000985988 0.00147245 -0.00144489
28.1796 -6.98125 -0.000991523 0.00151528 -0.00128511
27.7578 -6.86234 -0.00094837 0.00133991 -0.00177615
27.8984 -6.86312 -0.000975721 0.00141809 -0.00164058
27.7578 -6.7457 -0.000969802 0.00138586 -0.00178671
27.8984 -6.74647 -0.000991173 0.0014491 -0.00166205
28.039 -6.86387 -0.00100203 0.00149305 -0.00150659
28.1796 -6.86457 -0.0010099 0.00153281 -0.00137255
28.039 -6.7472 -0.00101413 0.00151237 -0.00154635
28.1796 -6.74789 -0.00102293 0.00154683 -0.00143735
27.1953 -6.62563 -0.000878982 0.00114264 -0.00221996
27.3359 -6.62655 -0.000932322 0.00126143 -0.00212861
27.1953 -6.50904 -0.000893873 0.00119941 -0.00214947
27.3359 -6.50995 -0.000949695 0.00131917 -0.00207059
27.4765 -6.62742 -0.000968182 0.00134873 -0.00202344
27.6171 -6.62826 -0.000983634 0.00139987 -0.00190309
27.4765 -6.51081 -0.000991385 0.00141331 -0.00197984
27.6171 -6.51163 -0.00101111 0.00146901 -0.00187043
27.1953 -6.39246 -0.000904647 0.00125248 -0.00205896
27.3359 -6.39335 -0.000962231 0.00137217 -0.00199167
27.1953 -6.27588 -0.000911536 0.00130135 -0.00195113
27.3359 -6.27675 -0.000970361 0.00142051 -0.00189371
27.4765 -6.39419 -0.00101065 0.00147498 -0.00191554
27.6171 -6.395 -0.00103796 0.00154107 -0.00181964
27.4765 -6.27758 -0.00102522 0.00153195 -0.00183082
27.6171 -6.27837 -0.00106237 0.00161246 -0.00175026
27.7578 -6.62905 -0.000992745 0.00143947 -0.00177858
27.8984 -6.62981 -0.00100735 0.0014868 -0.00166299
27.7578 -6.51241 -0.00101827 0.00150229 -0.00175267
27.8984 -6.51316 -0.00102648 0.00153499 -0.0016439
28.039 -6.63053 -0.00102539 0.00153627 -0.00156272
28.1796 -6.63121 -0.00103394 0.00156411 -0.00147608
28.039 -6.51386 -0.00103867 0.00157002 -0.00155492
28.1796 -6.51453 -0.00104607 0.00159079 -0.0014861
27.7578 -6.39577 -0.00104658 0.00157416 -0.00171027
27.8984 -6.3965 -0.00105008 0.00159584 -0.0016067
27.7578 -6.27913 -0.00107655 0.00165257 -0.00165208
27.8984 -6.27984 -0.00107835 0.00166888 -0.00155387
28.039 -6.39719 -0.0010563 0.00161735 -0.00152426
28.1796 -6.39785 -0.00106164 0.00163094 -0.00146711
28.039 -6.28053 -0.00107963 0.00167965 -0.00147436
28.1796 -6.28117 -0.00108215 0.00168621 -0.00142218
28.3202 -8.03214 -0.000572714 0.00105287 -3.29806e-05
28.4609 -8.03286 -0.000552999 0.00105326 0.000111034
28.3202 -7.91545 -0.000609015 0.0010991 -0.000105099
28.4609 -7.91616 -0.000584278 0.00109338 5.28262e-05
28.6015 -8.03354 -0.000529105 0.00104019 0.000235183
28.7421 -8.03416 -0.000501913 0.0010143 0.000335468
28.6015 -7.91682 -0.000553949 0.00107056 0.000186749
28.7421 -7.91744 -0.000519642 0.00103261 0.000292346
28.3202 -7.79876 -0.000651238 0.00115149 -0.000196017
28.4609 -7.79946 -0.000620282 0.00113713 -2.47229e-05
28.3202 -7.68207 -0.000698415 0.00120882 -0.000304544
28.4609 -7.68276 -0.000660271 0.00118342 -0.0001215
28.6015 -7.80011 -0.00058226 0.00110195 0.000118294
28.7421 -7.80072 -0.000540123 0.00105093 0.000230457
28.6015 -7.6834 -0.000613956 0.00113482 3.10755e-05
28.7421 -7.684 -0.000563722 0.00107072 0.000151731
28.8828 -8.03473 -0.00047242 0.000976932 0.000409691
29.0234 -8.03526 -0.000441577 0.000930365 0.00045917
28.8828 -7.91801 -0.000483309 0.000983274 0.000369592
29.0234 -7.91853 -0.000446511 0.000926476 0.000421746
29.164 -8.03574 -0.000410478 0.000877739 0.000487527
29.3046 -8.03617 -0.000380147 0.000821931 0.000498094
29.164 -7.919 -0.000410308 0.000865169 0.000452122
29.3046 -7.91942 -0.0003755 0.000801374 0.000462621
28.8828 -7.80128 -0.000496694 0.00098985 0.000313248
29.0234 -7.80179 -0.000453679 0.00092255 0.000368887
28.8828 -7.68455 -0.000512719 0.000996962 0.000240058
29.0234 -7.68505 -0.000462786 0.000917115 0.000296529
29.164 -7.80225 -0.00041194 0.000851178 0.000399219
29.3046 -7.80267 -0.000372392 0.000778297 0.000407404
29.164 -7.68551 -0.000415232 0.000834705 0.000325111
29.3046 -7.68592 -0.000371271 0.000753738 0.00033239
28.3202 -7.56537 -0.000748855 0.00126887 -0.000428333
28.4609 -7.56605 -0.000703456 0.00123167 -0.00023539
28.3203 -7.44868 -0.000800389 0.00132886 -0.000563587
28.4609 -7.44935 -0.000748868 0.00128121 -0.000363033
28.6015 -7.56669 -0.000648956 0.0011699 -7.26591e-05
28.7421 -7.56728 -0.000590255 0.00109181 5.59578e-05
28.6015 -7.44998 -0.000686577 0.00120655 -0.000191419
28.7421 -7.45055 -0.000618881 0.00111249 -5.82385e-05
28.3203 -7.33199 -0.000850542 0.00138565 -0.000705515
28.4609 -7.33265 -0.000795002 0.00133034 -0.000501237
28.3203 -7.2153 -0.000896651 0.00143581 -0.000848811
28.4609 -7.21595 -0.000839831 0.00137615 -0.000647347
28.6015 -7.33326 -0.000725493 0.00124278 -0.000324366
28.7421 -7.33383 -0.000648766 0.00113172 -0.000190057
28.6015 -7.21655 -0.000764486 0.00127669 -0.000470876
28.7421 -7.21711 -0.000679733 0.00114979 -0.00033799
28.8828 -7.56782 -0.000530823 0.00100297 0.000146973
29.0234 -7.56832 -0.000473616 0.000909565 0.000202979
28.8828 -7.45109 -0.000550745 0.00100751 3.3479e-05
29.0234 -7.45158 -0.000486689 0.000901641 9.01806e-05
29.164 -7.56877 -0.0004206 0.000817264 0.000231613
29.3046 -7.56918 -0.000372646 0.00072941 0.000239605
29.164 -7.45203 -0.000428604 0.000800372 0.000119692
29.3046 -7.45243 -0.000376993 0.000706253 0.000128553
28.8828 -7.33436 -0.000572779 0.00101199 -9.8177e-05
29.0234 -7.33484 -0.000502507 0.000894773 -4.08137e-05
28.8828 -7.21763 -0.000597296 0.00101759 -0.000246951
29.0234 -7.21811 -0.000521651 0.00089039 -0.000189447
29.164 -7.33528 -0.000439871 0.000785396 -1.06156e-05
29.3046 -7.33568 -0.000385222 0.000686596 1.0185e-06
29.164 -7.21854 -0.000455327 0.000774812 -0.000157081
29.3046 -7.21893 -0.000398251 0.000672993 -0.000140278
29.4453 -8.03656 -0.000351565 0.000765282 0.000492845
29.5859 -8.03689 -0.000324825 0.000708257 0.000472833
29.4453 -7.9198 -0.000343051 0.000737299 0.000454923
29.5859 -7.92013 -0.000312934 0.000673688 0.000431868
29.7265 -8.03718 -0.000299137 0.000649904 0.0004396
29.8672 -8.03742 -0.00027425 0.000590751 0.000396485
29.7265 -7.92041 -0.000284492 0.000610485 0.00039741
29.8672 -7.92065 -0.000257575 0.000548401 0.000355077
29.4453 -7.80305 -0.000336075 0.000707012 0.000397933
29.5859 -7.80337 -0.000302902 0.000638262 0.000374868
29.4453 -7.68629 -0.000331494 0.000676638 0.000323519
29.5859 -7.68661 -0.000295491 0.000603487 0.000301704
29.7265 -7.80365 -0.000272051 0.00057149 0.000341596
29.8672 -7.80388 -0.000243259 0.000506994 0.000300984
29.7265 -7.68689 -0.000262432 0.000533713 0.000270463
29.8672 -7.68712 -0.000231992 0.000467717 0.000233573
30.0078 -8.03761 -0.000250686 0.00053264 0.000346784
30.1484 -8.03775 -0.00022857 0.0004763 0.00029239
30.0078 -7.92084 -0.000232355 0.000488336 0.000307104
30.1484 -7.92098 -0.000208831 0.000430623 0.000254836
30.2891 -8.03785 -0.000207541 0.000421463 0.000234657
30.4297 -8.03789 -0.000187309 0.00036789 0.000174598
30.2891 -7.92107 -0.000186649 0.00037498 0.00019958
30.4297 -7.92112 -0.000165308 0.00032096 0.000142948
30.0078 -7.80407 -0.000216575 0.000445492 0.000255505
30.1484 -7.80421 -0.000191706 0.000386951 0.000207052
30.0078 -7.6873 -0.000203953 0.000405716 0.000193475
30.1484 -7.68744 -0.000177828 0.000347144 0.000151426
30.2891 -7.8043 -0.000168301 0.000331046 0.000156836
30.4297 -7.80434 -0.000145876 0.000277209 0.000105945
30.2891 -7.68753 -0.000153167 0.000291373 0.000108165
30.4297 -7.68757 -0.000129556 0.000237811 6.42942e-05
29.4453 -7.56954 -0.000329686 0.000647087 0.000231744
29.5859 -7.56985 -0.000291192 0.000570423 0.000212342
29.4453 -7.45278 -0.000331371 0.00062005 0.000123356
29.5859 -7.45309 -0.000290877 0.000541523 0.000109444
29.7265 -7.57012 -0.000256337 0.000499079 0.000185885
29.8672 -7.57035 -0.000224516 0.000432777 0.000155625
29.7265 -7.45336 -0.000254521 0.000469776 9.04838e-05
29.8672 -7.45358 -0.000221352 0.000403607 6.86344e-05
29.4453 -7.33603 -0.000337479 0.000598196 1.41325e-06
29.5859 -7.33634 -0.000295282 0.000518834 -4.77566e-06
29.4453 -7.21928 -0.00034864 0.000583232 -0.000132463
29.5859 -7.21958 -0.000304831 0.000503376 -0.000129816
29.7265 -7.3366 -0.000257456 0.000447002 -1.48432e-05
29.8672 -7.33682 -0.00022288 0.000381015 -2.72776e-05
29.7265 -7.21984 -0.000265518 0.000431524 -0.000130162
29.8672 -7.22005 -0.000229477 0.000365702 -0.000132368
30.0078 -7.57053 -0.000195163 0.000370862 0.000123111
30.1484 -7.57067 -0.000167714 0.000312478 8.903e-05
30.0078 -7.45376 -0.000190633 0.000341908 4.49006e-05
30.1484 -7.45389 -0.000161768 0.000283698 1.97364e-05
30.2891 -7.57075 -0.000141704 0.000256875 5.37924e-05
30.4297 -7.5708 -0.000116764 0.000203476 1.77642e-05
30.2891 -7.45398 -0.000134298 0.000228194 -6.62696e-06
30.4297 -7.45403 -0.000107888 0.000174827 -3.40124e-05
30.0078 -7.33699 -0.00019072 0.000319516 -4.13479e-05
30.1484 -7.33712 -0.000160354 0.000261436 -5.67626e-05
30.0078 -7.22022 -0.000195803 0.000304364 -0.000135954
30.1484 -7.22035 -0.000163852 0.000246354 -0.000140801
30.2891 -7.33721 -0.000131323 0.000205958 -7.34326e-05
30.4297 -7.33725 -0.000103316 0.000152507 -9.13512e-05
30.2891 -7.22044 -0.000133165 0.00019082 -0.000146959
30.4297 -7.22048 -0.000103441 0.000137175 -0.000154576
28.3203 -7.09861 -0.000936356 0.00147634 -0.000988336
28.4609 -7.09925 -0.000881392 0.00141584 -0.000798673
28.3203 -6.98192 -0.0009682 0.00150569 -0.00111947
28.4609 -6.98254 -0.000918329 0.00144785 -0.000951806
28.6015 -7.09984 -0.000803039 0.00130774 -0.000630102
28.7421 -7.10039 -0.000712451 0.00116821 -0.00050171
28.6015 -6.98313 -0.000841105 0.00133667 -0.000799442
28.7421 -6.98368 -0.000747938 0.00118949 -0.000679501
28.3203 -6.86522 -0.000992036 0.00152492 -0.00123651
28.4609 -6.86584 -0.000949672 0.00147211 -0.00110005
28.3203 -6.74853 -0.00100949 0.00153873 -0.00133207
28.4609 -6.74914 -0.000975062 0.00149089 -0.0012315
28.6015 -6.86642 -0.000878586 0.00136498 -0.000972838
28.7421 -6.86696 -0.000786955 0.0012165 -0.00086623
28.6015 -6.74971 -0.000914627 0.00139421 -0.00113792
28.7421 -6.75024 -0.000829633 0.00125198 -0.0010522
28.8828 -7.10091 -0.000625061 0.00102602 -0.00041243
29.0234 -7.10137 -0.000545234 0.000891147 -0.000354085
28.8828 -6.98418 -0.000657273 0.00104015 -0.000592758
29.0234 -6.98464 -0.000574373 0.000899755 -0.000532787
29.164 -7.1018 -0.000475915 0.000771063 -0.00031759
29.3047 -7.10218 -0.000416679 0.000666994 -0.000294127
29.164 -6.98506 -0.00050242 0.000775979 -0.000491173
29.3047 -6.98543 -0.000441088 0.000669848 -0.000460331
28.8828 -6.86745 -0.000694954 0.00106294 -0.000784262
29.0234 -6.8679 -0.000610032 0.000918618 -0.000723606
28.8828 -6.75072 -0.000738622 0.00109721 -0.000979879
29.0234 -6.75117 -0.000653044 0.000950481 -0.000922116
29.164 -6.86831 -0.000535747 0.000791516 -0.000677156
29.3047 -6.86869 -0.000472378 0.000683304 -0.000638919
29.164 -6.75157 -0.000577091 0.000820489 -0.000873429
29.3047 -6.75194 -0.000511985 0.000710265 -0.000829137
28.3203 -6.63184 -0.00102387 0.00155474 -0.00139896
28.4609 -6.63244 -0.000995952 0.00151001 -0.00133241
28.3203 -6.51515 -0.00103894 0.00158076 -0.00143235
28.4609 -6.51574 -0.00101597 0.00153805 -0.00139335
28.6015 -6.633 -0.000947574 0.00142571 -0.00127642
28.7421 -6.63352 -0.00087465 0.00129726 -0.00122204
28.6015 -6.51629 -0.000977354 0.00146327 -0.00137051
28.7421 -6.5168 -0.000918999 0.0013519 -0.00135374
28.3203 -6.39846 -0.00105737 0.00162162 -0.0014307
28.4609 -6.39904 -0.00103911 0.00158245 -0.00141172
28.3203 -6.28177 -0.00108012 0.00167822 -0.0013959
28.4609 -6.28234 -0.0010672 0.00164542 -0.00139021
28.6015 -6.39958 -0.00100732 0.00151444 -0.00141177
28.7421 -6.40008 -0.000961164 0.00141765 -0.00142607
28.6015 -6.28287 -0.00104145 0.00158505 -0.00140363
28.7422 -6.28336 -0.00100397 0.00149987 -0.00143471
28.8828 -6.63399 -0.000788451 0.00114621 -0.00116776
29.0234 -6.63443 -0.000703841 0.000998586 -0.0011185
28.8828 -6.51727 -0.000843424 0.00121228 -0.00132992
29.0234 -6.5177 -0.000762927 0.00106726 -0.00129822
29.164 -6.63483 -0.000627543 0.000866715 -0.00107279
29.3047 -6.63519 -0.000561619 0.000755119 -0.00102598
29.164 -6.51809 -0.000688017 0.000935115 -0.00126149
29.3047 -6.51844 -0.000622646 0.000823342 -0.00121686
28.8828 -6.40054 -0.000899916 0.00129496 -0.00143879
29.0234 -6.40096 -0.000829123 0.00115983 -0.00143697
28.8828 -6.28381 -0.000955472 0.00139399 -0.00147302
29.0234 -6.28423 -0.000897725 0.00127482 -0.00150174
29.164 -6.40135 -0.000758763 0.00103097 -0.00141807
29.3047 -6.4017 -0.000695541 0.000920376 -0.00138155
29.164 -6.28461 -0.000836121 0.00115508 -0.00150842
29.3047 -6.28495 -0.000777184 0.00104739 -0.00148883
29.4453 -7.10252 -0.000365297 0.000576181 -0.000277934
29.5859 -7.10282 -0.000319925 0.000495991 -0.000265672
29.4453 -6.98577 -0.00038801 0.000578153 -0.000435107
29.5859 -6.98606 -0.000341132 0.000497786 -0.000412466
29.7265 -7.10307 -0.00027912 0.000424178 -0.000255522
29.8672 -7.10329 -0.000241563 0.000358503 -0.000246683
29.7265 -6.98631 -0.000298828 0.00042607 -0.000390956
29.8672 -6.98652 -0.000259681 0.000360492 -0.000370176
29.4453 -6.86901 -0.000417712 0.000590883 -0.00060425
29.5859 -6.8693 -0.000369378 0.00051048 -0.0005704
29.4453 -6.75226 -0.000455945 0.000617303 -0.000785157
29.5859 -6.75255 -0.000406159 0.000536877 -0.000739352
29.7265 -6.86955 -0.000325506 0.000438829 -0.000536517
29.8672 -6.86976 -0.000284626 0.000373178 -0.000502789
29.7265 -6.75279 -0.000360511 0.000464994 -0.000692054
29.8672 -6.75299 -0.000317622 0.000398859 -0.000644314
30.0078 -7.10346 -0.000206295 0.000297258 -0.000238956
30.1484 -7.10358 -0.00017266 0.000239216 -0.000232421
30.0078 -6.98669 -0.000222705 0.000299207 -0.000350267
30.1484 -6.98681 -0.000187249 0.00024095 -0.00033154
30.2891 -7.10367 -0.000140208 0.000183508 -0.000227272
30.4297 -7.10371 -0.000108651 0.000129537 -0.000223785
30.2891 -6.9869 -0.000152893 0.000184868 -0.000314333
30.4297 -6.98694 -0.000119374 0.000130388 -0.00029901
30.0078 -6.86992 -0.000245749 0.000311586 -0.00046976
30.1484 -6.87004 -0.00020826 0.000252786 -0.00043801
30.0078 -6.75315 -0.000276521 0.000336461 -0.00059713
30.1484 -6.75327 -0.000236642 0.000276552 -0.000551406
30.2891 -6.87012 -0.000171785 0.000195977 -0.000408022
30.4297 -6.87017 -0.000136119 0.000140677 -0.000380213
30.2891 -6.75335 -0.000197673 0.000218405 -0.000507766
30.4297 -6.75339 -0.000159531 0.000161757 -0.000466624
29.4453 -6.63551 -0.000504669 0.000661874 -0.000974305
29.5859 -6.63579 -0.000453454 0.000581199 -0.000916802
29.4453 -6.51876 -0.000565494 0.000730124 -0.0011607
29.5859 -6.51903 -0.000513 0.000648717 -0.00109372
29.7265 -6.63603 -0.00040571 0.000508409 -0.000855656
29.8672 -6.63623 -0.000360409 0.000441067 -0.000793085
29.7265 -6.51926 -0.000462985 0.000574188 -0.00101993
29.8672 -6.51946 -0.000414854 0.00050465 -0.000942578
29.4453 -6.402 -0.000638947 0.000827174 -0.00132595
29.5859 -6.40227 -0.000585387 0.000744146 -0.00125399
29.4453 -6.28525 -0.000722299 0.00095399 -0.00144317
29.5859 -6.28552 -0.000668649 0.000868978 -0.00137463
29.7265 -6.4025 -0.000533184 0.000667009 -0.0011709
29.8672 -6.4027 -0.000481921 0.000594084 -0.00108049
29.7265 -6.28574 -0.00061475 0.000788503 -0.00128831
29.8672 -6.28593 -0.000560087 0.000710411 -0.00118959
30.0078 -6.63638 -0.000316607 0.000377097 -0.000730588
30.1484 -6.6365 -0.000273754 0.000315206 -0.000669431
30.0078 -6.51962 -0.000367758 0.00043804 -0.000863877
30.1484 -6.51973 -0.00032104 0.00037274 -0.000785773
30.2891 -6.63658 -0.000231611 0.000254721 -0.000610597
30.4297 -6.63662 -0.000190389 0.000195829 -0.000554739
30.2891 -6.51981 -0.000274557 0.000307987 -0.000710442
30.4297 -6.51985 -0.000229139 0.000244804 -0.000639575
30.0078 -6.40285 -0.000430667 0.00052292 -0.000986216
30.1484 -6.40296 -0.000378687 0.000451352 -0.000891985
30.0078 -6.28608 -0.000503655 0.000631699 -0.00108406
30.1484 -6.2862 -0.000444902 0.000550083 -0.000977861
30.2891 -6.40304 -0.00032627 0.000378954 -0.000801937
30.4297 -6.40308 -0.000275192 0.000308172 -0.000718737
30.2891 -6.28627 -0.000385061 0.00046643 -0.00087688
30.4297 -6.28631 -0.000326962 0.000384855 -0.0007845
