30.5703 -9.9063 -0.000500831 0.000853816 1.72268e-05
30.711 -9.90624 -0.000490747 0.000830912 1.38245e-05
30.5703 -9.78952 -0.000493645 0.000852084 4.79853e-05
30.711 -9.78946 -0.000483446 0.00082645 3.70122e-05
30.8516 -9.90612 -0.000472389 0.000793911 9.01323e-06
30.9922 -9.90595 -0.000446931 0.000745434 4.06319e-06
30.8516 -9.78935 -0.00046585 0.000787584 2.27654e-05
30.9922 -9.78917 -0.000442109 0.000738991 8.80818e-06
30.5703 -9.67275 -0.000483458 0.000844509 7.72347e-05
30.7109 -9.67269 -0.000472364 0.000814781 5.8262e-05
30.5703 -9.55597 -0.000470326 0.000830552 0.000103027
30.7109 -9.55591 -0.000458181 0.000796683 7.64014e-05
30.8516 -9.67257 -0.000455236 0.000774139 3.59655e-05
30.9922 -9.6724 -0.000433107 0.000726016 1.49534e-05
30.8516 -9.5558 -0.00044156 0.00075498 4.7718e-05
30.9922 -9.55563 -0.000420425 0.00070652 2.00504e-05
31.1329 -9.90571 -0.000417018 0.000690504 2.98125e-07
31.2735 -9.90542 -0.000384314 0.000631995 -2.21734e-06
31.1329 -9.78894 -0.000413852 0.000684417 -2.21591e-06
31.2735 -9.78865 -0.000382192 0.000625558 -1.10379e-05
31.4141 -9.90506 -0.000349888 0.000571461 -4.24108e-06
31.5547 -9.90465 -0.000315072 0.000510886 -6.44114e-06
31.4141 -9.7883 -0.000348384 0.000563912 -1.95579e-05
31.5547 -9.78789 -0.000314427 0.000502554 -2.84619e-05
31.1328 -9.67217 -0.000406214 0.000671343 -3.53667e-06
31.2735 -9.67188 -0.000375379 0.00061087 -2.16782e-05
31.1328 -9.5554 -0.000393913 0.000649607 -7.76099e-06
31.2735 -9.55512 -0.000363633 0.000586883 -3.61855e-05
31.4141 -9.67154 -0.000342563 0.000547722 -4.00282e-05
31.5547 -9.67114 -0.000310107 0.000486263 -5.70459e-05
31.4141 -9.55478 -0.000332404 0.000523922 -6.25675e-05
31.5547 -9.55438 -0.000302039 0.000464379 -8.47687e-05
30.5703 -9.43919 -0.000454547 0.000810517 0.000124619
30.7109 -9.43914 -0.000441679 0.000773541 9.15169e-05
30.5703 -9.32242 -0.00043664 0.000785405 0.000142219
30.7109 -9.32236 -0.000423365 0.000746305 0.000103793
30.8516 -9.43902 -0.000425373 0.000730794 5.72433e-05
30.9922 -9.43886 -0.000404023 0.000679735 2.19062e-05
30.8516 -9.32225 -0.000406598 0.000701174 6.3591e-05
30.9922 -9.32208 -0.000384129 0.000646129 2.06731e-05
30.5703 -9.20564 -0.000417104 0.000756305 0.000156436
30.7109 -9.20559 -0.000403309 0.000715106 0.000113162
30.5703 -9.08886 -0.000396257 0.000723912 0.000167636
30.7109 -9.08881 -0.000381383 0.000679726 0.000119497
30.8516 -9.20548 -0.000385132 0.000666021 6.68762e-05
30.9922 -9.20531 -0.000361722 0.000608068 1.85448e-05
30.8516 -9.0887 -0.000361516 0.00062655 6.79543e-05
30.9922 -9.08854 -0.000338011 0.00056794 1.66987e-05
31.1328 -9.43863 -0.000377218 0.00061965 -1.50216e-05
31.2735 -9.43835 -0.000347945 0.000556742 -5.00152e-05
31.1328 -9.32186 -0.000357438 0.000584757 -2.19233e-05
31.2735 -9.32159 -0.000329776 0.000523935 -5.97418e-05
31.4141 -9.43802 -0.000318703 0.000496127 -8.00545e-05
31.5547 -9.43762 -0.000290576 0.000439481 -0.000105327
31.4141 -9.32125 -0.000302519 0.000466013 -9.24775e-05
31.5547 -9.32087 -0.000276558 0.00041209 -0.000121128
31.1328 -9.20509 -0.000336002 0.000547856 -2.66826e-05
31.2735 -9.20482 -0.000310007 0.000489393 -6.68566e-05
31.1328 -9.08833 -0.000313582 0.000509679 -3.04297e-05
31.2735 -9.08806 -0.000289146 0.00045328 -7.34241e-05
31.4141 -9.20449 -0.000284669 0.000433913 -0.000102852
31.5547 -9.20411 -0.000261072 0.000383211 -0.000134439
31.4141 -9.08773 -0.000265922 0.000400802 -0.000112015
31.5547 -9.08735 -0.000244791 0.000353822 -0.000145545
31.6954 -9.90418 -0.000281328 0.000452687 -8.67736e-06
31.836 -9.90365 -0.000249261 0.000397891 -1.06939e-05
31.6954 -9.78743 -0.000281962 0.000444396 -3.69768e-05
31.836 -9.7869 -0.00025109 0.000389848 -4.41994e-05
31.9766 -9.90306 -0.000219685 0.000347739 -1.25006e-05
32.1173 -9.90241 -0.000193226 0.000303228 -1.39018e-05
31.9766 -9.78632 -0.00022245 0.000340024 -4.96877e-05
32.1173 -9.78568 -0.000196921 0.000296259 -5.34301e-05
31.6954 -9.67068 -0.000279471 0.000429156 -7.17511e-05
31.836 -9.67016 -0.000250532 0.000376319 -8.35808e-05
31.6954 -9.55392 -0.000273446 0.00040964 -0.0001029
31.836 -9.55341 -0.000246687 0.000359582 -0.000117449
31.9766 -9.66958 -0.000223599 0.000328338 -9.20608e-05
32.1173 -9.66895 -0.00019951 0.000286342 -9.76113e-05
31.9766 -9.55285 -0.000221992 0.000314542 -0.000128284
32.1173 -9.55222 -0.000199874 0.000275289 -0.000135335
32.2579 -9.90171 -0.000170167 0.00026481 -1.45978e-05
32.3985 -9.90094 -0.000150481 0.000232303 -1.47296e-05
32.2579 -9.78498 -0.00017471 0.000258846 -5.52377e-05
32.3985 -9.78423 -0.000155581 0.000227353 -5.49883e-05
32.5392 -9.90012 -0.000133871 0.000205093 -1.44647e-05
32.6798 -9.89924 -0.000119022 0.000181082 -1.37007e-05
32.5392 -9.78341 -0.000139385 0.000201424 -5.27879e-05
32.6798 -9.78254 -0.00012505 0.000179163 -4.90672e-05
32.2579 -9.66826 -0.000178758 0.000250946 -0.000100459
32.3985 -9.66751 -0.000161075 0.000221773 -0.000100148
32.2579 -9.55154 -0.000180942 0.000242582 -0.000138965
32.3985 -9.5508 -0.000165135 0.000216104 -0.000139566
32.5392 -9.66671 -0.00014613 0.000198249 -9.65568e-05
32.6798 -9.66585 -0.000132861 0.000178404 -9.04058e-05
32.5392 -9.55 -0.000152066 0.000195133 -0.000137199
32.6798 -9.54915 -0.000140554 0.000177798 -0.000131693
31.6954 -9.43717 -0.000264262 0.000387602 -0.000126696
31.836 -9.43667 -0.000239938 0.000340685 -0.000144236
31.6954 -9.32042 -0.000252695 0.000363372 -0.0001458
31.836 -9.31992 -0.00023109 0.000320198 -0.000165986
31.9766 -9.43611 -0.000217889 0.000299267 -0.00015745
32.1173 -9.43549 -0.00019835 0.000263764 -0.000165948
31.9766 -9.31937 -0.000211888 0.000282887 -0.00018115
32.1173 -9.31876 -0.00019516 0.000251472 -0.000191268
31.6954 -9.20367 -0.000239733 0.00033818 -0.000161209
31.836 -9.20318 -0.000220773 0.000298967 -0.000183051
31.6954 -9.08692 -0.00022593 0.00031255 -0.00017401
31.836 -9.08643 -0.000209428 0.000277007 -0.000197529
31.9766 -9.20263 -0.00020426 0.000265623 -0.000199873
32.1173 -9.20203 -0.000190173 0.000237974 -0.00021184
31.9766 -9.08589 -0.00019536 0.000247202 -0.000216184
32.1173 -9.0853 -0.000183674 0.000222903 -0.000230187
32.2579 -9.43482 -0.00018153 0.000234278 -0.000170181
32.3985 -9.43409 -0.000167404 0.000210302 -0.000171361
32.2579 -9.31809 -0.00018082 0.000225581 -0.00019682
32.3985 -9.31737 -0.000168572 0.000204352 -0.000198816
32.5392 -9.4333 -0.00015593 0.000191395 -0.000170421
32.6798 -9.43246 -0.000146348 0.000176429 -0.000166936
32.5392 -9.3166 -0.000158358 0.00018719 -0.000198682
32.6798 -9.31576 -0.00015029 0.000174113 -0.000196726
32.2579 -9.20137 -0.00017837 0.000215574 -0.000219406
32.3985 -9.20066 -0.000168377 0.000197369 -0.000223321
32.2579 -9.08465 -0.000174221 0.000203658 -0.000239988
32.3985 -9.08395 -0.000166507 0.000188401 -0.00024628
32.5392 -9.19989 -0.00015977 0.000182288 -0.00022472
32.6798 -9.19907 -0.000153064 0.000170946 -0.000224075
32.5391 -9.08319 -0.000159914 0.000175863 -0.000249883
32.6798 -9.08238 -0.00015489 0.000166683 -0.000250857
30.5703 -8.97209 -0.000374093 0.000688344 0.000176106
30.7109 -8.97204 -0.000357569 0.000640265 0.000123098
30.5703 -8.85531 -0.000350255 0.000649092 0.000182052
30.7109 -8.85526 -0.000332114 0.000597283 0.000124329
30.8516 -8.97193 -0.000336605 0.000584485 6.76858e-05
30.9922 -8.97177 -0.0003137 0.000526747 1.45815e-05
30.8516 -8.85516 -0.000311019 0.000540903 6.61426e-05
30.9922 -8.855 -0.000288961 0.000484432 1.10686e-05
30.5703 -8.73854 -0.000324468 0.000605529 0.000184823
30.7109 -8.73849 -0.000305488 0.00055159 0.000123148
30.5703 -8.62176 -0.000297326 0.000558223 0.000182846
30.7109 -8.62171 -0.00027841 0.000504275 0.000119054
30.8516 -8.73838 -0.000284992 0.000496077 6.28844e-05
30.9922 -8.73823 -0.000263793 0.000440901 5.79235e-06
30.8516 -8.62161 -0.000258643 0.000450072 5.73853e-05
30.9922 -8.62146 -0.000238291 0.000396371 -1.12845e-06
31.1328 -8.97156 -0.000290431 0.000470142 -3.47702e-05
31.2735 -8.97129 -0.00026768 0.000416182 -8.01324e-05
31.1328 -8.85479 -0.000266817 0.000429475 -4.04151e-05
31.2735 -8.85453 -0.000245943 0.000378516 -8.74232e-05
31.4141 -8.97097 -0.000246728 0.000367229 -0.000120534
31.5547 -8.9706 -0.00022795 0.000323878 -0.000155774
31.4141 -8.85421 -0.000227157 0.000333017 -0.000129355
31.5547 -8.85384 -0.000210534 0.000292956 -0.000166414
31.1328 -8.73802 -0.000242979 0.000388114 -4.73011e-05
31.2735 -8.73776 -0.000223962 0.00034025 -9.55755e-05
31.1328 -8.62125 -0.000218967 0.000346191 -5.52968e-05
31.2735 -8.621 -0.000201635 0.000301159 -0.000104815
31.4141 -8.73745 -0.00020712 0.000297832 -0.000139113
31.5547 -8.73709 -0.000192438 0.000260677 -0.000178184
31.4141 -8.62069 -0.000186484 0.000261384 -0.00015011
31.5547 -8.62033 -0.000173519 0.000226726 -0.000191418
30.5703 -8.50499 -0.000270055 0.000509287 0.000176038
30.7109 -8.50494 -0.000251493 0.000456366 0.000111906
30.5703 -8.38821 -0.00024346 0.000460569 0.000165867
30.7109 -8.38816 -0.000224895 0.000408238 0.000101961
30.8516 -8.50484 -0.000232142 0.000403163 4.95204e-05
30.9922 -8.50469 -0.000212697 0.000351289 -9.603e-06
30.8516 -8.38807 -0.000205693 0.000355801 3.95622e-05
30.9922 -8.38792 -0.000187173 0.000306 -1.94388e-05
30.5703 -8.27144 -0.00021752 0.000412242 0.000152908
30.7109 -8.27139 -0.00019856 0.000359847 8.92611e-05
30.5703 -8.15467 -0.000192042 0.00036366 0.000135914
30.7109 -8.15462 -0.000172718 0.000311499 7.3409e-05
30.8516 -8.27129 -0.000179583 0.00030852 2.76202e-05
30.9922 -8.27115 -0.000161854 0.000260751 -3.06182e-05
30.8516 -8.15452 -0.000154116 0.00026181 1.3534e-05
30.9922 -8.15438 -0.000136951 0.000215854 -4.33357e-05
31.1328 -8.50449 -0.000194759 0.000303687 -6.43975e-05
31.2735 -8.50423 -0.000178854 0.000261082 -0.000115142
31.1328 -8.38772 -0.000170371 0.000260654 -7.45641e-05
31.2735 -8.38747 -0.000155565 0.000219984 -0.000126398
31.4141 -8.50393 -0.000165109 0.000223471 -0.000162295
31.5547 -8.50357 -0.000153588 0.000190834 -0.000206035
31.4141 -8.38717 -0.000142876 0.000183996 -0.000175376
31.5547 -8.38682 -0.000132479 0.0001529 -0.000221501
31.1328 -8.27095 -0.000145878 0.00021725 -8.57124e-05
31.2735 -8.27071 -0.000131786 0.000177992 -0.000138294
31.1328 -8.15418 -0.000121452 0.00017378 -9.78203e-05
31.2735 -8.15394 -0.000107686 0.000135483 -0.000150485
31.4141 -8.27041 -0.000119757 0.000143094 -0.000188742
31.5547 -8.27007 -0.000110292 0.000113469 -0.00023648
31.4141 -8.15365 -9.60104e-05 0.000101475 -0.000201376
31.5547 -8.15331 -8.75255e-05 7.3814e-05 -0.000249288
31.6954 -8.97017 -0.000211405 0.000286073 -0.000186081
31.836 -8.96969 -0.000197197 0.000253864 -0.000211576
31.6954 -8.85342 -0.000196132 0.000258291 -0.000198789
31.836 -8.85295 -0.000184075 0.000229125 -0.000226538
31.9766 -8.96916 -0.0001854 0.000227257 -0.000232344
32.1173 -8.96857 -0.000175941 0.000205989 -0.000248611
31.9766 -8.85242 -0.00017442 0.000205446 -0.000249724
32.1173 -8.85184 -0.000167072 0.000186962 -0.000268554
31.6954 -8.73667 -0.000180013 0.000228831 -0.000212885
31.836 -8.7362 -0.00016997 0.000202426 -0.000243192
31.6954 -8.61992 -0.000162886 0.00019734 -0.000228744
31.836 -8.61946 -0.000154715 0.000173404 -0.000261926
31.9766 -8.73568 -0.000162336 0.000181408 -0.000269144
32.1173 -8.73511 -0.000157032 0.000165539 -0.000290856
31.9766 -8.61894 -0.000148982 0.000154837 -0.000290826
32.1173 -8.61838 -0.000145721 0.000141652 -0.000315301
32.2579 -8.96793 -0.000168668 0.000189598 -0.000260839
32.3985 -8.96723 -0.000163133 0.000177115 -0.000269677
32.2579 -8.85121 -0.000161865 0.000173202 -0.000283459
32.3985 -8.85052 -0.000158471 0.000163444 -0.000294904
32.5391 -8.96648 -0.000158749 0.00016743 -0.000275562
32.6798 -8.96568 -0.000155685 0.000160861 -0.000278179
32.5391 -8.84978 -0.000156442 0.000156964 -0.000302761
32.6798 -8.84899 -0.00015529 0.000153003 -0.000306862
32.2579 -8.73448 -0.000153879 0.000154424 -0.000308442
32.3985 -8.73381 -0.000152682 0.00014765 -0.000322019
32.2579 -8.61776 -0.000144766 0.000133593 -0.000335045
32.3985 -8.61709 -0.000145772 0.000129952 -0.000350365
32.5391 -8.73308 -0.000152978 0.000144444 -0.000331537
32.6798 -8.7323 -0.000153345 0.000142306 -0.000337794
32.5391 -8.61638 -0.000147946 0.00012915 -0.000362211
32.6798 -8.6156 -0.000149478 0.000128079 -0.000371457
31.6954 -8.50317 -0.000144521 0.000163511 -0.000246204
31.836 -8.50271 -0.000138103 0.000141889 -0.000282262
31.6954 -8.38642 -0.000124794 0.000127491 -0.000264098
31.836 -8.38597 -0.000120094 0.0001084 -0.000302185
31.9766 -8.50221 -0.000134277 0.000125958 -0.000313615
32.1173 -8.50165 -0.000133106 0.000115799 -0.000340034
31.9766 -8.38547 -0.000118228 9.53811e-05 -0.000335421
32.1173 -8.38492 -0.000119104 8.80806e-05 -0.00036423
31.6954 -8.26967 -0.000103956 9.03294e-05 -0.000280148
31.836 -8.26923 -0.000100798 7.36719e-05 -0.00031967
31.6954 -8.15292 -8.2418e-05 5.29348e-05 -0.000293378
31.836 -8.15248 -8.02125e-05 3.75571e-05 -0.000335142
31.9766 -8.26873 -0.000100618 6.2875e-05 -0.000355789
32.1173 -8.26819 -0.000103384 5.78794e-05 -0.000388185
31.9766 -8.152 -8.13709e-05 2.83636e-05 -0.000374471
32.1172 -8.15146 -8.6164e-05 2.63607e-05 -0.000408889
32.2579 -8.50104 -0.000134333 0.000110833 -0.000361814
32.3985 -8.50038 -0.000137294 0.00010967 -0.000379899
32.2579 -8.38432 -0.000122239 8.54996e-05 -0.000389121
32.3985 -8.38367 -0.000126988 8.65276e-05 -0.00041019
32.5391 -8.49967 -0.000141024 0.000110606 -0.000394769
32.6798 -8.49891 -0.000143979 0.000111402 -0.000405723
32.5391 -8.38297 -0.000132625 9.02444e-05 -0.000426444
32.6798 -8.38222 -0.00013768 9.46004e-05 -0.000436871
32.2579 -8.2676 -0.000108521 5.79985e-05 -0.000415729
32.3985 -8.26696 -0.000115389 6.23606e-05 -0.000437634
32.2579 -8.15088 -9.3638e-05 3.02994e-05 -0.000437011
32.3985 -8.15025 -0.000102792 3.83516e-05 -0.000459439
32.5391 -8.26627 -0.000123327 6.99118e-05 -0.000453734
32.6798 -8.26553 -0.000130699 7.79142e-05 -0.000464552
32.5391 -8.14957 -0.000112855 4.89175e-05 -0.000477412
32.6798 -8.14884 -0.000122343 5.95002e-05 -0.00049148
32.8204 -9.89829 -0.000103108 0.000155824 -1.24725e-05
32.961 -9.89729 -8.40857e-05 0.000126008 -1.13538e-05
32.8204 -9.78161 -0.000109519 0.000155626 -4.4287e-05
32.961 -9.78062 -9.02091e-05 0.000126538 -3.94366e-05
33.1017 -9.89623 -6.1836e-05 9.12807e-05 -1.1099e-05
33.2423 -9.89512 -3.69231e-05 5.2609e-05 -1.16264e-05
33.1017 -9.77957 -6.69962e-05 9.1189e-05 -3.64342e-05
33.2423 -9.77847 -4.13125e-05 5.15914e-05 -3.61413e-05
32.8204 -9.66493 -0.000118288 0.000157349 -8.23681e-05
32.961 -9.66395 -9.91886e-05 0.000129933 -7.30935e-05
32.8204 -9.54824 -0.000127627 0.000159484 -0.000122904
32.961 -9.54728 -0.000109746 0.000134626 -0.000111238
33.1017 -9.66291 -7.4635e-05 9.4165e-05 -6.47316e-05
33.2423 -9.66182 -4.68629e-05 5.25573e-05 -6.05818e-05
33.1017 -9.54625 -8.47498e-05 9.94387e-05 -9.85738e-05
33.2423 -9.54517 -5.43626e-05 5.54024e-05 -8.91754e-05
33.3829 -9.89394 -9.59186e-06 1.07016e-05 -1.20788e-05
33.5235 -9.8927 1.96266e-05 -3.34123e-05 -1.19099e-05
33.3829 -9.77731 -1.38301e-05 9.43481e-06 -3.66431e-05
33.5235 -9.77608 1.5526e-05 -3.4606e-05 -3.55629e-05
33.6642 -9.89141 4.91777e-05 -7.74572e-05 -1.14252e-05
33.8048 -9.89006 7.67081e-05 -0.000118088 -1.11676e-05
33.6642 -9.7748 4.56686e-05 -7.90003e-05 -3.3336e-05
33.8048 -9.77347 7.39136e-05 -0.000120262 -3.16696e-05
33.3829 -9.66067 -1.85536e-05 9.48033e-06 -5.9963e-05
33.5235 -9.65946 1.07722e-05 -3.4332e-05 -5.82457e-05
33.3829 -9.54404 -2.40648e-05 1.03964e-05 -8.49194e-05
33.5235 -9.54284 5.44162e-06 -3.32162e-05 -8.15874e-05
33.6642 -9.6582 4.15236e-05 -7.92353e-05 -5.46429e-05
33.8048 -9.65688 7.08218e-05 -0.000121665 -5.16146e-05
33.6642 -9.5416 3.66522e-05 -7.84361e-05 -7.6665e-05
33.8048 -9.54029 6.71127e-05 -0.000122201 -7.22338e-05
32.8204 -9.43156 -0.000135543 0.000160963 -0.000159435
32.961 -9.4306 -0.000119509 0.000138819 -0.000147986
32.8204 -9.31488 -0.000141545 0.00016125 -0.000191076
32.961 -9.31393 -0.000127388 0.000141478 -0.000181149
33.1017 -9.42959 -9.524e-05 0.000104962 -0.000134333
33.2423 -9.42853 -6.33049e-05 5.94605e-05 -0.000121729
33.1017 -9.31293 -0.000104313 0.000109074 -0.000168484
33.2423 -9.31188 -7.22181e-05 6.34309e-05 -0.000155256
32.8204 -9.19819 -0.000146 0.000160209 -0.00021997
32.961 -9.19726 -0.000133444 0.000142339 -0.000211788
32.8204 -9.08151 -0.000149271 0.00015777 -0.00024814
32.961 -9.08059 -0.000137961 0.000141261 -0.000241753
33.1017 -9.19628 -0.000111568 0.000111219 -0.000200757
33.2423 -9.19524 -8.01364e-05 6.62964e-05 -0.000188258
33.1017 -9.07962 -0.000117229 0.0001113 -0.000232585
33.2423 -9.07859 -8.69573e-05 6.77891e-05 -0.000221094
33.3829 -9.4274 -3.07175e-05 1.22915e-05 -0.000112984
33.5235 -9.42623 -4.58658e-07 -3.15613e-05 -0.000106577
33.3829 -9.31077 -3.82779e-05 1.5032e-05 -0.000143538
33.5235 -9.30961 -7.06886e-06 -2.92524e-05 -0.000133601
33.6642 -9.42499 3.11584e-05 -7.68785e-05 -9.98254e-05
33.8048 -9.4237 6.27157e-05 -0.000121841 -9.3811e-05
33.6642 -9.30839 2.50812e-05 -7.4674e-05 -0.000124346
33.8048 -9.30711 5.76161e-05 -0.000120597 -0.000116497
33.3829 -9.19414 -4.61171e-05 1.81076e-05 -0.000175176
33.5235 -9.19299 -1.43895e-05 -2.61285e-05 -0.000162194
33.3829 -9.07751 -5.3905e-05 2.12394e-05 -0.000207182
33.5235 -9.07637 -2.22664e-05 -2.22412e-05 -0.000191795
33.6641 -9.19178 1.84143e-05 -7.18011e-05 -0.000150237
33.8048 -9.19052 5.18067e-05 -0.00011847 -0.000140372
33.6641 -9.07518 1.11695e-05 -6.82383e-05 -0.000177417
33.8048 -9.07394 4.52501e-05 -0.000115394 -0.000165446
33.9454 -9.88864 9.95686e-05 -0.000151492 -1.13655e-05
34.086 -9.88717 0.000115046 -0.000173751 -1.19434e-05
33.9454 -9.77207 9.72533e-05 -0.000154237 -3.1419e-05
34.086 -9.77062 0.000112836 -0.000176812 -3.25415e-05
34.2266 -9.88564 0.000120391 -0.000180935 -1.26994e-05
34.3672 -9.88405 0.000114731 -0.000171953 -1.34727e-05
34.2266 -9.7691 0.000117984 -0.000184075 -3.45303e-05
34.3672 -9.76753 0.000112021 -0.00017514 -3.69267e-05
33.9454 -9.6555 9.50313e-05 -0.000156739 -5.07262e-05
34.086 -9.65406 0.000111011 -0.000179962 -5.20737e-05
33.9454 -9.53892 9.24652e-05 -0.000158686 -7.03682e-05
34.086 -9.5375 0.000109105 -0.00018277 -7.13586e-05
34.2266 -9.65257 0.000116115 -0.000187386 -5.48544e-05
34.3672 -9.65101 0.000110018 -0.000178565 -5.83301e-05
34.2266 -9.53603 0.000114327 -0.000190376 -7.42208e-05
34.3672 -9.53449 0.000108301 -0.000181737 -7.80318e-05
34.5079 -9.88241 0.000100249 -0.000150218 -1.4206e-05
34.6485 -9.8807 7.87557e-05 -0.000118522 -1.48017e-05
34.5079 -9.76591 9.72129e-05 -0.000153496 -3.95336e-05
34.6485 -9.76422 7.53114e-05 -0.000121805 -4.21115e-05
34.7891 -9.87894 5.05116e-05 -7.73669e-05 -1.51671e-05
34.9297 -9.87711 1.67351e-05 -2.85672e-05 -1.50402e-05
34.7891 -9.76247 4.66045e-05 -8.05362e-05 -4.43158e-05
34.9297 -9.76067 1.22766e-05 -3.14224e-05 -4.57697e-05
34.5079 -9.6494 9.50818e-05 -0.000157134 -6.23193e-05
34.6485 -9.64774 7.29147e-05 -0.000125518 -6.64839e-05
34.5079 -9.5329 9.35076e-05 -0.000160689 -8.2681e-05
34.6485 -9.53126 7.12961e-05 -0.000129261 -8.77793e-05
34.7891 -9.64601 4.37639e-05 -8.406e-05 -7.0245e-05
34.9297 -9.64423 8.85214e-06 -3.44181e-05 -7.27705e-05
34.7891 -9.52955 4.18309e-05 -8.76255e-05 -9.25505e-05
34.9297 -9.52779 6.22493e-06 -3.71835e-05 -9.57947e-05
33.9454 -9.42235 8.92964e-05 -0.000159757 -9.05666e-05
34.086 -9.42095 0.000106752 -0.000184721 -9.04714e-05
33.9454 -9.30578 8.53225e-05 -0.000159701 -0.000111519
34.086 -9.30439 0.000103594 -0.000185371 -0.000109689
34.2266 -9.41949 0.000112269 -0.000192518 -9.25576e-05
34.3672 -9.41797 0.000106546 -0.000184161 -9.588e-05
34.2266 -9.30295 0.000109557 -0.00019334 -0.00011014
34.3672 -9.30146 0.000104387 -0.000185362 -0.000112021
33.9454 -9.18921 8.04136e-05 -0.000158362 -0.000133371
34.086 -9.18784 9.93749e-05 -0.00018441 -0.000129259
33.9454 -9.07264 7.44634e-05 -0.000155573 -0.00015613
34.086 -9.07129 9.38864e-05 -0.000181541 -0.000149225
34.2266 -9.18642 0.00010585 -0.000192435 -0.000127264
34.3672 -9.18494 0.000101443 -0.00018489 -0.000126761
34.2266 -9.06988 0.000100877 -0.000189467 -0.000144122
34.3672 -9.06842 9.73843e-05 -0.000182412 -0.000140561
34.5079 -9.4164 9.21844e-05 -0.000163656 -0.000100323
34.6485 -9.41478 7.01976e-05 -0.000132549 -0.000105499
34.5079 -9.2999 9.07404e-05 -0.000165532 -0.000115268
34.6485 -9.2983 6.92741e-05 -0.000134903 -0.000119571
34.7891 -9.41309 4.06165e-05 -9.07986e-05 -0.000110539
34.9297 -9.41135 4.3774e-06 -3.94929e-05 -0.000114003
34.7891 -9.29663 3.98406e-05 -9.31925e-05 -0.000124104
34.9297 -9.29491 3.17368e-06 -4.1192e-05 -0.000127351
34.5079 -9.1834 8.8773e-05 -0.000165854 -0.000127836
34.6485 -9.18181 6.81358e-05 -0.000135885 -0.000130301
34.5079 -9.0669 8.58744e-05 -0.000164234 -0.000138663
34.6485 -9.06533 6.6344e-05 -0.000135091 -0.000138372
34.7891 -9.18017 3.92077e-05 -9.45075e-05 -0.000133512
34.9297 -9.17847 2.47466e-06 -4.22023e-05 -0.000136074
34.7891 -9.06371 3.8335e-05 -9.44051e-05 -0.000139356
34.9297 -9.06203 2.08014e-06 -4.24075e-05 -0.000140599
32.8204 -8.96483 -0.000151365 0.000153518 -0.000277015
32.961 -8.96392 -0.000141034 0.000137894 -0.000272727
32.8204 -8.84815 -0.000152031 0.000146712 -0.000307839
32.961 -8.84725 -0.000142628 0.000131808 -0.000306051
33.1017 -8.96296 -0.000121561 0.000109242 -0.000265593
33.2423 -8.96194 -9.30452e-05 6.81651e-05 -0.000254793
33.1017 -8.8463 -0.00012474 0.000105058 -0.000300735
33.2423 -8.8453 -9.88216e-05 6.79584e-05 -0.000289768
32.8204 -8.73146 -0.000150997 0.000136662 -0.000341628
32.961 -8.73058 -0.000142846 0.000123132 -0.000341921
32.8204 -8.61478 -0.000148342 0.000123788 -0.000377449
32.961 -8.61391 -0.000142111 0.000113234 -0.000377891
33.1016 -8.72964 -0.00012707 9.95607e-05 -0.000336863
33.2423 -8.72865 -0.000104468 6.79625e-05 -0.000324238
33.1016 -8.61298 -0.000129087 9.44206e-05 -0.000370987
33.2423 -8.61201 -0.000109853 6.84447e-05 -0.000356503
33.3829 -8.96087 -6.17197e-05 2.45306e-05 -0.000239622
33.5235 -8.95975 -3.05316e-05 -1.77496e-05 -0.000222115
33.3829 -8.84424 -6.97624e-05 2.82895e-05 -0.000272502
33.5235 -8.84314 -3.90336e-05 -1.28443e-05 -0.000253049
33.6641 -8.95858 3.3862e-06 -6.39817e-05 -0.000205716
33.8048 -8.95735 3.78579e-05 -0.000111187 -0.000191594
33.6641 -8.84197 -4.90813e-06 -5.90376e-05 -0.000235054
33.8048 -8.84076 2.94871e-05 -0.000105619 -0.000218801
33.3829 -8.72761 -7.78428e-05 3.24459e-05 -0.000305061
33.5235 -8.72652 -4.75541e-05 -7.87122e-06 -0.000284677
33.3829 -8.61098 -8.53703e-05 3.60751e-05 -0.000337388
33.5235 -8.6099 -5.59144e-05 -3.23165e-06 -0.000317506
33.6641 -8.72537 -1.37178e-05 -5.34325e-05 -0.000265591
33.8048 -8.72417 2.00171e-05 -9.85653e-05 -0.000247304
33.6641 -8.60877 -2.30975e-05 -4.71561e-05 -0.000297638
33.8048 -8.60759 9.41157e-06 -9.00393e-05 -0.000277406
32.8204 -8.4981 -0.000144648 0.000110116 -0.000411333
32.961 -8.49724 -0.000140854 0.000103799 -0.000410273
32.8204 -8.38142 -0.000140533 9.70984e-05 -0.000441397
32.961 -8.38057 -0.000139159 9.45732e-05 -0.000440323
33.1016 -8.49633 -0.000130844 8.99599e-05 -0.000402141
33.2423 -8.49536 -0.000114529 6.82311e-05 -0.000388261
33.1016 -8.37967 -0.000131943 8.46088e-05 -0.000433737
33.2423 -8.37872 -0.000118298 6.62478e-05 -0.000422337
32.8204 -8.26474 -0.000135755 8.34824e-05 -0.00047073
32.961 -8.2639 -0.000136757 8.40057e-05 -0.000472167
32.8204 -8.14806 -0.000129694 6.77979e-05 -0.000501207
32.961 -8.14723 -0.000133352 7.17335e-05 -0.000505524
33.1016 -8.26301 -0.000132272 7.7537e-05 -0.000468249
33.2423 -8.26207 -0.00012145 6.29326e-05 -0.000458849
33.1016 -8.14635 -0.000131843 6.93671e-05 -0.000503512
33.2423 -8.14543 -0.000124121 5.92609e-05 -0.000494985
33.3829 -8.49435 -9.2069e-05 3.8321e-05 -0.000371073
33.5235 -8.49328 -6.42006e-05 1.07853e-06 -0.000352047
33.3829 -8.37772 -9.82177e-05 3.93799e-05 -0.000407015
33.5235 -8.37667 -7.26695e-05 5.50155e-06 -0.000388167
33.6641 -8.49217 -3.31318e-05 -4.00889e-05 -0.000331285
33.8048 -8.491 -2.27314e-06 -8.01206e-05 -0.000309157
33.6641 -8.37557 -4.38578e-05 -3.207e-05 -0.000366204
33.8048 -8.37441 -1.49003e-05 -6.89102e-05 -0.000342237
33.3829 -8.26109 -0.000104196 4.01124e-05 -0.000444237
33.5235 -8.26005 -8.14291e-05 1.04906e-05 -0.000424839
33.3829 -8.14446 -0.000109987 4.11459e-05 -0.000480303
33.5235 -8.14343 -9.02269e-05 1.61635e-05 -0.000460171
33.6641 -8.25896 -5.51551e-05 -2.30404e-05 -0.000401541
33.8048 -8.25783 -2.82494e-05 -5.65209e-05 -0.000375878
33.6641 -8.14236 -6.66494e-05 -1.31649e-05 -0.000435783
33.8048 -8.14124 -4.19672e-05 -4.3141e-05 -0.000408794
33.9454 -8.95607 6.73234e-05 -0.000151063 -0.000179656
34.086 -8.95473 8.69326e-05 -0.000176482 -0.000169632
33.9454 -8.8395 5.87914e-05 -0.000144557 -0.000204067
34.086 -8.83818 7.83578e-05 -0.000169105 -0.000190859
34.2266 -8.95334 9.44151e-05 -0.000184229 -0.000161138
34.3672 -8.9519 9.1918e-05 -0.0001777 -0.000154102
34.2266 -8.83681 8.62794e-05 -0.000176627 -0.00017896
34.3672 -8.83538 8.47637e-05 -0.000170569 -0.000168179
33.9454 -8.72292 4.87368e-05 -0.000135977 -0.000229821
34.086 -8.72162 6.80703e-05 -0.00015943 -0.000213511
33.9454 -8.60635 3.71785e-05 -0.000125455 -0.000257348
34.086 -8.60507 5.6073e-05 -0.000147581 -0.00023808
34.2266 -8.72027 7.63379e-05 -0.000166631 -0.000198209
34.3672 -8.71886 7.57247e-05 -0.000160935 -0.000183565
34.2266 -8.60373 6.45516e-05 -0.000154306 -0.000219402
34.3672 -8.60235 6.47563e-05 -0.00014891 -0.000200966
34.5079 -8.9504 8.1657e-05 -0.000160368 -0.000148603
34.6485 -8.94885 6.34505e-05 -0.00013219 -0.000144812
34.5079 -8.8339 7.5789e-05 -0.000154059 -0.000158656
34.6485 -8.83237 5.90865e-05 -0.000127025 -0.000150932
34.7891 -8.94725 3.67545e-05 -9.25793e-05 -0.000142818
34.9297 -8.9456 1.66278e-06 -4.17369e-05 -0.000142196
34.7891 -8.83079 3.40783e-05 -8.89593e-05 -0.000145579
34.9297 -8.82916 8.82772e-07 -4.02858e-05 -0.000142878
34.5079 -8.71741 6.80577e-05 -0.00014529 -0.000169899
34.6485 -8.7159 5.30314e-05 -0.000119674 -0.000158178
34.5079 -8.60091 5.84231e-05 -0.000134264 -0.000183354
34.6485 -8.59942 4.52428e-05 -0.000110429 -0.000167916
34.7891 -8.71433 3.00856e-05 -8.373e-05 -0.00014947
34.9297 -8.71272 -5.08693e-07 -3.82737e-05 -0.000144745
34.7891 -8.59787 2.47204e-05 -7.72467e-05 -0.000156171
34.9297 -8.59628 -2.66338e-06 -3.59702e-05 -0.000149677
33.9454 -8.48978 2.4262e-05 -0.000113217 -0.000286765
34.086 -8.48852 4.24823e-05 -0.000133762 -0.000264766
33.9454 -8.37321 1.02244e-05 -9.95185e-05 -0.000317783
34.086 -8.37196 2.75306e-05 -0.000118239 -0.000293365
34.2266 -8.4872 5.10157e-05 -0.000139852 -0.000242842
34.3672 -8.48583 5.19911e-05 -0.000134796 -0.000220875
34.2266 -8.37066 3.5972e-05 -0.000123588 -0.000268483
34.3672 -8.36931 3.77271e-05 -0.000119042 -0.000243449
33.9454 -8.25664 -4.64648e-06 -8.45519e-05 -0.000349571
34.086 -8.25541 1.15771e-05 -0.000101308 -0.000323059
33.9454 -8.14007 -2.00379e-05 -6.84479e-05 -0.000380867
34.086 -8.13886 -4.92217e-06 -8.33031e-05 -0.000352575
34.2266 -8.25413 1.9844e-05 -0.000105965 -0.000295762
34.3672 -8.25279 2.24194e-05 -0.000102205 -0.000268379
34.2266 -8.13759 3.22403e-06 -8.75587e-05 -0.000323598
34.3672 -8.13628 6.64968e-06 -8.48824e-05 -0.000294773
34.5079 -8.48441 4.7035e-05 -0.000121374 -0.000199774
34.6485 -8.48294 3.58627e-05 -9.97411e-05 -0.000181178
34.5078 -8.36791 3.42068e-05 -0.000107137 -0.000219516
34.6485 -8.36646 2.51867e-05 -8.81344e-05 -0.000198486
34.7891 -8.48142 1.80817e-05 -6.9957e-05 -0.00016696
34.9297 -8.47984 -5.63089e-06 -3.36446e-05 -0.000159101
34.7891 -8.36496 1.04079e-05 -6.23287e-05 -0.00018249
34.9297 -8.36341 -9.34766e-06 -3.1528e-05 -0.000173749
34.5078 -8.25141 2.03803e-05 -9.21164e-05 -0.000242414
34.6485 -8.24998 1.361e-05 -7.61084e-05 -0.000219733
34.5078 -8.13491 6.09144e-06 -7.68487e-05 -0.000267651
34.6485 -8.1335 1.58603e-06 -6.40702e-05 -0.000244103
34.7891 -8.2485 2.01253e-06 -5.472e-05 -0.0002026
34.9297 -8.24697 -1.36483e-05 -2.9729e-05 -0.000193342
34.7891 -8.13204 -6.7838e-06 -4.73182e-05 -0.000226402
34.9297 -8.13053 -1.83372e-05 -2.82256e-05 -0.000216892
