26.5624 -9.47563 0.000140466 -0.000568372 -0.000770023
27.6874 -9.4864 0.000337348 -0.000799665 -0.000435918
26.5625 -8.54376 0.000301602 -0.000756524 -0.000456167
27.6874 -8.55349 0.00037294 -0.000937877 -0.000701741
28.8124 -9.49362 0.000253394 -0.000681588 -0.000636629
29.9374 -9.49722 -4.77345e-05 -0.000123166 -0.000614682
28.8125 -8.55988 0.000372017 -0.00076758 -0.000292119
29.9375 -8.5631 3.35636e-06 -7.57385e-05 -0.000231703
26.5625 -7.61174 0.000259783 -0.000588154 -0.000229318
27.6876 -7.62042 0.000540275 -0.00105622 -9.23913e-05
26.5625 -6.67974 0.000371733 -0.000750026 -2.47327e-05
27.6877 -6.68735 0.000519364 -0.000994718 -1.96604e-05
28.8127 -7.62618 0.000446421 -0.000932891 -0.000436549
29.9376 -7.629 -0.00015186 0.000198486 -0.000242946
28.8128 -6.69241 0.000556196 -0.000996015 6.22904e-05
29.9378 -6.69485 4.84175e-06 4.10203e-05 0.000210146
