26.5628 -2.01914 0.000410777 -0.00084919 -0.000349503
27.6881 -2.02153 0.000510609 -0.00101977 -0.000614954
26.5627 -1.08723 0.000374653 -0.000763344 -0.000328941
27.688 -1.08859 0.000487121 -0.000956278 -0.000684115
28.8133 -2.02314 0.000364274 -0.000710433 -0.000657409
29.9383 -2.02397 1.25872e-05 -7.05933e-05 -0.000688268
28.8131 -1.0896 0.000422575 -0.000802368 -0.000864726
29.9382 -1.09011 -3.35417e-05 3.21974e-05 -0.000683057
26.5627 -0.155302 0.000369671 -0.000741057 -0.000270361
27.6879 -0.155617 0.000479631 -0.000917164 -0.000535627
26.5626 0.776652 0.000363096 -0.000722244 -0.00013281
27.6877 0.77743 0.000535253 -0.00101028 -0.000333993
28.8131 -0.155849 0.000579196 -0.00105563 -0.000468729
29.9379 -0.156046 -0.000103661 0.000174394 -0.00102657
28.8128 0.7779 0.000387349 -0.0006932 -0.000390888
29.9379 0.778066 4.13853e-05 -6.28764e-05 -0.000330171
31.063 -2.02397 -0.000337758 0.000524826 -0.000524158
32.1878 -2.02315 -0.00086588 0.00135303 -0.000341011
31.063 -1.09009 -0.00035159 0.000558431 -0.000684966
32.1878 -1.08962 -0.000837843 0.00130792 -0.000649259
33.313 -2.02156 -0.00110162 0.00164773 -0.000443374
34.4377 -2.0192 -0.000671322 0.000962654 -0.000263109
33.313 -1.08876 -0.00114308 0.00171564 -0.000684043
34.4379 -1.08742 -0.000620342 0.000895035 -0.000288058
31.0629 -0.156099 -0.000378799 0.000625007 -0.000730165
32.1879 -0.155941 -0.00104441 0.00165478 -0.000879348
31.0629 0.778016 -0.000395434 0.000670878 -0.000547128
32.188 0.777724 -0.000963417 0.00154146 -0.000426466
33.313 -0.155772 -0.00107695 0.00163631 -0.000479436
34.4378 -0.155639 -0.000813141 0.00118373 -0.000448798
33.313 0.77707 -0.000996495 0.00152363 -0.000298185
34.4378 0.776072 -0.000601031 0.000886103 -0.000399086
26.5626 1.70863 0.000344324 -0.000688035 -1.03324e-05
27.6877 1.71054 0.000557788 -0.00105033 -0.000196909
26.5625 2.64056 0.000346616 -0.00071367 0.000197425
27.6876 2.64356 0.000531586 -0.00103293 0.000200049
28.8127 1.71178 0.000478181 -0.000850752 -0.000299947
29.9378 1.71239 6.72569e-05 -9.90923e-05 -0.00029535
28.8126 2.64554 0.000493522 -0.000895626 -1.68862e-05
29.9377 2.64649 -1.15506e-05 3.54333e-05 -0.000166019
26.5625 3.57246 0.000341889 -0.000738557 0.000391807
27.6875 3.57656 0.000490846 -0.000991068 0.000413683
26.5625 4.50436 0.000238748 -0.000585881 0.000614926
27.6874 4.50956 0.000255882 -0.000589872 0.000602263
28.8125 3.57926 0.000451284 -0.000845618 0.000193862
29.9376 3.58059 4.6533e-05 -8.31838e-05 1.90063e-05
28.8124 4.51302 0.000186012 -0.000450413 0.000685286
29.9374 4.51474 -2.10558e-05 -4.64162e-05 0.000524446
31.0628 1.71227 -0.000328048 0.000562363 -0.000306414
32.188 1.71144 -0.000956134 0.0015397 -0.000368682
31.0627 2.64638 -0.000426135 0.000716699 -0.000103191
32.1878 2.64521 -0.000881075 0.00140454 -5.48864e-05
33.313 1.71 -0.000972931 0.00149058 -0.000187078
34.4377 1.7079 -0.000615486 0.000903041 -0.000102694
33.3129 2.64301 -0.000890591 0.00134644 0.000103379
34.4376 2.63984 -0.000562217 0.000803749 0.000198598
31.0625 3.58049 -0.00030369 0.000511605 -6.12357e-05
32.1876 3.579 -0.000728274 0.00114445 0.000107172
31.0624 4.5147 -0.000192415 0.000242027 0.000505884
32.1874 4.51291 -0.000412096 0.000547284 0.000725056
33.3127 3.57611 -0.000798871 0.00116897 0.00040954
34.4376 3.57175 -0.000690935 0.000984228 0.000212352
33.3125 4.50934 -0.000379858 0.000493853 0.000585999
34.4375 4.50404 -0.0003849 0.000486853 0.000534775
