31.0624 -9.49719 -0.000156201 9.21413e-05 -0.000515626
32.1875 -9.49356 -0.000464079 0.000544154 -0.000615262
31.0626 -8.56305 -0.000145676 0.000242462 2.11147e-06
32.1875 -8.55976 -0.000802478 0.00124578 -0.000103157
33.3125 -9.48624 -0.000553196 0.000704167 -0.000452238
34.4376 -9.47536 -0.000384357 0.000296326 -0.000895264
33.3126 -8.55323 -0.000789295 0.00107001 -0.000478368
34.4376 -8.54337 -0.000352844 0.000380016 -0.000506594
31.0626 -7.62894 -0.000232729 0.000353593 -0.000126256
32.1876 -7.62596 -0.000663458 0.000925431 -0.000511755
31.0628 -6.69473 -0.000264342 0.000495912 0.000250832
32.1876 -6.69211 -0.000858346 0.00137385 4.61635e-05
33.3126 -7.62005 -0.000828337 0.00119514 -0.000267978
34.4375 -7.61127 -0.000599158 0.000791835 -0.000346956
33.3126 -6.68691 -0.000850395 0.00128734 -3.11034e-05
34.4375 -6.67912 -0.000512053 0.000732301 -6.99449e-05
26.5626 -5.74768 0.000339608 -0.000683293 -1.77874e-05
27.6878 -5.75423 0.000521171 -0.000975431 8.19249e-05
26.5626 -4.81554 0.000368147 -0.000701748 0.000183781
27.6879 -4.82103 0.000567578 -0.000999465 0.000452669
28.8129 -5.75858 0.000498127 -0.000859479 0.000220441
29.938 -5.7607 5.09006e-05 -4.00214e-05 0.000239242
28.813 -4.82466 0.000507514 -0.000861831 0.000347365
29.9381 -4.82643 1.89017e-05 1.94873e-05 0.000309166
26.5627 -3.88335 0.000417605 -0.000794174 0.000270891
27.688 -3.88776 0.000544907 -0.000945638 0.000634392
26.5627 -2.95118 0.00042527 -0.00083138 0.000166947
27.6881 -2.95459 0.00049668 -0.000912906 0.000302543
28.8131 -3.89068 0.000302921 -0.000458983 0.000650053
29.9382 -3.89213 -8.87785e-05 0.000227021 0.000534523
28.8133 -2.95682 0.000292327 -0.000464817 0.000621727
29.9383 -2.9579 4.28966e-05 -2.9062e-05 0.000438712
31.0628 -5.76061 -0.000392792 0.000699139 0.000240611
32.1877 -5.75829 -0.00082186 0.00134188 0.000191071
31.0629 -4.82634 -0.000302942 0.000567565 0.00039499
32.1878 -4.8244 -0.000839792 0.00139739 0.000398815
33.3127 -5.75376 -0.00085423 0.00131896 0.000104337
34.4375 -5.747 -0.000549246 0.000809213 4.5997e-05
33.3127 -4.8206 -0.000889388 0.00140227 0.000318856
34.4376 -4.81493 -0.000487222 0.000733378 0.000153129
31.063 -3.8921 -0.000336622 0.000636831 0.000591491
32.1879 -3.89061 -0.000875209 0.0014517 0.000479634
31.063 -2.95794 -0.000338361 0.000579623 0.00017871
32.1878 -2.95687 -0.000887195 0.00142504 0.000160198
33.3128 -3.88757 -0.000938215 0.00148776 0.000486151
34.4377 -3.88298 -0.000592965 0.000913494 0.00040584
33.3129 -2.95457 -0.0010068 0.00155199 0.000213231
34.4377 -2.95108 -0.00056829 0.000844606 0.000173437
