26.5624 -9.47563 0.000190479 -0.000547008 -0.000444765
27.6874 -9.4864 0.000750058 -0.00148007 -0.000140859
26.5625 -8.54376 0.000284047 -0.000716516 -0.000441603
27.6874 -8.55349 0.000505254 -0.00115028 -0.000578941
28.8124 -9.49362 0.000673929 -0.00129894 -0.000212397
29.9374 -9.49722 1.29979e-05 -0.00012149 -0.00029509
28.8125 -8.55988 0.00050048 -0.0010022 -0.000295543
29.9375 -8.5631 -4.36653e-06 -9.69999e-05 -0.000346615
26.5625 -7.61174 0.000199665 -0.000495709 -0.000322355
27.6876 -7.62042 0.000619825 -0.00118847 -2.51978e-05
26.5625 -6.67974 0.000290109 -0.00058695 -2.54623e-05
27.6877 -6.68735 0.000582788 -0.00111384 -1.27351e-05
28.8127 -7.62618 0.000512891 -0.00105943 -0.000457063
29.9376 -7.629 -0.000145347 0.000159039 -0.000347788
28.8128 -6.69241 0.000613686 -0.00111792 -9.10635e-06
29.9378 -6.69485 1.91224e-05 -1.06147e-05 9.60414e-05
