31.0624 -9.49719 -0.000401205 0.000595801 -0.000216733
32.1875 -9.49356 -0.00102197 0.00156256 -0.000194574
31.0626 -8.56305 -0.000311037 0.00048693 -0.000100893
32.1875 -8.55976 -0.00106585 0.00168157 -4.17104e-05
33.3125 -9.48624 -0.0011098 0.0016707 -5.92164e-05
34.4376 -9.47536 -0.000318225 0.000358608 -0.000357444
33.3126 -8.55323 -0.000979264 0.0014264 -0.000232511
34.4376 -8.54337 -0.000338495 0.000400566 -0.000350462
31.0626 -7.62894 -0.000329486 0.000492925 -0.000208315
32.1876 -7.62596 -0.000805485 0.00116674 -0.000449424
31.0628 -6.69473 -0.000326211 0.000579303 0.000165899
32.1876 -6.69211 -0.000970414 0.00155468 5.88158e-05
33.3126 -7.62005 -0.000937527 0.00141138 -6.23436e-05
34.4375 -7.61127 -0.000564228 0.000754892 -0.000287714
33.3126 -6.68691 -0.000942609 0.00145731 0.000107828
34.4375 -6.67912 -0.000423159 0.000631579 6.97234e-05
26.5626 -5.74768 0.000265652 -0.000526928 1.96978e-05
27.6878 -5.75423 0.000578375 -0.00108838 6.37775e-05
26.5626 -4.81554 0.000287896 -0.000517955 0.000307321
27.6879 -4.82103 0.0006093 -0.00108697 0.000408642
28.8129 -5.75858 0.000559175 -0.000984887 0.00015152
29.938 -5.7607 7.16961e-05 -9.65152e-05 0.0001384
28.813 -4.82466 0.000556579 -0.000969473 0.000242079
29.9381 -4.82643 4.132e-05 -3.73216e-05 0.000203474
26.5627 -3.88335 0.000307604 -0.000557477 0.000380731
27.688 -3.88776 0.000553056 -0.000972029 0.000560131
26.5627 -2.95118 0.000282622 -0.000549171 0.000139902
27.6881 -2.95459 0.000471098 -0.000876082 0.000195163
28.8131 -3.89068 0.000339294 -0.000540148 0.000543478
29.9382 -3.89213 -8.66312e-05 0.000212231 0.000453381
28.8133 -2.95682 0.000310844 -0.000506693 0.000545106
29.9383 -2.9579 4.06167e-05 -3.22332e-05 0.000369849
31.0628 -5.76061 -0.000434327 0.000752153 0.000159075
32.1877 -5.75829 -0.000923721 0.0015047 0.000196266
31.0629 -4.82634 -0.000336099 0.000609531 0.000315069
32.1878 -4.8244 -0.000929759 0.00153513 0.000366078
33.3127 -5.75376 -0.000936831 0.00146475 0.000213925
34.4375 -5.747 -0.000452067 0.000709547 0.000282335
33.3127 -4.8206 -0.000961337 0.00152249 0.000388794
34.4376 -4.81493 -0.000401954 0.000651734 0.000439872
31.063 -3.8921 -0.000348686 0.000648851 0.000530749
32.1879 -3.89061 -0.000949934 0.0015643 0.000431743
31.063 -2.95794 -0.000344278 0.000582885 0.000113199
32.1878 -2.95687 -0.000941439 0.0015058 0.000104332
33.3128 -3.88757 -0.000984772 0.00156061 0.000502411
34.4377 -3.88298 -0.000504662 0.00081428 0.000652182
33.3129 -2.95457 -0.00102705 0.00157829 0.000165254
34.4377 -2.95108 -0.000513212 0.000767746 0.000211455
