26.5628 -2.01914 0.00027167 -0.000595753 -0.000664109
27.6881 -2.02153 0.000485245 -0.000982125 -0.000755668
26.5627 -1.08723 0.000254549 -0.000541997 -0.000773943
27.688 -1.08859 0.000495346 -0.000978688 -0.000848815
28.8133 -2.02314 0.000382149 -0.000750569 -0.000761635
29.9383 -2.02397 1.20502e-05 -7.56329e-05 -0.000772605
28.8131 -1.0896 0.000464981 -0.000882665 -0.000945887
29.9382 -1.09011 -3.0094e-05 2.33376e-05 -0.000758416
26.5627 -0.155302 0.000277685 -0.000559829 -0.00072624
27.6879 -0.155617 0.000521163 -0.000997409 -0.000723548
26.5626 0.776652 0.000287998 -0.000560411 -0.000516168
27.6877 0.77743 0.000593809 -0.00111596 -0.000536501
28.8131 -0.155849 0.000635994 -0.00115921 -0.000525891
29.9379 -0.156046 -7.5128e-05 0.000124639 -0.00106517
28.8128 0.7779 0.000451068 -0.000806647 -0.000475926
29.9379 0.778066 8.00727e-05 -0.000129227 -0.000360542
31.063 -2.02397 -0.00034159 0.000525449 -0.000607958
32.1878 -2.02315 -0.000919907 0.0014323 -0.00043993
31.063 -1.09009 -0.000358493 0.000566853 -0.00076734
32.1878 -1.08962 -0.000909556 0.00141826 -0.000749735
33.313 -2.02156 -0.00112209 0.00167196 -0.00055101
34.4377 -2.0192 -0.000585027 0.000824195 -0.000465312
33.313 -1.08876 -0.00119403 0.00178707 -0.000860074
34.4379 -1.08742 -0.000554711 0.000786103 -0.000681808
31.0629 -0.156099 -0.000406639 0.000670868 -0.000797896
32.1879 -0.155941 -0.00113059 0.00179111 -0.000992973
31.0629 0.778016 -0.000438114 0.00074299 -0.000594869
32.188 0.777724 -0.00106359 0.0017042 -0.000567942
33.313 -0.155772 -0.00115065 0.00174725 -0.000724151
34.4378 -0.155639 -0.000753476 0.0010945 -0.000908981
33.313 0.77707 -0.00108261 0.00166162 -0.000579757
34.4378 0.776072 -0.000535504 0.000802624 -0.000903683
26.5626 1.70863 0.000277733 -0.000536769 -0.000281188
27.6877 1.71054 0.000624342 -0.00116388 -0.000403578
26.5625 2.64056 0.000287962 -0.000576717 7.0671e-06
27.6876 2.64356 0.000611628 -0.00116194 -3.68058e-05
28.8127 1.71178 0.000539133 -0.000956859 -0.000375855
29.9378 1.71239 9.96885e-05 -0.000155657 -0.000291165
28.8126 2.64554 0.000563275 -0.00101123 -0.000133826
29.9377 2.64649 6.44646e-06 4.69671e-06 -0.000171565
26.5625 3.57246 0.0002887 -0.000609054 0.000226256
27.6875 3.57656 0.000628021 -0.00121859 0.000161701
26.5625 4.50436 0.000304167 -0.000642478 0.000193426
27.6874 4.50956 0.000663372 -0.00128831 0.000142
28.8125 3.57926 0.000585711 -0.00107596 8.56114e-05
29.9376 3.58059 5.77395e-05 -0.000104467 3.35558e-05
28.8124 4.51302 0.000612573 -0.00113696 0.000142049
29.9374 4.51474 -3.24431e-06 -1.45778e-05 0.000127742
31.0628 1.71227 -0.000396054 0.000676011 -0.000319328
32.188 1.71144 -0.00107226 0.00173149 -0.000498741
31.0627 2.64638 -0.000532708 0.000895673 -0.000126024
32.1878 2.64521 -0.0010467 0.0016833 -0.00023509
33.313 1.71 -0.00107376 0.00166127 -0.000504786
34.4377 1.7079 -0.000537286 0.000809003 -0.000482184
33.3129 2.64301 -0.0010326 0.00159325 -0.000262104
34.4376 2.63984 -0.000555041 0.000830827 -0.000261886
31.0625 3.58049 -0.000489697 0.000820417 -6.12989e-05
32.1876 3.579 -0.00103513 0.00165107 -5.56413e-05
31.0624 4.5147 -0.000446213 0.000725128 0.000102383
32.1874 4.51291 -0.00109609 0.00171806 0.000157569
33.3127 3.57611 -0.00106124 0.00160974 4.45422e-05
34.4376 3.57175 -0.000691368 0.00102879 -0.000185684
33.3125 4.50934 -0.00100858 0.00152468 6.97e-05
34.4375 4.50404 -0.000519644 0.00075994 -1.49547e-05
