26.5624 -9.47545 -6.69954e-06 -1.70141e-05 -8.14886e-05
27.6874 -9.4863 -2.54624e-05 -4.35435e-06 -0.000147041
26.5625 -8.54338 4.85267e-06 -2.15211e-05 -3.51687e-05
27.6874 -8.55318 -1.6022e-05 7.61656e-05 0.000140976
28.8124 -9.49352 -3.70052e-05 1.13566e-05 -0.000161163
29.9375 -9.49714 -0.000120054 0.000160933 -0.000141792
28.8124 -8.55972 -1.75974e-05 0.000108164 0.000243892
29.9375 -8.56298 -0.000114321 0.00030332 0.000347379
26.5625 -7.61132 -2.12138e-05 4.79711e-05 1.85346e-05
27.6874 -7.62008 -0.000234855 0.000456537 3.11402e-05
26.5625 -6.67927 -4.30637e-05 7.35545e-05 -4.8047e-05
27.6875 -6.68698 -0.000370247 0.000626886 -0.000311918
28.8124 -7.62592 -0.000201411 0.000333557 -0.000117418
29.9375 -7.62883 -0.00019604 0.000263817 -0.000285374
28.8125 -6.69212 -0.000358518 0.000463814 -0.000772169
29.9375 -6.69469 -0.000323299 0.00029453 -0.00113457
31.0625 -9.49714 -0.000210345 0.000296834 -0.000161539
32.1876 -9.49352 -4.95978e-05 1.79379e-06 -0.000245293
31.0625 -8.56298 -0.000266969 0.000453567 3.54724e-05
32.1876 -8.55972 -8.1027e-05 4.58804e-05 -0.000293215
33.3126 -9.4863 0.000174915 -0.000314213 -0.000157954
34.4376 -9.47545 3.88205e-05 -8.43714e-05 -9.40416e-05
33.3126 -8.55318 0.000229691 -0.00035233 -1.03205e-05
34.4375 -8.54338 8.55123e-05 -5.42753e-05 0.000265153
31.0625 -7.62883 -0.000244449 0.000274839 -0.000504606
32.1876 -7.62592 -0.00013752 6.76258e-05 -0.000600202
31.0625 -6.69469 -0.00030933 0.000237651 -0.00121275
32.1875 -6.69212 -0.000201304 7.65433e-05 -0.00110447
33.3126 -7.62008 3.67525e-05 -0.000129979 -0.000304009
34.4375 -7.61132 -5.46703e-05 8.75858e-05 3.3237e-05
33.3125 -6.68698 -6.28827e-05 -8.71542e-05 -0.000856479
34.4375 -6.67927 -0.000101184 6.39728e-05 -0.000403682
26.5625 -5.74722 -4.01402e-05 6.87035e-05 -5.14766e-05
27.6875 -5.75388 -0.000360342 0.000579682 -0.000493566
26.5625 -4.81518 -2.92669e-05 3.69356e-05 -0.000114686
27.6875 -4.82076 -0.000255784 0.00036468 -0.000676424
28.8125 -5.75831 -0.000388453 0.000423966 -0.001349
29.9375 -5.76053 -0.000419367 0.000332888 -0.0019556
28.8125 -4.82448 -0.000309205 0.000214214 -0.00198675
29.9375 -4.82634 -0.000519836 0.000422618 -0.00283726
26.5625 -3.88314 -7.14008e-06 9.51016e-06 -3.14349e-05
27.6875 -3.88765 -0.000169449 0.000252588 -0.000480916
26.5625 -2.95111 5.38438e-06 -1.42817e-05 -3.04617e-05
27.6875 -2.95454 -0.000142724 0.000249025 -0.000206779
28.8125 -3.89065 -0.000105732 -4.25988e-05 -0.00166408
29.9375 -3.89215 -0.000621092 0.000743904 -0.00245417
28.8125 -2.95683 -7.78613e-05 4.48713e-05 -0.000902124
29.9375 -2.95797 -0.000504697 0.000723904 -0.00147251
31.0625 -5.76053 -0.000400975 0.000294342 -0.00189933
32.1875 -5.75831 -0.000220268 4.12148e-05 -0.00163088
31.0625 -4.82634 -0.0004793 0.000392199 -0.00246587
32.1875 -4.82448 -0.000189511 -1.57396e-05 -0.00199958
33.3125 -5.75388 -4.11766e-05 -0.000171576 -0.00127667
34.4375 -5.74722 -6.89723e-05 9.69804e-06 -0.000510703
33.3125 -4.82076 -4.24553e-05 -0.000166917 -0.00150765
34.4375 -4.81518 -8.63229e-05 3.38848e-05 -0.000617672
31.0625 -3.89215 -0.000365191 0.000313616 -0.00221952
32.1875 -3.89065 -0.000124748 -3.88586e-05 -0.00185673
31.0625 -2.95797 -0.000209508 0.000199886 -0.00147718
32.1875 -2.95683 -4.2396e-05 -5.74473e-05 -0.0012871
33.3125 -3.88765 -1.20063e-05 -0.000148262 -0.00134586
34.4375 -3.88314 -5.78481e-05 1.79108e-05 -0.000553661
33.3125 -2.95454 6.63292e-05 -0.000188369 -0.000930456
34.4375 -2.95111 -2.40754e-05 1.86728e-06 -0.000364681
26.5625 -2.01913 -1.26495e-05 2.4864e-05 -5.55362e-06
27.6875 -2.02148 -0.000149642 0.000285388 2.78563e-06
26.5625 -1.08721 -3.35699e-05 6.63898e-05 -1.78484e-05
27.6875 -1.08848 -0.000129263 0.000246663 7.86542e-06
28.8125 -2.02305 -3.78961e-05 4.60396e-05 -0.000311863
29.9375 -2.02384 -0.000549325 0.000913384 -0.000571626
28.8125 -1.08932 -1.63281e-05 2.57481e-05 -9.97922e-05
29.9375 -1.08974 -0.000553355 0.00094829 -0.000329757
26.5625 -0.155288 -3.81338e-05 7.64304e-05 2.5463e-05
27.6875 -0.155469 -0.000111706 0.000213789 0.000155309
26.5625 0.776633 -3.41216e-05 6.81312e-05 3.942e-06
27.6875 0.777539 -0.000132038 0.000250216 4.83618e-05
28.8125 -0.155589 0.000125513 -0.000228232 -7.40446e-06
29.9375 -0.155648 -0.000475507 0.000820039 -0.00103629
28.8125 0.778143 0.000249321 -0.000453319 1.39818e-06
29.9375 0.778445 4.95638e-05 -8.53483e-05 -2.62791e-05
31.0625 -2.02384 -0.000261052 0.000382179 -0.000747779
32.1875 -2.02305 8.46518e-05 -0.000179744 -0.000682441
31.0625 -1.08974 -0.000400395 0.000645086 -0.000532731
32.1875 -1.08932 3.16325e-05 -6.53381e-05 -0.00042253
33.3125 -2.02148 0.000162887 -0.000276854 -0.000451245
34.4375 -2.01913 9.01795e-06 -2.1787e-05 -0.00013851
33.3125 -1.08848 0.000160003 -0.000248248 -0.000138247
34.4375 -1.08721 -2.93798e-06 4.1265e-06 -4.7168e-06
31.0625 -0.155648 -0.000520791 0.00086082 -0.00071851
32.1875 -0.155589 -0.000141291 0.000223542 -0.000182785
31.0625 0.778445 -0.000617062 0.00103887 -0.000548318
32.1875 0.778143 -0.000374481 0.000596051 -4.30304e-05
33.3125 -0.155469 5.13417e-05 -7.74242e-05 0.000141457
34.4375 -0.155288 -2.94295e-05 4.3586e-05 0.000138876
33.3125 0.777539 -0.00011039 0.000158164 0.000396941
34.4375 0.776633 -8.58041e-05 0.000117716 0.000309604
26.5625 1.70855 -2.87249e-06 3.19681e-06 3.82102e-05
27.6875 1.71054 -1.19714e-05 4.32178e-05 -0.00031746
26.5625 2.64048 1.86177e-05 -4.00621e-05 2.73689e-05
27.6875 2.64355 3.77344e-06 -1.0466e-05 3.29565e-05
28.8125 1.71187 -1.18744e-05 4.6579e-05 -0.000402994
29.9375 1.71253 -7.34978e-05 0.00013213 -7.52207e-05
28.8125 2.64559 -6.20536e-05 0.000127815 -0.000156429
29.9375 2.64661 -9.1271e-05 0.000193222 -0.000375024
26.5625 3.5724 1.39053e-05 -2.78188e-05 3.67659e-08
27.6875 3.57655 1.60649e-06 1.07866e-06 -3.07778e-05
26.5625 4.50433 8.04767e-06 -2.06335e-05 2.575e-05
27.6875 4.50956 -8.31598e-07 -7.16209e-06 5.1531e-05
28.8125 3.57932 -1.18423e-05 2.1729e-05 -1.53408e-06
29.9375 3.5807 -3.1822e-05 6.15349e-05 -5.00707e-05
28.8125 4.51305 -1.36547e-05 1.52822e-05 5.82681e-05
29.9375 4.51479 1.21267e-06 -1.46798e-05 7.9471e-05
31.0625 1.71253 -0.000714538 0.00117724 0.000155698
32.1875 1.71187 -0.000557442 0.000886457 -1.47233e-05
31.0625 2.64661 -0.000277927 0.00047931 -0.000199833
32.1875 2.64559 -0.000377039 0.000621174 -0.000255433
33.3125 1.71054 -0.000228493 0.00033156 0.000296496
34.4375 1.70855 -0.000176019 0.000243943 0.000242014
33.3125 2.64355 -0.000213109 0.000353649 -0.000349428
34.4375 2.64048 -0.000176483 0.000272785 -0.000188839
31.0625 3.5807 -7.62823e-05 0.000155101 -0.000234661
32.1875 3.57932 -0.000117015 0.000256264 -0.000599164
31.0625 4.51479 -2.77939e-05 2.63679e-05 0.000129218
32.1875 4.51305 -8.02089e-05 0.000116704 7.23984e-05
33.3125 3.57655 -0.000139979 0.000295991 -0.000729251
34.4375 3.5724 -0.000104397 0.000207609 -0.000501405
33.3125 4.50956 -8.65833e-05 0.000128699 2.12296e-05
34.4375 4.50433 -6.78858e-05 8.99661e-05 6.48904e-05
