37.6717 -9.05078 -0.00984762 0.012631 -0.000153743
38.0308 -9.05043 -0.0100068 0.0125222 -0.000156965
37.6717 -8.9083 -0.00978697 0.012691 -0.000423271
38.0308 -8.90795 -0.0100678 0.0125545 -0.000407918
38.3899 -9.04973 -0.0100284 0.0125743 -8.61917e-05
38.749 -9.04868 -0.0105937 0.0130112 -7.27179e-05
38.3899 -8.90726 -0.0102338 0.0125841 -0.000418962
38.749 -8.90622 -0.010643 0.0130686 -0.000395952
37.6717 -8.76581 -0.00980689 0.0127393 -0.000696659
38.0308 -8.76547 -0.0101781 0.0126616 -0.000750317
37.6717 -8.62331 -0.00990021 0.012772 -0.00102733
38.0307 -8.62298 -0.0103431 0.0128396 -0.000962191
38.3898 -8.76479 -0.010473 0.0127505 -0.000742704
38.7489 -8.76376 -0.0107876 0.0131821 -0.000738901
38.3898 -8.62231 -0.010673 0.0129838 -0.000971106
38.7489 -8.62131 -0.0109567 0.0133782 -0.00109689
39.1082 -9.04728 -0.0113814 0.0139739 -0.000161492
39.4674 -9.04553 -0.0121694 0.0144333 -0.000129733
39.1081 -8.90484 -0.011483 0.0138809 -0.000363909
39.4674 -8.90311 -0.0122156 0.0143431 -0.000478665
39.8267 -9.04339 -0.0133723 0.012812 0.000317005
40.1863 -9.04091 -0.0113652 0.0132471 -8.50335e-05
39.8267 -8.901 -0.0131685 0.0128783 -0.00028963
40.1863 -8.89857 -0.0116469 0.0131248 -0.00055823
39.1081 -8.7624 -0.0115382 0.0138615 -0.000732229
39.4673 -8.7607 -0.0123474 0.0141266 -0.000895242
39.1081 -8.61997 -0.0116486 0.0138383 -0.00111347
39.4673 -8.61829 -0.012292 0.0139928 -0.00129795
39.8267 -8.75862 -0.0128513 0.0130977 -0.000825151
40.1862 -8.75622 -0.0118158 0.0129801 -0.000785382
39.8266 -8.61625 -0.0128567 0.0130641 -0.00130346
40.1861 -8.6139 -0.0117738 0.0130898 -0.00132491
37.6716 -8.48081 -0.00996352 0.0128015 -0.00132782
38.0307 -8.48049 -0.0105695 0.012993 -0.00123283
37.6716 -8.33831 -0.0100733 0.0128836 -0.0015543
38.0307 -8.33801 -0.0107775 0.0132355 -0.00158945
38.3898 -8.47984 -0.0109478 0.013308 -0.00130813
38.7489 -8.47885 -0.0111168 0.0136451 -0.00154574
38.3898 -8.33737 -0.0112179 0.0136469 -0.00163822
38.7489 -8.33641 -0.011314 0.0139214 -0.00187536
37.6716 -8.19581 -0.0102793 0.0129593 -0.00182096
38.0307 -8.19551 -0.0109784 0.0134636 -0.00172208
37.6715 -8.05331 -0.0104505 0.0130186 -0.00214094
38.0306 -8.05302 -0.0112022 0.0136891 -0.00204551
38.3898 -8.1949 -0.0114326 0.0140124 -0.00200997
38.7489 -8.19397 -0.0116937 0.0141831 -0.00207518
38.3897 -8.05242 -0.0116353 0.0142865 -0.00227555
38.7488 -8.05151 -0.0119879 0.0143235 -0.00236163
39.108 -8.47754 -0.0118277 0.0138233 -0.00142583
39.4673 -8.47589 -0.0121272 0.0139902 -0.00170307
39.108 -8.33512 -0.0120128 0.013816 -0.00181696
39.4673 -8.3335 -0.0120059 0.0139815 -0.00210194
39.8266 -8.47389 -0.0129463 0.0130287 -0.00166043
40.1861 -8.47158 -0.011906 0.0130514 -0.00156152
39.8265 -8.33155 -0.0128358 0.0130577 -0.0020778
40.186 -8.32927 -0.012102 0.0129399 -0.0019273
39.108 -8.1927 -0.0120687 0.0139979 -0.0022607
39.4672 -8.19112 -0.0119232 0.0138995 -0.0024546
39.108 -8.05028 -0.0120892 0.0141824 -0.00260374
39.4672 -8.04873 -0.0119028 0.0138142 -0.00283072
39.8265 -8.1892 -0.0127407 0.0130453 -0.00262665
40.1859 -8.18697 -0.012244 0.0128901 -0.00228807
39.8265 -8.04686 -0.0126262 0.0130728 -0.00298794
40.1859 -8.04467 -0.0123814 0.0128783 -0.00260626
40.5459 -9.0381 -0.0113904 0.0127206 -0.000106476
40.9055 -9.03492 -0.0113839 0.0126178 -5.67995e-05
40.5459 -8.8958 -0.0113133 0.0128251 -0.000573956
40.9054 -8.89268 -0.0114359 0.0125551 -0.000736414
41.2652 -9.03141 -0.0108873 0.0129048 -4.23779e-05
41.6248 -9.02756 -0.0115268 0.0126595 -2.1334e-05
41.2651 -8.88923 -0.0112098 0.0126774 -0.00084051
41.6247 -8.88544 -0.0115411 0.0125946 -0.000670486
40.5458 -8.7535 -0.0114482 0.0127803 -0.000932986
40.9053 -8.75045 -0.0114498 0.0126002 -0.00129178
40.5457 -8.61122 -0.0116449 0.0126186 -0.00129303
40.9052 -8.60822 -0.0115125 0.0125893 -0.0017604
41.265 -8.74706 -0.0114962 0.0125822 -0.0014248
41.6246 -8.74332 -0.0118414 0.0125914 -0.00155676
41.2648 -8.60488 -0.0116029 0.0125419 -0.00197248
41.6245 -8.60121 -0.0118923 0.0124778 -0.00207171
41.9845 -9.02333 -0.0116334 0.0126828 -0.000124702
42.3442 -9.01876 -0.0120971 0.0129122 -0.000210036
41.9844 -8.88129 -0.0117814 0.0126811 -0.000906183
42.3441 -8.87679 -0.0121772 0.0128808 -0.00108812
42.704 -9.01383 -0.0122329 0.0131172 -1.76506e-05
43.0638 -9.00855 -0.0120331 0.0127241 1.12255e-05
42.7039 -8.87194 -0.0122346 0.0129053 -0.000640211
43.0637 -8.86675 -0.0120316 0.0126179 -0.000574099
41.9843 -8.73924 -0.0119679 0.0128885 -0.00158609
42.344 -8.73482 -0.0121834 0.0127031 -0.00200734
41.9842 -8.5972 -0.0121225 0.012793 -0.00223628
42.3439 -8.59285 -0.0122086 0.0125738 -0.00252364
42.7038 -8.73006 -0.012099 0.0125695 -0.00119929
43.0636 -8.72495 -0.0119973 0.0125006 -0.00121413
42.7037 -8.58816 -0.0120346 0.0123786 -0.00209565
43.0635 -8.58315 -0.0120038 0.012421 -0.0018723
40.5456 -8.46895 -0.0117831 0.0125777 -0.00170687
40.9051 -8.46599 -0.0116576 0.0125905 -0.00228696
40.5455 -8.32668 -0.0119075 0.0125459 -0.00213837
40.905 -8.32378 -0.0117271 0.0125947 -0.0026535
41.2647 -8.46271 -0.0116683 0.0125228 -0.00248882
41.6244 -8.4591 -0.011848 0.0125358 -0.00264157
41.2646 -8.32055 -0.0118141 0.0124637 -0.00296014
41.6243 -8.317 -0.0119855 0.0125104 -0.00324239
40.5454 -8.18442 -0.0120395 0.0125318 -0.00242751
40.9049 -8.18156 -0.011872 0.0126045 -0.0029345
40.5454 -8.04216 -0.0120998 0.0125897 -0.00293108
40.9048 -8.03936 -0.012002 0.0126319 -0.00332039
41.2645 -8.17839 -0.011889 0.0124524 -0.00345214
41.6242 -8.1749 -0.0120541 0.0124579 -0.00375161
41.2644 -8.03624 -0.0119731 0.0125266 -0.00381782
41.624 -8.03281 -0.0121893 0.012436 -0.00427508
41.9841 -8.45516 -0.0121489 0.0126228 -0.00276367
42.3438 -8.45088 -0.0121775 0.0125535 -0.00271577
41.984 -8.31312 -0.0122445 0.0125116 -0.00332893
42.3437 -8.30892 -0.0121945 0.0124845 -0.00342613
42.7036 -8.44627 -0.0121274 0.0123038 -0.00260989
43.0634 -8.44134 -0.0121659 0.0123129 -0.00252887
42.7035 -8.30439 -0.012131 0.0123005 -0.00327028
43.0633 -8.29954 -0.0123537 0.0122516 -0.0034223
41.9839 -8.17109 -0.0122897 0.0125458 -0.00398216
42.3436 -8.16696 -0.0123979 0.0125097 -0.00380624
41.9837 -8.02906 -0.0124056 0.012601 -0.0046631
42.3435 -8.02499 -0.0125537 0.0125729 -0.00449099
42.7034 -8.1625 -0.0123081 0.0123638 -0.00399529
43.0632 -8.15773 -0.0125367 0.0122801 -0.00430617
42.7033 -8.02061 -0.0125256 0.0124464 -0.0047806
43.0631 -8.01592 -0.0127245 0.012393 -0.00525081
37.6715 -7.91081 -0.0105831 0.0131495 -0.00235835
38.0306 -7.91053 -0.0113398 0.0138823 -0.00233387
37.6715 -7.76831 -0.0107077 0.0131985 -0.0026569
38.0305 -7.76804 -0.011526 0.0140018 -0.00249847
38.3897 -7.90994 -0.0118978 0.0144256 -0.00246257
38.7488 -7.90905 -0.0121315 0.014489 -0.00267974
38.3896 -7.76746 -0.0120321 0.0145735 -0.00270651
38.7487 -7.76658 -0.0122536 0.0146226 -0.00291328
37.6714 -7.62581 -0.0109136 0.0132537 -0.00306127
38.0305 -7.62554 -0.011717 0.0140584 -0.00278815
37.6714 -7.48332 -0.0109545 0.0133513 -0.00312017
38.0305 -7.48305 -0.0116882 0.0141355 -0.00321834
38.3896 -7.62498 -0.0121258 0.0146733 -0.00295805
38.7487 -7.62412 -0.0123261 0.014708 -0.00314492
38.3896 -7.4825 -0.0121639 0.0146909 -0.00322049
38.7486 -7.48166 -0.0124046 0.0147292 -0.00338736
39.108 -7.90784 -0.0121676 0.0142478 -0.00292662
39.4672 -7.90633 -0.0119055 0.0137562 -0.00317545
39.1079 -7.7654 -0.0122831 0.0142393 -0.00321846
39.4671 -7.76391 -0.0119291 0.0137379 -0.00345375
39.8264 -7.9045 -0.0124529 0.0131067 -0.00319431
40.1858 -7.90235 -0.0125638 0.0128599 -0.00294199
39.8264 -7.76212 -0.0123156 0.0131812 -0.00346486
40.1857 -7.76001 -0.0127918 0.0127621 -0.00328158
39.1078 -7.62296 -0.012364 0.0142282 -0.00342968
39.467 -7.62151 -0.0119711 0.0137474 -0.00374084
39.1078 -7.48053 -0.0123988 0.0142487 -0.00366152
39.467 -7.4791 -0.012057 0.0137451 -0.00402416
39.8263 -7.61975 -0.0122179 0.0133805 -0.00380567
40.1857 -7.61768 -0.0129868 0.012725 -0.00373567
39.8262 -7.47738 -0.0123489 0.013515 -0.00410235
40.1856 -7.47535 -0.0131285 0.0128681 -0.00429659
37.6714 -7.34081 -0.0111101 0.0132277 -0.00364254
38.0304 -7.34057 -0.011667 0.0141462 -0.00352801
37.6713 -7.19833 -0.0113929 0.0127728 -0.00414191
38.0304 -7.19809 -0.0116412 0.0140008 -0.00391061
38.3895 -7.34003 -0.012138 0.014677 -0.00356275
38.7486 -7.33921 -0.0125235 0.0146948 -0.00370451
38.3895 -7.19757 -0.0121004 0.0145745 -0.00397982
38.7485 -7.19676 -0.0124703 0.0146843 -0.00412216
37.6713 -7.05587 -0.0114191 0.0129345 -0.00391125
38.0303 -7.05561 -0.0115897 0.0137585 -0.00429578
37.6713 -6.91338 -0.0109104 0.0127437 -0.00449411
38.0303 -6.91314 -0.0114867 0.0134915 -0.00471227
38.3894 -7.0551 -0.0121008 0.0143523 -0.00443715
38.7485 -7.05432 -0.0123725 0.0146293 -0.00452583
38.3894 -6.91264 -0.0120249 0.0141228 -0.00495824
38.7485 -6.91187 -0.0123058 0.0145862 -0.00502661
39.1077 -7.3381 -0.0124419 0.0142759 -0.00394304
39.4669 -7.3367 -0.0121349 0.013796 -0.00433329
39.1077 -7.19567 -0.0125112 0.0142982 -0.0042553
39.4669 -7.1943 -0.0122974 0.0139094 -0.0046751
39.8262 -7.33501 -0.0125974 0.013618 -0.0045468
40.1855 -7.33302 -0.0131626 0.0132093 -0.00481269
39.8261 -7.19265 -0.012903 0.0137385 -0.00504347
40.1855 -7.1907 -0.0132878 0.0135502 -0.00527815
39.1076 -7.05325 -0.0126572 0.0143108 -0.00466527
39.4668 -7.05191 -0.0126181 0.0141059 -0.00507239
39.1076 -6.91083 -0.0127602 0.0144723 -0.00518876
39.4667 -6.90952 -0.0130002 0.0144262 -0.00550399
39.8261 -7.05029 -0.013135 0.014004 -0.00547202
40.1854 -7.04838 -0.0136425 0.0137741 -0.00560709
39.826 -6.90793 -0.0131338 0.0144761 -0.00619114
40.1853 -6.90606 -0.0140934 0.0138069 -0.00588027
40.5453 -7.89989 -0.0123061 0.0126765 -0.00330451
40.9047 -7.89714 -0.0121321 0.0126701 -0.00373087
40.5452 -7.7576 -0.0124131 0.0127609 -0.00374854
40.9047 -7.7549 -0.012282 0.0127184 -0.00401807
41.2643 -7.89407 -0.0121244 0.0126086 -0.00424015
41.6239 -7.8907 -0.0123155 0.0125188 -0.00486112
41.2642 -7.75189 -0.0123085 0.0127298 -0.00465116
41.6239 -7.74858 -0.0124991 0.0125879 -0.00540213
40.5451 -7.61531 -0.0125028 0.0128562 -0.00399809
40.9046 -7.61266 -0.0124257 0.0128333 -0.00450598
40.545 -7.47303 -0.0127849 0.0129314 -0.00443703
40.9045 -7.47042 -0.0126006 0.0129994 -0.0048982
41.2641 -7.60971 -0.0124915 0.0128836 -0.0050386
41.6238 -7.60646 -0.0128633 0.0127858 -0.00583538
41.264 -7.46753 -0.0126907 0.0130063 -0.00552232
41.6237 -7.46435 -0.0131758 0.0130034 -0.00642321
41.9836 -7.88701 -0.0126505 0.0126311 -0.00534365
42.3434 -7.88302 -0.0127967 0.0126918 -0.00523365
41.9835 -7.74496 -0.0128594 0.0127681 -0.00614447
42.3433 -7.74104 -0.0130151 0.0128377 -0.00598815
42.7032 -7.87872 -0.0127758 0.0125166 -0.00558464
43.063 -7.87411 -0.0129417 0.0124269 -0.00610064
42.7031 -7.73682 -0.0130203 0.012623 -0.00639464
43.0629 -7.7323 -0.0130597 0.012576 -0.00685896
41.9835 -7.60291 -0.0131332 0.0128868 -0.0068697
42.3432 -7.59907 -0.0132367 0.0129272 -0.00664795
41.9834 -7.46087 -0.0132821 0.0130731 -0.00742088
42.3431 -7.45709 -0.0133725 0.0129615 -0.00722525
42.703 -7.59492 -0.0133189 0.0126872 -0.00703264
43.0628 -7.59048 -0.0133275 0.0125771 -0.00751921
42.7029 -7.45303 -0.0134296 0.0128475 -0.00758729
43.0627 -7.44867 -0.0134583 0.0126383 -0.00799826
40.545 -7.33074 -0.0129689 0.0129896 -0.00485568
40.9044 -7.32819 -0.012868 0.0131083 -0.00516605
40.5449 -7.18847 -0.0131714 0.0132653 -0.00530822
40.9043 -7.18597 -0.0131155 0.0132685 -0.00564956
41.2639 -7.32535 -0.0129765 0.0131687 -0.00585854
41.6236 -7.32223 -0.0135166 0.0131863 -0.00686904
41.2639 -7.18318 -0.0132298 0.0133366 -0.00636145
41.6235 -7.18012 -0.013655 0.0133743 -0.00732281
40.5448 -7.0462 -0.0133697 0.0135604 -0.00578417
40.9042 -7.04375 -0.0133159 0.0135286 -0.00613386
40.5447 -6.90393 -0.0137308 0.0139276 -0.00627453
40.9042 -6.90153 -0.0135536 0.0137363 -0.00648957
41.2638 -7.04102 -0.0134145 0.0135578 -0.00683916
41.6234 -7.03801 -0.0137277 0.0135336 -0.00784877
41.2637 -6.89885 -0.0136604 0.0136318 -0.00722366
41.6233 -6.89591 -0.0138928 0.0136444 -0.00824037
41.9833 -7.31882 -0.0134945 0.0131584 -0.00783229
42.343 -7.31512 -0.013472 0.0129728 -0.00780513
41.9832 -7.17677 -0.0136524 0.0132636 -0.00816649
42.3429 -7.17314 -0.0136218 0.0130171 -0.00822818
42.7028 -7.31113 -0.0135585 0.0129709 -0.00808921
43.0626 -7.30686 -0.0135249 0.0127305 -0.00841211
42.7027 -7.16924 -0.0137246 0.0129863 -0.00841416
43.0625 -7.16504 -0.0136211 0.0128055 -0.00870155
41.9831 -7.03473 -0.0137487 0.0133683 -0.00842499
42.3428 -7.03118 -0.0137362 0.0131641 -0.00855395
41.983 -6.89269 -0.0138863 0.0134903 -0.00867567
42.3427 -6.88921 -0.0138787 0.0132867 -0.00883543
42.7026 -7.02734 -0.013807 0.0130709 -0.00867477
43.0624 -7.02323 -0.0137181 0.0128571 -0.00893529
42.7025 -6.88545 -0.0138819 0.0131618 -0.00897865
43.0623 -6.88143 -0.0138096 0.0129209 -0.00909009
43.4236 -9.00292 -0.0117175 0.0122294 -6.08279e-05
43.7834 -8.99693 -0.0112807 0.0116357 -0.0001087
43.4235 -8.86121 -0.0117503 0.0121804 -0.000776991
43.7833 -8.85531 -0.0114089 0.011555 -0.000867302
44.1433 -8.99059 -0.0107704 0.0109952 -0.000141464
44.5031 -8.98391 -0.0100789 0.0102083 -0.000196767
44.1432 -8.84907 -0.010907 0.010928 -0.00095224
44.5031 -8.84249 -0.010212 0.0101679 -0.000956123
43.4234 -8.7195 -0.0118058 0.0121259 -0.00146122
43.7832 -8.7137 -0.0115295 0.0114939 -0.00169242
43.4233 -8.57778 -0.0119079 0.012083 -0.00220654
43.7832 -8.57208 -0.0116847 0.0115102 -0.00248893
44.1431 -8.70755 -0.0110065 0.0108919 -0.00178274
44.503 -8.70107 -0.0103574 0.0101108 -0.00175605
44.143 -8.56603 -0.0111629 0.0108836 -0.00257048
44.5029 -8.55965 -0.0105028 0.0100914 -0.00253504
44.863 -8.97687 -0.00930229 0.00930283 -0.000116468
45.2228 -8.96948 -0.00845016 0.00827578 -0.000188729
44.8629 -8.83556 -0.00940673 0.00922783 -0.00095903
45.2228 -8.82829 -0.00854252 0.00822779 -0.000768394
45.5827 -8.96174 -0.00758981 0.00739015 -9.29745e-05
45.9425 -8.95365 -0.00681226 0.00661395 -0.000141929
45.5826 -8.82067 -0.00767828 0.00736854 -0.000743145
45.9424 -8.81271 -0.00696997 0.00658179 -0.000684242
44.8629 -8.69425 -0.00948312 0.00916905 -0.00163103
45.2227 -8.68709 -0.00870973 0.00824876 -0.00147837
44.8628 -8.55294 -0.00961953 0.00914913 -0.00242395
45.2227 -8.54589 -0.00875772 0.00820392 -0.00210196
45.5826 -8.67959 -0.00779798 0.00731591 -0.00137862
45.9424 -8.67175 -0.00695745 0.00633052 -0.00139314
45.5825 -8.53851 -0.00783696 0.00722097 -0.00197146
45.9424 -8.53079 -0.00701015 0.0062198 -0.00191358
43.4232 -8.43607 -0.0120352 0.0120934 -0.00293886
43.7831 -8.43045 -0.0118375 0.0115287 -0.00328674
43.4231 -8.29434 -0.0122279 0.0121189 -0.00391639
43.783 -8.28882 -0.0119975 0.0115805 -0.00407659
44.143 -8.42451 -0.0113511 0.0109001 -0.00335368
44.5029 -8.41823 -0.0106684 0.0100936 -0.00333217
44.1429 -8.28298 -0.0115104 0.0109281 -0.00412906
44.5028 -8.2768 -0.0108336 0.0101139 -0.00407021
43.423 -8.15262 -0.0124647 0.0121393 -0.00477581
43.7829 -8.1472 -0.012171 0.0116233 -0.0048673
43.4229 -8.0109 -0.0126747 0.0122047 -0.00559129
43.7828 -8.00556 -0.0123435 0.0116743 -0.00564741
44.1428 -8.14144 -0.0116906 0.0109646 -0.00488289
44.5027 -8.13537 -0.0109978 0.0101616 -0.00480049
44.1427 -7.99991 -0.011891 0.0110241 -0.00563436
44.5027 -7.99395 -0.0111817 0.0102459 -0.00548423
44.8627 -8.41163 -0.00978821 0.00917173 -0.00316969
45.2226 -8.40469 -0.00890366 0.00823107 -0.0028974
44.8627 -8.27031 -0.00997966 0.00920205 -0.00383786
45.2226 -8.26349 -0.00907528 0.00824145 -0.00361306
45.5825 -8.39743 -0.00795416 0.00721443 -0.00271867
45.9424 -8.38983 -0.00699871 0.00622095 -0.00275962
45.5825 -8.25634 -0.00796557 0.00714712 -0.00339088
45.9424 -8.24887 -0.00697239 0.00618668 -0.00338432
44.8626 -8.12899 -0.0101569 0.0092566 -0.00453677
45.2225 -8.12228 -0.00918249 0.00820465 -0.00426049
44.8626 -7.98767 -0.0103238 0.00930011 -0.00517881
45.2225 -7.98107 -0.0092706 0.00824925 -0.00492086
45.5825 -8.11526 -0.00816804 0.0072312 -0.00389047
45.9424 -8.10793 -0.00688649 0.00592325 -0.00486568
45.5824 -7.97417 -0.00810038 0.00723269 -0.0050051
45.9423 -7.96697 -0.00714088 0.005935 -0.00377966
46.3023 -8.94521 -0.00570806 0.00537091 -6.77485e-05
46.662 -8.9364 -0.00440089 0.00439136 -0.000242702
46.3023 -8.80439 -0.00572689 0.00529865 -0.000861176
46.6621 -8.79573 -0.004339 0.00461845 -0.000651556
47.0217 -8.92732 -0.00355433 0.00326402 -8.1557e-05
47.3815 -8.91777 -0.00272715 0.00199273 -0.000817109
47.0217 -8.78677 -0.00364893 0.00322758 -0.000921728
47.3814 -8.77741 -0.00364068 0.00154779 -0.00265459
46.3023 -8.66357 -0.00571913 0.00528886 -0.001595
46.6621 -8.65506 -0.00431289 0.00457476 -0.00181296
46.3023 -8.52274 -0.00581805 0.00516067 -0.00224541
46.6621 -8.51438 -0.00442165 0.00445676 -0.00277003
47.0217 -8.64627 -0.00378264 0.00333127 -0.00216537
47.3814 -8.63709 -0.00338571 0.00187189 -0.00235503
47.0217 -8.50575 -0.00354176 0.0035311 -0.00252801
47.3813 -8.49667 -0.00367562 0.00241093 -0.00212133
47.7413 -8.90795 -0.00183672 0.00157822 -0.000318229
48.101 -8.89778 -0.00100277 0.000778976 -0.000634524
47.7412 -8.76771 -0.00186496 0.00125624 -0.00104219
48.1009 -8.75771 -0.00115162 0.000650725 -0.00179951
48.4606 -8.88726 -0.000411117 0.000222835 -0.000674379
48.8202 -8.87641 0.000105595 -0.00020148 -0.000771894
48.4606 -8.74736 -0.000574727 0.000141069 -0.00171496
48.8202 -8.73668 -7.88316e-05 -0.000219113 -0.00121813
47.7411 -8.6275 -0.00206482 0.00116262 -0.00265407
48.1009 -8.61764 -0.00120695 0.000507628 -0.00279926
47.7411 -8.48727 -0.00217313 0.00146677 -0.00372804
48.1008 -8.47755 -0.0012526 0.000396998 -0.00377419
48.4606 -8.60744 -0.000705416 7.06737e-06 -0.00321055
48.8202 -8.59692 -0.000492585 -0.000167525 -0.00330076
48.4605 -8.46752 -0.000873053 -2.80747e-05 -0.00446027
48.8202 -8.45716 -0.000593565 -0.000252686 -0.0043345
46.3023 -8.38192 -0.00581281 0.00509208 -0.00331051
46.662 -8.37369 -0.00497562 0.00400628 -0.00365353
46.3023 -8.2411 -0.00579895 0.00501288 -0.00424554
46.662 -8.23299 -0.00484525 0.00375721 -0.00397095
47.0217 -8.36515 -0.00360898 0.00329327 -0.00279215
47.3813 -8.35623 -0.004037 0.00201762 -0.00439564
47.0216 -8.22456 -0.00374148 0.00318253 -0.0039769
47.3813 -8.21579 -0.00323205 0.00220104 -0.00449908
46.3022 -8.10029 -0.00562729 0.00534318 -0.00359558
46.662 -8.0923 -0.00453553 0.00423991 -0.00437271
46.3022 -7.95943 -0.00560576 0.0049938 -0.00451268
46.662 -7.95159 -0.00476058 0.00371771 -0.00492995
47.0217 -8.08399 -0.00382418 0.00296614 -0.00523505
47.3813 -8.07535 -0.00323158 0.00175568 -0.00491403
47.0217 -7.94345 -0.00415775 0.00218174 -0.0062309
47.3813 -7.93495 -0.00336333 0.00103019 -0.0049122
47.7411 -8.34698 -0.00223785 0.000995822 -0.00416601
48.1008 -8.33744 -0.00138118 0.000259362 -0.00476534
47.7411 -8.20669 -0.00229671 0.000981178 -0.00536505
48.1007 -8.19731 -0.00143261 0.000176418 -0.00562199
48.4605 -8.32757 -0.000905157 -0.000217167 -0.0054505
48.8202 -8.31737 -0.000677744 -0.000415271 -0.005557
48.4604 -8.1876 -0.000979277 -0.000338856 -0.00647972
48.8201 -8.17757 -0.000786593 -0.000738289 -0.00675506
47.741 -8.06642 -0.00233324 0.000762601 -0.0060661
48.1007 -8.05719 -0.00152515 0.000119994 -0.00638302
47.7409 -7.92618 -0.00305877 0.000103816 -0.00758327
48.1006 -7.91709 -0.00155278 -0.000375258 -0.00684
48.4604 -8.04765 -0.00110754 -0.000514796 -0.00737908
48.8201 -8.03779 -0.00100791 -0.000868209 -0.00820817
48.4603 -7.90771 -0.00102789 -0.000550898 -0.00843905
48.8201 -7.89801 -0.000746352 -0.000687449 -0.00943086
43.4228 -7.86918 -0.0128711 0.0122634 -0.00642501
43.7828 -7.86394 -0.012568 0.0117716 -0.00637438
43.4227 -7.72746 -0.0130011 0.0123278 -0.00717404
43.7827 -7.72231 -0.0127525 0.0118532 -0.00713716
44.1427 -7.85838 -0.0121033 0.0111213 -0.00636403
44.5026 -7.85252 -0.0113822 0.0103136 -0.00607745
44.1426 -7.71686 -0.0122834 0.0112478 -0.00698174
44.5025 -7.71111 -0.0116084 0.0104383 -0.00665367
43.4227 -7.58574 -0.0131777 0.0123806 -0.00774869
43.7826 -7.58069 -0.0129758 0.0119756 -0.00783965
43.4226 -7.44401 -0.0133528 0.0124333 -0.00824443
43.7825 -7.43906 -0.0131395 0.0121011 -0.00826559
44.1425 -7.57534 -0.0124888 0.0113859 -0.00757398
44.5025 -7.56969 -0.0117933 0.0105624 -0.00720641
44.1424 -7.43382 -0.0127048 0.0115385 -0.00803351
44.5024 -7.42828 -0.0120134 0.0106726 -0.00763402
44.8625 -7.84635 -0.0105035 0.00935383 -0.00568045
45.2225 -7.83987 -0.00943156 0.00826647 -0.00542422
44.8625 -7.70505 -0.0106352 0.00942443 -0.00635633
45.2224 -7.69868 -0.00951612 0.0083104 -0.00602448
45.5824 -7.8331 -0.00765332 0.00728155 -0.00552509
45.9423 -7.826 -0.00730129 0.00592829 -0.00521809
45.5824 -7.69202 -0.00817752 0.00734282 -0.00577863
45.9423 -7.68504 -0.00710189 0.00581692 -0.00599178
44.8624 -7.56375 -0.0108164 0.00947813 -0.00674474
45.2224 -7.5575 -0.00968806 0.00827759 -0.00641662
44.8624 -7.42245 -0.0109321 0.00957579 -0.00718591
45.2224 -7.41632 -0.00970438 0.00833199 -0.00690518
45.5824 -7.55095 -0.00840475 0.00709892 -0.00612597
45.9423 -7.5441 -0.00714229 0.00573823 -0.00641793
45.5824 -7.4099 -0.00838087 0.00699788 -0.00680356
45.9423 -7.40319 -0.00721266 0.00561317 -0.00679029
43.4225 -7.30229 -0.0134741 0.0124928 -0.00860836
43.7824 -7.29743 -0.0132848 0.0121673 -0.00862901
43.4224 -7.16057 -0.0135735 0.0125525 -0.00886993
43.7823 -7.15581 -0.0133874 0.0122684 -0.00888732
44.1424 -7.29229 -0.0128808 0.0117004 -0.00839816
44.5023 -7.28686 -0.0121716 0.0108291 -0.00803743
44.1423 -7.15077 -0.013023 0.0117766 -0.00870189
44.5022 -7.14545 -0.0122829 0.0109585 -0.00836133
43.4223 -7.01885 -0.0136399 0.0126062 -0.00906963
43.7822 -7.01419 -0.0134571 0.0123296 -0.00907703
43.4222 -6.87713 -0.0136882 0.0126567 -0.00919165
43.7822 -6.87256 -0.0134865 0.0123777 -0.00922724
44.1422 -7.00925 -0.0131479 0.0118106 -0.00895477
44.5022 -7.00403 -0.0123744 0.0110018 -0.00855177
44.1421 -6.86772 -0.0131312 0.0119 -0.00911285
44.5021 -6.86261 -0.0123798 0.0110251 -0.00878287
44.8623 -7.28115 -0.0110357 0.00962732 -0.00762376
45.2223 -7.27515 -0.00975005 0.0083351 -0.00728972
44.8622 -7.13985 -0.0111167 0.00968271 -0.00790909
45.2223 -7.13397 -0.00980532 0.00829974 -0.00763411
45.5823 -7.26886 -0.00854074 0.00687093 -0.00718936
45.9423 -7.26231 -0.00677898 0.00553011 -0.00733529
45.5823 -7.12782 -0.00802488 0.00722771 -0.00759276
45.9422 -7.12139 -0.00680044 0.00585614 -0.00754342
44.8622 -6.99854 -0.0111493 0.0097321 -0.00820632
45.2222 -6.99278 -0.00980404 0.00830821 -0.00794191
44.8621 -6.85723 -0.0111397 0.00972404 -0.00843276
45.2221 -6.85159 -0.00979374 0.00830765 -0.0082571
45.5822 -6.98675 -0.00841621 0.00684655 -0.00780499
45.9421 -6.98044 -0.00706347 0.00550835 -0.00794884
45.5821 -6.84567 -0.00842882 0.00683594 -0.00822178
45.9421 -6.83948 -0.00708469 0.00542742 -0.00834165
46.3022 -7.81859 -0.00572504 0.00483748 -0.00556133
46.662 -7.81091 -0.00462552 0.00376586 -0.00595396
46.3022 -7.67778 -0.0057756 0.00452975 -0.00607143
46.662 -7.67024 -0.00464186 0.00346303 -0.0067173
47.0218 -7.80294 -0.00329517 0.00244238 -0.00629947
47.3813 -7.7946 -0.00326284 0.00143425 -0.0071869
47.0217 -7.6624 -0.00336088 0.00240408 -0.00640292
47.3814 -7.65425 -0.00298814 0.00133796 -0.00837844
46.3021 -7.53698 -0.00578092 0.00436069 -0.00656029
46.6619 -7.52958 -0.00434231 0.00321929 -0.00694029
46.302 -7.39619 -0.00604448 0.00361524 -0.00781004
46.6618 -7.38891 -0.00413602 0.00350263 -0.00742395
47.0217 -7.52189 -0.00329227 0.00244014 -0.00767502
47.3814 -7.51389 -0.00210153 0.00207208 -0.00853346
47.0216 -7.38134 -0.00315742 0.00271888 -0.00766095
47.3814 -7.37345 -0.0025285 0.00149129 -0.0087195
47.741 -7.78601 -0.0028703 -0.000157197 -0.0075474
48.1005 -7.77702 -0.00180226 -0.0011544 -0.00778635
47.741 -7.64578 -0.00159101 0.000780584 -0.00777532
48.1006 -7.63697 -0.00106092 3.88523e-05 -0.0096291
48.4603 -7.76778 -0.00112297 -0.000699232 -0.00935921
48.8201 -7.75824 -0.00107345 -0.000992285 -0.00986538
48.4604 -7.62787 -0.00119623 -0.000746919 -0.0100842
48.8201 -7.61848 -0.00108909 -0.000976189 -0.010501
47.7411 -7.50555 -0.00119545 0.00110343 -0.00861802
48.1007 -7.49689 -0.00132859 -0.000210893 -0.0104929
47.7412 -7.36527 -0.00147169 0.000862075 -0.0100529
48.1008 -7.35679 -0.00116936 0.00016444 -0.0108644
48.4605 -7.48794 -0.00132847 -0.000832697 -0.0105204
48.8202 -7.47872 -0.00115932 -0.00108378 -0.0107033
48.4605 -7.34802 -0.00125202 -0.000668777 -0.0110525
48.8202 -7.33897 -0.00100128 -0.00089579 -0.010912
46.302 -7.25545 -0.00579579 0.0044199 -0.00711803
46.6618 -7.24825 -0.00448159 0.0030604 -0.00774731
46.3021 -7.11465 -0.0056478 0.0042901 -0.0076729
46.6619 -7.10762 -0.00459711 0.00292275 -0.00832164
47.0216 -7.2408 -0.00339913 0.00202788 -0.0082798
47.3815 -7.23306 -0.00279736 0.000956183 -0.00941429
47.0217 -7.1003 -0.00332115 0.00195017 -0.00887779
47.3816 -7.09271 -0.00254237 0.0010686 -0.00955634
46.3021 -6.97384 -0.00573928 0.00415829 -0.00823754
46.6619 -6.96696 -0.00460057 0.00284597 -0.00867015
46.3021 -6.83302 -0.00573438 0.00404316 -0.00864533
46.6619 -6.82629 -0.00452865 0.00277886 -0.00907183
47.0217 -6.9598 -0.00345757 0.00163931 -0.00934196
47.3816 -6.95236 -0.00254067 0.00061165 -0.010124
47.0218 -6.81929 -0.00340183 0.00153343 -0.0098181
47.3817 -6.81202 -0.00244319 0.000538378 -0.0105001
47.7413 -7.22502 -0.00191913 7.68343e-05 -0.0102288
48.1009 -7.21671 -0.00150163 -0.000563106 -0.0111438
47.7413 -7.08484 -0.00181681 -0.000138726 -0.0107594
48.101 -7.07668 -0.00135804 -0.00066955 -0.0115057
48.4606 -7.20811 -0.00131799 -0.000944089 -0.0118126
48.8202 -7.19923 -0.00142894 -0.00115092 -0.011717
48.4607 -7.06824 -0.00181692 -0.00177563 -0.0112433
48.8203 -7.05952 -0.00220345 -0.00275229 -0.0111737
47.7414 -6.94466 -0.00177529 -0.000247244 -0.011102
48.1011 -6.93667 -0.00112562 -0.000739234 -0.0119174
47.7415 -6.80448 -0.0016522 -0.000285169 -0.0113586
48.1012 -6.79667 -0.00129184 -0.00101238 -0.0118807
48.4608 -6.92842 -0.00035457 -0.000145054 -0.0123018
48.8203 -6.91993 -0.000519795 -0.000827201 -0.0122926
48.4609 -6.7886 -0.00112469 -0.000965956 -0.0127405
48.8204 -6.78028 -0.000277658 -0.00135925 -0.0121341
