37.6751 4.63543 -0.00977969 0.0140674 -0.00976646
38.0344 4.6353 -0.0100546 0.01467 -0.0100481
37.6752 4.77791 -0.0100744 0.01394 -0.00936968
38.0346 4.77778 -0.0100616 0.0145626 -0.00976624
38.3937 4.635 -0.0106977 0.0147046 -0.0102062
38.7531 4.63451 -0.0109194 0.0145319 -0.0104623
38.3939 4.77746 -0.0106154 0.0147158 -0.00974912
38.7532 4.77696 -0.0108527 0.0145639 -0.0101882
37.6754 4.92038 -0.00998534 0.0140155 -0.0090353
38.0347 4.92026 -0.0101269 0.0146879 -0.00921919
37.6755 5.06286 -0.00979702 0.0142456 -0.00883731
38.0349 5.06273 -0.0102496 0.0145822 -0.00882281
38.394 4.91993 -0.0108017 0.014555 -0.00947829
38.7534 4.9194 -0.0107692 0.0145205 -0.00972839
38.3942 5.06239 -0.0107358 0.0146054 -0.00912963
38.7535 5.06185 -0.0106528 0.014598 -0.0093943
39.1124 4.63384 -0.0106755 0.0145414 -0.0105454
39.4717 4.63299 -0.0109824 0.0147713 -0.0109123
39.1125 4.77626 -0.0110235 0.0142829 -0.0102396
39.4719 4.77539 -0.0108469 0.0147651 -0.0105957
39.8311 4.63196 -0.0113392 0.0154301 -0.0109961
40.1904 4.63074 -0.0121378 0.015697 -0.011497
39.8312 4.77433 -0.0116553 0.0150299 -0.0110626
40.1906 4.77307 -0.0122267 0.0154858 -0.0110512
39.1127 4.91868 -0.0109726 0.0142744 -0.0100217
39.4721 4.91779 -0.0108275 0.014888 -0.0102255
39.1129 5.06111 -0.010709 0.0144684 -0.00973181
39.4723 5.06019 -0.0108848 0.0147332 -0.00989686
39.8314 4.91669 -0.0115089 0.0150386 -0.0105443
40.1907 4.9154 -0.0122138 0.0154317 -0.0111332
39.8316 5.05906 -0.0117268 0.0148215 -0.0103005
40.1909 5.05772 -0.0122068 0.0153923 -0.0106202
37.6757 5.20534 -0.00977767 0.0142154 -0.00834745
38.035 5.20521 -0.0101458 0.0147225 -0.00861707
37.6759 5.34782 -0.00984346 0.0143252 -0.00823059
38.0352 5.34768 -0.0103779 0.0146481 -0.00814969
38.3943 5.20486 -0.0109572 0.0143857 -0.0087806
38.7537 5.20431 -0.0109046 0.0144819 -0.00918307
38.3945 5.34733 -0.01104 0.0143248 -0.00857789
38.7538 5.34676 -0.0104252 0.0147505 -0.00879291
37.676 5.49029 -0.0100962 0.0142915 -0.00784122
38.0354 5.49015 -0.0105669 0.0145238 -0.00795372
37.6762 5.63276 -0.00951207 0.0148768 -0.00772261
38.0355 5.63261 -0.0106489 0.0143621 -0.00756691
38.3947 5.48978 -0.0109793 0.0143323 -0.00831944
38.754 5.4892 -0.0106939 0.0145663 -0.00853225
38.3948 5.63223 -0.0109372 0.0143797 -0.00830551
38.7542 5.63163 -0.0108228 0.014399 -0.00818626
39.113 5.20355 -0.0110908 0.0142483 -0.00924694
39.4724 5.20258 -0.0107725 0.0148127 -0.00963582
39.1132 5.34598 -0.0108396 0.0145698 -0.00927695
39.4725 5.34498 -0.0108913 0.0148029 -0.00923488
39.8317 5.20141 -0.0116594 0.0148182 -0.00993531
40.191 5.20003 -0.011874 0.0156513 -0.0101954
39.8318 5.34377 -0.0116235 0.0148993 -0.00960951
40.1912 5.34234 -0.0120423 0.0154791 -0.0100532
39.1133 5.4884 -0.0108134 0.0145985 -0.00887365
39.4726 5.48736 -0.0109049 0.0147459 -0.00891336
39.1135 5.6308 -0.0109646 0.0144585 -0.00848197
39.4728 5.62974 -0.0115054 0.0142334 -0.00853052
39.832 5.48611 -0.0112624 0.0151403 -0.00930207
40.1913 5.48467 -0.0123302 0.0151515 -0.00943634
39.8321 5.62847 -0.011353 0.0152705 -0.00880717
40.1915 5.62698 -0.0119616 0.0154723 -0.00877717
40.5498 4.62934 -0.012842 0.0159166 -0.011839
40.9091 4.62776 -0.0131602 0.0164892 -0.0122645
40.5499 4.77163 -0.0125393 0.0161827 -0.011832
40.9093 4.76999 -0.0133165 0.0163816 -0.0119386
41.2685 4.62599 -0.0136803 0.0168092 -0.0128532
41.6279 4.62404 -0.0141935 0.0171221 -0.0135463
41.2686 4.76817 -0.0136218 0.0167811 -0.0124602
41.628 4.76615 -0.0140396 0.0170695 -0.0132057
40.5501 4.91391 -0.0125784 0.0162335 -0.0113296
40.9094 4.91223 -0.0134615 0.0162337 -0.0116544
40.5502 5.05619 -0.0126464 0.0161266 -0.0109697
40.9095 5.05444 -0.0129129 0.0166885 -0.0113177
41.2687 4.91034 -0.0139692 0.0164385 -0.0119271
41.6282 4.90826 -0.0137175 0.0173609 -0.0128706
41.2689 5.0525 -0.0138475 0.0166418 -0.0118772
41.6283 5.05037 -0.0138588 0.0172162 -0.0122594
41.9874 4.62191 -0.0144189 0.0176838 -0.0141742
42.3468 4.6196 -0.0147171 0.0179409 -0.0150497
41.9875 4.76395 -0.0143854 0.0176304 -0.013851
42.3469 4.76157 -0.0145642 0.0179266 -0.0147334
42.7062 4.6171 -0.0147448 0.0179504 -0.015844
43.0656 4.61442 -0.0148034 0.0177474 -0.0166731
42.7064 4.75899 -0.0146578 0.0180017 -0.0154622
43.0658 4.75623 -0.0148517 0.0177819 -0.0162614
41.9876 4.90599 -0.0142873 0.0175763 -0.0134226
42.3471 4.90354 -0.0145798 0.0178631 -0.014301
41.9878 5.04803 -0.0142184 0.0174906 -0.0130863
42.3472 5.0455 -0.0145207 0.0178273 -0.0138295
42.7065 4.90088 -0.0146943 0.0179466 -0.0150801
43.0659 4.89804 -0.0148893 0.0178397 -0.015847
42.7067 5.04277 -0.014773 0.0178631 -0.0146439
43.0661 5.03984 -0.0149874 0.0178055 -0.0154374
40.5504 5.19845 -0.0124889 0.0163255 -0.0104629
40.9097 5.19667 -0.0136839 0.0161084 -0.0110953
40.5505 5.34071 -0.0119872 0.0166854 -0.0099398
40.9098 5.33888 -0.0132015 0.0164933 -0.0106941
41.269 5.19467 -0.0138304 0.0166027 -0.0114299
41.6285 5.19248 -0.0140881 0.0168831 -0.0118821
41.2692 5.33683 -0.0134556 0.0168505 -0.0111514
41.6286 5.33458 -0.0140138 0.0169522 -0.0115812
40.5506 5.48299 -0.0128767 0.0160265 -0.00985118
40.91 5.4811 -0.0128707 0.0168105 -0.0102741
40.5508 5.62526 -0.0132441 0.0155577 -0.00924989
40.9101 5.62332 -0.013519 0.0160021 -0.00922173
41.2693 5.479 -0.0132922 0.0168916 -0.0107387
41.6287 5.47668 -0.0140728 0.016943 -0.0112115
41.2695 5.62116 -0.0134082 0.0168032 -0.0103514
41.6289 5.61878 -0.0140726 0.016974 -0.0107726
41.9879 5.19008 -0.0142286 0.0174252 -0.0126367
42.3474 5.18747 -0.0145287 0.0178028 -0.0133291
41.9881 5.33211 -0.0141425 0.0174641 -0.0122008
42.3475 5.32944 -0.0142496 0.0179122 -0.0128859
42.7068 5.18467 -0.0149512 0.0176983 -0.0141397
43.0662 5.18165 -0.0150305 0.01786 -0.0150443
42.7069 5.32655 -0.0148424 0.0177302 -0.0137155
43.0664 5.32345 -0.0149454 0.0179297 -0.0145909
41.9882 5.47415 -0.0141656 0.0174192 -0.0117528
42.3477 5.4714 -0.0142958 0.0177926 -0.0125088
41.9883 5.61618 -0.0142082 0.0174249 -0.0113518
42.3478 5.61336 -0.0146478 0.0174655 -0.0118778
42.7071 5.46843 -0.0147407 0.0177818 -0.0132854
43.0665 5.46525 -0.014895 0.0179724 -0.0142088
42.7072 5.61032 -0.0146871 0.0178059 -0.0128478
43.0667 5.60705 -0.0148294 0.0179693 -0.013771
37.6764 5.77526 -0.00928418 0.014706 -0.00729871
38.0357 5.77509 -0.0107625 0.0141767 -0.00757465
37.6765 5.91776 -0.00960016 0.0145421 -0.00688668
38.0358 5.91757 -0.00992926 0.01486 -0.00779133
38.395 5.7747 -0.0110609 0.0144709 -0.00795466
38.7543 5.77406 -0.0109784 0.0142941 -0.00808915
38.3951 5.91717 -0.0107882 0.0145736 -0.00785269
38.7544 5.91651 -0.0109703 0.0143965 -0.00793771
37.6766 6.06022 -0.0101734 0.0139852 -0.00693268
38.0359 6.06002 -0.0095904 0.0150825 -0.00749253
37.6767 6.20266 -0.0110359 0.0134424 -0.00702455
38.036 6.20246 -0.0096543 0.0150334 -0.00713163
38.3952 6.05961 -0.0106315 0.0147638 -0.00785275
38.7546 6.05895 -0.0113682 0.0141321 -0.00770412
38.3954 6.20205 -0.0102141 0.0150591 -0.00755049
38.7547 6.20138 -0.0117304 0.0141189 -0.00749314
39.1136 5.77321 -0.0108088 0.0145797 -0.00822904
39.4729 5.77213 -0.0116012 0.0143052 -0.00834589
39.1138 5.91562 -0.0106127 0.0147868 -0.00778446
39.4731 5.91451 -0.0110889 0.0148254 -0.00807525
39.8323 5.77082 -0.0116219 0.0150938 -0.00826584
40.1916 5.76928 -0.0117541 0.0157759 -0.00845486
39.8324 5.91317 -0.0118743 0.0150948 -0.00771642
40.1917 5.91159 -0.0123995 0.0153869 -0.00789039
39.1139 6.05804 -0.0109163 0.0146432 -0.00771524
39.4732 6.0569 -0.0114694 0.0148695 -0.00760957
39.1141 6.20046 -0.0114366 0.0144277 -0.00736471
39.4733 6.19929 -0.0120316 0.0144723 -0.00714261
39.8325 6.05552 -0.011571 0.0152751 -0.00761058
40.1919 6.05391 -0.0124789 0.0154207 -0.00761244
39.8327 6.19787 -0.0117753 0.0153634 -0.00723361
40.192 6.19623 -0.0122516 0.0157038 -0.00726073
37.6768 6.34506 -0.0103918 0.0141401 -0.0069687
38.0362 6.34488 -0.00985008 0.0147746 -0.0067212
37.677 6.48748 -0.010076 0.0141614 -0.00644491
38.0364 6.48731 -0.0101995 0.0144467 -0.00658339
38.3956 6.34447 -0.00963967 0.0154389 -0.00715007
38.7549 6.34379 -0.0114405 0.014607 -0.00711288
38.3958 6.48689 -0.00982134 0.0153109 -0.00678343
38.7551 6.48621 -0.0108277 0.0150685 -0.00724907
37.6772 6.62995 -0.0101903 0.0138463 -0.00616063
38.0366 6.62976 -0.0103004 0.0142655 -0.00622353
37.6774 6.77241 -0.0099075 0.0141087 -0.00605401
38.0368 6.7722 -0.0103263 0.0142522 -0.0061048
38.396 6.62932 -0.0100941 0.0151736 -0.00641211
38.7553 6.62862 -0.0112092 0.0148745 -0.00692758
38.3962 6.77174 -0.00982559 0.0154119 -0.00619211
38.7555 6.77101 -0.011082 0.0151144 -0.00670215
39.1142 6.34285 -0.01154 0.0145501 -0.00706034
39.4735 6.34167 -0.0119849 0.0147934 -0.00710893
39.1144 6.48526 -0.011942 0.0146042 -0.00705718
39.4736 6.48405 -0.0124339 0.014665 -0.00689278
39.8328 6.34023 -0.0122942 0.0151906 -0.00682608
40.1922 6.33854 -0.0124101 0.015739 -0.00684003
39.8329 6.48258 -0.0124451 0.0152253 -0.00683306
40.1923 6.48085 -0.0126517 0.0157764 -0.00643035
39.1145 6.62764 -0.0114167 0.0152902 -0.00703636
39.4738 6.62642 -0.01254 0.0150604 -0.00650771
39.1147 6.77003 -0.0114663 0.0154137 -0.00651049
39.474 6.76878 -0.0126299 0.0152822 -0.00644706
39.8331 6.62493 -0.0128639 0.0152234 -0.00680504
40.1924 6.62315 -0.0130885 0.0155357 -0.00603066
39.8332 6.76726 -0.0135109 0.0148903 -0.00614105
40.1926 6.76541 -0.0131527 0.0155791 -0.00618246
40.5509 5.76752 -0.0123114 0.0161638 -0.0086475
40.9102 5.76553 -0.0128556 0.0165164 -0.00943302
40.5511 5.90979 -0.0128264 0.0158286 -0.00856506
40.9104 5.90776 -0.0135088 0.0160323 -0.0085357
41.2696 5.76333 -0.013414 0.0168407 -0.00970809
41.629 5.76089 -0.0140233 0.017014 -0.0103266
41.2698 5.90549 -0.0136934 0.0166044 -0.00919768
41.6292 5.90299 -0.0139192 0.0170511 -0.00983872
40.5512 6.05207 -0.0124204 0.0161704 -0.00784002
40.9106 6.04998 -0.0129712 0.0163376 -0.00831263
40.5514 6.19434 -0.0128283 0.0160351 -0.00730233
40.9107 6.1922 -0.0132584 0.0161732 -0.00761161
41.2699 6.04765 -0.013719 0.0165569 -0.00857173
41.6293 6.0451 -0.0138679 0.0170909 -0.00923524
41.2701 6.18982 -0.0138496 0.016505 -0.00808052
41.6294 6.18719 -0.0133502 0.0173349 -0.00858152
41.9885 5.75822 -0.0138804 0.0175475 -0.0109672
42.3479 5.75533 -0.0147478 0.0172221 -0.0115882
41.9886 5.90026 -0.0138372 0.0175425 -0.0104519
42.348 5.89729 -0.0147489 0.0171123 -0.0111757
42.7073 5.7522 -0.014729 0.0177273 -0.0124112
43.0668 5.74885 -0.0147604 0.0179303 -0.0132378
42.7075 5.89408 -0.0148249 0.0176373 -0.0118304
43.0669 5.89065 -0.0147931 0.0178718 -0.0127102
41.9887 6.0423 -0.0144303 0.0170794 -0.00942408
42.3482 6.03925 -0.0144939 0.0174919 -0.0106255
41.9888 6.18432 -0.0142957 0.0172111 -0.00927687
42.3483 6.18121 -0.0145039 0.017437 -0.00970163
42.7076 6.03597 -0.0148954 0.0175313 -0.0111458
43.0671 6.03245 -0.0148561 0.0177225 -0.0121142
42.7077 6.17785 -0.0147405 0.0175493 -0.0104682
43.0672 6.17425 -0.0148329 0.0175435 -0.0114086
40.5515 6.3366 -0.0126328 0.0162015 -0.00684971
40.9109 6.33441 -0.0131929 0.0163329 -0.00719732
40.5517 6.47887 -0.012842 0.0162165 -0.00652703
40.911 6.47662 -0.0133305 0.0163091 -0.00662322
41.2702 6.33197 -0.0138615 0.0164527 -0.00745097
41.6296 6.32928 -0.0140988 0.0169908 -0.00785883
41.2703 6.47412 -0.0136748 0.0165934 -0.00715094
41.6297 6.47136 -0.0142595 0.0167485 -0.00717288
40.5518 6.62112 -0.013036 0.016305 -0.00623563
40.9111 6.61882 -0.0135251 0.0162753 -0.00632388
40.5519 6.76335 -0.013552 0.0159517 -0.00572012
40.9112 6.761 -0.013779 0.0161785 -0.00604132
41.2704 6.61626 -0.0136487 0.0167054 -0.00664995
41.6298 6.61345 -0.0144134 0.0165166 -0.0068216
41.2706 6.75839 -0.0136386 0.0167627 -0.00614457
41.6299 6.75553 -0.0144244 0.0166383 -0.00682664
41.989 6.32634 -0.014226 0.0171738 -0.0084744
42.3484 6.32316 -0.0145585 0.0173208 -0.00902179
41.9891 6.46836 -0.014373 0.0171296 -0.00784742
42.3486 6.46511 -0.0145183 0.0172897 -0.00842296
42.7079 6.31973 -0.0147761 0.0173686 -0.00977691
43.0674 6.31605 -0.0147706 0.017336 -0.0108163
42.708 6.46161 -0.0147006 0.0172785 -0.00923646
43.0675 6.45785 -0.0146734 0.0170982 -0.0102269
41.9893 6.61038 -0.0142853 0.0171547 -0.00740234
42.3487 6.60706 -0.0146911 0.0169764 -0.00789248
41.9894 6.75239 -0.0141004 0.0172266 -0.00695448
42.3489 6.749 -0.0142002 0.0173697 -0.00769252
42.7082 6.60348 -0.014688 0.0171175 -0.00870334
43.0677 6.59964 -0.0144344 0.0169898 -0.00980283
42.7083 6.74534 -0.0146726 0.0169061 -0.00819032
43.0678 6.74142 -0.0142927 0.0167914 -0.00912151
43.4251 4.61157 -0.01461 0.0178747 -0.0174175
43.7847 4.60853 -0.0146704 0.0179075 -0.0184445
43.4253 4.75328 -0.0147418 0.0178273 -0.0170341
43.7848 4.75015 -0.0146885 0.0178923 -0.0180643
44.1442 4.6053 -0.0148963 0.0175321 -0.019797
44.5038 4.6019 -0.0147056 0.0172 -0.0213112
44.1444 4.74683 -0.0147761 0.0176245 -0.0195667
44.5039 4.74332 -0.0145053 0.0172478 -0.0212071
43.4254 4.895 -0.0148212 0.0178585 -0.0166456
43.785 4.89178 -0.014725 0.0179484 -0.0177404
43.4256 5.03672 -0.0149934 0.0178361 -0.0162984
43.7851 5.0334 -0.0149445 0.0178081 -0.017386
44.1445 4.88836 -0.0146864 0.0177085 -0.0192825
44.5041 4.88475 -0.0143914 0.0172105 -0.0210401
44.1446 5.02989 -0.0146489 0.0176906 -0.0189797
44.5042 5.02618 -0.0143078 0.0171787 -0.0207962
44.8633 4.59831 -0.0142234 0.0166972 -0.0224842
45.2229 4.59454 -0.0136274 0.0163435 -0.0229275
44.8635 4.73963 -0.0140874 0.0167229 -0.0224541
45.223 4.73575 -0.0136429 0.0162504 -0.0230292
45.5824 4.5906 -0.0133687 0.0159239 -0.0229318
45.942 4.58647 -0.0136434 0.0154862 -0.022821
45.5826 4.73169 -0.0134634 0.0158828 -0.0231088
45.9421 4.72743 -0.0136108 0.0155886 -0.0230419
44.8636 4.88095 -0.0139302 0.016764 -0.0223727
45.2232 4.87696 -0.013559 0.0163034 -0.0229781
44.8638 5.02227 -0.0138932 0.0166359 -0.0222079
45.2233 5.01816 -0.0133303 0.0164607 -0.0228601
45.5827 4.87277 -0.0135316 0.0158343 -0.0230978
45.9423 4.86839 -0.01357 0.0156376 -0.0231416
45.5829 5.01386 -0.0133258 0.0159779 -0.0230467
45.9424 5.00936 -0.0134379 0.0157007 -0.0231371
43.4257 5.17844 -0.0150951 0.0178081 -0.0159513
43.7852 5.17503 -0.0150231 0.0178118 -0.0170661
43.4259 5.32015 -0.0151089 0.0179125 -0.0156373
43.7854 5.31666 -0.0152812 0.0176288 -0.0168402
44.1448 5.17142 -0.0146693 0.0176113 -0.0187037
44.5043 5.16761 -0.0141194 0.0171412 -0.0204871
44.1449 5.31295 -0.0146368 0.0175418 -0.0183833
44.5045 5.30904 -0.014216 0.016918 -0.020138
43.426 5.46187 -0.0148989 0.0181402 -0.0151679
43.7855 5.45828 -0.0151185 0.0177213 -0.0165527
43.4261 5.60358 -0.0148533 0.0181304 -0.0147985
43.7857 5.5999 -0.0148072 0.0179329 -0.0160984
44.1451 5.45448 -0.0145997 0.0174251 -0.0180694
44.5046 5.45046 -0.0137009 0.0170482 -0.0197532
44.1452 5.596 -0.0145024 0.0173056 -0.0177227
44.5048 5.59188 -0.0140629 0.0165175 -0.0192237
44.8639 5.16359 -0.0137722 0.0166407 -0.0218909
45.2235 5.15937 -0.0133829 0.0162785 -0.0226272
44.864 5.30491 -0.0138873 0.0162826 -0.0215004
45.2236 5.30058 -0.0133548 0.0161144 -0.0223559
45.583 5.15495 -0.0132262 0.0159424 -0.0229351
45.9425 5.15032 -0.0133199 0.0156355 -0.0230658
45.5831 5.29603 -0.0131161 0.0157964 -0.0227029
45.9427 5.29128 -0.0131153 0.0155218 -0.022908
44.8642 5.44623 -0.0134752 0.0164277 -0.0210529
45.2237 5.44178 -0.0133476 0.0157666 -0.021883
44.8643 5.58754 -0.0130834 0.0163648 -0.0206057
45.2239 5.58298 -0.0128465 0.0158045 -0.0214434
45.5833 5.43712 -0.0129064 0.0156003 -0.0224099
45.9428 5.43224 -0.0128336 0.0153134 -0.0226618
45.5834 5.5782 -0.0126265 0.0152965 -0.021988
45.943 5.5732 -0.0124714 0.0149897 -0.0223434
46.3016 4.58216 -0.0136211 0.0154907 -0.0226983
46.6613 4.57767 -0.0134841 0.0152086 -0.0225777
46.3017 4.72299 -0.0136228 0.0155927 -0.0229855
46.6614 4.71837 -0.0135141 0.0153682 -0.0229357
47.021 4.57299 -0.0130331 0.0146183 -0.0226202
47.3806 4.56814 -0.0120641 0.0136763 -0.0233369
47.0211 4.71356 -0.0131356 0.0148313 -0.0229228
47.3807 4.70856 -0.0122489 0.0139328 -0.023403
46.3019 4.86383 -0.0135714 0.0156333 -0.0231513
46.6615 4.85907 -0.013479 0.0154527 -0.023211
46.302 5.00466 -0.0134632 0.0156217 -0.0232198
46.6617 4.99977 -0.0133665 0.0154493 -0.0233588
47.0212 4.85412 -0.0131436 0.0149541 -0.02322
47.3808 4.84898 -0.0123274 0.0140972 -0.0234916
47.0213 4.99469 -0.0130521 0.0149722 -0.0234231
47.381 4.98941 -0.0122925 0.0141529 -0.0235498
47.7403 4.56311 -0.0105935 0.0122489 -0.0246899
48.1001 4.55789 -0.00855803 0.0100988 -0.0258674
47.7404 4.70338 -0.0108465 0.0125852 -0.0245502
48.1002 4.69801 -0.00883006 0.0103281 -0.0257112
48.4599 4.55249 -0.00576199 0.00716109 -0.0265398
48.8199 4.5469 -0.0013465 0.00345692 -0.0267873
48.46 4.69246 -0.00604099 0.00700577 -0.0262588
48.8199 4.68671 -0.00143968 0.00343619 -0.0265269
47.7405 4.84366 -0.0109765 0.0128372 -0.0243799
48.1003 4.83814 -0.0089712 0.0104999 -0.0254524
47.7406 4.98393 -0.0110004 0.0129307 -0.0241939
48.1003 4.97826 -0.00895997 0.0105092 -0.0251897
48.46 4.83243 -0.00600086 0.00716439 -0.0259906
48.8199 4.82651 -0.00185932 0.00307062 -0.0263996
48.4601 4.97238 -0.00566471 0.00734359 -0.0256462
48.82 4.9663 -0.00180384 0.00331482 -0.0260296
46.3021 5.14549 -0.0133257 0.0155096 -0.0232038
46.6618 5.14047 -0.0131806 0.0153469 -0.0233782
46.3023 5.28632 -0.0130974 0.0153377 -0.0230803
46.6619 5.28116 -0.0129225 0.015127 -0.0232656
47.0214 5.13524 -0.0128548 0.0148675 -0.0234838
47.3811 5.12982 -0.0121444 0.0140722 -0.0235272
47.0215 5.27579 -0.0125496 0.0146359 -0.023376
47.3812 5.27021 -0.0118619 0.0138434 -0.0233627
46.3024 5.42715 -0.0127713 0.0150703 -0.0228717
46.662 5.42185 -0.0125783 0.0147895 -0.0230267
46.3025 5.56798 -0.0123545 0.014716 -0.0225491
46.6622 5.56254 -0.0121244 0.0143742 -0.0226803
47.0217 5.41634 -0.0121508 0.0142768 -0.0230949
47.3813 5.41061 -0.0114558 0.0134751 -0.0230299
47.0218 5.55688 -0.0116868 0.0138108 -0.0226685
47.3814 5.551 -0.0109552 0.0129975 -0.0225572
47.7407 5.12419 -0.0108785 0.0128519 -0.0239372
48.1004 5.11836 -0.00860092 0.0105674 -0.0247871
47.7408 5.26443 -0.0106072 0.0126222 -0.0235848
48.1005 5.25844 -0.00837632 0.0102935 -0.0242856
48.4602 5.11232 -0.00558137 0.00729879 -0.0252412
48.82 5.10608 -0.00129978 0.00368362 -0.0255228
48.4602 5.25225 -0.00531131 0.00720261 -0.0247349
48.82 5.24583 -0.0016898 0.00342087 -0.0247675
47.7409 5.40467 -0.0102145 0.0122668 -0.0231559
48.1006 5.39852 -0.00774836 0.0103863 -0.0236006
47.741 5.54491 -0.00973513 0.0118332 -0.0225976
48.1007 5.53859 -0.0076713 0.00988103 -0.0228877
48.4603 5.39216 -0.00483682 0.00741936 -0.0240927
48.82 5.38558 -0.00115934 0.00376407 -0.024098
48.4604 5.53206 -0.00486339 0.00692019 -0.0233518
48.8201 5.52531 -0.00186798 0.00274359 -0.0234323
43.4263 5.74529 -0.0150026 0.0179017 -0.0143643
43.7858 5.74152 -0.0148674 0.0176907 -0.0157052
43.4264 5.887 -0.0148925 0.0178279 -0.0138602
43.786 5.88313 -0.0145655 0.0175728 -0.0152607
44.1454 5.73753 -0.0142166 0.0171768 -0.0171963
44.5049 5.7333 -0.0135811 0.0165291 -0.0187675
44.1455 5.87904 -0.0142811 0.0167936 -0.0166689
44.5051 5.8747 -0.0133831 0.0162348 -0.0181906
43.4266 6.02871 -0.0148047 0.0176483 -0.0132953
43.7862 6.02475 -0.0142581 0.0175286 -0.0146776
43.4267 6.17042 -0.0146819 0.0174615 -0.0127207
43.7863 6.16636 -0.014102 0.0172702 -0.0140433
44.1457 6.02054 -0.0139925 0.0165674 -0.0161363
44.5052 6.0161 -0.013152 0.0159383 -0.0174926
44.1458 6.16205 -0.013701 0.016368 -0.0155205
44.5054 6.1575 -0.012906 0.0156577 -0.0167017
44.8645 5.72885 -0.0130536 0.0159501 -0.0200403
45.224 5.72417 -0.0127005 0.0153552 -0.0209251
44.8646 5.87014 -0.0127531 0.01565 -0.0193702
45.2242 5.86534 -0.0124414 0.0149764 -0.0202668
45.5836 5.71927 -0.0122669 0.0149169 -0.0215121
45.9431 5.71414 -0.0120382 0.014583 -0.021898
45.5837 5.86031 -0.0118529 0.0145331 -0.0209367
45.9432 5.85505 -0.0115716 0.0141302 -0.0213112
44.8648 6.01143 -0.0123552 0.0154147 -0.0186316
45.2243 6.00651 -0.0120187 0.014722 -0.0195463
44.8649 6.15271 -0.0122031 0.0149995 -0.0177938
45.2244 6.14768 -0.0117328 0.0143148 -0.0186603
45.5838 6.00136 -0.0114996 0.014077 -0.0202332
45.9434 5.99597 -0.0111385 0.0136284 -0.020595
45.584 6.1424 -0.0111317 0.0136692 -0.0193259
45.9435 6.13688 -0.0106992 0.0131558 -0.0197729
43.4269 6.31213 -0.014598 0.0171358 -0.0120613
43.7864 6.30797 -0.014041 0.0169391 -0.0134026
43.427 6.45384 -0.0143917 0.0169544 -0.0114787
43.7866 6.44958 -0.0139069 0.0166742 -0.012735
44.146 6.30356 -0.0135278 0.0161185 -0.0147495
44.5055 6.2989 -0.0126772 0.0153684 -0.0158772
44.1461 6.44507 -0.0133776 0.0158489 -0.0138979
44.5056 6.4403 -0.0124364 0.0151156 -0.0150236
43.4272 6.59554 -0.0142479 0.0167139 -0.0108527
43.7867 6.59118 -0.013826 0.0163214 -0.0120844
43.4273 6.73723 -0.0140468 0.0164839 -0.0101807
43.7869 6.73278 -0.0136189 0.0161295 -0.011389
44.1463 6.58657 -0.0132534 0.0155374 -0.0131687
44.5058 6.58169 -0.0122338 0.0149115 -0.0140876
44.1464 6.72807 -0.0131963 0.0152104 -0.0123795
44.5059 6.72308 -0.0122102 0.0145598 -0.0132566
44.865 6.294 -0.0120244 0.0146658 -0.0168406
45.2246 6.28884 -0.0114118 0.0139704 -0.0177029
44.8652 6.43528 -0.0118463 0.0143552 -0.0159021
45.2247 6.43001 -0.0111825 0.0136321 -0.0166919
45.5841 6.28344 -0.0107839 0.0132841 -0.0184068
45.9436 6.27779 -0.0102977 0.0126968 -0.0188574
45.5842 6.42448 -0.0104715 0.0128991 -0.01737
45.9438 6.4187 -0.00992921 0.0122448 -0.0178772
44.8653 6.57656 -0.0116218 0.0141532 -0.0149351
45.2248 6.57117 -0.011009 0.013287 -0.0156191
44.8655 6.71784 -0.0114759 0.0138801 -0.0138874
45.225 6.71233 -0.0107952 0.0130506 -0.0145704
45.5844 6.56552 -0.0101885 0.0125533 -0.0162959
45.9439 6.55961 -0.00956071 0.0118658 -0.0168511
45.5845 6.70656 -0.00997467 0.012211 -0.0152163
45.944 6.70052 -0.0092623 0.0114772 -0.0157587
46.3027 5.70878 -0.0118773 0.0142752 -0.0221079
46.6623 5.70321 -0.0116026 0.0138833 -0.0222232
46.3028 5.84957 -0.0113496 0.0137921 -0.0215296
46.6624 5.84385 -0.0110252 0.0133637 -0.0216351
47.0219 5.6974 -0.0111555 0.013305 -0.0221395
47.3815 5.69138 -0.0104038 0.0124907 -0.0219748
47.022 5.8379 -0.0106205 0.0127733 -0.0215301
47.3816 5.83173 -0.00990138 0.0119496 -0.0213022
46.3029 5.99035 -0.0108406 0.013269 -0.0208149
46.6625 5.98449 -0.0104699 0.0128081 -0.0209128
46.3031 6.13113 -0.0103581 0.0127316 -0.0199824
46.6626 6.12513 -0.00993047 0.0122807 -0.0200597
47.0221 5.9784 -0.0100713 0.0122359 -0.0207994
47.3817 5.97207 -0.00942254 0.0114475 -0.0205915
47.0222 6.1189 -0.00955038 0.0116926 -0.0199473
47.3818 6.11242 -0.00900708 0.0109032 -0.0197688
47.7411 5.68512 -0.00921302 0.0113644 -0.021964
48.1008 5.67865 -0.00735215 0.00956819 -0.0221048
47.7412 5.82532 -0.0086932 0.0108747 -0.0212464
48.1008 5.81869 -0.00705045 0.00923908 -0.0213292
48.4604 5.67195 -0.00448688 0.00698362 -0.0225171
48.8201 5.66503 -0.00125682 0.00318103 -0.0227539
48.4605 5.81183 -0.0043698 0.0068196 -0.0216179
48.8201 5.80475 -0.00095966 0.00338466 -0.0219725
47.7413 5.96551 -0.00824502 0.0103878 -0.0204535
48.1009 5.95872 -0.00668155 0.00890836 -0.0204909
47.7414 6.1057 -0.00790798 0.00989329 -0.0195848
48.101 6.09875 -0.00632666 0.00855344 -0.0195942
48.4605 5.9517 -0.00425241 0.00668347 -0.0205756
48.8202 5.94444 -0.000748276 0.00346026 -0.020873
48.4606 6.09155 -0.00410893 0.0065192 -0.0195872
48.8202 6.08412 -0.000849631 0.00333882 -0.0198006
46.3032 6.2719 -0.00988508 0.0122328 -0.0190763
46.6628 6.26577 -0.00943701 0.0117679 -0.0191161
46.3033 6.41268 -0.0094615 0.0117512 -0.0180903
46.6629 6.4064 -0.00902081 0.0112421 -0.0180844
47.0223 6.25939 -0.00900998 0.011201 -0.0189838
47.3819 6.25276 -0.00849388 0.0104648 -0.0187864
47.0224 6.39987 -0.00855466 0.0106815 -0.0179484
47.382 6.39309 -0.00797559 0.0100276 -0.0177639
46.3034 6.55345 -0.00909516 0.0112785 -0.0170245
46.663 6.54703 -0.00862413 0.0107619 -0.0170069
46.3036 6.69422 -0.00872414 0.0108684 -0.0159481
46.6631 6.68766 -0.00824677 0.0102887 -0.0159091
47.0225 6.54035 -0.00813099 0.0101639 -0.016873
47.3821 6.53342 -0.00752783 0.0095196 -0.0167207
47.0226 6.68083 -0.00770478 0.00967565 -0.0158055
47.3822 6.67375 -0.00713542 0.00896494 -0.0156635
47.7414 6.24589 -0.0075586 0.00947919 -0.0186646
48.101 6.23876 -0.00603119 0.00816992 -0.0186556
47.7415 6.38606 -0.00717356 0.00908983 -0.0176592
48.1011 6.37877 -0.0057867 0.00777799 -0.0176697
48.4606 6.2314 -0.00393953 0.00626226 -0.0186131
48.8202 6.22379 -0.000708724 0.00338964 -0.0186683
48.4607 6.37124 -0.00374126 0.00590616 -0.0176602
48.8202 6.36345 -0.000668808 0.003195 -0.0175794
47.7416 6.52623 -0.0067528 0.00867075 -0.0166128
48.1012 6.51878 -0.00549344 0.00741331 -0.0166295
47.7417 6.6664 -0.00639496 0.00815797 -0.0155603
48.1012 6.65879 -0.00519073 0.00702353 -0.0155713
48.4607 6.51108 -0.00346501 0.00556042 -0.0166868
48.8202 6.50312 -0.00056373 0.00297642 -0.0165472
48.4607 6.65091 -0.00321751 0.00528638 -0.0156761
48.8202 6.64278 -0.00047291 0.0027977 -0.015529
