37.6698 0.0712218 -0.0102209 0.011921 -0.0108728
38.0286 0.0712439 -0.0112807 0.0131546 -0.0109983
37.67 0.213692 -0.00981891 0.0122594 -0.0105982
38.0288 0.213735 -0.0117673 0.0125764 -0.0108629
38.3875 0.0712542 -0.0120973 0.0148795 -0.0118526
38.7465 0.0712597 -0.0133951 0.0163313 -0.0126414
38.3878 0.213758 -0.0119924 0.0148272 -0.0118682
38.7468 0.213773 -0.0131445 0.0161632 -0.0126324
37.6702 0.356191 -0.00878929 0.0129603 -0.0104147
38.0291 0.356239 -0.010803 0.0133942 -0.0114023
37.6704 0.498731 -0.00907355 0.0126406 -0.010421
38.0293 0.49878 -0.0105629 0.0134273 -0.0111033
38.3881 0.356274 -0.0118269 0.0147226 -0.0117577
38.7471 0.356288 -0.0128788 0.0159822 -0.012734
38.3883 0.498805 -0.0116458 0.0145855 -0.01176
38.7474 0.498807 -0.0126376 0.0157977 -0.0127527
39.1056 0.071258 -0.0143661 0.0175935 -0.0137027
39.4648 0.0712498 -0.0154038 0.0186264 -0.0145241
39.1059 0.21377 -0.0141786 0.0173752 -0.0137586
39.4651 0.21375 -0.0151406 0.018358 -0.0147673
39.824 0.0712402 -0.0161167 0.0193215 -0.0151351
40.1831 0.0712286 -0.0165224 0.0195313 -0.0152284
39.8242 0.213722 -0.0158063 0.0190639 -0.0154839
40.1834 0.213687 -0.0162523 0.019289 -0.01574
39.1062 0.356279 -0.0139235 0.0171084 -0.0138598
39.4653 0.356248 -0.0148349 0.0180598 -0.0149321
39.1065 0.498787 -0.0136405 0.0168135 -0.0139206
39.4656 0.498744 -0.0145195 0.0177054 -0.0150062
39.8245 0.356203 -0.015502 0.0187229 -0.0157439
40.1837 0.356144 -0.0159441 0.0189859 -0.0161265
39.8248 0.498682 -0.0151566 0.0183551 -0.0159018
40.184 0.498601 -0.0156103 0.0187047 -0.0163115
37.6706 0.641302 -0.00930896 0.0121803 -0.0102512
38.0296 0.64134 -0.0102947 0.0134358 -0.010925
37.6707 0.783885 -0.0095031 0.0117295 -0.010351
38.0297 0.783921 -0.0102956 0.0132108 -0.011031
38.3886 0.641355 -0.0114344 0.0144962 -0.0117579
38.7476 0.641347 -0.0124236 0.0155928 -0.0128012
38.3888 0.783929 -0.0112277 0.014405 -0.0117833
38.7479 0.783909 -0.0121365 0.0154458 -0.0127916
37.6709 0.926458 -0.00909075 0.0119728 -0.0107199
38.0299 0.926502 -0.0102328 0.0130807 -0.0111664
37.6711 1.06904 -0.00904184 0.0119527 -0.011005
38.0301 1.06909 -0.0101205 0.0130398 -0.0113966
38.389 0.926507 -0.0111919 0.0141737 -0.0119482
38.7481 0.926473 -0.0119152 0.0152615 -0.0127318
38.3893 1.06908 -0.0110315 0.0140574 -0.0119397
38.7484 1.06904 -0.0118369 0.0150029 -0.0127
39.1067 0.641313 -0.0133284 0.0165426 -0.01389
39.4659 0.641255 -0.0141668 0.0173701 -0.0150045
39.107 0.783859 -0.0130732 0.0162282 -0.013793
39.4662 0.783778 -0.0138242 0.0170387 -0.0148993
39.8251 0.64117 -0.0148344 0.0179849 -0.0159191
40.1843 0.641059 -0.0152873 0.0184052 -0.0163989
39.8254 0.783665 -0.0145528 0.0175974 -0.0157828
40.1846 0.783521 -0.0150338 0.0180505 -0.0164185
39.1073 0.926405 -0.0127493 0.0160229 -0.0136975
39.4665 0.926301 -0.0134122 0.0167647 -0.0147067
39.1076 1.06895 -0.0125421 0.0157461 -0.0135727
39.4668 1.06883 -0.0131404 0.0164189 -0.0145323
39.8257 0.92616 -0.0141825 0.017293 -0.0156167
40.1849 0.925983 -0.0147503 0.0177656 -0.0162663
39.826 1.06866 -0.0138819 0.0169797 -0.0153705
40.1852 1.06844 -0.0144499 0.0175203 -0.0160656
40.5424 0.0712136 -0.0166763 0.0195336 -0.0149483
40.9018 0.0711954 -0.0168463 0.0194048 -0.0147411
40.5427 0.213641 -0.0164866 0.0193381 -0.015492
40.9021 0.213586 -0.0166638 0.0193261 -0.0153412
41.2612 0.0711743 -0.0169134 0.0192463 -0.0150888
41.6206 0.0711503 -0.0169998 0.01911 -0.0160574
41.2615 0.213523 -0.0168602 0.019262 -0.0156609
41.6209 0.213451 -0.0170509 0.0192524 -0.0166374
40.543 0.356069 -0.0162846 0.0190568 -0.0159568
40.9024 0.355977 -0.0164759 0.0191724 -0.0158671
40.5433 0.498495 -0.0160114 0.0187881 -0.0163255
40.9027 0.498367 -0.0162641 0.0189632 -0.016305
41.2618 0.355871 -0.0167458 0.0192236 -0.0162133
41.6212 0.355751 -0.0170139 0.019324 -0.0171917
41.2621 0.498219 -0.0165863 0.019103 -0.0167067
41.6215 0.498052 -0.0169319 0.019295 -0.0176948
41.98 0.0711254 -0.0171158 0.0190165 -0.0174978
42.3395 0.0710995 -0.0172734 0.0189375 -0.02027
41.9803 0.213376 -0.0172961 0.0193177 -0.018123
42.3398 0.213298 -0.0175405 0.0193651 -0.0208542
42.699 0.0710739 -0.0174341 0.0188899 -0.0233983
43.0586 0.0710527 -0.0192265 0.0173163 -0.0259221
42.6993 0.213215 -0.0177369 0.0192995 -0.0239811
43.0589 0.21313 -0.01877 0.0182863 -0.0265046
41.9806 0.355623 -0.0173895 0.0194881 -0.0187534
42.3401 0.355486 -0.0177359 0.0196614 -0.0213839
41.9809 0.497866 -0.01737 0.0195545 -0.0193227
42.3404 0.497663 -0.0177999 0.0198178 -0.0218541
42.6996 0.355335 -0.0178653 0.0196207 -0.0244256
43.0591 0.35517 -0.0181198 0.0194574 -0.0268186
42.6999 0.49744 -0.0179716 0.0197834 -0.0246891
43.0594 0.497198 -0.0181297 0.0197887 -0.0270239
40.5436 0.64092 -0.0156967 0.0185726 -0.0165891
40.903 0.640753 -0.0160506 0.0187216 -0.0166662
40.5439 0.783343 -0.0154486 0.0182988 -0.0166964
40.9033 0.783133 -0.0158328 0.018514 -0.0169603
41.2624 0.64056 -0.0164135 0.0189215 -0.0171284
41.6218 0.640341 -0.0168167 0.0191651 -0.0181274
41.2627 0.782891 -0.0162078 0.0187692 -0.0174912
41.6221 0.782618 -0.0166484 0.0190583 -0.018506
40.5442 0.925766 -0.0152053 0.0180639 -0.0166881
40.9036 0.925512 -0.0156068 0.0183525 -0.0171283
40.5445 1.06819 -0.0149315 0.0178841 -0.0166111
40.9038 1.06789 -0.0154192 0.0181927 -0.0171508
41.2629 0.925221 -0.0160226 0.0186633 -0.0177618
41.6223 0.924894 -0.0164973 0.0189911 -0.018796
41.2632 1.06755 -0.0159586 0.0185174 -0.0178985
41.6226 1.06717 -0.0165117 0.0188292 -0.0188814
41.9812 0.640097 -0.0172701 0.0195142 -0.0197736
42.3407 0.639827 -0.0177429 0.0198321 -0.0221984
41.9815 0.782313 -0.0171621 0.0194236 -0.0200925
42.3409 0.781977 -0.0176173 0.0197966 -0.0223792
42.7001 0.639532 -0.0179928 0.0198693 -0.0248478
43.0596 0.639211 -0.0181708 0.0199478 -0.0270398
42.7004 0.781609 -0.0179631 0.0199263 -0.0248407
43.0598 0.781211 -0.0182351 0.0200529 -0.0269364
41.9818 0.924529 -0.0170852 0.0193396 -0.0202813
42.3412 0.924126 -0.0175369 0.0197676 -0.0224029
41.982 1.06674 -0.0170041 0.019291 -0.0203335
42.3414 1.06627 -0.0174573 0.0197353 -0.0222789
42.7006 0.923687 -0.0179389 0.0199892 -0.0246874
43.06 0.923211 -0.0182735 0.0201629 -0.0266826
42.7009 1.06576 -0.0178951 0.0200276 -0.0244382
43.0603 1.06521 -0.0182962 0.0202601 -0.02633
37.6713 1.21165 -0.00900657 0.0119923 -0.0112618
38.0303 1.21169 -0.0101941 0.0128941 -0.0116129
37.6714 1.35428 -0.00882215 0.0121043 -0.0114876
38.0305 1.35432 -0.00991474 0.0130747 -0.011798
38.3895 1.21168 -0.0108844 0.014046 -0.012081
38.7486 1.21163 -0.0116742 0.0148501 -0.0127206
38.3897 1.3543 -0.0107463 0.0140359 -0.0121677
38.7489 1.35423 -0.0114896 0.0147689 -0.0127723
37.6716 1.49691 -0.00909585 0.0119247 -0.0116833
38.0307 1.49695 -0.00996984 0.0130054 -0.0119203
37.6717 1.63955 -0.00885551 0.0121723 -0.0119467
38.0309 1.63958 -0.00989452 0.0130812 -0.012001
38.3899 1.49692 -0.0107267 0.0139321 -0.0123157
38.7491 1.49684 -0.0113859 0.0146473 -0.0128094
38.3901 1.63955 -0.0106562 0.0139113 -0.0123952
38.7494 1.63945 -0.011294 0.0145606 -0.012836
39.1078 1.21152 -0.0123258 0.0155394 -0.013497
39.467 1.21137 -0.0128798 0.0161403 -0.0143344
39.1081 1.35411 -0.0121427 0.0153507 -0.0134493
39.4673 1.35393 -0.0126719 0.0159182 -0.0141876
39.8262 1.21117 -0.0136021 0.0166822 -0.0151318
40.1855 1.21092 -0.0141982 0.0172733 -0.0158526
39.8265 1.3537 -0.0133204 0.0164751 -0.0149783
40.1857 1.35341 -0.0139636 0.0170387 -0.015655
39.1083 1.4967 -0.0119183 0.0152175 -0.0134341
39.4676 1.49649 -0.0125017 0.0156997 -0.0140846
39.1086 1.63928 -0.0118388 0.0150326 -0.013349
39.4678 1.63905 -0.0122935 0.0155035 -0.0140523
39.8268 1.49623 -0.013116 0.0162469 -0.014849
40.186 1.4959 -0.0137732 0.0168071 -0.0155418
39.8271 1.63875 -0.0129068 0.0160577 -0.0147807
40.1863 1.63839 -0.0135829 0.0166229 -0.015485
37.6719 1.78219 -0.00892453 0.0122717 -0.0120352
38.0311 1.78222 -0.00983892 0.0131039 -0.0121331
37.6721 1.92484 -0.00901643 0.0122717 -0.0121186
38.0313 1.92486 -0.00988275 0.0131109 -0.0122742
38.3904 1.78217 -0.0105802 0.01391 -0.0124983
38.7496 1.78205 -0.0111395 0.0145682 -0.0128824
38.3906 1.9248 -0.0105383 0.0138843 -0.0125616
38.7498 1.92466 -0.0110932 0.0145113 -0.0129528
37.6723 2.06749 -0.00910927 0.0123122 -0.0122575
38.0315 2.0675 -0.0102104 0.0128893 -0.0123779
37.6724 2.21015 -0.00882228 0.0126232 -0.0122124
38.0317 2.21015 -0.0102639 0.0129473 -0.0126834
38.3908 2.06743 -0.0105191 0.0138635 -0.0126695
38.75 2.06727 -0.0110304 0.0144496 -0.0130288
38.391 2.21006 -0.0105598 0.013809 -0.012753
38.7503 2.20988 -0.0109618 0.0143866 -0.013124
39.1088 1.78186 -0.0116722 0.0149489 -0.0133759
39.4681 1.78161 -0.0121195 0.0153221 -0.0140256
39.1091 1.92445 -0.0115454 0.0148456 -0.0134544
39.4683 1.92416 -0.011936 0.0151724 -0.0140665
39.8273 1.78128 -0.0127148 0.0158665 -0.0147558
40.1866 1.78088 -0.0134169 0.0164686 -0.015443
39.8276 1.9238 -0.0125212 0.0157153 -0.0147561
40.1869 1.92336 -0.0132067 0.0163769 -0.0154335
39.1093 2.06704 -0.0114209 0.0147473 -0.0135508
39.4686 2.06672 -0.0117835 0.0150395 -0.0141545
39.1096 2.20962 -0.0112939 0.0146496 -0.0136526
39.4689 2.20927 -0.0116582 0.0149175 -0.0142387
39.8279 2.06632 -0.0123423 0.0155876 -0.0147839
40.1872 2.06584 -0.0130511 0.0162465 -0.0154419
39.8282 2.20884 -0.012202 0.0154759 -0.0148034
40.1875 2.20832 -0.0129042 0.0161446 -0.0154459
40.5447 1.21062 -0.0147318 0.0176619 -0.0164681
40.9041 1.21028 -0.015241 0.0180361 -0.0171081
40.545 1.35307 -0.0145015 0.0174904 -0.0163374
40.9044 1.35268 -0.0150665 0.0179043 -0.0170021
41.2635 1.20989 -0.0156978 0.0185135 -0.0179199
41.6229 1.20944 -0.0163752 0.0188402 -0.018861
41.2638 1.35223 -0.0155692 0.0184402 -0.0178165
41.6232 1.35172 -0.0162854 0.0187799 -0.0188117
40.5453 1.49552 -0.0143174 0.0173139 -0.0162127
40.9047 1.49507 -0.0148819 0.0177891 -0.0169085
40.5456 1.63796 -0.0141768 0.0171392 -0.0161247
40.905 1.63746 -0.01474 0.0176671 -0.0168086
41.2641 1.49457 -0.0154096 0.018371 -0.0176921
41.6234 1.494 -0.0161556 0.0187265 -0.0187152
41.2643 1.6369 -0.0152571 0.0183019 -0.0175773
41.6237 1.63627 -0.0159216 0.0187614 -0.018581
41.9823 1.20895 -0.0168923 0.0192724 -0.0202633
42.3417 1.20842 -0.017358 0.0196664 -0.0220731
41.9825 1.35117 -0.0167921 0.0192189 -0.0201167
42.3419 1.35056 -0.0172529 0.0195926 -0.0218057
42.7011 1.20783 -0.0178237 0.0200282 -0.0241067
43.0605 1.2072 -0.0182776 0.020327 -0.0259111
42.7013 1.34989 -0.0177668 0.0199497 -0.0236944
43.0607 1.34917 -0.0182553 0.020311 -0.0254511
41.9828 1.49338 -0.0167833 0.0190618 -0.019961
42.3422 1.49269 -0.0171006 0.0195308 -0.0215289
41.983 1.63558 -0.0167146 0.0189412 -0.0197838
42.3424 1.63482 -0.0169906 0.0194442 -0.0212645
42.7015 1.49195 -0.017617 0.019916 -0.023294
43.0609 1.49114 -0.0181632 0.0202719 -0.0249561
42.7018 1.634 -0.0174803 0.0198129 -0.0228614
43.0612 1.63311 -0.0180479 0.0201921 -0.0244912
40.5459 1.7804 -0.0140791 0.0169605 -0.0160675
40.9052 1.77985 -0.0146684 0.0175395 -0.0167267
40.5462 1.92284 -0.013937 0.0168716 -0.0160438
40.9055 1.92224 -0.0145674 0.0174466 -0.016664
41.2646 1.77923 -0.0152088 0.0181596 -0.0174674
41.6239 1.77854 -0.0156341 0.0188387 -0.0184345
41.2648 1.92156 -0.0151999 0.018005 -0.0173437
41.6242 1.92081 -0.0156272 0.0186974 -0.0182938
40.5465 2.06527 -0.0138079 0.0167752 -0.0160205
40.9058 2.06462 -0.0143852 0.017443 -0.0166392
40.5467 2.2077 -0.0137353 0.0166626 -0.016013
40.9061 2.207 -0.0143094 0.0173628 -0.0166264
41.2651 2.06389 -0.0151096 0.0179362 -0.0173024
41.6244 2.06307 -0.0156255 0.0185144 -0.0181357
41.2654 2.20621 -0.0149737 0.0179245 -0.0172553
41.6247 2.20534 -0.0155694 0.0184092 -0.0179772
41.9833 1.77778 -0.0164502 0.0190162 -0.0196696
42.3426 1.77695 -0.0168504 0.019329 -0.0209805
41.9835 1.91998 -0.0162463 0.0189878 -0.0194383
42.3429 1.91908 -0.016598 0.019311 -0.0207304
42.702 1.77605 -0.0173358 0.0197019 -0.0225014
43.0614 1.77508 -0.0179084 0.0200865 -0.0240348
42.7022 1.9181 -0.0171958 0.0195654 -0.0221366
43.0616 1.91705 -0.0177538 0.019939 -0.0236027
41.9838 2.06218 -0.0161896 0.0188386 -0.0192285
42.3431 2.0612 -0.0163819 0.0192831 -0.020443
41.984 2.20438 -0.0161902 0.0186512 -0.0189362
42.3434 2.20333 -0.016285 0.0191313 -0.0201547
42.7025 2.06015 -0.0169718 0.0194927 -0.021802
43.0618 2.05901 -0.0175438 0.0198117 -0.0231909
42.7027 2.20219 -0.0167971 0.0193465 -0.0214625
43.062 2.20097 -0.0173439 0.019646 -0.0228052
43.4182 0.0710179 -0.0195785 0.01559 -0.0267853
43.7778 0.0709681 -0.0182476 0.0154987 -0.0275963
43.4184 0.213014 -0.0197833 0.0162469 -0.0276488
43.778 0.212866 -0.0178845 0.0167891 -0.0281228
44.1376 0.0709132 -0.0175621 0.0147942 -0.0277152
44.4974 0.070853 -0.0155022 0.0141629 -0.0269424
44.1377 0.21271 -0.0175106 0.0156836 -0.0281172
44.4976 0.212545 -0.0162951 0.0144643 -0.02749
43.4186 0.354974 -0.0200356 0.0172539 -0.0287486
43.7782 0.35474 -0.019175 0.0165476 -0.0284687
43.4188 0.496917 -0.0193135 0.0185281 -0.0287557
43.7783 0.496593 -0.0196285 0.0171746 -0.0290668
44.1379 0.354486 -0.0177893 0.0164608 -0.0287864
44.4977 0.35422 -0.0170681 0.0152367 -0.0285435
44.138 0.496245 -0.0184804 0.0169878 -0.0288968
44.4978 0.495876 -0.017294 0.016046 -0.0286893
44.8574 0.0707933 -0.0136566 0.0129008 -0.0261038
45.2174 0.0707334 -0.0120623 0.0111877 -0.0250608
44.8575 0.212372 -0.0140563 0.0134841 -0.0266495
45.2175 0.212193 -0.0121061 0.0117696 -0.0253091
45.5775 0.0706712 -0.0103667 0.00948947 -0.0238839
45.9376 0.0706066 -0.00883952 0.0079983 -0.0229013
45.5776 0.212006 -0.010294 0.0100771 -0.0241182
45.9376 0.211813 -0.0088117 0.00843833 -0.0231393
44.8576 0.353939 -0.0149894 0.013728 -0.0270831
45.2176 0.353644 -0.0128268 0.0119958 -0.025531
44.8577 0.495487 -0.0155422 0.0146081 -0.0273755
45.2177 0.495079 -0.0131543 0.0126658 -0.0259587
45.5776 0.353336 -0.010835 0.0101428 -0.0242228
45.9377 0.353013 -0.0091365 0.00871466 -0.0233023
45.5777 0.494652 -0.0112418 0.0106313 -0.0244536
45.9378 0.494205 -0.00954814 0.009085 -0.0234843
43.4191 0.638847 -0.0189976 0.0194151 -0.0286969
43.7785 0.638439 -0.0200676 0.0178599 -0.0295017
43.4193 0.780765 -0.0186393 0.0201207 -0.0285068
43.7788 0.780274 -0.0201884 0.0186579 -0.0294758
44.1382 0.637997 -0.0191012 0.017555 -0.0290776
44.498 0.637527 -0.0176892 0.0169043 -0.0287544
44.1383 0.779745 -0.0204758 0.0172832 -0.0291668
44.4981 0.779178 -0.0186685 0.0168301 -0.0284544
43.4195 0.92268 -0.0186085 0.0204203 -0.0282195
43.779 0.922098 -0.019793 0.0196333 -0.0292898
43.4197 1.06459 -0.018696 0.0204807 -0.0278428
43.7792 1.06391 -0.019202 0.0205739 -0.0289529
44.1385 0.921476 -0.0211003 0.0177554 -0.0293726
44.4983 0.920813 -0.0198355 0.0169601 -0.0287197
44.1387 1.06319 -0.0207625 0.0190101 -0.0296504
44.4984 1.06243 -0.0211302 0.0168092 -0.0286711
44.8579 0.637031 -0.0162388 0.0152253 -0.0277586
45.2178 0.636511 -0.0139047 0.0131928 -0.0262253
44.858 0.778575 -0.0167504 0.0158657 -0.0278616
45.2179 0.777938 -0.0146093 0.0137975 -0.0264267
45.5778 0.635964 -0.0117557 0.0110838 -0.0247529
45.9379 0.635393 -0.0100991 0.00938779 -0.0236809
45.5779 0.777269 -0.0121109 0.0116981 -0.0249741
45.938 0.776571 -0.0103505 0.00997742 -0.0240116
44.8581 0.920102 -0.0171621 0.0165243 -0.0278339
45.218 0.91935 -0.0151238 0.0143452 -0.0265303
44.8582 1.06161 -0.018605 0.0161738 -0.0277267
45.2181 1.06074 -0.0155841 0.0148884 -0.026489
45.578 0.918562 -0.0127575 0.0120581 -0.0251478
45.9381 0.917738 -0.0107425 0.0103564 -0.0241675
45.5781 1.05984 -0.0131387 0.0126295 -0.0252841
45.9382 1.0589 -0.0111443 0.0106366 -0.0242931
46.2977 0.0705391 -0.00761262 0.00681315 -0.022237
46.6579 0.0704686 -0.00657853 0.00585518 -0.0217844
46.2978 0.211611 -0.00761213 0.00718729 -0.0224826
46.658 0.211401 -0.00657037 0.00623472 -0.0219944
47.0182 0.0703959 -0.00563429 0.00487101 -0.0213649
47.3785 0.0703206 -0.00461098 0.00392063 -0.020835
47.0182 0.211184 -0.0056765 0.00526725 -0.0216683
47.3785 0.210958 -0.00468582 0.00431809 -0.0212655
46.2979 0.352678 -0.00794735 0.00738009 -0.0226085
46.6581 0.352331 -0.0069163 0.00632431 -0.0221936
46.2979 0.493739 -0.00811204 0.00783636 -0.0228565
46.6581 0.493254 -0.00711752 0.00679008 -0.0225527
47.0183 0.351969 -0.00592461 0.00548933 -0.0219406
47.3785 0.351593 -0.00494979 0.00450976 -0.021593
47.0183 0.49275 -0.00622455 0.00576008 -0.0222213
47.3786 0.492225 -0.00515618 0.00480852 -0.0219227
47.7388 0.0702424 -0.00350575 0.00293784 -0.0201803
48.0991 0.0701612 -0.00224809 0.00189246 -0.0194885
47.7388 0.210724 -0.00353233 0.00332207 -0.0207178
48.0991 0.210481 -0.00228871 0.002156 -0.0200004
48.4595 0.0700774 -0.00112055 0.000967363 -0.0189101
48.8198 0.0699909 -0.000241239 0.000229672 -0.0186507
48.4595 0.210231 -0.00117293 0.00108533 -0.0193803
48.8198 0.209972 -0.000304842 0.000293873 -0.0190695
47.7388 0.351204 -0.00382924 0.00342798 -0.0211062
48.0991 0.350801 -0.00249921 0.00229241 -0.020493
47.7388 0.491681 -0.00392986 0.00376635 -0.0214627
48.0992 0.491118 -0.00260195 0.00252542 -0.0208936
48.4595 0.350384 -0.00121866 0.00122903 -0.0198573
48.8198 0.349953 -0.000270551 0.000396134 -0.0194959
48.4595 0.490535 -0.00131212 0.00135593 -0.020303
48.8198 0.489933 -0.000299824 0.000445844 -0.0199245
46.298 0.634796 -0.00876592 0.0079828 -0.0232017
46.6582 0.634174 -0.00769602 0.00695329 -0.0229109
46.2981 0.775842 -0.0089574 0.00859009 -0.0234941
46.6582 0.775083 -0.00788613 0.00752691 -0.0232118
47.0184 0.633526 -0.00658772 0.00610463 -0.0226438
47.3786 0.632853 -0.00552795 0.00512275 -0.0223283
47.0184 0.774294 -0.00691 0.00647011 -0.0229436
47.3786 0.773474 -0.00580048 0.00547947 -0.0226523
46.2982 0.916881 -0.00938104 0.00885656 -0.0236336
46.6583 0.915987 -0.00819182 0.00780025 -0.0233262
46.2982 1.05791 -0.00968306 0.00931528 -0.0237783
46.6583 1.05688 -0.00857258 0.0081046 -0.0234961
47.0184 0.915056 -0.00700679 0.00686842 -0.0231247
47.3787 0.914089 -0.00594581 0.00586312 -0.0228732
47.0185 1.05581 -0.00743367 0.00700895 -0.0232532
47.3787 1.0547 -0.0062005 0.00598651 -0.0230331
47.7389 0.632155 -0.00419317 0.00397659 -0.0218204
48.0992 0.631432 -0.00274648 0.00274393 -0.0212567
47.7389 0.772623 -0.00453876 0.00423683 -0.022196
48.0992 0.771743 -0.00302976 0.00288394 -0.0216323
48.4595 0.630684 -0.00136081 0.00151607 -0.0206963
48.8198 0.629911 -0.000247509 0.00062151 -0.0203388
48.4595 0.770831 -0.00154316 0.00162854 -0.0210805
48.8198 0.769889 -0.00035943 0.000615767 -0.0207471
47.7389 0.913088 -0.00474306 0.0046546 -0.0225505
48.0992 0.91205 -0.00318833 0.00325357 -0.02198
47.7389 1.05355 -0.00495924 0.00492194 -0.0227872
48.0992 1.05235 -0.00344073 0.00358675 -0.0223825
48.4595 0.910976 -0.00165705 0.00185633 -0.0215074
48.8198 0.909866 -0.000430266 0.000668657 -0.0211731
48.4595 1.05112 -0.00182121 0.00212283 -0.0218847
48.8198 1.04984 -0.000351449 0.000858998 -0.0216303
43.4199 1.2065 -0.018689 0.0205628 -0.0274021
43.7794 1.20573 -0.0190687 0.0209023 -0.0285374
43.4202 1.34839 -0.0186715 0.0205876 -0.0269038
43.7797 1.34755 -0.0191109 0.0209129 -0.0280562
44.139 1.20492 -0.0201417 0.0200449 -0.0292844
44.4986 1.20406 -0.0211357 0.017736 -0.0290449
44.1392 1.34666 -0.019598 0.0208524 -0.0287792
44.4989 1.34572 -0.021173 0.0186206 -0.0290683
43.4204 1.49028 -0.0186281 0.0205769 -0.0264153
43.7799 1.48935 -0.0190791 0.0209264 -0.0275419
43.4206 1.63216 -0.0185418 0.0205058 -0.0259189
43.7802 1.63114 -0.0190116 0.0209094 -0.0270573
44.1395 1.48837 -0.0193768 0.0211488 -0.0283086
44.4991 1.48733 -0.0200047 0.0200396 -0.028749
44.1398 1.63006 -0.0193905 0.0211014 -0.0278333
44.4994 1.62892 -0.0195073 0.0206892 -0.0282863
44.8584 1.20314 -0.0195581 0.0164875 -0.0278837
45.2182 1.20217 -0.0167287 0.0145979 -0.0263186
44.8586 1.3447 -0.0204704 0.0165564 -0.0279044
45.2183 1.34361 -0.0176529 0.0148189 -0.0266223
45.5782 1.20115 -0.0136254 0.0129134 -0.0253794
45.9383 1.20008 -0.0115972 0.0109776 -0.0244905
45.5783 1.34247 -0.0141473 0.0133201 -0.0253577
45.9383 1.34128 -0.0119473 0.0114681 -0.0245675
44.8587 1.48622 -0.0202749 0.0175351 -0.0280845
45.2185 1.48504 -0.0187855 0.0149299 -0.0269745
44.859 1.62771 -0.0198709 0.0184837 -0.0281987
45.2186 1.62643 -0.0187224 0.0156027 -0.0269512
45.5784 1.48379 -0.0152821 0.0129941 -0.0253797
45.9384 1.48248 -0.0123636 0.0117827 -0.02456
45.5785 1.62507 -0.0159242 0.0134734 -0.0257213
45.9385 1.62365 -0.0130913 0.0119524 -0.0245886
43.4208 1.77404 -0.0184169 0.0203981 -0.0254357
43.7804 1.77293 -0.0189065 0.0208243 -0.0265825
43.4211 1.91591 -0.0182401 0.0202705 -0.0249774
43.7806 1.91471 -0.0187467 0.0207067 -0.0260827
44.14 1.77174 -0.0193047 0.0210905 -0.0273461
44.4996 1.77049 -0.0192878 0.020906 -0.027801
44.1402 1.91342 -0.0192171 0.0210173 -0.0268593
44.4998 1.91206 -0.0192366 0.020855 -0.0273451
43.4213 2.05779 -0.0180654 0.0201051 -0.0245157
43.7809 2.05648 -0.0185768 0.0205215 -0.0256059
43.4215 2.19966 -0.0178169 0.0199713 -0.0240905
43.7811 2.19826 -0.0183522 0.0203328 -0.0251469
44.1404 2.0551 -0.0190396 0.0209158 -0.0263925
44.5 2.05363 -0.0190967 0.0207981 -0.0269184
44.1406 2.19677 -0.0188384 0.0207212 -0.0259461
44.5002 2.1952 -0.0189279 0.0206603 -0.0264758
44.8592 1.76918 -0.0190766 0.0194771 -0.0278399
45.2188 1.7678 -0.0188813 0.0163632 -0.0273217
44.8594 1.91064 -0.0187517 0.0198282 -0.0274684
45.2191 1.90916 -0.0183846 0.0171961 -0.0271757
45.5786 1.76634 -0.0171044 0.0133976 -0.0260366
45.9386 1.76481 -0.0139826 0.0118977 -0.0247077
45.5788 1.90759 -0.0173826 0.0137809 -0.0263842
45.9387 1.90593 -0.0151171 0.0119502 -0.0251021
44.8596 2.05209 -0.0184465 0.020005 -0.0271112
45.2193 2.05048 -0.0174182 0.0183768 -0.0269724
44.8599 2.19354 -0.0183522 0.0198962 -0.0266665
45.2195 2.1918 -0.0173675 0.0184442 -0.0265786
45.579 2.0488 -0.0171042 0.0151081 -0.0265347
45.9388 2.04702 -0.0159529 0.012048 -0.0252287
45.5792 2.18998 -0.0163514 0.0163244 -0.0262227
45.9389 2.18807 -0.0163112 0.01296 -0.0260233
46.2983 1.19896 -0.0100229 0.00970176 -0.0239198
46.6584 1.1978 -0.00881687 0.00855882 -0.023704
46.2984 1.34003 -0.010478 0.0100009 -0.024082
46.6584 1.33873 -0.00916166 0.00881894 -0.0238222
47.0185 1.19658 -0.0076726 0.0073135 -0.0234352
47.3787 1.19532 -0.00627281 0.00629881 -0.0232071
47.0185 1.33737 -0.00787144 0.00771519 -0.0236458
47.3787 1.33596 -0.00671842 0.00637083 -0.023361
46.2985 1.4811 -0.010721 0.0104603 -0.0242109
46.6585 1.47965 -0.00948564 0.00916097 -0.0239281
46.2985 1.62215 -0.0110781 0.0107606 -0.0241924
46.6585 1.62056 -0.0095606 0.00970745 -0.0240046
47.0185 1.47815 -0.00830104 0.00781821 -0.0237344
47.3787 1.47658 -0.00691559 0.00656973 -0.0235605
47.0186 1.61891 -0.00826439 0.00838719 -0.0238213
47.3787 1.6172 -0.006902 0.00708016 -0.0237494
47.7389 1.19402 -0.00502785 0.00522081 -0.0229639
48.0992 1.19266 -0.00373885 0.00377981 -0.0226374
47.7389 1.33449 -0.00532912 0.00517453 -0.023138
48.0992 1.33297 -0.00381206 0.00408234 -0.0229087
48.4595 1.19126 -0.00203002 0.00227214 -0.022214
48.8198 1.18981 -0.000428779 0.000943092 -0.0219841
48.4595 1.3314 -0.0022843 0.00257696 -0.0225663
48.8198 1.32978 -0.000520425 0.000962033 -0.0223784
47.7389 1.47496 -0.00543232 0.00545484 -0.0233609
48.0992 1.47328 -0.00404835 0.00422242 -0.0231392
47.7389 1.61542 -0.00560223 0.00564492 -0.0235576
48.0992 1.61358 -0.00415562 0.00437642 -0.0233959
48.4595 1.47154 -0.00248049 0.00272096 -0.0228712
48.8198 1.46975 -0.000660658 0.00105728 -0.0226603
48.4595 1.61168 -0.00255545 0.0029699 -0.0231734
48.8198 1.60971 -0.000488661 0.00138108 -0.0230352
46.2986 1.76318 -0.0117988 0.0108661 -0.024188
46.6585 1.76145 -0.0102234 0.00959598 -0.0240022
46.2986 1.90417 -0.0122693 0.0109975 -0.0241901
46.6585 1.90231 -0.0103945 0.0100728 -0.0240631
47.0186 1.75966 -0.00880845 0.00835172 -0.0238761
47.3787 1.7578 -0.00723756 0.00711525 -0.0237606
47.0186 1.90038 -0.00899805 0.00861398 -0.0239424
47.3787 1.89837 -0.00760304 0.00713083 -0.0238717
46.2987 2.04514 -0.0130672 0.0111474 -0.0246023
46.6586 2.04314 -0.0107207 0.0103025 -0.0240693
46.2987 2.18606 -0.0143768 0.0105022 -0.0244319
46.6586 2.18394 -0.0118146 0.00992878 -0.024083
47.0186 2.04107 -0.00909057 0.0090035 -0.0239672
47.3787 2.03893 -0.00784415 0.00732348 -0.0240005
47.0186 2.18174 -0.00953424 0.00906785 -0.0238599
47.3787 2.17946 -0.00803888 0.00752344 -0.0241009
47.7389 1.75587 -0.00559104 0.00599339 -0.0237149
48.0992 1.75387 -0.00418036 0.00467745 -0.0235994
47.7389 1.89629 -0.00608262 0.00578724 -0.0238235
48.0992 1.89414 -0.00444986 0.00457213 -0.0237724
48.4595 1.7518 -0.00265942 0.00309712 -0.0234252
48.8198 1.74967 -0.000727133 0.001352 -0.0232675
48.4595 1.89192 -0.00271303 0.00324258 -0.023676
48.8198 1.88962 -0.000652755 0.00150206 -0.023517
47.7389 2.0367 -0.00616824 0.00598522 -0.0240043
48.0991 2.0344 -0.00448114 0.00479912 -0.0239855
47.7388 2.1771 -0.00636151 0.00612939 -0.024109
48.0991 2.17464 -0.00456732 0.00483414 -0.0240857
48.4595 2.03202 -0.00282198 0.00323378 -0.0238358
48.8198 2.02956 -0.000831392 0.00132758 -0.023706
48.4595 2.17211 -0.0027185 0.00326657 -0.0240363
48.8198 2.16948 -0.000800557 0.00130525 -0.0240138
