26.1795 -8.87644 -0.000386622 0.000701708 -0.000287428
26.5385 -8.88731 -0.00112721 0.0021353 -0.000370855
26.1795 -8.73663 -0.000445905 0.000633977 -0.000808856
26.5385 -8.74733 -0.00112716 0.00202455 -0.00077364
26.8976 -8.89782 -0.00170703 0.00370542 -0.000144907
27.2565 -8.90798 -0.00284479 0.00510896 -0.000467026
26.8976 -8.75768 -0.00177836 0.00365699 -0.000793847
27.2566 -8.76769 -0.00283457 0.00512194 -0.000771788
26.1795 -8.59683 -0.000524148 0.000574948 -0.00125169
26.5385 -8.60735 -0.00117438 0.00193718 -0.00124908
26.1795 -8.45704 -0.000567787 0.000518069 -0.00179911
26.5385 -8.46739 -0.00127904 0.00196108 -0.00180696
26.8976 -8.61755 -0.00186016 0.00357642 -0.00152478
27.2566 -8.62741 -0.00290805 0.00513818 -0.00124626
26.8976 -8.47743 -0.0019087 0.00356779 -0.00186691
27.2566 -8.48713 -0.00300864 0.005113 -0.00180798
27.6156 -8.91779 -0.00342121 0.00660802 -0.000374249
27.9746 -8.92727 -0.0042187 0.00751523 -0.000289546
27.6156 -8.77735 -0.00360496 0.00654946 -0.00077875
27.9746 -8.78668 -0.00415848 0.00753532 -0.00040252
28.3336 -8.93638 -0.00459638 0.00826984 -0.000274452
28.6927 -8.94516 -0.00476522 0.00863723 -0.000209809
28.3336 -8.79566 -0.00453923 0.00828896 -0.000263176
28.6927 -8.8043 -0.00482074 0.00860605 -0.000138525
27.6156 -8.63692 -0.0036251 0.00653795 -0.000958154
27.9746 -8.64609 -0.00423012 0.00761021 -0.00066716
27.6156 -8.49649 -0.00369578 0.00658629 -0.00132919
27.9746 -8.50551 -0.0043273 0.00763262 -0.0010324
28.3337 -8.65494 -0.00452335 0.00838213 -0.000506537
28.6927 -8.66344 -0.00497674 0.00863859 -0.000339496
28.3337 -8.51421 -0.00460862 0.00841876 -0.000616724
28.6928 -8.52259 -0.00495737 0.00870959 -0.000380708
26.1795 -8.31725 -0.000621673 0.000501791 -0.00231151
26.5385 -8.32744 -0.00133892 0.00191917 -0.00237966
26.1795 -8.17747 -0.000732981 0.000465147 -0.00280622
26.5385 -8.18749 -0.00144953 0.00181264 -0.00279083
26.8976 -8.33731 -0.00195875 0.0036132 -0.00213891
27.2566 -8.34686 -0.002938 0.00513622 -0.00209212
26.8976 -8.1972 -0.00208264 0.00349316 -0.00293512
27.2566 -8.20659 -0.00295394 0.0052236 -0.00276643
26.1795 -8.03768 -0.00070031 0.000497348 -0.0034173
26.5385 -8.04753 -0.0014269 0.00184794 -0.00343699
26.1795 -7.89788 -0.000888241 0.000440195 -0.00368134
26.5386 -7.90757 -0.00165627 0.00184194 -0.00372739
26.8976 -8.05707 -0.00226404 0.00344043 -0.00338648
27.2567 -8.06631 -0.00306617 0.00515594 -0.00323592
26.8976 -7.91694 -0.00239815 0.00336608 -0.00381887
27.2567 -7.92602 -0.00306693 0.00513593 -0.00360644
27.6156 -8.35606 -0.00374868 0.00660185 -0.00183283
27.9746 -8.36494 -0.00432095 0.00771657 -0.00116883
27.6157 -8.21565 -0.00376856 0.00665412 -0.0023155
27.9747 -8.22438 -0.00440569 0.00776675 -0.00137883
28.3337 -8.3735 -0.00472027 0.00839269 -0.000766449
28.6928 -8.38173 -0.00478397 0.0087457 -8.93651e-05
28.3337 -8.23279 -0.00472933 0.00853793 -0.00109167
28.6928 -8.24088 -0.00493936 0.00887071 -0.000354643
27.6157 -8.07522 -0.00377377 0.00671456 -0.00241419
27.9747 -8.0838 -0.00457893 0.00781403 -0.00183521
27.6157 -7.93478 -0.00380516 0.00672726 -0.00287211
27.9748 -7.94323 -0.00451414 0.00792733 -0.00218624
28.3338 -8.09208 -0.00474421 0.00853061 -0.00110648
28.6928 -8.10003 -0.00498361 0.00888487 -0.00050064
28.3338 -7.95136 -0.0048941 0.00861073 -0.00128472
28.6929 -7.95918 -0.00494985 0.00903412 -0.000645318
29.0518 -8.95359 -0.00481447 0.00870756 -0.000198023
29.4108 -8.96167 -0.00488195 0.00859626 -0.00014362
29.0518 -8.8126 -0.00472682 0.00874328 -8.92879e-05
29.4109 -8.82055 -0.00496672 0.00855576 -4.39598e-05
29.7699 -8.9694 -0.00481416 0.00852132 -0.000190627
30.129 -8.97678 -0.00486555 0.008297 -0.000125295
29.7699 -8.82816 -0.00481695 0.0085012 -2.25635e-05
30.129 -8.83543 -0.00479237 0.00834403 -7.87992e-05
29.0518 -8.67161 -0.00472987 0.00881209 -7.71788e-05
29.4109 -8.67944 -0.00499148 0.00855531 1.55072e-05
29.0518 -8.53061 -0.00473975 0.00887784 5.57395e-06
29.4109 -8.53832 -0.00499929 0.00858752 7.35766e-05
29.77 -8.68693 -0.00478677 0.00848637 6.53982e-05
30.129 -8.69408 -0.00472894 0.00828997 2.16896e-05
29.77 -8.54569 -0.00480487 0.00848145 9.52498e-05
30.1291 -8.55273 -0.00476798 0.00826989 3.77183e-05
30.4881 -8.98381 -0.00475308 0.00817318 -0.000195222
30.8471 -8.99049 -0.00476191 0.00812986 -0.000117107
30.4881 -8.84236 -0.00468936 0.00822078 -4.02966e-05
30.8471 -8.84893 -0.00483177 0.00811711 -0.000177595
31.2062 -8.99683 -0.00476055 0.00807048 -7.8583e-05
31.5652 -9.00281 -0.00497549 0.00793244 -5.21801e-05
31.2062 -8.85517 -0.00475022 0.0080887 -3.59589e-05
31.5652 -8.86105 -0.00501601 0.00790476 -9.63347e-05
30.4881 -8.7009 -0.00476972 0.00812425 0.000141952
30.8472 -8.70738 -0.00488134 0.00809373 -0.000152376
30.4881 -8.55943 -0.00486239 0.00807119 3.19769e-05
30.8472 -8.5658 -0.00484577 0.0081174 0.00032073
31.2062 -8.7135 -0.00452947 0.00803314 -8.49096e-05
31.5652 -8.7193 -0.00498999 0.00785419 -0.000107426
31.2063 -8.57184 -0.0044924 0.00810229 -0.000123155
31.5653 -8.57755 -0.00484121 0.00783479 -0.000156132
29.0519 -8.38963 -0.00480811 0.00885451 3.73807e-06
29.4109 -8.39721 -0.00496325 0.00855033 9.85145e-05
29.0519 -8.24865 -0.00487537 0.00899354 -0.000103473
29.411 -8.25611 -0.00491459 0.00864093 0.000123006
29.77 -8.40445 -0.0047913 0.00842924 0.000166137
30.1291 -8.41138 -0.00478403 0.00823316 9.41216e-05
29.77 -8.26323 -0.00482194 0.00836455 0.000260432
30.1291 -8.27004 -0.00474775 0.00824848 5.47838e-05
29.0519 -8.10768 -0.00483477 0.00908003 -0.000174282
29.411 -8.11501 -0.00479191 0.00872986 0.000135251
29.0519 -7.9667 -0.00501561 0.00900946 -0.000191812
29.411 -7.97392 -0.00463419 0.00878975 9.11998e-05
29.77 -8.12202 -0.00491715 0.00832135 0.000136022
30.1292 -8.12872 -0.00473535 0.00822866 0.000113714
29.7701 -7.98082 -0.00492051 0.00839064 -1.91769e-05
30.1292 -7.9874 -0.00490129 0.00819407 0.0002151
30.4882 -8.41797 -0.0048302 0.00812869 0.000172882
30.8473 -8.42423 -0.00480422 0.00804643 0.000138278
30.4882 -8.27652 -0.00491486 0.0081026 0.000147741
30.8473 -8.28269 -0.00476713 0.00805843 0.000185553
31.2063 -8.43017 -0.00456872 0.0080765 8.01604e-05
31.5653 -8.43579 -0.004687 0.00797443 2.61512e-05
31.2064 -8.28853 -0.00451977 0.00799295 1.60847e-06
31.5654 -8.29405 -0.00461724 0.00785321 8.07001e-06
30.4883 -8.13509 -0.0049507 0.00805013 0.000277968
30.8473 -8.14114 -0.00470649 0.00809783 0.000252035
30.4883 -7.99366 -0.0049573 0.00809783 0.000163404
30.8474 -7.99961 -0.00459996 0.00816339 0.000273089
31.2064 -8.14689 -0.00448839 0.0079656 0.000101354
31.5654 -8.15232 -0.00465326 0.00783073 4.4196e-05
31.2065 -8.00527 -0.00451737 0.00795536 1.66476e-05
31.5654 -8.01061 -0.00458417 0.00776823 4.99588e-05
26.1795 -7.75809 -0.000871606 0.000468972 -0.004141
26.5386 -7.76761 -0.0015821 0.00181785 -0.00433417
26.1795 -7.61831 -0.000915813 0.000460268 -0.00450334
26.5385 -7.62766 -0.00161383 0.00184863 -0.00462248
26.8976 -7.77683 -0.00242849 0.00333049 -0.00425472
27.2567 -7.78574 -0.00314325 0.0050589 -0.00392516
26.8976 -7.63671 -0.002377 0.00320377 -0.00463168
27.2567 -7.64547 -0.0031936 0.0049722 -0.00433654
26.1795 -7.47853 -0.000949269 0.000449783 -0.00476203
26.5385 -7.48771 -0.00166209 0.00189401 -0.00497957
26.1795 -7.33874 -0.000919931 0.000473199 -0.00507066
26.5385 -7.34776 -0.00171365 0.00182246 -0.00513978
26.8976 -7.4966 -0.00240448 0.00331331 -0.00493486
27.2567 -7.5052 -0.00319702 0.00497518 -0.00450086
26.8976 -7.35648 -0.00250441 0.0032722 -0.00511571
27.2567 -7.36493 -0.00318628 0.00490682 -0.00477875
27.6157 -7.79436 -0.00395027 0.00667226 -0.00334209
27.9748 -7.80266 -0.00460571 0.00796647 -0.00257232
27.6157 -7.65393 -0.00396559 0.00663988 -0.00357939
27.9748 -7.66209 -0.00470383 0.0079831 -0.00273633
28.3338 -7.81066 -0.0049065 0.00874015 -0.00159093
28.6929 -7.81834 -0.00492925 0.00911646 -0.000888061
28.3339 -7.66994 -0.00493795 0.00888076 -0.00190999
28.6929 -7.6775 -0.00510009 0.00919669 -0.00109335
27.6157 -7.51351 -0.00396856 0.00658034 -0.00392526
27.9748 -7.52151 -0.00473858 0.00800777 -0.00301268
27.6158 -7.37308 -0.00398447 0.00649038 -0.00418123
27.9748 -7.38094 -0.00469026 0.00794482 -0.00327073
28.3339 -7.52923 -0.00487774 0.00896836 -0.00217977
28.6929 -7.53665 -0.00518028 0.00925888 -0.00135016
28.3339 -7.38852 -0.00497399 0.00897105 -0.00240341
28.693 -7.39581 -0.0050785 0.00937099 -0.00158216
26.1795 -7.19897 -0.000931062 0.000462164 -0.00532061
26.5385 -7.20781 -0.0016166 0.00187831 -0.00531446
26.1795 -7.05919 -0.000971054 0.000416631 -0.00538425
26.5385 -7.06787 -0.00162551 0.00183758 -0.00535863
26.8976 -7.21637 -0.00249599 0.0033027 -0.00526585
27.2567 -7.22466 -0.00318387 0.00485422 -0.00495162
26.8976 -7.07627 -0.00245187 0.00326897 -0.00517389
27.2567 -7.08439 -0.00315096 0.00479342 -0.00500881
26.1795 -6.91941 -0.000957637 0.000430285 -0.00541401
26.5385 -6.92792 -0.0015197 0.00183755 -0.0053163
26.1795 -6.77964 -0.000910086 0.000436724 -0.00536019
26.5385 -6.78797 -0.0016006 0.001799 -0.00530057
26.8976 -6.93616 -0.00234713 0.00329077 -0.00534948
27.2567 -6.94412 -0.00312147 0.00472259 -0.00500237
26.8976 -6.79605 -0.00232226 0.00321008 -0.00521292
27.2567 -6.80385 -0.00307973 0.00466341 -0.00492865
27.6158 -7.23266 -0.00395781 0.00640408 -0.00434374
27.9749 -7.24037 -0.00462255 0.00784799 -0.00358845
27.6158 -7.09224 -0.00395102 0.00629932 -0.00443025
27.9749 -7.0998 -0.00459807 0.00776613 -0.00375554
28.3339 -7.24781 -0.00512251 0.0089621 -0.0026109
28.693 -7.25496 -0.00508765 0.00945975 -0.001791
28.3339 -7.1071 -0.00508037 0.00883992 -0.00285088
28.693 -7.11412 -0.00513742 0.00944085 -0.00213757
27.6158 -6.95181 -0.00387876 0.00622876 -0.00450081
27.9749 -6.95924 -0.00454992 0.00762908 -0.00383193
27.6158 -6.81139 -0.00382882 0.00615391 -0.00450016
27.9749 -6.81866 -0.00448356 0.00753241 -0.0039341
28.334 -6.96639 -0.0050658 0.00872852 -0.00312928
28.693 -6.97327 -0.00519871 0.00940182 -0.00239424
28.334 -6.82567 -0.00500162 0.00863149 -0.00324185
28.693 -6.83241 -0.00525039 0.00926372 -0.00270864
29.052 -7.82573 -0.00507789 0.00895396 -0.000372541
29.411 -7.83282 -0.00476841 0.00882638 -0.000107936
29.052 -7.68476 -0.00502368 0.00911691 -0.000545608
29.411 -7.69172 -0.00481513 0.00881278 -0.00026849
29.7701 -7.83961 -0.00476722 0.00846228 -0.000210548
30.1292 -7.84607 -0.00509967 0.00805577 0.000188777
29.7701 -7.69839 -0.00470288 0.00838738 -1.78362e-05
30.1292 -7.70475 -0.00529959 0.00801002 8.91963e-06
29.052 -7.54378 -0.00503728 0.00911294 -0.000629496
29.4111 -7.55063 -0.00468696 0.00883253 -0.000454897
29.052 -7.4028 -0.00511994 0.00914176 -0.000908756
29.411 -7.40953 -0.00477965 0.00883634 -0.000444173
29.7701 -7.55718 -0.00485491 0.00837295 -0.000196688
30.1292 -7.56341 -0.00544163 0.0081306 0.000137818
29.7701 -7.41595 -0.00483493 0.00843778 -0.000415582
30.1292 -7.42207 -0.0054989 0.00813156 -2.93866e-05
30.4883 -7.85223 -0.00487625 0.00817009 0.000103963
30.8474 -7.85809 -0.00440048 0.00822087 0.000142145
30.4884 -7.7108 -0.00484376 0.0082575 9.48763e-05
30.8475 -7.71657 -0.00427736 0.00813142 5.51814e-05
31.2065 -7.86366 -0.00456811 0.00787923 0.000222173
31.5654 -7.86892 -0.00478453 0.00757653 5.41334e-05
31.2064 -7.72204 -0.00462057 0.00771415 0.000126368
31.5654 -7.72721 -0.00508099 0.00752816 0.000399627
30.4884 -7.56936 -0.00484049 0.00831621 7.04027e-05
30.8474 -7.57503 -0.00437941 0.00811766 3.76974e-05
30.4884 -7.42791 -0.00484647 0.00835656 -2.60252e-05
30.8474 -7.43347 -0.00446417 0.00810268 1.47313e-05
31.2064 -7.5804 -0.00460294 0.00771914 5.93688e-05
31.5654 -7.58546 -0.00510979 0.00751454 0.000297038
31.2064 -7.43875 -0.00478579 0.007649 4.48889e-05
31.5655 -7.4437 -0.00495025 0.00760946 -4.72466e-05
29.052 -7.26183 -0.00514852 0.00920662 -0.0012616
29.411 -7.26842 -0.00498623 0.00886112 -0.000828274
29.052 -7.12086 -0.0051995 0.00926051 -0.00161896
29.4111 -7.12731 -0.00504511 0.00890372 -0.00113209
29.7701 -7.27473 -0.00477678 0.00848237 -0.000552854
30.1292 -7.28072 -0.0054597 0.0080303 -5.28017e-05
29.7701 -7.1335 -0.00499234 0.00841261 -0.000554421
30.1292 -7.13938 -0.00529211 0.00824944 -0.000667304
29.052 -6.97988 -0.0052075 0.00928709 -0.00186857
29.4111 -6.98621 -0.00513991 0.00884888 -0.00140751
29.0521 -6.83889 -0.0052174 0.00931853 -0.00216144
29.4111 -6.84509 -0.00528412 0.00895695 -0.00168036
29.7701 -6.99225 -0.00543069 0.00848184 -0.000876283
30.1292 -6.99803 -0.00512747 0.00859695 -0.000710765
29.7701 -6.85102 -0.00550175 0.00867163 -0.00122963
30.1293 -6.85668 -0.00520095 0.00876313 -0.000830275
30.4884 -7.28646 -0.00484986 0.00843001 -0.000129434
30.8474 -7.29191 -0.00457016 0.00809284 -2.95459e-05
30.4884 -7.145 -0.00485373 0.00845351 -0.000193135
30.8475 -7.15034 -0.00469551 0.0081016 -0.000219467
31.2064 -7.29707 -0.00493413 0.00762099 0.00015989
31.5655 -7.30193 -0.00476559 0.00780722 7.72878e-05
31.2065 -7.1554 -0.00494936 0.00776293 9.82523e-05
31.5655 -7.16016 -0.00477836 0.00789593 -1.89978e-05
30.4884 -7.00353 -0.00492514 0.00848618 -0.000405325
30.8475 -7.00877 -0.00483861 0.00816876 -0.000245847
30.4884 -6.86208 -0.00498034 0.00855867 -0.000631907
30.8475 -6.86721 -0.00496837 0.00826605 -0.000307288
31.2065 -7.01372 -0.00492914 0.00792169 -5.88943e-05
31.5656 -7.0184 -0.00476936 0.00795409 -0.000103162
31.2066 -6.87206 -0.00495557 0.00807996 -0.000224641
31.5656 -6.87665 -0.00474127 0.00796949 -0.00019526
31.9242 -9.00844 -0.00502093 0.00791311 -0.000147409
32.2833 -9.01372 -0.00509528 0.00788191 -5.29553e-05
31.9242 -8.8666 -0.00505028 0.00788629 -0.000122087
32.2833 -8.8718 -0.00507827 0.00784249 -0.000191456
32.6425 -9.01865 -0.0050273 0.00775312 -0.000122066
33.0016 -9.02324 -0.00476868 0.00753842 -0.000121207
32.6425 -8.87666 -0.00492831 0.00778013 -0.00022295
33.0016 -8.88118 -0.00489814 0.00752262 -3.75336e-05
31.9243 -8.72475 -0.00506622 0.00787314 -6.63575e-05
32.2833 -8.72987 -0.00511701 0.00783723 -0.00015656
31.9243 -8.5829 -0.00497573 0.00784119 -8.24235e-05
32.2833 -8.58794 -0.00517614 0.0077549 -1.96548e-05
32.6425 -8.73466 -0.00482422 0.00778018 -0.000170249
33.0016 -8.73912 -0.00494058 0.00755687 -4.07703e-05
32.6425 -8.59266 -0.00494145 0.00779278 -0.000211563
33.0016 -8.59704 -0.00490141 0.00764866 -0.00020004
33.3608 -9.02747 -0.0047885 0.0074027 -6.19685e-05
33.7199 -9.03135 -0.0046181 0.0070796 -0.000169212
33.3608 -8.88535 -0.00461327 0.00733636 -0.000289287
33.7199 -8.88918 -0.00451555 0.00702078 4.69475e-05
34.079 -9.03487 -0.0046366 0.00659129 -1.15438e-05
34.4382 -9.03805 -0.0044705 0.00648389 -4.28237e-05
34.0791 -8.89264 -0.00468593 0.00656821 -0.000119496
34.4382 -8.89577 -0.00451646 0.00641946 -7.2866e-05
33.3608 -8.74323 -0.0046458 0.00736023 -0.000162463
33.7199 -8.74699 -0.00470787 0.00694041 -9.90716e-05
33.3608 -8.60108 -0.0045995 0.00728534 -0.000229988
33.7199 -8.60479 -0.00485958 0.00675724 -0.00022111
34.0791 -8.75042 -0.00457732 0.00662406 -0.00035533
34.4382 -8.7535 -0.00448031 0.00639051 -0.000270249
34.0791 -8.60816 -0.00455345 0.00669758 -0.000285705
34.4383 -8.61119 -0.00443151 0.0064483 -0.000297574
31.9243 -8.44107 -0.00486414 0.00790695 -8.83127e-05
32.2833 -8.44602 -0.00533369 0.00762537 2.78571e-05
31.9243 -8.29925 -0.00488721 0.0077613 -0.000129386
32.2833 -8.30412 -0.0053095 0.0075902 -0.000249906
32.6425 -8.45066 -0.00500784 0.0077551 -0.000190608
33.0016 -8.45497 -0.00486069 0.00757838 -0.000254212
32.6425 -8.30867 -0.00498406 0.00775518 -0.000133144
33.0016 -8.31291 -0.0048314 0.00749551 -0.000367082
31.9243 -8.15743 -0.0050606 0.00769913 9.17234e-05
32.2833 -8.16221 -0.00516611 0.00774288 -0.000138714
31.9243 -8.01561 -0.00516818 0.00755918 0.000310547
32.2833 -8.02032 -0.00507481 0.00776577 -1.74467e-05
32.6425 -8.16669 -0.00491028 0.00774684 -0.000142521
33.0016 -8.17085 -0.00480288 0.0075089 -0.000167134
32.6425 -8.02472 -0.00482922 0.00772845 -0.000162837
33.0016 -8.0288 -0.00481482 0.00750006 -0.000228683
33.3607 -8.45895 -0.00462589 0.00730209 -0.000280552
33.7199 -8.46259 -0.00486921 0.00688204 -0.000367176
33.3607 -8.31682 -0.00471145 0.00728909 -0.00024311
33.7199 -8.32041 -0.0047563 0.00690623 -0.000367621
34.0791 -8.46591 -0.00456393 0.00665898 -0.000289695
34.4383 -8.4689 -0.00441536 0.0064487 -0.000371661
34.0791 -8.32366 -0.00459341 0.00660683 -0.000361566
34.4383 -8.32659 -0.00441763 0.00644769 -0.000431891
33.3607 -8.1747 -0.00474605 0.00724901 -0.000297976
33.7199 -8.17822 -0.00471914 0.00691787 -0.000363485
33.3607 -8.03258 -0.00473498 0.00720895 -0.000337255
33.7199 -8.03604 -0.00468365 0.00685605 -0.000419694
34.0791 -8.18142 -0.00460431 0.00657387 -0.000436346
34.4383 -8.1843 -0.00448128 0.00644229 -0.000555646
34.0791 -8.03918 -0.00460048 0.00654951 -0.000519766
34.4383 -8.04201 -0.00451482 0.00642768 -0.000568141
34.7974 -9.04088 -0.00466263 0.00660057 -0.000102018
35.1565 -9.04334 -0.00525975 0.00704382 -6.13491e-05
34.7974 -8.89856 -0.00459171 0.0065621 -0.00015949
35.1566 -8.90098 -0.00530783 0.00706773 -0.00033558
35.5158 -9.04545 -0.00598777 0.0079579 -7.18105e-05
35.8751 -9.04721 -0.00669332 0.00910967 -0.000200329
35.5158 -8.90306 -0.00608947 0.00789885 -0.000367977
35.8751 -8.90479 -0.00674077 0.00904749 -0.000481598
34.7974 -8.75623 -0.00453451 0.00658949 -0.000264214
35.1566 -8.75862 -0.0052858 0.00707385 -0.000420144
34.7974 -8.61389 -0.00450604 0.00662068 -0.00039517
35.1566 -8.61625 -0.00530968 0.00709895 -0.000834934
35.5158 -8.76066 -0.00614246 0.00784942 -0.000696176
35.8751 -8.76236 -0.00679171 0.00893395 -0.000660989
35.5158 -8.61825 -0.00607458 0.00786738 -0.000702335
35.8751 -8.61992 -0.0069912 0.00871209 -0.00086865
36.2345 -9.04864 -0.00733125 0.0103991 1.97113e-05
36.5938 -9.04971 -0.00845189 0.0111102 -0.000358877
36.2345 -8.90618 -0.00736305 0.0103538 -0.000469748
36.5938 -8.90724 -0.00849936 0.0110872 -0.000697997
36.9532 -9.05041 -0.00919783 0.0120339 -0.000198016
37.3125 -9.05077 -0.0095351 0.0126044 -0.000127907
36.9531 -8.90794 -0.00911634 0.0119786 -0.000523319
37.3125 -8.90829 -0.00965923 0.012441 -0.000569997
36.2345 -8.76373 -0.00743449 0.0103367 -0.000811087
36.5938 -8.76477 -0.00844732 0.011124 -0.00111018
36.2344 -8.62127 -0.0075315 0.0102196 -0.0011963
36.5938 -8.62231 -0.00824269 0.01114 -0.00105287
36.9531 -8.76545 -0.00924892 0.011781 -0.000762336
37.3125 -8.7658 -0.00968043 0.0124425 -0.000873164
36.9531 -8.62296 -0.00930974 0.0116539 -0.00114219
37.3124 -8.6233 -0.00968537 0.012425 -0.00116103
34.7975 -8.47155 -0.00452227 0.00670232 -0.000563965
35.1566 -8.47387 -0.00514849 0.00711907 -0.000773639
34.7975 -8.3292 -0.00449245 0.00661251 -0.000697736
35.1567 -8.33147 -0.00509664 0.00719596 -0.000885872
35.5158 -8.47584 -0.00604258 0.00784859 -0.000982817
35.875 -8.47748 -0.00744726 0.00867922 -0.00153604
35.5158 -8.33341 -0.00600954 0.00790074 -0.00136999
35.875 -8.33502 -0.00747501 0.00847683 -0.00176937
34.7975 -8.18686 -0.00451569 0.00658917 -0.000710639
35.1567 -8.18909 -0.00500761 0.00707898 -0.00110012
34.7975 -8.04452 -0.00460174 0.00655477 -0.00081817
35.1567 -8.04672 -0.00500586 0.00710334 -0.00130277
35.5159 -8.19099 -0.00592301 0.00791852 -0.00141792
35.8751 -8.19257 -0.00719248 0.0084389 -0.00162431
35.5159 -8.0486 -0.00590488 0.00790031 -0.00171704
35.8751 -8.05016 -0.00685295 0.00876179 -0.00185678
36.2344 -8.4788 -0.00760275 0.0100899 -0.00146866
36.5938 -8.47981 -0.00821926 0.0110984 -0.00123279
36.2344 -8.3363 -0.00761945 0.00994447 -0.00152927
36.5937 -8.33729 -0.00826405 0.0109937 -0.00169451
36.9531 -8.48047 -0.00931651 0.0116446 -0.00156594
37.3124 -8.4808 -0.00964648 0.0123847 -0.00144885
36.953 -8.33796 -0.00927813 0.0116103 -0.00175575
37.3124 -8.33829 -0.00966602 0.012311 -0.00184987
36.2343 -8.19382 -0.00787045 0.00951488 -0.001637
36.5936 -8.19481 -0.00834088 0.01087 -0.00209046
36.2343 -8.05139 -0.00817968 0.00926229 -0.00213743
36.5936 -8.05234 -0.00855154 0.0106632 -0.00245074
36.953 -8.19546 -0.00913306 0.0116308 -0.00208173
37.3123 -8.19579 -0.00975119 0.012268 -0.00195091
36.9529 -8.05298 -0.00900728 0.0115794 -0.00234216
37.3123 -8.0533 -0.00987457 0.0121957 -0.00238352
31.9244 -7.87383 -0.00513141 0.00752132 -7.11974e-05
32.2834 -7.87843 -0.00491523 0.00786403 1.38503e-05
31.9245 -7.73204 -0.00493239 0.00772764 -1.85167e-05
32.2835 -7.73656 -0.00468288 0.00783434 -0.000136337
32.6425 -7.88275 -0.00483997 0.00774051 -9.68131e-05
33.0016 -7.88676 -0.00481352 0.00745136 -0.000247712
32.6426 -7.74078 -0.00484947 0.00761427 -4.25219e-05
33.0016 -7.74471 -0.00481268 0.0073763 -0.000236179
31.9245 -7.59021 -0.00480075 0.00791556 0.000101389
32.2836 -7.59466 -0.00466369 0.00781082 9.74542e-05
31.9246 -7.44837 -0.00467882 0.0079007 2.02379e-05
32.2837 -7.45275 -0.00478305 0.00775628 -7.48739e-05
32.6426 -7.59881 -0.00483869 0.00752498 -0.000167092
33.0017 -7.60266 -0.00484426 0.00734309 -0.000250997
32.6427 -7.45682 -0.00484847 0.00755268 -0.00016218
33.0017 -7.46061 -0.0048241 0.0072751 -0.000329895
33.3607 -7.89046 -0.00471867 0.00713683 -0.000355718
33.7199 -7.89385 -0.00464748 0.00683606 -0.000471867
33.3608 -7.74834 -0.00470544 0.0070746 -0.000406606
33.7199 -7.75167 -0.00461223 0.00680527 -0.000547449
34.0791 -7.89694 -0.00460775 0.00654689 -0.000625736
34.4383 -7.89971 -0.00455471 0.00636426 -0.000718351
34.0791 -7.7547 -0.00456895 0.00648056 -0.000699099
34.4383 -7.75742 -0.00462254 0.00627147 -0.000931915
33.3608 -7.60622 -0.00467905 0.00702406 -0.000431161
33.72 -7.60949 -0.00461643 0.00672886 -0.00065215
33.3608 -7.4641 -0.00466638 0.00696649 -0.000453225
33.72 -7.46731 -0.00458018 0.00664067 -0.000744707
34.0791 -7.61246 -0.00455735 0.00653714 -0.000678485
34.4383 -7.61513 -0.00462823 0.00632467 -0.000991058
34.0791 -7.47022 -0.00452623 0.00640774 -0.000861556
34.4383 -7.47284 -0.00454136 0.00632871 -0.00102688
31.9246 -7.30652 -0.00471288 0.00786516 2.51244e-05
32.2837 -7.31082 -0.00481526 0.00774639 -1.69168e-05
31.9246 -7.16466 -0.00485007 0.00781719 -0.000146629
32.2837 -7.16888 -0.00484745 0.00767829 -0.000166476
32.6427 -7.31483 -0.00483154 0.00751085 -0.000218359
33.0018 -7.31855 -0.0047614 0.00724277 -0.000431722
32.6428 -7.17282 -0.00473506 0.00758481 -0.000247987
33.0018 -7.17648 -0.00480547 0.00720279 -0.00037642
31.9246 -7.02281 -0.00491403 0.00778319 -5.01723e-05
32.2837 -7.02694 -0.00487893 0.00768034 -0.000263058
31.9247 -6.88097 -0.00498369 0.00776759 -0.000182988
32.2837 -6.88502 -0.00490453 0.00770333 -0.000323593
32.6428 -7.03081 -0.00471543 0.00751696 -0.000377627
33.0019 -7.0344 -0.00477207 0.00719019 -0.000513666
32.6428 -6.88881 -0.00485658 0.00749826 -0.000457615
33.0019 -6.89232 -0.00473314 0.00719669 -0.000582196
33.3609 -7.32198 -0.00461747 0.00693455 -0.000547573
33.72 -7.32513 -0.00452745 0.0065816 -0.000730173
33.3609 -7.17985 -0.0045809 0.00691869 -0.000673233
33.72 -7.18294 -0.00450963 0.00654465 -0.000846323
34.0792 -7.32798 -0.0045435 0.00633296 -0.000973678
34.4383 -7.33056 -0.00453901 0.00634192 -0.00120058
34.0792 -7.18574 -0.00452409 0.00632203 -0.00110279
34.4384 -7.18826 -0.00457359 0.00634194 -0.00134811
33.361 -7.03771 -0.00460525 0.00686955 -0.000712046
33.7201 -7.04074 -0.00447908 0.00652683 -0.000934092
33.361 -6.89556 -0.00461242 0.0068401 -0.000790072
33.7201 -6.89854 -0.00445034 0.00651073 -0.001022
34.0792 -7.04349 -0.00451091 0.00631814 -0.00120726
34.4384 -7.04596 -0.00458342 0.0063221 -0.00147248
34.0792 -6.90123 -0.00453655 0.00629824 -0.00129458
34.4384 -6.90366 -0.00460961 0.00632189 -0.00164501
34.7975 -7.90219 -0.00464296 0.00655507 -0.000936045
35.1568 -7.90435 -0.00500075 0.0071229 -0.00147375
34.7975 -7.75985 -0.00466533 0.00652926 -0.00099543
35.1568 -7.76198 -0.00501319 0.00714056 -0.00148451
35.516 -7.90621 -0.00583447 0.00783292 -0.00183887
35.8751 -7.90775 -0.00677438 0.00874704 -0.00231801
35.516 -7.7638 -0.00582261 0.0078472 -0.0019308
35.8751 -7.76532 -0.00670858 0.00856869 -0.00249697
34.7975 -7.61751 -0.00475722 0.00648405 -0.00120264
35.1568 -7.61961 -0.00498439 0.00712278 -0.0016068
34.7975 -7.47517 -0.00482172 0.00641437 -0.00136091
35.1568 -7.47722 -0.00509047 0.00691891 -0.00164828
35.516 -7.62139 -0.00570911 0.00780209 -0.00210334
35.8751 -7.62288 -0.00659832 0.00861334 -0.0024233
35.516 -7.47897 -0.00556569 0.00772762 -0.00225234
35.8752 -7.48043 -0.00658098 0.00851465 -0.00270028
36.2343 -7.90897 -0.00822256 0.00951282 -0.00275219
36.5935 -7.90986 -0.00849637 0.0105668 -0.00275255
36.2343 -7.7665 -0.00782842 0.00932758 -0.00270615
36.5936 -7.7674 -0.00848298 0.0104174 -0.00322466
36.9529 -7.91047 -0.00925611 0.0112327 -0.00244661
37.3123 -7.9108 -0.00987911 0.0122469 -0.0026341
36.9528 -7.76798 -0.00980112 0.0106931 -0.00260064
37.3122 -7.76829 -0.010037 0.0122708 -0.0030527
36.2344 -7.62406 -0.00743011 0.00972919 -0.00296633
36.5936 -7.62497 -0.00829211 0.0107153 -0.00324835
36.2343 -7.48158 -0.00774714 0.00964953 -0.00324576
36.5936 -7.48247 -0.00841706 0.0104574 -0.00304243
36.9528 -7.62552 -0.00958581 0.0113781 -0.00359996
37.3122 -7.62581 -0.0101325 0.0123307 -0.00307894
36.9528 -7.48303 -0.00946154 0.0115374 -0.00360416
37.3122 -7.48331 -0.0101375 0.0123366 -0.00333755
34.7975 -7.33284 -0.00479605 0.00643813 -0.00153431
35.1567 -7.33484 -0.0052196 0.00684879 -0.00181072
34.7975 -7.19051 -0.00480581 0.00646237 -0.00168188
35.1567 -7.19247 -0.00522978 0.00674834 -0.00200409
35.516 -7.33656 -0.00552175 0.00761787 -0.00237307
35.8752 -7.338 -0.00641263 0.00847667 -0.00275971
35.516 -7.19416 -0.0055873 0.00752378 -0.00246088
35.8752 -7.19558 -0.00633166 0.00842678 -0.00296593
34.7975 -7.04817 -0.00482398 0.00647024 -0.00188443
35.1567 -7.05009 -0.00521852 0.00679431 -0.00223616
34.7976 -6.90582 -0.0048527 0.00647682 -0.00200019
35.1567 -6.90771 -0.00528567 0.00682432 -0.00241685
35.5159 -7.05175 -0.00573754 0.00737089 -0.00262583
35.8751 -7.05313 -0.00624248 0.0082642 -0.00285327
35.5159 -6.90933 -0.00576235 0.0072979 -0.0028065
35.8751 -6.91068 -0.00630683 0.00802331 -0.0029547
36.2343 -7.33913 -0.00786507 0.00953882 -0.00313456
36.5936 -7.33998 -0.00816873 0.0102645 -0.00338074
36.2344 -7.19668 -0.00732174 0.00957601 -0.00297103
36.5936 -7.19751 -0.00830019 0.00960515 -0.00342785
36.9528 -7.34053 -0.00943254 0.0111452 -0.00332113
37.3122 -7.34081 -0.0101357 0.0122142 -0.00367657
36.9528 -7.19806 -0.00932226 0.0109383 -0.00373319
37.3122 -7.19832 -0.00994621 0.0122937 -0.00361133
36.2344 -7.05423 -0.00652975 0.00942533 -0.00355843
36.5936 -7.05507 -0.00793484 0.00978386 -0.00390906
36.2344 -6.91176 -0.00702783 0.0091454 -0.00351768
36.5936 -6.91258 -0.00780014 0.00977936 -0.0035206
36.9528 -7.05558 -0.00917041 0.0106811 -0.00357241
37.3122 -7.05584 -0.00958564 0.012394 -0.0039326
36.9528 -6.9131 -0.00887414 0.0104462 -0.00392461
37.3121 -6.91336 -0.00951982 0.0121044 -0.00415393
