26.1796 -2.16674 -0.000374708 0.000555246 -0.0044915
26.5389 -2.1694 -0.00115389 0.00204753 -0.00452959
26.1796 -2.02695 -0.0004694 0.000563219 -0.0045252
26.5389 -2.02944 -0.00122301 0.00191423 -0.00475188
26.8981 -2.17199 -0.00194874 0.00357885 -0.00431532
27.2573 -2.17448 -0.00286853 0.00500768 -0.00472381
26.8981 -2.03185 -0.00206881 0.00334307 -0.00471222
27.2574 -2.03418 -0.00268966 0.00489112 -0.00470796
26.1796 -1.88716 -0.000429875 0.000574891 -0.00479112
26.5389 -1.88948 -0.00111929 0.00198718 -0.00483874
26.1797 -1.74738 -0.000414131 0.000535048 -0.00505345
26.539 -1.74953 -0.00110082 0.00189802 -0.00504149
26.8982 -1.89173 -0.00180167 0.00322929 -0.00490164
27.2574 -1.89389 -0.00252403 0.00459621 -0.00499536
26.8982 -1.75161 -0.00173568 0.00312308 -0.00495324
27.2574 -1.75362 -0.00231479 0.00445941 -0.00514735
27.6165 -2.1769 -0.00362116 0.00644773 -0.00467667
27.9757 -2.17923 -0.0042067 0.00747905 -0.00472871
27.6166 -2.03644 -0.00338153 0.00620247 -0.00488476
27.9757 -2.03862 -0.00409035 0.00711798 -0.0048325
28.3349 -2.18147 -0.00439873 0.00853619 -0.00460381
28.6939 -2.18363 -0.00493645 0.00876773 -0.00423845
28.3349 -2.04071 -0.00421928 0.00807365 -0.00475498
28.694 -2.04272 -0.00454629 0.00823728 -0.0041856
27.6166 -1.89599 -0.00329921 0.00588553 -0.00492648
27.9758 -1.89801 -0.00395267 0.0067853 -0.00490653
27.6166 -1.75556 -0.00313207 0.0056704 -0.00495709
27.9758 -1.75743 -0.00378021 0.00649014 -0.00481724
28.3349 -1.89996 -0.00422688 0.00769427 -0.00472248
28.6941 -1.90184 -0.00412223 0.00811433 -0.00430473
28.335 -1.75923 -0.00413772 0.00732734 -0.00472276
28.6941 -1.76097 -0.00384435 0.00790199 -0.00439177
26.1797 -1.60759 -0.000471313 0.000542077 -0.00519017
26.539 -1.60957 -0.00108564 0.00181039 -0.00510375
26.1797 -1.46781 -0.000329189 0.000541889 -0.00539405
26.539 -1.46962 -0.000888182 0.00180004 -0.0052865
26.8982 -1.61149 -0.00169548 0.00300574 -0.00508845
27.2575 -1.61335 -0.00215866 0.00431153 -0.00513496
26.8982 -1.47137 -0.0016434 0.00291753 -0.00522599
27.2575 -1.47307 -0.00222262 0.00411911 -0.0051031
26.1797 -1.32802 -0.0004143 0.000478072 -0.00545765
26.5389 -1.32966 -0.000980248 0.00173483 -0.00557112
26.1797 -1.18823 -0.000433945 0.000480832 -0.00555879
26.5389 -1.1897 -0.00109568 0.00164327 -0.00539255
26.8982 -1.33125 -0.00150254 0.00290284 -0.00535133
27.2575 -1.33279 -0.00202334 0.00392994 -0.00510853
26.8982 -1.19111 -0.0016018 0.00273387 -0.00539331
27.2575 -1.19249 -0.00202164 0.00376353 -0.00504482
27.6166 -1.61513 -0.00276498 0.00539235 -0.00525468
27.9758 -1.61686 -0.00326671 0.00634017 -0.00493801
27.6167 -1.47471 -0.00274047 0.00511539 -0.00506052
27.9759 -1.47627 -0.00322319 0.00602458 -0.00505587
28.335 -1.61851 -0.00364556 0.00714462 -0.00490188
28.6941 -1.62011 -0.00388995 0.00739924 -0.00475866
28.3351 -1.47779 -0.00353769 0.00687957 -0.0048043
28.6941 -1.47925 -0.00360634 0.00718322 -0.00470032
27.6167 -1.33426 -0.00264349 0.00490913 -0.00489214
27.9759 -1.33568 -0.00313921 0.00576542 -0.0049524
27.6168 -1.19381 -0.00263899 0.00468898 -0.00498236
27.976 -1.19508 -0.00294612 0.00546871 -0.00483542
28.3351 -1.33704 -0.00351979 0.00628989 -0.00478662
28.6942 -1.33837 -0.00383215 0.00683998 -0.00439608
28.3351 -1.19631 -0.0031457 0.00607239 -0.00487507
28.6942 -1.19748 -0.00375971 0.00659088 -0.00433739
29.053 -2.18569 -0.00485808 0.00884122 -0.00381586
29.4121 -2.18768 -0.00503806 0.0087651 -0.00362897
29.053 -2.04465 -0.00514162 0.00822636 -0.00363327
29.4121 -2.04652 -0.00482977 0.00848119 -0.00378069
29.7712 -2.18957 -0.00527503 0.00868217 -0.00326536
30.1303 -2.19138 -0.00538211 0.00891504 -0.0030927
29.7712 -2.0483 -0.00518452 0.0086084 -0.00345626
30.1303 -2.04999 -0.00534834 0.00884205 -0.00335953
29.053 -1.90364 -0.00518791 0.00776539 -0.00383222
29.4121 -1.90537 -0.0047143 0.00827585 -0.0040916
29.0531 -1.76264 -0.004876 0.00775702 -0.00435142
29.4122 -1.76424 -0.00461182 0.00820627 -0.00395592
29.7712 -1.90702 -0.00510942 0.00845815 -0.00348275
30.1304 -1.9086 -0.00532109 0.00872807 -0.00360215
29.7713 -1.76577 -0.00494512 0.00840437 -0.00380903
30.1304 -1.76723 -0.00539531 0.00861422 -0.00360965
30.4894 -2.19311 -0.00534839 0.00910756 -0.00293933
30.8486 -2.19474 -0.00572747 0.0089533 -0.00279413
30.4895 -2.05161 -0.00530121 0.00905259 -0.00322204
30.8486 -2.05314 -0.00548849 0.00904162 -0.00323063
31.2077 -2.1963 -0.00566738 0.00905057 -0.00293822
31.5669 -2.19776 -0.00577926 0.00905317 -0.00325456
31.2078 -2.05459 -0.00575002 0.00894958 -0.00317846
31.567 -2.05596 -0.00575159 0.00907397 -0.00345002
30.4895 -1.91011 -0.00544975 0.00891709 -0.00340006
30.8487 -1.91154 -0.00541412 0.00904453 -0.00338371
30.4895 -1.76862 -0.00546473 0.00877085 -0.00349184
30.8487 -1.76994 -0.00544111 0.00889141 -0.00352221
31.2078 -1.91289 -0.0057019 0.00892216 -0.00339726
31.567 -1.91417 -0.00576266 0.00906993 -0.00363523
31.2078 -1.77119 -0.0057147 0.0089018 -0.00355427
31.567 -1.77238 -0.00573628 0.00902456 -0.00379775
29.0531 -1.62163 -0.00481351 0.00754804 -0.00428666
29.4122 -1.6231 -0.00470605 0.00782463 -0.00391159
29.0532 -1.48064 -0.00420838 0.00756072 -0.00464247
29.4122 -1.48198 -0.0046539 0.0075611 -0.00395234
29.7713 -1.62451 -0.00476783 0.00834859 -0.00393832
30.1304 -1.62586 -0.00535128 0.00845941 -0.00362955
29.7713 -1.48326 -0.00472704 0.00804965 -0.00384329
30.1304 -1.48449 -0.00527869 0.00840142 -0.00377281
29.0532 -1.33964 -0.00380995 0.00739164 -0.00445119
29.4123 -1.34085 -0.00407328 0.0076623 -0.00383402
29.0532 -1.19862 -0.00414849 0.00690143 -0.00411628
29.4123 -1.19971 -0.00418365 0.00741804 -0.00395122
29.7713 -1.34201 -0.00472296 0.00809249 -0.0040985
30.1305 -1.34311 -0.005222 0.00820024 -0.00387326
29.7714 -1.20075 -0.00442179 0.00790601 -0.00407149
30.1305 -1.20173 -0.00509941 0.00796823 -0.00396061
30.4896 -1.62714 -0.00531139 0.00881387 -0.00366834
30.8487 -1.62835 -0.00538773 0.00876525 -0.00366791
30.4896 -1.48566 -0.00512838 0.00867645 -0.00384804
30.8488 -1.48676 -0.00520881 0.00878644 -0.0039964
31.2079 -1.6295 -0.00567097 0.00883454 -0.00382143
31.5671 -1.63058 -0.00567116 0.00892041 -0.00402157
31.2079 -1.4878 -0.00559846 0.00878609 -0.00401806
31.5672 -1.48879 -0.00560546 0.00884016 -0.0042186
30.4897 -1.34417 -0.00516487 0.00844023 -0.00401273
30.8489 -1.34516 -0.00517305 0.00863185 -0.00420478
30.4897 -1.20267 -0.00499216 0.00826329 -0.00405618
30.8489 -1.20357 -0.00514781 0.0082814 -0.00420337
31.208 -1.34611 -0.00552156 0.00862007 -0.00426061
31.5672 -1.347 -0.00553107 0.00875319 -0.0044932
31.2081 -1.20441 -0.00527398 0.00854992 -0.00462377
31.5673 -1.20521 -0.00540412 0.008635 -0.00475457
26.1797 -1.04845 -0.00030434 0.000532464 -0.00569256
26.5389 -1.04974 -0.000831819 0.0017191 -0.00546576
26.1797 -0.908662 -0.000337755 0.000486118 -0.00566425
26.5389 -0.909781 -0.000896082 0.00169139 -0.00553982
26.8982 -1.05099 -0.0015864 0.00268055 -0.00533167
27.2575 -1.05219 -0.0022116 0.00353739 -0.00497684
26.8982 -0.910863 -0.0013695 0.00274388 -0.00536629
27.2575 -0.911906 -0.00187701 0.00362312 -0.00528846
26.1797 -0.768872 -0.000316587 0.000495313 -0.0056848
26.539 -0.769816 -0.000979733 0.0015906 -0.00552454
26.1797 -0.629084 -0.000324504 0.000493534 -0.00569852
26.539 -0.629861 -0.00084838 0.00168204 -0.00561672
26.8982 -0.770733 -0.00150452 0.00260486 -0.00535168
27.2575 -0.771621 -0.00189879 0.00343507 -0.00514918
26.8983 -0.630615 -0.00135036 0.00261163 -0.00540503
27.2575 -0.631343 -0.00179281 0.00336232 -0.00518399
27.6168 -1.05336 -0.00250997 0.00447709 -0.00491987
27.976 -1.05449 -0.00267815 0.00529761 -0.00491453
27.6168 -0.912917 -0.0023865 0.00437257 -0.00493179
27.976 -0.913899 -0.00275343 0.00497483 -0.00479638
28.3352 -1.05558 -0.00293475 0.00590552 -0.00469087
28.6942 -1.05662 -0.00323286 0.00647987 -0.00455683
28.3352 -0.914845 -0.00303243 0.0056585 -0.00456495
28.6943 -0.915752 -0.00340734 0.00620612 -0.00447143
27.6168 -0.772479 -0.00229212 0.00422001 -0.00497537
27.976 -0.77331 -0.00263649 0.00482081 -0.0047177
27.6168 -0.632047 -0.00220138 0.00405934 -0.00494172
27.976 -0.632727 -0.00252676 0.00464913 -0.00462852
28.3352 -0.774109 -0.0029464 0.00543631 -0.00449704
28.6943 -0.774878 -0.00331843 0.00598064 -0.0041726
28.3352 -0.633381 -0.00281704 0.00527669 -0.00440625
28.6943 -0.63401 -0.00323308 0.00575247 -0.00396825
26.1797 -0.489295 -0.000294206 0.000501165 -0.00573299
26.539 -0.489904 -0.000762438 0.00165959 -0.00564524
26.1797 -0.349501 -0.00021145 0.000534352 -0.00576736
26.539 -0.349935 -0.000778248 0.00160752 -0.00568398
26.8983 -0.490492 -0.0012077 0.00262722 -0.00539445
27.2575 -0.491058 -0.00168211 0.0033244 -0.00523956
26.8983 -0.350352 -0.00132858 0.00250879 -0.00540324
27.2575 -0.350756 -0.0017331 0.00318328 -0.00522179
26.1797 -0.2097 -0.000303099 0.000496964 -0.00573648
26.539 -0.209959 -0.000828557 0.00154168 -0.00571521
26.1797 -0.0699007 -0.000220228 0.000513442 -0.00579762
26.539 -0.0699865 -0.000758272 0.00152229 -0.00571982
26.8983 -0.210211 -0.00121358 0.00244166 -0.00553454
27.2575 -0.210455 -0.00162822 0.00309844 -0.00531504
26.8983 -0.0700702 -0.00117206 0.00237104 -0.00562282
27.2575 -0.0701527 -0.00152866 0.00299754 -0.00542954
27.6168 -0.491606 -0.00210666 0.00393259 -0.00493755
27.976 -0.492138 -0.00240992 0.00456091 -0.00463345
27.6168 -0.351151 -0.00202463 0.00381507 -0.00497566
27.976 -0.351534 -0.00236163 0.00441587 -0.00457662
28.3352 -0.492651 -0.00262149 0.00523615 -0.00426108
28.6944 -0.493142 -0.00300054 0.0057937 -0.00393926
28.3352 -0.351901 -0.00264825 0.00501269 -0.00429765
28.6944 -0.352255 -0.0030656 0.0056567 -0.00370829
27.6168 -0.210693 -0.0019531 0.00370385 -0.00499069
27.976 -0.210924 -0.00228094 0.00432967 -0.00462227
27.6168 -0.0702323 -0.00185397 0.00362362 -0.00503886
27.976 -0.0703078 -0.00221683 0.00424126 -0.00459488
28.3352 -0.21115 -0.00240543 0.00499248 -0.00414898
28.6944 -0.211368 -0.00280348 0.00560896 -0.00388381
28.3352 -0.0703838 -0.00253842 0.00483464 -0.00411212
28.6944 -0.0704614 -0.00271625 0.00554181 -0.0037426
29.0533 -1.05762 -0.00370273 0.00687616 -0.00429864
29.4124 -1.05857 -0.00405696 0.00731661 -0.00398156
29.0533 -0.916621 -0.00374087 0.00657758 -0.00401667
29.4124 -0.917446 -0.0038335 0.00721604 -0.0039394
29.7715 -1.05949 -0.00433052 0.00785431 -0.00392167
30.1306 -1.06035 -0.00493223 0.00784325 -0.00391298
29.7715 -0.918234 -0.00403377 0.00757211 -0.00372219
30.1307 -0.918979 -0.00456283 0.00765132 -0.00396841
29.0533 -0.775611 -0.00374184 0.00624642 -0.00381738
29.4125 -0.776308 -0.0039093 0.00684675 -0.00360574
29.0534 -0.634607 -0.00376157 0.00612285 -0.00364821
29.4125 -0.635177 -0.00393904 0.00645375 -0.00329713
29.7716 -0.776973 -0.00402266 0.00726489 -0.00355608
30.1307 -0.777604 -0.00448581 0.0073876 -0.00389234
29.7717 -0.635724 -0.00377516 0.00711891 -0.00363146
30.1308 -0.63624 -0.00411457 0.00728726 -0.00395267
30.4898 -1.06118 -0.00474563 0.00819141 -0.00416517
30.8489 -1.06197 -0.00500626 0.00818972 -0.00444787
30.4898 -0.919689 -0.00480842 0.00780814 -0.00423167
30.849 -0.92037 -0.00499421 0.00776513 -0.00457365
31.2081 -1.06271 -0.00517793 0.00834592 -0.00479905
31.5673 -1.06342 -0.00533883 0.00844461 -0.00506534
31.2082 -0.92102 -0.00509463 0.00807094 -0.00505525
31.5674 -0.921632 -0.00522026 0.00827344 -0.00529926
30.4899 -0.77821 -0.00449634 0.0075447 -0.00430344
30.8491 -0.778788 -0.00463625 0.00768806 -0.00473245
30.4899 -0.63673 -0.00434835 0.0072493 -0.00423951
30.8491 -0.637198 -0.00447664 0.00739476 -0.00489962
31.2082 -0.779331 -0.00492727 0.00785702 -0.00513556
31.5674 -0.779843 -0.00515085 0.00800815 -0.00545611
31.2083 -0.63764 -0.00463271 0.00763746 -0.00521193
31.5675 -0.638055 -0.00491297 0.00780875 -0.00567191
29.0534 -0.493607 -0.00346736 0.00608035 -0.00365392
29.4125 -0.494048 -0.00385006 0.00629664 -0.00333908
29.0535 -0.352587 -0.00344776 0.00601784 -0.00353121
29.4125 -0.352902 -0.0041596 0.00621364 -0.00357661
29.7717 -0.494468 -0.00371463 0.00677872 -0.00356597
30.1309 -0.494862 -0.00396566 0.00698442 -0.00379501
29.7718 -0.353204 -0.00344745 0.00663471 -0.00360044
30.131 -0.353482 -0.00362051 0.00678441 -0.00375487
29.0535 -0.211565 -0.00308845 0.00602217 -0.00327313
29.4126 -0.211744 -0.0042762 0.00609179 -0.00390984
29.0536 -0.0705306 -0.00284993 0.00602481 -0.00349691
29.4127 -0.0705857 -0.00375631 0.00607072 -0.00358962
29.7719 -0.21192 -0.00349209 0.00626809 -0.00343815
30.131 -0.212094 -0.00340354 0.00644076 -0.00372585
29.7719 -0.0706376 -0.00343054 0.00604632 -0.00368007
30.1311 -0.0706976 -0.00346742 0.00613372 -0.00369295
30.49 -0.495239 -0.00425268 0.00686073 -0.00429222
30.8492 -0.495602 -0.00430248 0.00703239 -0.00479211
30.4901 -0.353748 -0.00401165 0.00662677 -0.00435454
30.8492 -0.354004 -0.00407041 0.00669418 -0.00481801
31.2083 -0.495943 -0.00448735 0.00729525 -0.00529055
31.5675 -0.496264 -0.00475253 0.00754382 -0.00571473
31.2084 -0.354245 -0.00429971 0.00694384 -0.00532322
31.5676 -0.354474 -0.00455231 0.00722985 -0.00569657
30.4901 -0.212256 -0.00375702 0.00630557 -0.00422477
30.8493 -0.212406 -0.00382362 0.00640324 -0.00476722
30.4902 -0.0707545 -0.00351753 0.00599596 -0.00421454
30.8494 -0.0708038 -0.00357944 0.00609701 -0.00470673
31.2085 -0.212549 -0.00406046 0.00666869 -0.00518227
31.5676 -0.212685 -0.00431982 0.00695687 -0.0056859
31.2085 -0.0708509 -0.00380821 0.00633752 -0.00512191
31.5677 -0.0708955 -0.00409174 0.00663379 -0.00560485
31.926 -2.19914 -0.00581553 0.00907587 -0.00352541
32.285 -2.20042 -0.0059208 0.00908382 -0.00396825
31.9261 -2.05725 -0.0058511 0.00913319 -0.00375099
32.2851 -2.05845 -0.00597836 0.00917928 -0.00417738
32.6441 -2.20162 -0.00601575 0.00906405 -0.00455194
33.0031 -2.20274 -0.00607773 0.00898515 -0.00525542
32.6441 -2.05957 -0.00606095 0.00914312 -0.00473885
33.0032 -2.06061 -0.00611652 0.00905498 -0.00546604
31.9261 -1.91537 -0.00587548 0.00917818 -0.00395098
32.2852 -1.91648 -0.00601858 0.00924939 -0.0043845
31.9262 -1.77348 -0.00587104 0.00918049 -0.00415911
32.2852 -1.77451 -0.00603634 0.00928424 -0.00461964
32.6442 -1.91752 -0.00609088 0.009199 -0.00494332
33.0032 -1.91849 -0.00613772 0.00910594 -0.00557755
32.6442 -1.77547 -0.00610232 0.00922701 -0.00516328
33.0033 -1.77636 -0.00614352 0.0091271 -0.00579038
33.3621 -2.20376 -0.00609288 0.00883244 -0.00597611
33.7211 -2.2047 -0.00603957 0.00868242 -0.00662272
33.3622 -2.06157 -0.00612237 0.00889772 -0.0060922
33.7212 -2.06244 -0.0061693 0.00873885 -0.00676908
34.0802 -2.20556 -0.00599108 0.00850153 -0.0072491
34.4392 -2.20632 -0.00599235 0.00830944 -0.00782458
34.0802 -2.06324 -0.00620241 0.00846164 -0.00735542
34.4392 -2.06395 -0.00600804 0.00836879 -0.00803157
33.3623 -1.91938 -0.00616428 0.00897352 -0.00626573
33.7213 -1.92019 -0.0060725 0.00885567 -0.00694373
33.3623 -1.77718 -0.00613892 0.00900448 -0.00641774
33.7214 -1.77793 -0.00602666 0.00890372 -0.00706782
34.0803 -1.92092 -0.00623806 0.00847464 -0.00765121
34.4393 -1.92158 -0.00610115 0.00834779 -0.00815777
34.0803 -1.77861 -0.00623451 0.00854977 -0.00770112
34.4393 -1.77922 -0.00606821 0.00842451 -0.00824896
31.9262 -1.6316 -0.00584959 0.00914098 -0.00440503
32.2853 -1.63254 -0.00602832 0.00927898 -0.00488298
31.9263 -1.48971 -0.00581132 0.009051 -0.00465242
32.2853 -1.49058 -0.00599368 0.00923203 -0.00516448
32.6443 -1.63342 -0.00609723 0.0092294 -0.0054181
33.0033 -1.63424 -0.00613497 0.0091289 -0.00601017
32.6444 -1.49138 -0.00607396 0.00920501 -0.00568846
33.0034 -1.49212 -0.00611264 0.00911053 -0.00624984
31.9263 -1.34783 -0.00576239 0.00891673 -0.00490635
32.2854 -1.34861 -0.00593165 0.00914733 -0.00543246
31.9264 -1.20595 -0.00565511 0.00880033 -0.00517931
32.2854 -1.20664 -0.00584194 0.00902196 -0.0056497
32.6444 -1.34933 -0.00603091 0.00915235 -0.00595623
33.0034 -1.35 -0.00607626 0.00907255 -0.00649345
32.6445 -1.20729 -0.00596406 0.00906637 -0.00618965
33.0035 -1.20788 -0.00602367 0.00901231 -0.00672554
33.3624 -1.63499 -0.0061474 0.00898248 -0.0066518
33.7214 -1.63568 -0.0059114 0.00894408 -0.00730477
33.3624 -1.4928 -0.00611194 0.00895612 -0.00684096
33.7215 -1.49343 -0.00605752 0.00880668 -0.00742433
34.0804 -1.63631 -0.00593016 0.00873323 -0.00782577
34.4394 -1.63686 -0.00588874 0.00850605 -0.00844267
34.0805 -1.494 -0.00599796 0.0086093 -0.00809257
34.4395 -1.4945 -0.00600349 0.00842522 -0.00857073
33.3625 -1.35062 -0.00606777 0.00891065 -0.00706007
33.7215 -1.35118 -0.00597106 0.0087389 -0.00764417
33.3625 -1.20843 -0.0060095 0.00884642 -0.00726255
33.7216 -1.20893 -0.00596569 0.00863453 -0.00783884
34.0805 -1.35169 -0.00600064 0.00854945 -0.00822726
34.4395 -1.35214 -0.00606824 0.00834757 -0.0088367
34.0806 -1.20938 -0.00580744 0.00856277 -0.00840969
34.4396 -1.20978 -0.005675 0.00847368 -0.0089197
34.7981 -2.207 -0.00593102 0.00807019 -0.0083948
35.1571 -2.20759 -0.00594502 0.00784471 -0.00878195
34.7982 -2.06458 -0.00593934 0.00813755 -0.00850061
35.1572 -2.06513 -0.00585991 0.00797814 -0.00913174
35.5161 -2.2081 -0.00610535 0.00738401 -0.00932442
35.8751 -2.20851 -0.00627738 0.00728659 -0.00976379
35.5161 -2.0656 -0.00613278 0.00739138 -0.0093281
35.8751 -2.06598 -0.00655591 0.00706181 -0.00979339
34.7983 -1.92217 -0.00602339 0.00812653 -0.00870224
35.1572 -1.92268 -0.00598396 0.00797526 -0.00909406
34.7983 -1.77976 -0.00600931 0.008177 -0.00883574
35.1573 -1.78023 -0.0058257 0.00812097 -0.00923919
35.5162 -1.92311 -0.00607519 0.00747766 -0.00934986
35.8751 -1.92347 -0.00655483 0.00727792 -0.00993875
35.5162 -1.78063 -0.00604252 0.00773496 -0.00953454
35.8752 -1.78096 -0.00653483 0.00731754 -0.00989379
36.2343 -2.20884 -0.00558029 0.00818997 -0.010177
36.5933 -2.20908 -0.00657818 0.00866237 -0.0106998
36.2343 -2.06629 -0.00605349 0.00803724 -0.0101124
36.5933 -2.06651 -0.00663574 0.00872447 -0.0106492
36.9523 -2.20924 -0.00788039 0.00947292 -0.0110358
37.3113 -2.2093 -0.0090794 0.0108713 -0.0113835
36.9523 -2.06665 -0.00818966 0.0094053 -0.0110497
37.3113 -2.06672 -0.0091513 0.0109237 -0.0114373
36.2343 -1.92375 -0.00610058 0.0080479 -0.0101358
36.5933 -1.92396 -0.00646032 0.00904507 -0.0107557
36.2343 -1.78121 -0.00634015 0.00805002 -0.0102369
36.5933 -1.7814 -0.00673044 0.00893251 -0.0106585
36.9523 -1.92409 -0.00791881 0.0097665 -0.0110318
37.3113 -1.92414 -0.00923876 0.0109472 -0.0114649
36.9523 -1.78152 -0.00804173 0.00981794 -0.0110206
37.3113 -1.78157 -0.00930073 0.0110218 -0.0114997
34.7984 -1.63736 -0.00584832 0.0082984 -0.00899259
35.1573 -1.63778 -0.00564266 0.00830463 -0.00936406
34.7984 -1.49494 -0.00602532 0.00815061 -0.00908529
35.1574 -1.49533 -0.00584121 0.00811245 -0.00944258
35.5162 -1.63814 -0.00586993 0.00798151 -0.00976934
35.8752 -1.63843 -0.00691225 0.00730706 -0.00971045
35.5163 -1.49565 -0.00560202 0.00815407 -0.00984668
35.8752 -1.4959 -0.00634433 0.00778143 -0.00985842
34.7985 -1.35254 -0.00609738 0.00810543 -0.00924614
35.1574 -1.35287 -0.00594974 0.00804827 -0.00955813
34.7986 -1.21013 -0.00581222 0.00820918 -0.00929533
35.1575 -1.21043 -0.0060206 0.0079647 -0.00958248
35.5164 -1.35316 -0.00584895 0.00805834 -0.00983863
35.8753 -1.35338 -0.00648563 0.0077935 -0.00999114
35.5164 -1.21069 -0.00599318 0.00803445 -0.00987261
35.8753 -1.21089 -0.00629258 0.00808373 -0.0101236
36.2343 -1.63866 -0.00657211 0.00799623 -0.0102784
36.5933 -1.63884 -0.00658756 0.00913717 -0.0106263
36.2343 -1.49611 -0.00665633 0.00822651 -0.0103389
36.5933 -1.49627 -0.00682146 0.00909722 -0.0106904
36.9523 -1.63895 -0.00804134 0.00993287 -0.0110179
37.3112 -1.63899 -0.00936415 0.0110721 -0.0113378
36.9522 -1.49638 -0.00792492 0.0100962 -0.0109785
37.3112 -1.49642 -0.00926161 0.0112522 -0.0114061
36.2343 -1.35357 -0.00688748 0.00818384 -0.0101799
36.5933 -1.35372 -0.00698097 0.00916252 -0.0106213
36.2343 -1.21106 -0.00697524 0.00826126 -0.0102229
36.5932 -1.21118 -0.00707116 0.00913639 -0.0105565
36.9522 -1.35382 -0.00783436 0.0102539 -0.0110117
37.3112 -1.35385 -0.00906787 0.0114441 -0.0114395
36.9521 -1.21126 -0.00809421 0.0100845 -0.0108539
37.3111 -1.21128 -0.00913984 0.0114557 -0.0112946
31.9264 -1.06408 -0.00551795 0.00866487 -0.00541059
32.2855 -1.06468 -0.00572848 0.00886261 -0.00582482
31.9265 -0.9222 -0.00540163 0.00847815 -0.00558656
32.2855 -0.922724 -0.00560244 0.00868583 -0.00597261
32.6445 -1.06525 -0.00587158 0.00894467 -0.00636168
33.0036 -1.06577 -0.00594828 0.00892059 -0.00691355
32.6446 -0.923213 -0.0057558 0.00878994 -0.00647551
33.0036 -0.923665 -0.00584737 0.00879311 -0.00704102
31.9265 -0.780322 -0.00526148 0.00830087 -0.00578214
32.2856 -0.780766 -0.00546768 0.00849722 -0.00609753
31.9266 -0.638444 -0.00513596 0.00807292 -0.00590608
32.2856 -0.638808 -0.0053277 0.0083014 -0.0062275
32.6446 -0.78118 -0.00562454 0.00861286 -0.00655907
33.0037 -0.781562 -0.00572295 0.00863187 -0.00711767
32.6447 -0.639146 -0.0054851 0.00842403 -0.00663124
33.0037 -0.639459 -0.005581 0.00844485 -0.00716986
33.3626 -1.06625 -0.00593842 0.00876489 -0.0074549
33.7216 -1.06669 -0.00588035 0.00853249 -0.00801535
33.3627 -0.924081 -0.00584667 0.00865479 -0.00761123
33.7217 -0.92446 -0.00578449 0.0084281 -0.00814286
34.0807 -1.06708 -0.0057394 0.00843437 -0.00853097
34.4396 -1.06743 -0.00576967 0.0082997 -0.00896777
34.0807 -0.924802 -0.00572392 0.00829209 -0.0086303
34.4397 -0.925109 -0.00563099 0.0083272 -0.00896281
33.3627 -0.781913 -0.00573138 0.00851179 -0.00770957
33.7217 -0.782234 -0.0056883 0.00831895 -0.0082103
33.3628 -0.639746 -0.00560142 0.00834865 -0.00774741
33.7218 -0.640009 -0.00558072 0.00819358 -0.008267
34.0808 -0.782523 -0.00568917 0.00813371 -0.00869706
34.4398 -0.782783 -0.00570622 0.00806342 -0.00885951
34.0808 -0.640248 -0.00529333 0.00813282 -0.00874822
34.4398 -0.640461 -0.00533693 0.00820199 -0.00907222
31.9267 -0.496566 -0.00499483 0.00782549 -0.00602352
32.2857 -0.496849 -0.00519163 0.00810295 -0.00633222
31.9267 -0.354689 -0.00482866 0.00758654 -0.00610329
32.2857 -0.354892 -0.00501435 0.00790316 -0.00643516
32.6447 -0.497113 -0.00535671 0.00820978 -0.00670066
33.0038 -0.497356 -0.00542974 0.00824408 -0.00721601
32.6448 -0.35508 -0.00518203 0.00802275 -0.0067922
33.0038 -0.355254 -0.00527241 0.00803428 -0.00727021
31.9268 -0.212814 -0.00462795 0.00731899 -0.00608309
32.2858 -0.212935 -0.00486627 0.00765655 -0.00647483
31.9268 -0.0709378 -0.00442214 0.00700898 -0.00606896
32.2859 -0.0709781 -0.00469648 0.00738375 -0.00650278
32.6449 -0.213048 -0.00502893 0.00780229 -0.0068714
33.0039 -0.213152 -0.00510859 0.00781483 -0.00734971
32.6449 -0.0710159 -0.00485718 0.00756578 -0.0069514
33.004 -0.0710508 -0.00493575 0.00758215 -0.00745352
33.3628 -0.49758 -0.00546289 0.00817306 -0.00777163
33.7219 -0.497784 -0.00546264 0.00805393 -0.00826253
33.3629 -0.355414 -0.00531574 0.00798444 -0.00780876
33.7219 -0.355559 -0.00533664 0.00790199 -0.00829369
34.0809 -0.497969 -0.00545196 0.00794615 -0.00864687
34.4399 -0.498136 -0.00534415 0.00808264 -0.00900308
34.0809 -0.355691 -0.00538214 0.00782022 -0.00866606
34.4399 -0.355811 -0.00542086 0.00781875 -0.00901136
33.3629 -0.213248 -0.00516349 0.00778823 -0.00787372
33.722 -0.213335 -0.00520108 0.00773575 -0.00836219
33.363 -0.0710828 -0.00500592 0.00758444 -0.00797263
33.722 -0.0711118 -0.00505603 0.00755585 -0.00845854
34.081 -0.213413 -0.00521593 0.00772658 -0.00877025
34.44 -0.213481 -0.00536873 0.00770495 -0.00907343
34.0811 -0.0711369 -0.00509157 0.00756821 -0.00887606
34.4401 -0.071156 -0.00542305 0.00758173 -0.00910783
34.7986 -1.06774 -0.00583271 0.00824068 -0.00944478
35.1576 -1.06801 -0.00572157 0.00820754 -0.0096919
34.7987 -0.925372 -0.00587427 0.00810491 -0.00937748
35.1577 -0.925597 -0.00607664 0.00789441 -0.00960104
35.5165 -1.06824 -0.00604905 0.00807773 -0.00990606
35.8754 -1.06841 -0.00631917 0.00816879 -0.0101185
35.5166 -0.925784 -0.00608469 0.00800897 -0.00990351
35.8755 -0.92593 -0.0063191 0.00821586 -0.0100296
34.7988 -0.783006 -0.00552756 0.00817603 -0.00933679
35.1577 -0.783187 -0.00590357 0.00792949 -0.00954192
34.7988 -0.640639 -0.005341 0.00821977 -0.00926902
35.1578 -0.640782 -0.00566708 0.00801958 -0.00949727
35.5167 -0.78334 -0.00603618 0.00807996 -0.00973327
35.8756 -0.783462 -0.00639296 0.00818296 -0.00990528
35.5167 -0.640902 -0.00585934 0.00817702 -0.00965819
35.8756 -0.641004 -0.00572561 0.00858556 -0.00977854
36.2343 -1.06855 -0.00697578 0.00828748 -0.0101893
36.5932 -1.06865 -0.00709695 0.00917819 -0.010563
36.2343 -0.926045 -0.00724908 0.00832849 -0.0101756
36.5932 -0.926131 -0.00746907 0.00902562 -0.0104489
36.9521 -1.06871 -0.0082743 0.00996791 -0.0107832
37.3111 -1.06873 -0.00919576 0.0114106 -0.0111754
36.9521 -0.926183 -0.00828135 0.0100089 -0.0107128
37.3111 -0.926198 -0.00899361 0.0115171 -0.0110351
36.2344 -0.783557 -0.00704399 0.00833982 -0.0099761
36.5932 -0.783622 -0.00725118 0.00941301 -0.0104327
36.2344 -0.641074 -0.00657346 0.0088712 -0.0102308
36.5933 -0.641113 -0.00713782 0.00942712 -0.0102902
36.9521 -0.783654 -0.00854679 0.00981754 -0.0104608
37.3111 -0.783659 -0.00909281 0.0113371 -0.0110083
36.9521 -0.641132 -0.00855388 0.00982792 -0.0104283
37.311 -0.641127 -0.00913429 0.0113649 -0.0107522
34.7989 -0.498278 -0.00512432 0.00824466 -0.00912395
35.1579 -0.498388 -0.00537562 0.0082087 -0.0093733
34.7989 -0.355913 -0.00528691 0.00806718 -0.0090876
35.1579 -0.355997 -0.00526424 0.00827986 -0.00923254
35.5168 -0.498478 -0.0057796 0.00821046 -0.00942013
35.8756 -0.498557 -0.00618411 0.00824408 -0.00956294
35.5168 -0.356067 -0.00553257 0.0083264 -0.00922698
35.8757 -0.356124 -0.00640768 0.00806593 -0.00915456
34.799 -0.213542 -0.00543146 0.00797458 -0.00913709
35.158 -0.213597 -0.00531088 0.0083046 -0.0089768
34.799 -0.0711748 -0.00575422 0.00768404 -0.00907885
35.158 -0.0711938 -0.00555792 0.0079924 -0.00889305
35.5169 -0.213643 -0.005395 0.00834386 -0.00901295
35.8757 -0.213681 -0.00613639 0.00811212 -0.00902187
35.5169 -0.0712123 -0.00569539 0.00813007 -0.00896359
35.8758 -0.0712265 -0.00625765 0.00811915 -0.00894384
36.2345 -0.498607 -0.00619268 0.0090492 -0.00994166
36.5933 -0.498629 -0.00697948 0.00961428 -0.0101206
36.2346 -0.356154 -0.00641871 0.00884025 -0.00984529
36.5934 -0.356158 -0.00704952 0.00949288 -0.00993075
36.9521 -0.498628 -0.00862938 0.00983025 -0.0102622
37.311 -0.498609 -0.00941471 0.0111684 -0.0106143
36.9522 -0.356143 -0.00833347 0.0100963 -0.0101273
37.311 -0.356114 -0.00952713 0.0111259 -0.0107472
36.2346 -0.213697 -0.00616124 0.00900083 -0.00956664
36.5935 -0.213696 -0.00700733 0.00950605 -0.00932175
36.2347 -0.0712323 -0.00624568 0.00894774 -0.00909684
36.5935 -0.0712343 -0.00712397 0.00936114 -0.00926951
36.9523 -0.213679 -0.00792793 0.0105664 -0.0100782
37.3111 -0.213649 -0.00937965 0.0112182 -0.0106849
36.9523 -0.0712297 -0.00756483 0.0107948 -0.00987803
37.3111 -0.0712144 -0.00865375 0.011713 -0.010224
