37.6726 2.35281 -0.008602 0.0129022 -0.0122818
38.0319 2.35281 -0.00994027 0.0133392 -0.0126861
37.6727 2.49549 -0.00880695 0.012789 -0.0123101
38.032 2.49548 -0.00967868 0.0133987 -0.0125445
38.3912 2.35271 -0.0105611 0.0137769 -0.0128142
38.7505 2.35251 -0.010882 0.014355 -0.0132345
38.3913 2.49537 -0.0104995 0.0138047 -0.0129341
38.7506 2.49516 -0.0108414 0.014305 -0.0133117
37.6729 2.63818 -0.00885652 0.0127994 -0.0123592
38.0322 2.63816 -0.009587 0.0135047 -0.0125232
37.6731 2.78087 -0.00893369 0.0128229 -0.0124497
38.0324 2.78084 -0.00959552 0.0135067 -0.0125793
38.3915 2.63803 -0.0103518 0.0139055 -0.0129933
38.7508 2.63781 -0.0107717 0.0142608 -0.0133412
38.3917 2.7807 -0.010257 0.0139346 -0.0129271
38.751 2.78045 -0.0106824 0.0142588 -0.0132998
39.1098 2.35223 -0.0111583 0.0145686 -0.0137239
39.4691 2.35185 -0.011537 0.014827 -0.0142807
39.1099 2.49485 -0.011072 0.0144743 -0.0137645
39.4692 2.49444 -0.011442 0.0147479 -0.0142591
39.8284 2.35138 -0.0120728 0.0153882 -0.0148118
40.1877 2.35081 -0.0127267 0.0160758 -0.01541
39.8286 2.49393 -0.0120015 0.0152683 -0.0147681
40.1879 2.49332 -0.0126176 0.0159984 -0.0152814
39.1101 2.63747 -0.011004 0.0144185 -0.0137663
39.4694 2.63703 -0.0113254 0.0147215 -0.014184
39.1103 2.78009 -0.0109288 0.0144195 -0.0136997
39.4696 2.77962 -0.0112463 0.0147023 -0.0140131
39.8287 2.63649 -0.0119311 0.0151894 -0.0146849
40.188 2.63584 -0.0124658 0.0159597 -0.0150949
39.8289 2.77904 -0.011836 0.0151635 -0.0145464
40.1882 2.77835 -0.0124999 0.0158428 -0.0148951
37.6732 2.92356 -0.00912864 0.0128194 -0.0125301
38.0325 2.92352 -0.00970057 0.0134628 -0.0125743
37.6734 3.06624 -0.00926423 0.0128964 -0.0126272
38.0327 3.06619 -0.00979653 0.0134795 -0.0125327
38.3918 2.92336 -0.0102366 0.0138935 -0.0128367
38.7511 2.92309 -0.0106545 0.0141822 -0.0132096
38.392 3.06602 -0.0101939 0.0139105 -0.0127214
38.7513 3.06573 -0.0105576 0.0142367 -0.0130393
37.6735 3.20892 -0.0092921 0.0130816 -0.0127376
38.0328 3.20886 -0.00991206 0.0135023 -0.0124618
37.6737 3.35159 -0.00931315 0.0131638 -0.0125117
38.033 3.35152 -0.0100485 0.0135152 -0.0123965
38.3921 3.20868 -0.010217 0.0139223 -0.0126183
38.7514 3.20837 -0.010527 0.0142329 -0.0128248
38.3923 3.35133 -0.0103166 0.0139549 -0.0124299
38.7516 3.351 -0.0105973 0.0141768 -0.0125473
39.1104 2.92271 -0.0109054 0.0143901 -0.0135895
39.4698 2.92221 -0.0112328 0.014645 -0.0138601
39.1106 3.06533 -0.0108962 0.014425 -0.0133656
39.4699 3.0648 -0.0114281 0.0144015 -0.0136046
39.8291 2.92159 -0.0117589 0.0151717 -0.0142112
40.1884 2.92086 -0.0124437 0.0158069 -0.0146294
39.8292 3.06415 -0.0119112 0.0149473 -0.0139783
40.1885 3.06337 -0.0124852 0.0157204 -0.0143846
39.1108 3.20794 -0.0105421 0.0145377 -0.0131585
39.4701 3.20738 -0.0110246 0.0146046 -0.0134831
39.1109 3.35055 -0.0107812 0.0144913 -0.0128218
39.4703 3.34996 -0.0111237 0.0145854 -0.0132353
39.8294 3.20669 -0.0118118 0.0149555 -0.0137451
40.1887 3.20588 -0.0123449 0.0157554 -0.0141353
39.8296 3.34924 -0.0118421 0.014941 -0.0134852
40.1889 3.34838 -0.0123895 0.0156706 -0.0138647
40.547 2.35015 -0.013619 0.0166029 -0.0159648
40.9063 2.3494 -0.0142422 0.0173111 -0.0166008
40.5472 2.49262 -0.0135601 0.0164992 -0.0158589
40.9065 2.49182 -0.0141282 0.0172853 -0.0164963
41.2656 2.34856 -0.0149082 0.0178809 -0.0171101
41.6249 2.34762 -0.0153623 0.0184279 -0.0179693
41.2658 2.49092 -0.0148845 0.0178617 -0.0170295
41.6251 2.48992 -0.0156375 0.0181023 -0.0178483
40.5473 2.63508 -0.0133492 0.0165651 -0.0157049
40.9067 2.63423 -0.0141125 0.0171941 -0.0161826
40.5475 2.77755 -0.0131804 0.0165423 -0.0154762
40.9068 2.77664 -0.0138914 0.0172631 -0.0160189
41.266 2.63327 -0.0146857 0.0179204 -0.0169059
41.6253 2.63221 -0.0151028 0.0183673 -0.0175806
41.2662 2.77562 -0.0145453 0.0179051 -0.0167317
41.6255 2.77449 -0.0149009 0.0185181 -0.0175038
41.9842 2.34659 -0.015972 0.0186413 -0.0187688
42.3436 2.34547 -0.016241 0.0189136 -0.0198481
41.9844 2.48882 -0.0160708 0.0182719 -0.0186188
42.3438 2.48762 -0.0160087 0.0189054 -0.0197265
42.7029 2.34425 -0.0166407 0.0191736 -0.0211352
43.0623 2.34294 -0.0172037 0.0194501 -0.0224429
42.7031 2.48632 -0.0162876 0.0191989 -0.020867
43.0625 2.48493 -0.0169545 0.0192534 -0.0220552
41.9846 2.63104 -0.0158659 0.0183332 -0.0184988
42.344 2.62977 -0.0160481 0.018629 -0.0194587
41.9848 2.77326 -0.0156271 0.0184755 -0.0182961
42.3442 2.77191 -0.0156686 0.0187803 -0.0192045
42.7033 2.62839 -0.0161384 0.0189766 -0.0205239
43.0627 2.62691 -0.0166423 0.019162 -0.0217338
42.7035 2.77045 -0.0159203 0.0188857 -0.020185
43.0629 2.76889 -0.0164396 0.0189436 -0.0213522
40.5477 2.92001 -0.0131858 0.0164426 -0.0152041
40.907 2.91905 -0.0138337 0.0171695 -0.0157772
40.5479 3.06248 -0.0131727 0.0162999 -0.0149054
40.9072 3.06146 -0.0138607 0.0170117 -0.0155206
41.2664 2.91797 -0.0145286 0.0177972 -0.01652
41.6257 2.91678 -0.014877 0.0184149 -0.0171929
41.2666 3.06032 -0.0145247 0.0176276 -0.0162306
41.6259 3.05906 -0.0149563 0.0181688 -0.0169486
40.548 3.20494 -0.0130602 0.0163419 -0.0145971
40.9074 3.20387 -0.0137704 0.0168987 -0.015277
40.5482 3.34739 -0.0129992 0.0162902 -0.0143271
40.9076 3.34627 -0.0136299 0.0169 -0.0149578
41.2667 3.20267 -0.0144377 0.0175365 -0.0159427
41.6261 3.20135 -0.0149702 0.0180111 -0.0167601
41.2669 3.34502 -0.0142843 0.0174888 -0.0157133
41.6263 3.34363 -0.0145582 0.0181688 -0.016601
41.985 2.91547 -0.015564 0.0183174 -0.0181069
42.3444 2.91405 -0.0156552 0.0185374 -0.0189262
41.9852 3.05768 -0.0153926 0.0182944 -0.017896
42.3446 3.05618 -0.0156195 0.0184006 -0.018635
42.7038 2.91251 -0.0156217 0.0188859 -0.0199332
43.0631 2.91086 -0.0160065 0.0189978 -0.0209501
42.704 3.05457 -0.0155652 0.0186756 -0.0196259
43.0633 3.05283 -0.0157947 0.0187682 -0.0205465
41.9854 3.1999 -0.0153792 0.0181844 -0.0174502
42.3448 3.19832 -0.0154814 0.0184334 -0.0184346
41.9856 3.34211 -0.0151944 0.0181844 -0.0173453
42.345 3.34046 -0.0153296 0.0183525 -0.0181566
42.7042 3.19663 -0.0153957 0.0185763 -0.0191969
43.0636 3.1948 -0.0156658 0.0185414 -0.0201845
42.7044 3.33868 -0.0152026 0.0185497 -0.0188937
43.0638 3.33677 -0.0153818 0.0184672 -0.0198342
37.6738 3.49425 -0.00918673 0.0133823 -0.0121926
38.0331 3.49419 -0.0101396 0.0135977 -0.0123391
37.674 3.63692 -0.00905685 0.013703 -0.0120877
38.0333 3.63685 -0.010044 0.0138491 -0.0121335
38.3925 3.49398 -0.0103316 0.0140388 -0.0122864
38.7518 3.49365 -0.0106876 0.0142102 -0.0123789
38.3927 3.63664 -0.0105033 0.0140302 -0.012134
38.752 3.63629 -0.0108956 0.0139677 -0.0122577
37.6742 3.77959 -0.00924384 0.0137616 -0.0118799
38.0335 3.77952 -0.00999508 0.0141081 -0.0119636
37.6743 3.92225 -0.00954523 0.0137398 -0.0116522
38.0337 3.92217 -0.0102785 0.0141244 -0.0116787
38.3928 3.7793 -0.00997862 0.0144861 -0.012004
38.7521 3.77892 -0.0105044 0.0144224 -0.012011
38.393 3.92194 -0.0108831 0.0140391 -0.0115269
38.7523 3.92153 -0.0107481 0.0143488 -0.0119111
39.1111 3.49317 -0.0111149 0.0141992 -0.0125437
39.4704 3.49255 -0.0113327 0.014357 -0.0128907
39.1113 3.63579 -0.010771 0.014377 -0.0123497
39.4706 3.63513 -0.0112112 0.0145649 -0.0127361
39.8297 3.49178 -0.011731 0.0150113 -0.01323
40.1891 3.49088 -0.0123185 0.0156637 -0.0135949
39.8299 3.63433 -0.0117762 0.0149578 -0.0129516
40.1892 3.63339 -0.0122664 0.0156606 -0.0133667
39.1114 3.77838 -0.0107757 0.0145418 -0.0122373
39.4707 3.7777 -0.0111447 0.0145698 -0.0124051
39.1116 3.92098 -0.0109505 0.0143408 -0.0120025
39.4709 3.92026 -0.0110727 0.0146669 -0.0122529
39.8301 3.77687 -0.0117828 0.0148764 -0.0127477
40.1894 3.77589 -0.0121827 0.0157115 -0.0131317
39.8302 3.9194 -0.01165 0.015059 -0.012476
40.1896 3.91838 -0.0122436 0.0156474 -0.0128233
37.6745 4.06491 -0.00963841 0.0138056 -0.0114904
38.0339 4.06482 -0.00966832 0.0144489 -0.0115988
37.6746 4.20757 -0.00962896 0.0139667 -0.0110894
38.034 4.20747 -0.00982686 0.0145728 -0.0111058
38.3931 4.06456 -0.0108892 0.0142003 -0.0113351
38.7524 4.06414 -0.0107878 0.0144572 -0.0115776
38.3933 4.20719 -0.0104582 0.0145465 -0.0113336
38.7526 4.20675 -0.0105236 0.0147185 -0.0112009
37.6748 4.35022 -0.00948198 0.0142266 -0.0108664
38.0341 4.35011 -0.0100597 0.0145867 -0.0106557
37.6749 4.49286 -0.00960816 0.0141475 -0.0102272
38.0343 4.49275 -0.00986156 0.0146815 -0.0104176
38.3934 4.34982 -0.0108115 0.0143947 -0.0109316
38.7527 4.34937 -0.0108285 0.0145414 -0.0109364
38.3936 4.49245 -0.0106353 0.0146514 -0.0105636
38.7529 4.49198 -0.0110037 0.0144688 -0.0106729
39.1117 4.06357 -0.0109231 0.0143963 -0.011724
39.471 4.06283 -0.0112406 0.0144949 -0.0121214
39.1119 4.20615 -0.0106757 0.0145715 -0.0114917
39.4712 4.20539 -0.0110178 0.0146742 -0.0117591
39.8304 4.06193 -0.0117751 0.0149519 -0.0122762
40.1898 4.06087 -0.0122395 0.0156505 -0.0125576
39.8306 4.20446 -0.0116689 0.0150985 -0.012105
40.1899 4.20336 -0.0123404 0.0155499 -0.0123186
39.1121 4.34874 -0.0106442 0.0145784 -0.0112261
39.4714 4.34795 -0.0109973 0.0147519 -0.0114329
39.1122 4.49133 -0.0107559 0.014443 -0.0108624
39.4716 4.49051 -0.01097 0.0147432 -0.0111389
39.8308 4.34698 -0.0114553 0.0152782 -0.011847
40.1901 4.34585 -0.0122486 0.0156222 -0.012073
39.8309 4.48951 -0.0112725 0.0155287 -0.0114562
40.1903 4.48833 -0.0122041 0.0155826 -0.0117848
40.5484 3.48985 -0.012947 0.0162568 -0.0140682
40.9077 3.48867 -0.0134745 0.0168446 -0.0146329
40.5486 3.6323 -0.0128816 0.0162242 -0.0138106
40.9079 3.63107 -0.0133354 0.016904 -0.0143327
41.2671 3.48736 -0.0142146 0.0173303 -0.015488
41.6265 3.48591 -0.0145037 0.0180394 -0.016283
41.2673 3.6297 -0.0139419 0.0173491 -0.015194
41.6266 3.62818 -0.0144437 0.0178624 -0.0159075
40.5487 3.77476 -0.0128938 0.0161732 -0.0134739
40.9081 3.77347 -0.0134928 0.0166545 -0.0140148
40.5489 3.91721 -0.0129186 0.016059 -0.0133022
40.9082 3.91587 -0.0133327 0.0166892 -0.013757
41.2674 3.77204 -0.0138085 0.0171797 -0.0147301
41.6268 3.77046 -0.0143529 0.0177192 -0.0155879
41.2676 3.91438 -0.013644 0.0172311 -0.0143887
41.627 3.91275 -0.0142087 0.0176352 -0.0151829
41.9858 3.48432 -0.0151039 0.0181127 -0.0171542
42.3452 3.4826 -0.0152848 0.0182669 -0.0178346
41.986 3.62653 -0.0149859 0.018122 -0.0168386
42.3454 3.62473 -0.0150905 0.0183142 -0.0175227
42.7046 3.48074 -0.0152451 0.0183176 -0.0185713
43.064 3.47874 -0.0152559 0.0182921 -0.0194631
42.7048 3.62279 -0.015093 0.0183364 -0.0182735
43.0642 3.62071 -0.0151595 0.0181313 -0.0190582
41.9862 3.76874 -0.0149067 0.0180386 -0.0164339
42.3456 3.76687 -0.0151352 0.0182152 -0.0171592
41.9864 3.91095 -0.0147424 0.0180555 -0.0160547
42.3458 3.90901 -0.0150895 0.0181494 -0.0167723
42.705 3.76485 -0.0150123 0.018263 -0.0178795
43.0644 3.76268 -0.0150149 0.0180497 -0.0187207
42.7052 3.90691 -0.014929 0.0182417 -0.0175385
43.0646 3.90465 -0.0148989 0.0179753 -0.0183698
40.5491 4.05966 -0.013036 0.0159509 -0.0129645
40.9084 4.05827 -0.0136395 0.0164085 -0.0134341
40.5493 4.2021 -0.0128585 0.0159791 -0.0127791
40.9086 4.20066 -0.0131448 0.0166579 -0.0133873
41.2678 4.05673 -0.0138986 0.0168499 -0.0142358
41.6272 4.05503 -0.0143737 0.0172932 -0.014853
41.268 4.19907 -0.0137353 0.0168419 -0.0138824
41.6274 4.1973 -0.0142031 0.0172962 -0.0145092
40.5494 4.34454 -0.0129598 0.015886 -0.0124543
40.9088 4.34305 -0.0129724 0.01671 -0.0130628
40.5496 4.48698 -0.0129943 0.0158703 -0.0121252
40.909 4.48545 -0.0131095 0.0165566 -0.0126933
41.2681 4.3414 -0.0136906 0.0168464 -0.0135489
41.6276 4.33958 -0.0142554 0.0171659 -0.0141489
41.2683 4.48374 -0.0137285 0.0167927 -0.0132648
41.6277 4.48185 -0.0142344 0.0171723 -0.0138223
41.9866 4.05317 -0.0147295 0.0178896 -0.0156391
42.346 4.05114 -0.0149705 0.018156 -0.0164428
41.9868 4.19537 -0.0146929 0.0178287 -0.0152525
42.3462 4.19328 -0.0150734 0.0179727 -0.0160142
42.7054 4.04896 -0.0149445 0.0181151 -0.0171676
43.0648 4.04662 -0.0148265 0.0178956 -0.0179964
42.7056 4.19102 -0.0149775 0.0179914 -0.0168746
43.065 4.18859 -0.0147766 0.0178202 -0.0176467
41.987 4.33758 -0.0144276 0.0178934 -0.0149124
42.3464 4.33541 -0.0147495 0.0181375 -0.0156998
41.9872 4.47978 -0.0144938 0.0177438 -0.0145385
42.3466 4.47754 -0.0147476 0.0179909 -0.0153635
42.7058 4.33307 -0.0148948 0.0179687 -0.016507
43.0653 4.33056 -0.014787 0.0177398 -0.017328
42.7061 4.47513 -0.0147901 0.0180045 -0.0162113
43.0655 4.47254 -0.0148343 0.0176832 -0.0169855
43.4217 2.34154 -0.017639 0.0197432 -0.0236528
43.7813 2.34005 -0.018119 0.0201027 -0.0246955
43.4219 2.48344 -0.0173971 0.0195465 -0.0232426
43.7815 2.48185 -0.0178557 0.0198675 -0.0242448
44.1409 2.33846 -0.0185655 0.0204878 -0.0254998
44.5005 2.33679 -0.0187007 0.0204732 -0.0260044
44.1411 2.48017 -0.0182657 0.0202142 -0.0250231
44.5007 2.47839 -0.0184227 0.0202322 -0.0254836
43.4221 2.62533 -0.0171327 0.0193604 -0.0228308
43.7817 2.62365 -0.0175773 0.019621 -0.0237974
43.4224 2.76722 -0.0169521 0.0190891 -0.022448
43.7819 2.76545 -0.0172839 0.0193914 -0.0233361
44.1413 2.62187 -0.0179676 0.0199326 -0.0245023
44.5009 2.61999 -0.0181477 0.0199335 -0.0248958
44.1415 2.76357 -0.0176738 0.0196587 -0.0239913
44.5011 2.76159 -0.0178653 0.0196352 -0.0242904
44.8601 2.33502 -0.0181997 0.0198104 -0.0261909
45.2197 2.33316 -0.0170889 0.0186762 -0.0260137
44.8603 2.47651 -0.0180204 0.0197123 -0.0256401
45.2199 2.47454 -0.0171923 0.0186133 -0.0254263
45.5794 2.33121 -0.0160695 0.0171199 -0.0258982
45.9391 2.32917 -0.0156619 0.0141924 -0.0257396
45.5796 2.47248 -0.0162123 0.0170734 -0.0252523
45.9393 2.47032 -0.0152655 0.0152293 -0.0251871
44.8605 2.61801 -0.0178457 0.0195188 -0.0249821
45.2202 2.61592 -0.0171638 0.0186253 -0.0247571
44.8607 2.7595 -0.0176111 0.0192594 -0.0242359
45.2204 2.75729 -0.0170449 0.0185636 -0.0240182
45.5798 2.61374 -0.0160309 0.0173966 -0.0244939
45.9395 2.61145 -0.0151797 0.0158102 -0.0246441
45.5801 2.75498 -0.0159965 0.0175624 -0.0237396
45.9397 2.75257 -0.0151046 0.0161011 -0.0239573
43.4226 2.9091 -0.0167023 0.0188779 -0.0220505
43.7821 2.90724 -0.0170513 0.0191149 -0.0228997
43.4228 3.05098 -0.0163572 0.0187558 -0.0216507
43.7824 3.04903 -0.0168911 0.0187788 -0.0224735
44.1417 2.90527 -0.0173909 0.0193719 -0.0234791
44.5013 2.90318 -0.0175818 0.0193347 -0.0237048
44.142 3.04695 -0.0171264 0.0190957 -0.0230258
44.5016 3.04476 -0.0173289 0.0190108 -0.0231633
43.423 3.19286 -0.0159709 0.0186706 -0.0212373
43.7826 3.19082 -0.0166182 0.0185922 -0.0221875
43.4232 3.33475 -0.0156702 0.0185325 -0.0208155
43.7828 3.3326 -0.0162228 0.0185154 -0.0217355
44.1422 3.18864 -0.0169762 0.0186941 -0.0226135
44.5018 3.18634 -0.0170381 0.018667 -0.0227002
44.1424 3.33032 -0.0167036 0.0184395 -0.0222289
44.502 3.32791 -0.0166978 0.0183858 -0.0223146
44.861 2.90097 -0.0173739 0.0189492 -0.0235244
45.2206 2.89865 -0.0168381 0.0183571 -0.0231739
44.8612 3.04244 -0.0171298 0.0185946 -0.0228641
45.2208 3.04 -0.0165601 0.0180906 -0.0223787
45.5803 2.89622 -0.0160349 0.0174501 -0.0229357
45.9399 2.89367 -0.0150335 0.0162407 -0.0230997
45.5804 3.03744 -0.0159186 0.0172428 -0.0221094
45.9401 3.03476 -0.0150224 0.016229 -0.0222994
44.8614 3.1839 -0.0168109 0.0182803 -0.0223065
45.221 3.18134 -0.0162544 0.0177181 -0.0216739
44.8616 3.32536 -0.0164223 0.0179453 -0.0218091
45.2212 3.32269 -0.0158535 0.0173119 -0.0211462
45.5806 3.17866 -0.0156718 0.0169861 -0.0214317
45.9403 3.17585 -0.0149319 0.0161041 -0.0216217
45.5808 3.31988 -0.0153036 0.0166637 -0.0209434
45.9404 3.31694 -0.0147464 0.0159211 -0.0211451
46.2988 2.32703 -0.014598 0.0113706 -0.0250103
46.6586 2.32479 -0.0120545 0.0103154 -0.0243394
46.299 2.46805 -0.0150408 0.0122483 -0.0252642
46.6588 2.46567 -0.0126125 0.0102722 -0.0241822
47.0186 2.32245 -0.00975207 0.0092144 -0.0239304
47.3787 2.32002 -0.00803079 0.00822495 -0.0241706
47.0187 2.46319 -0.0106606 0.00895121 -0.0239102
47.3788 2.46061 -0.00850908 0.00818229 -0.0242068
46.2992 2.60905 -0.0152001 0.0126741 -0.0248022
46.6589 2.60653 -0.0133076 0.0103198 -0.0243402
46.2993 2.75003 -0.0141997 0.0142876 -0.0241359
46.659 2.74738 -0.0138592 0.0112425 -0.0241549
47.0188 2.6039 -0.0104544 0.00994615 -0.0242928
47.3788 2.60117 -0.00850162 0.00859815 -0.02417
47.0189 2.74461 -0.0117231 0.00952783 -0.0239127
47.3789 2.74172 -0.00911141 0.00842137 -0.0241391
47.7389 2.31751 -0.00669724 0.00621578 -0.0242656
48.0992 2.3149 -0.00464516 0.00477348 -0.0242969
47.7389 2.45793 -0.00680603 0.00665006 -0.0244493
48.0992 2.45515 -0.00446679 0.00501513 -0.024531
48.4595 2.3122 -0.00278299 0.0030779 -0.0242192
48.8198 2.3094 -0.000625354 0.00124562 -0.024295
48.4595 2.45228 -0.00241771 0.00325658 -0.0245072
48.8198 2.44932 -0.000610382 0.00114178 -0.0244968
47.739 2.59834 -0.00700771 0.00687778 -0.0245697
48.0992 2.5954 -0.00470094 0.00492696 -0.0245437
47.739 2.73873 -0.00714899 0.00697276 -0.0245097
48.0993 2.73563 -0.00471191 0.0051015 -0.0246929
48.4595 2.59236 -0.00237364 0.00308661 -0.0246312
48.8199 2.58922 -0.00013059 0.00158209 -0.0246791
48.4596 2.73243 -0.00223432 0.00339902 -0.0247547
48.8199 2.72912 -0.000355836 0.00140236 -0.0247367
46.2995 2.891 -0.0142691 0.014713 -0.023553
46.6592 2.88822 -0.0140298 0.0120232 -0.0241351
46.2997 3.03196 -0.0140983 0.015053 -0.0227908
46.6594 3.02906 -0.0141546 0.0123173 -0.0235147
47.019 2.88531 -0.0122233 0.00996193 -0.0239328
47.379 2.88228 -0.00960465 0.00849159 -0.0241318
47.0191 3.02601 -0.0130192 0.0097331 -0.0238951
47.3791 3.02284 -0.0108972 0.0083848 -0.0244198
46.2999 3.17292 -0.0141157 0.0150625 -0.0222358
46.6595 3.16986 -0.0131407 0.0137666 -0.0230695
46.3001 3.31387 -0.0140087 0.0150586 -0.0217563
46.6597 3.31067 -0.0132568 0.0139594 -0.0226346
47.0192 3.16668 -0.0122923 0.011706 -0.0240818
47.3791 3.16336 -0.0103349 0.00973491 -0.0244618
47.0194 3.30735 -0.0129987 0.0113986 -0.0237427
47.3792 3.30388 -0.0116522 0.0085169 -0.0242905
47.7391 2.87913 -0.00664237 0.00753649 -0.0246961
48.0993 2.87587 -0.00469794 0.00527556 -0.0247439
47.7392 3.01953 -0.00743205 0.00706533 -0.0245694
48.0993 3.0161 -0.00460703 0.00550783 -0.0248495
48.4596 2.8725 -0.00242177 0.00319578 -0.0248936
48.8199 2.869 -8.60196e-05 0.00167928 -0.0248696
48.4596 3.01256 -0.00246013 0.00330139 -0.0250359
48.8198 3.00889 -0.000252577 0.00161659 -0.0250562
47.7392 3.15991 -0.00789813 0.0075053 -0.0243728
48.0993 3.15632 -0.00510646 0.00522421 -0.0249371
47.7392 3.30027 -0.00835248 0.00726985 -0.0249569
48.0993 3.29652 -0.00498218 0.00603751 -0.025208
48.4596 3.15261 -0.00246798 0.00348072 -0.0251879
48.8198 3.14877 -0.000283187 0.0017326 -0.0253168
48.4596 3.29265 -0.00255088 0.00394183 -0.0254643
48.8198 3.28865 -0.000173298 0.00202307 -0.0256462
43.4235 3.47662 -0.0154266 0.0183272 -0.0204323
43.783 3.47438 -0.015762 0.0185144 -0.0213326
43.4237 3.6185 -0.0152508 0.0181134 -0.0200148
43.7833 3.61616 -0.0155205 0.0183029 -0.0209065
44.1426 3.472 -0.0162684 0.0183612 -0.0219066
44.5022 3.46947 -0.0162902 0.0181334 -0.0219965
44.1428 3.61367 -0.0159653 0.0181684 -0.0215751
44.5024 3.61103 -0.0159076 0.0179098 -0.0216829
43.4239 3.76038 -0.0150049 0.0180344 -0.0196186
43.7835 3.75793 -0.0152579 0.0181662 -0.0204913
43.4241 3.90225 -0.0148914 0.0178815 -0.0192285
43.7837 3.89971 -0.0151029 0.017972 -0.0200581
44.143 3.75534 -0.0156113 0.0180653 -0.0211939
44.5026 3.7526 -0.0156079 0.0177515 -0.0214349
44.1432 3.89701 -0.015374 0.017894 -0.020842
44.5028 3.89416 -0.0153513 0.0176052 -0.0212962
44.8618 3.46681 -0.0160091 0.0175781 -0.0214201
45.2214 3.46402 -0.0153945 0.0168657 -0.020845
44.862 3.60826 -0.0155544 0.0172992 -0.0212164
45.2216 3.60534 -0.0149249 0.0164607 -0.0207587
45.581 3.46108 -0.0148165 0.0163259 -0.0206701
45.9406 3.45801 -0.0144662 0.0157649 -0.0208895
45.5812 3.60228 -0.0143731 0.0159711 -0.0206114
45.9408 3.59908 -0.0141587 0.0155813 -0.0207913
44.8622 3.7497 -0.0152072 0.017049 -0.0212192
45.2218 3.74666 -0.0145592 0.0161695 -0.020885
44.8624 3.89115 -0.0149388 0.0169165 -0.0213888
45.222 3.88799 -0.0142651 0.0160749 -0.0212037
45.5814 3.74347 -0.0140729 0.0156082 -0.0207322
45.941 3.74014 -0.0139768 0.0153067 -0.0208517
45.5815 3.88467 -0.0137586 0.0154923 -0.0210233
45.9411 3.8812 -0.0138394 0.0151004 -0.0210254
43.4243 4.04413 -0.0147678 0.0178273 -0.0188708
43.7839 4.04149 -0.0150211 0.0178342 -0.0196879
43.4245 4.18601 -0.0147685 0.0177129 -0.0184964
43.7841 4.18327 -0.0150948 0.0176106 -0.0193765
44.1434 4.03868 -0.0152231 0.0177283 -0.0205304
44.503 4.03572 -0.015194 0.0174503 -0.0212847
44.1436 4.18036 -0.0152463 0.0174818 -0.0203161
44.5032 4.17728 -0.0150133 0.0173647 -0.0213016
43.4248 4.32789 -0.0146562 0.0177579 -0.018145
43.7843 4.32505 -0.0149835 0.0176402 -0.0190792
43.425 4.46977 -0.0146481 0.0177639 -0.0177843
43.7845 4.46683 -0.0148047 0.0177711 -0.0187915
44.1438 4.32203 -0.015186 0.0173505 -0.020169
44.5034 4.31884 -0.014974 0.0172412 -0.0213203
44.144 4.4637 -0.014985 0.017485 -0.0199898
44.5036 4.4604 -0.0147559 0.0172753 -0.0213413
44.8626 4.03259 -0.0147969 0.0167493 -0.0216542
45.2221 4.02931 -0.0140628 0.0160858 -0.0216671
44.8628 4.17404 -0.014609 0.0167349 -0.0219738
45.2223 4.17063 -0.013996 0.0160699 -0.0221095
45.5817 4.02586 -0.0134932 0.0155591 -0.021423
45.9413 4.02226 -0.0136551 0.0151054 -0.0212951
45.5819 4.16706 -0.0134408 0.0156207 -0.0219135
45.9415 4.16333 -0.0135977 0.0151435 -0.0216543
44.863 4.31548 -0.0144845 0.0166637 -0.0222314
45.2225 4.31196 -0.013985 0.0160458 -0.0224941
44.8632 4.45693 -0.0142653 0.016749 -0.0224129
45.2227 4.45328 -0.0138431 0.0161692 -0.0227383
45.5821 4.30826 -0.0134885 0.0156622 -0.022362
45.9417 4.30439 -0.0135932 0.0152599 -0.0220596
45.5823 4.44946 -0.0135156 0.0157034 -0.0226876
45.9418 4.44545 -0.0136444 0.0153549 -0.022504
46.3002 3.45481 -0.0139509 0.0150049 -0.0214654
46.6599 3.45147 -0.0132672 0.0140765 -0.0222834
46.3004 3.59574 -0.0137373 0.0150494 -0.0212916
46.6601 3.59227 -0.0132403 0.0141692 -0.0221333
47.0196 3.44801 -0.0123686 0.0124103 -0.0234137
47.3794 3.4444 -0.0115219 0.00966829 -0.0243012
47.0198 3.58867 -0.0121188 0.0128932 -0.0232037
47.3796 3.58493 -0.0116301 0.00999281 -0.024342
46.3006 3.73667 -0.0135086 0.0150976 -0.0212533
46.6603 3.73306 -0.0130271 0.0144017 -0.0219881
46.3008 3.87759 -0.0135848 0.0148973 -0.0213066
46.6605 3.87383 -0.0130604 0.0143697 -0.0219109
47.02 3.72931 -0.0120777 0.0130847 -0.0229466
47.3797 3.72541 -0.0107907 0.011181 -0.0241356
47.0202 3.86992 -0.0120315 0.0133393 -0.0227665
47.3799 3.86587 -0.0107535 0.0117047 -0.0240353
47.7393 3.44064 -0.00904065 0.00753043 -0.0247212
48.0994 3.43673 -0.00541619 0.00596967 -0.0251018
47.7394 3.58102 -0.0100298 0.00692077 -0.0245254
48.0994 3.57694 -0.00622533 0.00590626 -0.0250177
48.4596 3.43269 -0.00278538 0.00418622 -0.0257975
48.8198 3.42853 -0.000388745 0.00200929 -0.0258255
48.4596 3.57274 -0.00313984 0.00437313 -0.0259586
48.8199 3.5684 -0.00109613 0.00154755 -0.0264689
47.7395 3.72135 -0.0107014 0.00744143 -0.0254288
48.0995 3.71714 -0.00831572 0.004581 -0.0257326
47.7397 3.86165 -0.00947747 0.00946089 -0.0255276
48.0996 3.85728 -0.00861394 0.00586975 -0.0268989
48.4597 3.71276 -0.00465592 0.00340757 -0.0264832
48.8199 3.70824 -0.00131271 0.00106438 -0.0270508
48.4597 3.85275 -0.00597144 0.00281694 -0.0268578
48.8199 3.84805 -0.00164689 0.00119232 -0.0275833
46.301 4.01851 -0.0134993 0.0149522 -0.0214237
46.6606 4.01461 -0.0130758 0.0144621 -0.0218416
46.3011 4.15943 -0.0134792 0.0150514 -0.0216344
46.6608 4.15538 -0.013143 0.0146029 -0.0218362
47.0204 4.01054 -0.0121528 0.0135272 -0.022616
47.3801 4.00633 -0.0109587 0.0119544 -0.0238047
47.0205 4.15117 -0.0123671 0.0137599 -0.0224548
47.3802 4.14679 -0.0110457 0.0125266 -0.0236204
46.3013 4.30035 -0.0135258 0.0151831 -0.0219531
46.661 4.29615 -0.0132812 0.0147687 -0.0219498
46.3015 4.44128 -0.0135818 0.0153411 -0.0223314
46.6611 4.43693 -0.0134031 0.0149932 -0.0222173
47.0207 4.29178 -0.0126112 0.0140492 -0.0223489
47.3804 4.28724 -0.011424 0.01293 -0.0234727
47.0208 4.4324 -0.012845 0.0143478 -0.0224068
47.3805 4.4277 -0.0117805 0.0133277 -0.0233431
47.7398 4.00195 -0.00983348 0.00978741 -0.0252415
48.0997 3.99741 -0.00800032 0.00742822 -0.0267108
47.74 4.14224 -0.00959806 0.0108077 -0.0250884
48.0998 4.13754 -0.00807088 0.00837007 -0.0263567
48.4597 3.9927 -0.00484266 0.00500188 -0.0272318
48.8199 3.98783 -0.00107317 0.00242164 -0.0276375
48.4598 4.13265 -0.00491856 0.0056282 -0.0271021
48.8199 4.1276 -0.0010733 0.00287756 -0.0274873
47.7401 4.28253 -0.00991544 0.011379 -0.0249891
48.0999 4.27765 -0.00805332 0.00917154 -0.0260824
47.7402 4.42283 -0.0104528 0.0116442 -0.0248203
48.1 4.41777 -0.00848027 0.00950474 -0.0259917
48.4598 4.2726 -0.00549219 0.0062046 -0.027016
48.8199 4.26736 -0.00113638 0.00307791 -0.0272418
48.4599 4.41254 -0.00575722 0.00678202 -0.0269749
48.8199 4.40712 -0.00111981 0.00340112 -0.027077
