26.1796 6.77969 0.000889652 0.000192158 -0.00738121
26.5388 6.78807 0.00103945 -0.000130227 -0.00744362
26.1796 6.91947 0.000854258 0.000121553 -0.00735973
26.5388 6.92802 0.00108285 -0.00013489 -0.00737252
26.898 6.79619 0.00109832 -0.000205775 -0.00744925
27.2573 6.80404 0.00106291 -6.77104e-05 -0.00738664
26.898 6.93629 0.00109079 -0.000171881 -0.00728962
27.2573 6.9443 0.00101691 -5.76083e-05 -0.00711945
26.1796 7.05924 0.00102322 0.000204909 -0.00731538
26.5388 7.06796 0.00108796 -0.000125076 -0.0072029
26.1796 7.19903 0.000946435 0.000162257 -0.00711244
26.5388 7.20791 0.00106001 -0.000120827 -0.00694245
26.898 7.0764 0.00105755 -0.000161487 -0.0069866
27.2573 7.08456 0.000949956 -1.2721e-05 -0.00679755
26.8981 7.21651 0.00102469 -0.000106843 -0.00665599
27.2573 7.22483 0.000901495 6.11468e-05 -0.00637173
27.6165 6.81163 0.000895104 0.000220303 -0.00729672
27.9758 6.81895 0.00069905 0.000548092 -0.00718762
27.6166 6.95204 0.000840151 0.000255714 -0.00698499
27.9758 6.9595 0.000619757 0.00064698 -0.00686835
28.3351 6.826 0.000518212 0.000824344 -0.00701263
28.6944 6.83278 0.000282702 0.00117164 -0.00674854
28.3351 6.96669 0.000400105 0.00099031 -0.00667909
28.6945 6.97361 0.000130867 0.00140465 -0.00641975
27.6166 7.09245 0.0007771 0.000307537 -0.00659391
27.9759 7.10006 0.000532942 0.000743995 -0.006475
27.6166 7.23286 0.000704285 0.000370314 -0.00615268
27.9759 7.24061 0.00044167 0.000820788 -0.00600268
28.3352 7.10739 0.000279151 0.00114468 -0.00627951
28.6945 7.11444 -3.48384e-05 0.0016182 -0.00603835
28.3352 7.24808 0.000160065 0.00128065 -0.00583561
28.6945 7.25526 -0.000183082 0.00181552 -0.00564511
26.1796 7.33881 0.00090453 0.000151823 -0.00679437
26.5388 7.34786 0.00100196 -0.000129216 -0.00658293
26.1796 7.47859 0.000879603 0.000150884 -0.00640436
26.5388 7.48781 0.000965775 -9.49983e-05 -0.00615805
26.8981 7.35662 0.000942806 -5.77549e-05 -0.00626702
27.2573 7.36509 0.000819941 0.000144325 -0.00595218
26.8981 7.49673 0.000863787 3.36276e-05 -0.0058378
27.2573 7.50535 0.000716335 0.000235753 -0.00548755
26.1796 7.61838 0.000805403 0.000134798 -0.00590952
26.5388 7.62776 0.000876464 -6.55959e-05 -0.00563983
26.1796 7.75816 0.000754864 0.000154918 -0.00535631
26.5388 7.7677 0.000792832 -7.94385e-06 -0.00507906
26.8981 7.63684 0.000748524 9.57767e-05 -0.00531678
27.2573 7.64561 0.000581149 0.000296371 -0.00493661
26.8981 7.77694 0.000638977 0.000162903 -0.00473864
27.2573 7.78588 0.000474934 0.000388471 -0.00439476
27.6166 7.37327 0.000618172 0.00044476 -0.00567125
27.9759 7.38117 0.000349559 0.000883581 -0.0054882
27.6166 7.51368 0.000512393 0.000515912 -0.00514953
27.9759 7.52172 0.000248868 0.000942558 -0.00495011
28.3352 7.38877 4.42567e-05 0.00139515 -0.0053446
28.6945 7.39609 -0.000299121 0.00199359 -0.00519491
28.3352 7.52947 -6.72957e-05 0.00148426 -0.00481671
28.6946 7.53692 -0.000452179 0.00210359 -0.00467336
27.6166 7.6541 0.000396668 0.000583255 -0.00461594
27.9759 7.66228 0.000149826 0.00100278 -0.00441195
27.6166 7.79451 0.000289971 0.000669285 -0.00409758
27.9759 7.80283 4.82445e-05 0.00106183 -0.00387532
28.3352 7.67016 -0.000178773 0.00155669 -0.00426191
28.6946 7.67774 -0.000575225 0.00220462 -0.0041254
28.3353 7.81086 -0.000275227 0.0016238 -0.00371605
28.6946 7.81857 -0.000681416 0.00231466 -0.00356991
29.0538 6.8393 3.34057e-06 0.00158852 -0.00633332
29.4131 6.84555 -0.000273433 0.00189857 -0.00568551
29.0538 6.98026 -0.00019909 0.00190677 -0.00603362
29.4131 6.98663 -0.000491761 0.0022405 -0.00543227
29.7725 6.85153 -0.000591646 0.0022511 -0.00498522
30.1318 6.85724 -0.000949956 0.00271427 -0.00445516
29.7725 6.99272 -0.000778796 0.00254196 -0.0047562
30.1319 6.99855 -0.00107833 0.00290323 -0.00424417
29.0538 7.12121 -0.000404966 0.00218762 -0.00569387
29.4132 7.1277 -0.000695459 0.00255404 -0.00512647
29.0539 7.26216 -0.00058726 0.00243508 -0.00531179
29.4132 7.26878 -0.000886726 0.00283038 -0.00480606
29.7725 7.13392 -0.000949291 0.00281461 -0.00449602
30.1319 7.13985 -0.00118948 0.00307752 -0.00404961
29.7726 7.27511 -0.00111705 0.0030516 -0.00423153
30.132 7.28116 -0.0012934 0.00321785 -0.00386414
30.4912 6.86269 -0.00131403 0.00323171 -0.00419098
30.8506 6.86786 -0.00169222 0.00382863 -0.00418792
30.4913 7.0041 -0.00137008 0.0033069 -0.00402974
30.8506 7.00937 -0.00170438 0.00383671 -0.00406308
31.21 6.87276 -0.00216509 0.00458294 -0.00429939
31.5694 6.8774 -0.00272522 0.00545172 -0.00437311
31.21 7.01437 -0.00216865 0.00458799 -0.00418421
31.5694 7.01909 -0.00274472 0.00549248 -0.00428874
30.4913 7.14551 -0.00140865 0.00336889 -0.00389331
30.8507 7.15088 -0.0017117 0.00384329 -0.00394752
30.4914 7.28692 -0.00144729 0.00340673 -0.0037619
30.8508 7.29239 -0.0017227 0.0038454 -0.00382562
31.2101 7.15597 -0.00217465 0.00458317 -0.00407234
31.5695 7.16079 -0.00276652 0.00551648 -0.00419844
31.2102 7.29758 -0.00217523 0.00457631 -0.00394604
31.5696 7.30249 -0.00278093 0.00553626 -0.00408048
29.0539 7.40312 -0.000734154 0.0026725 -0.00491286
29.4132 7.40985 -0.00106374 0.00307605 -0.00446178
29.0539 7.54407 -0.000904321 0.00283042 -0.0044471
29.4133 7.55093 -0.00122485 0.00328489 -0.00409331
29.7726 7.4163 -0.00126439 0.00325797 -0.00396227
30.132 7.42246 -0.00137418 0.00332731 -0.00366784
29.7727 7.5575 -0.00139327 0.00343052 -0.00368028
30.1321 7.56377 -0.00144214 0.00340994 -0.003448
29.0539 7.68503 -0.00104851 0.00296752 -0.00395326
29.4133 7.69201 -0.00136926 0.00344674 -0.00368266
29.054 7.82598 -0.00116375 0.0030786 -0.00344504
29.4134 7.83309 -0.00149171 0.0035624 -0.00324277
29.7727 7.69869 -0.00150794 0.0035632 -0.0033758
30.1321 7.70507 -0.00150326 0.00346198 -0.00320374
29.7728 7.83989 -0.00160364 0.003658 -0.00304458
30.1322 7.84638 -0.00155136 0.00349769 -0.00296456
30.4914 7.42833 -0.00147347 0.00343571 -0.00360935
30.8508 7.4339 -0.00173609 0.00384481 -0.00367019
30.4915 7.56974 -0.00150222 0.00345667 -0.00342586
30.8509 7.57542 -0.00175214 0.00384284 -0.00348408
31.2103 7.43919 -0.00218263 0.00456218 -0.00378852
31.5697 7.44418 -0.00280446 0.0055441 -0.00390701
31.2103 7.5808 -0.00219207 0.00455078 -0.00357905
31.5698 7.58588 -0.00283431 0.00554744 -0.00363981
30.4915 7.71115 -0.00153141 0.00346547 -0.00321079
30.851 7.71693 -0.00177453 0.00383657 -0.00325456
30.4916 7.85256 -0.00156294 0.00346708 -0.00296757
30.851 7.85844 -0.00180131 0.00382874 -0.00298477
31.2104 7.7224 -0.00222009 0.00454315 -0.00332131
31.5698 7.72758 -0.00288688 0.00556442 -0.00330032
31.2105 7.86401 -0.00226524 0.00454918 -0.00300187
31.5699 7.86927 -0.00296566 0.00560261 -0.00290082
26.1796 7.89795 0.000665573 0.000156557 -0.004734
26.5388 7.90765 0.00067815 3.60135e-05 -0.00445543
26.1796 8.03773 0.000571474 0.00014057 -0.00404444
26.5388 8.0476 0.000575374 9.18178e-05 -0.00382626
26.8981 7.91705 0.000548395 0.000234474 -0.0041569
27.2573 7.92614 0.00037482 0.000470283 -0.00382599
26.8981 8.05716 0.000433461 0.000296863 -0.00353662
27.2573 8.06641 0.00026624 0.000516718 -0.00326178
26.1796 8.17752 0.000479249 0.000129797 -0.00335677
26.5388 8.18755 0.000462051 0.000127578 -0.00318923
26.1796 8.3173 0.000391374 0.000116199 -0.00269802
26.5388 8.3275 0.000348631 0.000145326 -0.00255127
26.8981 8.19727 0.000311616 0.00033483 -0.00291443
27.2574 8.20667 0.000158018 0.00055109 -0.00270132
26.8981 8.33738 0.00020009 0.000363698 -0.00232753
27.2574 8.34694 6.05699e-05 0.000568213 -0.0021393
27.6166 7.93492 0.000180782 0.000733473 -0.00355935
27.9759 7.94339 -5.56916e-05 0.00111192 -0.00333973
27.6166 8.07533 7.47619e-05 0.000783549 -0.00301866
27.976 8.08395 -0.000169838 0.00116779 -0.00281586
28.3353 7.95155 -0.000400042 0.00167924 -0.00314646
28.6946 7.9594 -0.000819209 0.00237373 -0.00297712
28.3353 8.09225 -0.000513131 0.00174232 -0.00263179
28.6947 8.10023 -0.000930211 0.00243386 -0.0024599
27.6167 8.21575 -2.50704e-05 0.000819139 -0.0024853
27.976 8.22451 -0.000278158 0.00122484 -0.00230591
27.6167 8.35616 -0.000113805 0.000844763 -0.00197451
27.976 8.36506 -0.000378198 0.00127651 -0.00181274
28.3353 8.23294 -0.000624508 0.0018014 -0.00211231
28.6947 8.24106 -0.00103531 0.00247942 -0.00194051
28.3353 8.37364 -0.00072895 0.00185913 -0.00161237
28.6947 8.38189 -0.00113199 0.00251641 -0.00144871
26.1796 8.45709 0.000299122 9.35953e-05 -0.00205741
26.5388 8.46746 0.00024908 0.00015519 -0.00194219
26.1796 8.59688 0.000213213 6.62832e-05 -0.00144497
26.5388 8.60741 0.000154974 0.000150156 -0.00135604
26.8981 8.47749 0.000103925 0.000377522 -0.00175688
27.2574 8.4872 -2.31e-05 0.000570523 -0.00161048
26.8981 8.61761 1.38136e-05 0.000377594 -0.00121388
27.2574 8.62747 -0.000100943 0.000562623 -0.00111128
26.1796 8.73666 0.00013147 3.60741e-05 -0.000862065
26.5388 8.74736 7.26032e-05 0.000133994 -0.000803008
26.1796 8.87645 5.00582e-05 6.66487e-06 -0.000311273
26.5388 8.88731 -1.39595e-06 9.71189e-05 -0.000265145
26.8981 8.75772 -6.35937e-05 0.000366203 -0.000710177
27.2574 8.76773 -0.000169398 0.000545417 -0.000644683
26.8981 8.89783 -0.000130529 0.00033958 -0.000237346
27.2574 8.908 -0.000230539 0.000516807 -0.000206723
27.6167 8.49658 -0.000194914 0.000857209 -0.00148601
27.976 8.50562 -0.000480339 0.00132508 -0.00134111
27.6167 8.63699 -0.000271873 0.000863902 -0.00103202
27.976 8.64618 -0.00056538 0.00135602 -0.000906799
28.3354 8.51434 -0.00083308 0.00190748 -0.00114689
28.6947 8.52272 -0.00121578 0.002538 -0.00101221
28.3354 8.65503 -0.000920184 0.00194337 -0.000741
28.6947 8.66355 -0.0012827 0.00254668 -0.000638699
27.6167 8.77741 -0.000343289 0.00085676 -0.000600005
27.976 8.78674 -0.000636904 0.0013677 -0.000511458
27.6167 8.91782 -0.000404893 0.000834304 -0.000189698
27.976 8.9273 -0.000701174 0.00136296 -0.00013616
28.3354 8.79573 -0.000991176 0.00196378 -0.000388366
28.6948 8.80438 -0.00133561 0.00254394 -0.000329397
28.3354 8.93643 -0.00104379 0.00196623 -9.57734e-05
28.6948 8.94521 -0.0013794 0.00253928 -6.23425e-05
29.054 7.96694 -0.00128599 0.00315267 -0.00290398
29.4134 7.97417 -0.00159267 0.00361676 -0.00277343
29.054 8.1079 -0.00138817 0.00319566 -0.00237675
29.4134 8.11525 -0.00166503 0.00364421 -0.00233539
29.7728 7.98108 -0.00168291 0.00370314 -0.00270505
30.1322 7.98769 -0.00159527 0.00351127 -0.00269871
29.7728 8.12228 -0.00172593 0.00370851 -0.00237368
30.1323 8.12899 -0.00163132 0.00351088 -0.00242127
29.0541 8.24885 -0.00147097 0.00319847 -0.00185419
29.4135 8.25632 -0.00172125 0.00360988 -0.00188318
29.0541 8.38981 -0.00153483 0.00318529 -0.00138918
29.4135 8.3974 -0.00175279 0.00354832 -0.00146001
29.7729 8.26347 -0.00175594 0.00366484 -0.00202176
30.1323 8.2703 -0.001663 0.00349464 -0.00213064
29.7729 8.40467 -0.00176515 0.00358472 -0.00166283
30.1324 8.41161 -0.00168877 0.00347367 -0.00181219
30.4916 7.99398 -0.00160087 0.00346966 -0.00270856
30.8511 7.99996 -0.00184506 0.00382144 -0.00267978
30.4917 8.13539 -0.00164124 0.00347417 -0.00242801
30.8512 8.14147 -0.00189136 0.00383313 -0.00235885
31.2105 8.00562 -0.00233826 0.00456461 -0.00261756
31.57 8.01097 -0.00306178 0.00564737 -0.00246798
31.2106 8.14723 -0.0024104 0.00460047 -0.00223434
31.5701 8.15267 -0.00315518 0.00570035 -0.00203831
30.4918 8.2768 -0.0016887 0.00348269 -0.00212156
30.8512 8.28299 -0.00195127 0.00385271 -0.00203353
30.4918 8.41822 -0.0017442 0.00348878 -0.00179221
30.8513 8.4245 -0.00202181 0.00387652 -0.00169893
31.2107 8.28884 -0.00249656 0.00465141 -0.00184619
31.5702 8.29438 -0.00325284 0.00575406 -0.00161326
31.2108 8.43045 -0.00259384 0.00471028 -0.00148485
31.5703 8.43608 -0.00336092 0.00581476 -0.00119306
29.0541 8.53077 -0.00158755 0.0031558 -0.000970515
29.4135 8.53849 -0.00176656 0.00347098 -0.00107254
29.0541 8.67173 -0.00162982 0.00312366 -0.000627522
29.4136 8.67957 -0.0017833 0.00338334 -0.00070003
29.773 8.54587 -0.00178205 0.00348334 -0.00126961
30.1324 8.55292 -0.00173179 0.00342535 -0.001431
29.773 8.68707 -0.00178639 0.00338962 -0.000894536
30.1325 8.69423 -0.00175903 0.00337605 -0.00103303
29.0542 8.81269 -0.00166438 0.00309357 -0.000310783
29.4136 8.82065 -0.00180368 0.00331432 -0.000368361
29.0542 8.95365 -0.00169537 0.00306547 -4.66705e-05
29.4136 8.96173 -0.00183236 0.00326758 -7.02628e-05
29.773 8.82827 -0.00181254 0.00330194 -0.000477821
30.1325 8.83554 -0.00180817 0.00330075 -0.000583634
29.7731 8.96947 -0.00182934 0.00324845 -0.000121467
30.1326 8.97685 -0.00184924 0.00323167 -0.000160534
30.4919 8.55964 -0.00179768 0.00348539 -0.00144194
30.8513 8.56602 -0.00209387 0.00390873 -0.00136515
30.4919 8.70105 -0.0018485 0.00346255 -0.00106362
30.8514 8.70754 -0.00217204 0.00393594 -0.00100291
31.2108 8.57207 -0.00269737 0.00478717 -0.00112697
31.5703 8.57778 -0.00347331 0.0058898 -0.000809367
31.2109 8.71368 -0.00280688 0.00486355 -0.000771181
31.5704 8.71948 -0.00357525 0.00595763 -0.000476185
30.492 8.84247 -0.00190009 0.00343004 -0.000654482
30.8515 8.84906 -0.00225575 0.00395465 -0.000585526
30.492 8.98389 -0.00196134 0.00339142 -0.000187187
30.8515 8.99058 -0.0023332 0.00394937 -0.000157003
31.211 8.8553 -0.00290354 0.00492252 -0.00042095
31.5705 8.86119 -0.0036552 0.00600931 -0.000211104
31.211 8.99691 -0.00297893 0.00493978 -7.43758e-05
31.5706 9.0029 -0.00370759 0.00602091 -6.62032e-06
31.9287 6.88176 -0.00333888 0.00635565 -0.00433248
32.2881 6.88586 -0.00399084 0.00726406 -0.00416469
31.9288 7.02354 -0.00338253 0.00644938 -0.00427876
32.2882 7.02772 -0.0040491 0.00741761 -0.00415238
32.6474 6.88968 -0.00444714 0.00783599 -0.0039439
33.0068 6.89324 -0.00460894 0.00794513 -0.00375744
32.6475 7.03162 -0.004483 0.00798375 -0.004031
33.0069 7.03524 -0.00461722 0.00806876 -0.00387844
31.9289 7.16532 -0.0034571 0.00651441 -0.00418214
32.2883 7.16958 -0.00412339 0.0074671 -0.00413205
31.929 7.30711 -0.00350106 0.00659493 -0.00406546
32.2883 7.31144 -0.00416941 0.0075212 -0.00402112
32.6476 7.17355 -0.00455352 0.00804351 -0.00406376
33.007 7.17725 -0.00468737 0.00813964 -0.00394032
32.6477 7.31549 -0.00457831 0.00808076 -0.00401237
33.0071 7.31926 -0.00472616 0.00821822 -0.00396942
33.3662 6.89652 -0.00464065 0.00787935 -0.00370107
33.7255 6.89954 -0.00485629 0.00812525 -0.00379354
33.3663 7.03859 -0.00462385 0.00795669 -0.0037543
33.7256 7.04166 -0.00482489 0.0081375 -0.0037428
34.0849 6.90228 -0.00527198 0.00866707 -0.00384715
34.4442 6.90475 -0.0056926 0.00937164 -0.00417666
34.085 7.04446 -0.00527167 0.00867343 -0.00377425
34.4444 7.04698 -0.00573778 0.00933258 -0.00394505
33.3664 7.18066 -0.0046913 0.0080294 -0.00380119
33.7258 7.18379 -0.00488935 0.00816488 -0.00370603
33.3665 7.32273 -0.00469731 0.00814691 -0.00383547
33.7259 7.32593 -0.00491252 0.00825071 -0.00363746
34.0851 7.18664 -0.00524735 0.00867483 -0.0037164
34.4445 7.18922 -0.00567133 0.00925449 -0.00386023
34.0853 7.32883 -0.00524759 0.00867947 -0.00359487
34.4446 7.33145 -0.00568688 0.00918302 -0.0036707
31.9291 7.44889 -0.00355357 0.00665846 -0.00389546
32.2884 7.45331 -0.00420195 0.0075513 -0.00384403
31.9292 7.59067 -0.00361393 0.00670594 -0.00362374
32.2885 7.59517 -0.00424192 0.0075646 -0.00359139
32.6478 7.45743 -0.00459317 0.00809419 -0.00386986
33.0072 7.46127 -0.00476213 0.00825632 -0.00386736
32.6479 7.59937 -0.0046089 0.00808214 -0.00361851
33.0073 7.60328 -0.00479562 0.00826675 -0.00363485
31.9293 7.73245 -0.00367808 0.00672905 -0.0032514
32.2886 7.73703 -0.00428616 0.00756556 -0.00325028
31.9293 7.87424 -0.00374389 0.00673427 -0.00281836
32.2887 7.8789 -0.00433317 0.00755248 -0.00283232
32.648 7.74131 -0.00463816 0.00805072 -0.00327273
33.0074 7.74528 -0.00483088 0.00826529 -0.00330092
32.6481 7.88325 -0.00467501 0.00800897 -0.00284598
33.0076 7.88729 -0.00487735 0.00823473 -0.00289694
33.3666 7.46481 -0.00479278 0.00820776 -0.00373366
33.726 7.46806 -0.0049554 0.00831609 -0.00352975
33.3667 7.60688 -0.00487036 0.00826895 -0.00350759
33.7261 7.61019 -0.00503679 0.00836415 -0.00332134
34.0854 7.47102 -0.00524022 0.00867562 -0.00342807
34.4448 7.47369 -0.00563742 0.0091795 -0.00355416
34.0855 7.6132 -0.00529178 0.00868311 -0.00325506
34.4449 7.61592 -0.00562571 0.00914507 -0.00329727
33.3669 7.74896 -0.00494016 0.00830864 -0.00321125
33.7263 7.75233 -0.00510284 0.00840314 -0.00306551
33.367 7.89103 -0.00500445 0.00833254 -0.00284997
33.7264 7.89446 -0.00513491 0.00841741 -0.00280496
34.0857 7.75539 -0.00529797 0.00867844 -0.00306364
34.4451 7.75816 -0.00567752 0.00910344 -0.00302127
34.0858 7.89758 -0.00534599 0.00866437 -0.00277254
34.4452 7.90039 -0.00571894 0.00908382 -0.00275368
34.8036 6.90696 -0.00559698 0.0102517 -0.00445149
35.1629 6.90889 -0.00661875 0.010555 -0.0046006
34.8037 7.04924 -0.00605906 0.00999364 -0.00410753
35.1631 7.05121 -0.00662253 0.0103808 -0.00451738
35.5222 6.91057 -0.00666343 0.011259 -0.00455151
35.8814 6.91197 -0.00821605 0.0111086 -0.00470338
35.5224 7.05292 -0.00647458 0.0114958 -0.00432605
35.8816 7.05436 -0.0079392 0.0113777 -0.0046663
34.8039 7.19151 -0.00602587 0.00999043 -0.00396212
35.1633 7.19354 -0.00651391 0.0104446 -0.00419004
34.804 7.33379 -0.00603424 0.00982992 -0.00399588
35.1635 7.33586 -0.00625274 0.0106734 -0.0037502
35.5225 7.19528 -0.00714744 0.0110395 -0.00411582
35.8818 7.19674 -0.00764571 0.0114159 -0.00443556
35.5227 7.33764 -0.00716058 0.0110712 -0.00422912
35.8819 7.3391 -0.0077083 0.0113543 -0.00402624
36.2407 6.91309 -0.00813789 0.0118304 -0.00479983
36.5999 6.91394 -0.00890681 0.0119746 -0.00468757
36.2408 7.0555 -0.00804459 0.0120709 -0.00434116
36.6 7.05637 -0.00891841 0.01203 -0.00502106
36.9591 6.91451 -0.00839397 0.0133091 -0.00489344
37.3182 6.9148 -0.00995963 0.0133781 -0.00541353
36.9592 7.05695 -0.00860933 0.0129167 -0.00446352
37.3184 7.05723 -0.0094423 0.0135329 -0.00552631
36.241 7.1979 -0.0080102 0.0119001 -0.00430138
36.6001 7.19878 -0.00887757 0.0120437 -0.00405154
36.2412 7.34028 -0.00780357 0.0118426 -0.00396527
36.6003 7.34118 -0.00846017 0.0123244 -0.00421468
36.9593 7.19937 -0.00898182 0.0127435 -0.00441321
37.3185 7.19969 -0.00990739 0.0132135 -0.00423271
36.9595 7.34182 -0.0092231 0.0123241 -0.00378662
37.3187 7.34211 -0.00984772 0.012849 -0.00478096
34.8042 7.47607 -0.00608087 0.00985618 -0.00343534
35.1636 7.47816 -0.00619129 0.0108966 -0.00370637
34.8044 7.61835 -0.0060965 0.00995148 -0.00316029
35.1638 7.62049 -0.00635418 0.0106537 -0.00339907
35.5229 7.47998 -0.00722368 0.0109705 -0.00358569
35.8821 7.48147 -0.00779125 0.0112311 -0.0038068
35.5231 7.62232 -0.00735798 0.0108859 -0.00326659
35.8823 7.62386 -0.00780926 0.0114979 -0.00362996
34.8045 7.76062 -0.00574692 0.0100429 -0.00299233
35.1639 7.7628 -0.00661768 0.0107861 -0.00302216
34.8047 7.90289 -0.00572609 0.0101058 -0.00272297
35.1641 7.9051 -0.00671722 0.0104832 -0.00279094
35.5232 7.76465 -0.00739045 0.0108952 -0.00325894
35.8825 7.76621 -0.00734482 0.0117231 -0.00316154
35.5234 7.90698 -0.00706048 0.0110198 -0.00317821
35.8826 7.90857 -0.00752214 0.0115432 -0.00290371
36.2413 7.48267 -0.00817839 0.0117585 -0.00386276
36.6005 7.48359 -0.00789612 0.0124974 -0.00380746
36.2415 7.62508 -0.00840798 0.0114544 -0.00334266
36.6006 7.626 -0.00852811 0.0121179 -0.00370302
36.9596 7.48419 -0.00842438 0.0130439 -0.00397127
37.3188 7.48454 -0.00997166 0.0133226 -0.00466771
36.9598 7.62662 -0.00882537 0.0127187 -0.00379868
37.319 7.62696 -0.00958496 0.0131353 -0.00390947
36.2416 7.76746 -0.00822933 0.0116088 -0.00339435
36.6008 7.7684 -0.00875677 0.011845 -0.00293968
36.2418 7.90983 -0.00811508 0.0116193 -0.00305942
36.6009 7.91078 -0.00850352 0.0119766 -0.00325621
36.96 7.76905 -0.00892259 0.0128033 -0.00358262
37.3192 7.76938 -0.00944294 0.0128664 -0.00330578
36.9602 7.91143 -0.00849465 0.0128622 -0.00292683
37.3193 7.91178 -0.00928481 0.0130361 -0.00337005
31.9294 8.01602 -0.00381703 0.00672726 -0.0023485
32.2888 8.02076 -0.00438905 0.00752328 -0.00234496
31.9295 8.15781 -0.00389598 0.00673948 -0.00188575
32.2889 8.16263 -0.00445296 0.0074869 -0.00182544
32.6482 8.02519 -0.00469897 0.00796601 -0.00238324
33.0077 8.0293 -0.00492747 0.00819936 -0.00244888
32.6484 8.16713 -0.00473994 0.00791151 -0.00189941
33.0078 8.17131 -0.00496605 0.00814182 -0.0019786
31.9296 8.29959 -0.00397731 0.00675238 -0.00142889
32.289 8.30449 -0.00449971 0.00745172 -0.00137524
31.9297 8.44138 -0.00405406 0.00676867 -0.00100544
32.2892 8.44636 -0.00454223 0.0074174 -0.000982065
32.6485 8.30907 -0.00478351 0.007854 -0.00144432
33.0079 8.31332 -0.00500078 0.00808306 -0.00151194
32.6486 8.45101 -0.00482515 0.00780683 -0.00103808
33.0081 8.45533 -0.00502179 0.00802603 -0.00109629
33.3671 8.03311 -0.00504511 0.00834124 -0.00246595
33.7265 8.0366 -0.00514646 0.00840532 -0.00249646
33.3673 8.17518 -0.00506298 0.00827827 -0.00205359
33.7267 8.17874 -0.00516735 0.00837333 -0.00217056
34.086 8.03977 -0.00539257 0.00865781 -0.00249642
34.4454 8.04264 -0.00574301 0.00910637 -0.00242331
34.0861 8.18198 -0.00542479 0.00864261 -0.00219262
34.4455 8.18489 -0.00584458 0.00906907 -0.00202921
33.3674 8.31726 -0.00507398 0.00819666 -0.00165822
33.7269 8.32087 -0.00517239 0.00832067 -0.00182655
33.3676 8.45933 -0.00507362 0.0080974 -0.00128942
33.727 8.463 -0.00518025 0.00823968 -0.00145411
34.0863 8.32417 -0.00544422 0.00865508 -0.0018449
34.4457 8.32714 -0.00583736 0.00920278 -0.00169631
34.0865 8.46634 -0.0054985 0.0086158 -0.00148262
34.4459 8.46936 -0.00548434 0.00926495 -0.00145882
31.9298 8.58317 -0.0041246 0.00677664 -0.000635639
32.2893 8.58822 -0.00457788 0.00738281 -0.000645718
31.9299 8.72495 -0.00417667 0.00676522 -0.000345866
32.2894 8.73009 -0.00460951 0.00735152 -0.000364001
32.6487 8.59295 -0.00485807 0.00776733 -0.000683682
33.0082 8.59734 -0.00502476 0.00796213 -0.000766882
32.6489 8.73488 -0.0048813 0.00773762 -0.000396956
33.0083 8.73934 -0.00502402 0.00789377 -0.00048271
31.93 8.86674 -0.00420382 0.0067608 -0.000127476
32.2895 8.87195 -0.00464703 0.00732388 -0.000128106
31.9301 9.00853 -0.00421119 0.00674793 1.97479e-05
32.2896 9.01382 -0.00465274 0.00732777 2.56521e-05
32.649 8.87682 -0.00489339 0.00771416 -0.000171988
33.0085 8.88134 -0.00502498 0.00784462 -0.000230374
32.6491 9.01875 -0.00492378 0.00769892 4.21653e-05
33.0086 9.02334 -0.00502861 0.00779743 -8.26344e-06
33.3677 8.60139 -0.00507039 0.00800847 -0.000934825
33.7272 8.60511 -0.00520021 0.00817339 -0.0010763
33.3678 8.74345 -0.00507031 0.00792519 -0.000616132
33.7273 8.74722 -0.00522066 0.00812446 -0.000699692
34.0867 8.60849 -0.00553424 0.00857931 -0.00115022
34.446 8.61155 -0.00532945 0.00939071 -0.000968816
34.0868 8.75065 -0.00556415 0.00853623 -0.000913456
34.4462 8.75373 -0.0053845 0.0096518 -0.000753149
33.368 8.88551 -0.0050981 0.00785673 -0.000313726
33.7275 8.88933 -0.00526157 0.00807265 -0.000385992
33.3681 9.02756 -0.00512176 0.00779925 -3.58492e-05
33.7276 9.03144 -0.00531241 0.00801982 -7.40733e-05
34.0869 8.89281 -0.00554958 0.0085755 -0.000502992
34.4463 8.89594 -0.00549531 0.00930011 -0.000630038
34.0871 9.03497 -0.00542565 0.0084496 5.78205e-05
34.4464 9.03814 -0.00582435 0.00909816 -0.000162179
34.8048 8.04518 -0.00576091 0.00998174 -0.00243608
35.1642 8.04742 -0.00677208 0.0104669 -0.00250775
34.8049 8.18748 -0.00600494 0.00983101 -0.00220395
35.1643 8.18974 -0.00654157 0.0103322 -0.00224664
35.5235 8.04933 -0.00718972 0.0110285 -0.00251607
35.8828 8.05093 -0.00742003 0.0115497 -0.00255915
35.5236 8.19167 -0.00721935 0.010962 -0.00220997
35.8829 8.19327 -0.0075565 0.0115132 -0.00216297
34.805 8.32977 -0.00632672 0.0096181 -0.00188298
35.1644 8.33205 -0.00667402 0.0103254 -0.00168766
34.8051 8.47203 -0.00664782 0.00937017 -0.00128864
35.1645 8.47433 -0.00677363 0.0101758 -0.00127649
35.5237 8.334 -0.00718514 0.0109906 -0.00179666
35.883 8.33563 -0.0077616 0.011334 -0.00182533
35.5238 8.47633 -0.00729166 0.0109674 -0.00146085
35.8832 8.478 -0.00771465 0.0113324 -0.00153727
36.2419 8.05221 -0.00842942 0.0114404 -0.00277631
36.6011 8.05317 -0.00867155 0.0119299 -0.00287463
36.2421 8.19457 -0.00810719 0.0117521 -0.00241835
36.6012 8.19556 -0.00894813 0.0118366 -0.00235876
36.9603 8.05382 -0.00855221 0.0128858 -0.00280473
37.3195 8.05416 -0.00945752 0.0129575 -0.00300847
36.9605 8.19621 -0.00868605 0.012802 -0.00242479
37.3196 8.19655 -0.00980012 0.0130088 -0.00268275
36.2422 8.33695 -0.00818854 0.0117679 -0.00187378
36.6014 8.33794 -0.00883038 0.0118565 -0.00195345
36.2424 8.47933 -0.00847465 0.0114532 -0.00153904
36.6015 8.48032 -0.00854316 0.0120416 -0.00180191
36.9606 8.33861 -0.00887682 0.0126955 -0.00223657
37.3198 8.33896 -0.00980313 0.013051 -0.00229056
36.9608 8.481 -0.00901716 0.0125318 -0.00157567
37.32 8.48135 -0.00951752 0.0131187 -0.00183409
34.8053 8.61427 -0.00673006 0.0092203 -0.00106487
35.1646 8.61661 -0.00686595 0.0100872 -0.000992788
34.8054 8.75649 -0.0068116 0.00936257 -0.0010544
35.1648 8.75888 -0.00703669 0.0101221 -0.000692255
35.524 8.61863 -0.00727676 0.0109012 -0.000982539
35.8833 8.62033 -0.00774083 0.0112696 -0.00111271
35.5241 8.76093 -0.00730214 0.0107555 -0.000603032
35.8834 8.76263 -0.00804556 0.0111517 -0.000567432
34.8056 8.89873 -0.00668347 0.00943495 -0.000247716
35.1649 8.90115 -0.00703699 0.0101697 -0.000367235
34.8057 9.04096 -0.00651359 0.00957323 -0.000167201
35.165 9.04344 -0.00709363 0.0101538 -4.96117e-05
35.5242 8.90323 -0.00746165 0.0105658 -0.000297665
35.8835 8.90496 -0.00818614 0.0110128 -0.00055736
35.5243 9.04555 -0.00750429 0.0106071 -8.34144e-05
35.8837 9.04731 -0.00829731 0.0108509 -0.000178856
36.2425 8.62168 -0.00858754 0.011421 -0.0012639
36.6017 8.62271 -0.00859192 0.0119498 -0.00155578
36.2427 8.76401 -0.00833344 0.0117278 -0.000669466
36.6019 8.76506 -0.00894924 0.011767 -0.000672898
36.9609 8.62338 -0.00888166 0.0123319 -0.00140448
37.3201 8.62374 -0.00917973 0.0132599 -0.00136281
36.9611 8.76576 -0.00890254 0.0122956 -0.00107897
37.3203 8.76611 -0.00912765 0.0132453 -0.000844871
36.2429 8.90635 -0.00794418 0.0118312 -0.000368858
36.6021 8.90743 -0.0090706 0.0116445 -0.000540102
36.243 9.04872 -0.00796313 0.0118377 -8.19031e-05
36.6023 9.04981 -0.00866045 0.0116803 -0.000192044
36.9613 8.90813 -0.00905118 0.0123535 -0.000438801
37.3205 8.90849 -0.00932172 0.0130912 -0.000691557
36.9615 9.05051 -0.00931884 0.0121987 0.000125398
37.3206 9.05088 -0.00927702 0.0130262 -0.000465285
