26.1795 -6.63986 -0.000911624 0.000446295 -0.00526453
26.5385 -6.64803 -0.00160862 0.00178323 -0.00515757
26.1795 -6.50009 -0.000872353 0.000460326 -0.00512275
26.5386 -6.50809 -0.0015124 0.00181674 -0.00508674
26.8976 -6.65593 -0.00231893 0.00312686 -0.00502137
27.2567 -6.66358 -0.00303136 0.00462144 -0.00483454
26.8976 -6.51583 -0.00221308 0.00318792 -0.00491995
27.2567 -6.52332 -0.002967 0.00458361 -0.00466433
26.1795 -6.36032 -0.000821079 0.000496662 -0.00492564
26.5386 -6.36815 -0.00150086 0.00179046 -0.00487157
26.1795 -6.22054 -0.000812339 0.00051238 -0.00471338
26.5386 -6.2282 -0.00146781 0.00179806 -0.0046189
26.8976 -6.37572 -0.00218463 0.0031369 -0.00473062
27.2567 -6.38306 -0.00290797 0.00455661 -0.00446067
26.8977 -6.23562 -0.00213937 0.00313828 -0.00441736
27.2568 -6.24279 -0.00285392 0.00452237 -0.00421829
27.6158 -6.67097 -0.00376771 0.0060721 -0.00442627
27.9749 -6.67809 -0.00444969 0.00740433 -0.00395532
27.6158 -6.53055 -0.0036978 0.00600045 -0.00431949
27.9749 -6.53753 -0.00434022 0.00734909 -0.00385034
28.334 -6.68496 -0.00495157 0.00851016 -0.00329935
28.693 -6.69157 -0.00526612 0.00914253 -0.00283819
28.334 -6.54425 -0.00486615 0.00838058 -0.00333613
28.693 -6.55072 -0.00534104 0.00904874 -0.00280614
27.6158 -6.39014 -0.00362133 0.00593154 -0.00415614
27.9749 -6.39697 -0.00426362 0.00725857 -0.00378006
27.6159 -6.24972 -0.00356091 0.00587283 -0.00393731
27.975 -6.2564 -0.0042001 0.00720335 -0.00367906
28.334 -6.40355 -0.00480029 0.00834287 -0.00334587
28.6931 -6.40988 -0.00533509 0.0090199 -0.00283875
28.334 -6.26284 -0.00475581 0.0082775 -0.00327205
28.6931 -6.26904 -0.00527929 0.00905575 -0.00275444
26.1795 -6.08076 -0.00077727 0.000516554 -0.00445766
26.5386 -6.08825 -0.00142988 0.00180454 -0.00437385
26.1795 -5.94098 -0.000749994 0.000532429 -0.00420452
26.5386 -5.9483 -0.00140012 0.00181977 -0.00414241
26.8977 -6.09551 -0.00209796 0.00313819 -0.00418312
27.2568 -6.10252 -0.0028016 0.00450202 -0.00395798
26.8977 -5.95539 -0.00204603 0.0031351 -0.00393062
27.2568 -5.96225 -0.00274062 0.00450369 -0.00373889
26.1795 -5.80119 -0.00072668 0.000559372 -0.00394424
26.5386 -5.80835 -0.00136487 0.00186281 -0.0038099
26.1795 -5.66141 -0.00070344 0.000577593 -0.00367717
26.5386 -5.6684 -0.00134816 0.00188048 -0.00354806
26.8977 -5.81528 -0.00204586 0.00317421 -0.00360594
27.2568 -5.82198 -0.00272292 0.00448982 -0.00324579
26.8977 -5.67516 -0.00200009 0.00319232 -0.00334936
27.2568 -5.68171 -0.00265716 0.00458475 -0.00308016
27.6159 -6.1093 -0.00349605 0.00583619 -0.00369752
27.975 -6.11584 -0.00410891 0.00713011 -0.00344164
27.6159 -5.96888 -0.00342329 0.00581494 -0.00349246
27.975 -5.97527 -0.00406875 0.00710314 -0.00313805
28.3341 -6.12214 -0.00471393 0.00821874 -0.0031064
28.6931 -6.12819 -0.00515143 0.00906698 -0.00273795
28.3341 -5.98143 -0.00470172 0.0082304 -0.00291134
28.6932 -5.98735 -0.00507057 0.00912288 -0.00259036
27.6159 -5.82845 -0.00342195 0.00575401 -0.00313179
27.975 -5.8347 -0.00403875 0.00704647 -0.00288657
27.6159 -5.68803 -0.00334279 0.00579842 -0.00287632
27.975 -5.69413 -0.0040291 0.0070179 -0.00244327
28.3341 -5.84071 -0.00464503 0.00822902 -0.00267254
28.6932 -5.8465 -0.00513927 0.00916586 -0.00223241
28.3341 -5.7 -0.00460548 0.00833895 -0.00228761
28.6932 -5.70565 -0.00525487 0.00907455 -0.00208917
29.0521 -6.69791 -0.00530534 0.0093274 -0.00249054
29.4111 -6.70398 -0.00556217 0.00914136 -0.00193806
29.0521 -6.55694 -0.00533862 0.00943372 -0.00255822
29.4111 -6.56288 -0.00589529 0.00928816 -0.00211994
29.7702 -6.70979 -0.0054702 0.0089861 -0.00162634
30.1293 -6.71533 -0.00530719 0.00890552 -0.00100886
29.7702 -6.56857 -0.00555191 0.00930603 -0.00171262
30.1293 -6.57399 -0.00539086 0.00914072 -0.0011993
29.0521 -6.41596 -0.00546584 0.0095069 -0.0025871
29.4112 -6.42178 -0.00589331 0.00952517 -0.00226393
29.0521 -6.27499 -0.00561463 0.00944484 -0.00244709
29.4112 -6.28068 -0.0059041 0.00965872 -0.00219612
29.7703 -6.42735 -0.00569153 0.00957057 -0.00183368
30.1294 -6.43266 -0.00545493 0.00936355 -0.00143647
29.7703 -6.28613 -0.00567869 0.00990943 -0.00192075
30.1294 -6.29134 -0.0058209 0.00955085 -0.00121144
30.4884 -6.72062 -0.00507495 0.00868596 -0.000788174
30.8475 -6.72565 -0.00504715 0.00836674 -0.000470423
30.4884 -6.57918 -0.00523636 0.00881358 -0.000900265
30.8475 -6.58411 -0.00517743 0.00847647 -0.000544925
31.2066 -6.73042 -0.00499284 0.00819169 -0.000337477
31.5657 -6.73492 -0.0047452 0.00804223 -0.000286044
31.2066 -6.58878 -0.00503471 0.00828747 -0.000434416
31.5657 -6.5932 -0.00483273 0.00806623 -0.000353242
30.4884 -6.43774 -0.00531452 0.00894578 -0.00096202
30.8475 -6.44256 -0.00526588 0.00858842 -0.000611036
30.4885 -6.29631 -0.00546607 0.00918167 -0.00100692
30.8475 -6.30103 -0.00534331 0.00870356 -0.000775142
31.2066 -6.44714 -0.00513217 0.00835874 -0.000474234
31.5657 -6.45147 -0.00499784 0.00808447 -0.000457434
31.2066 -6.30551 -0.0051734 0.00845831 -0.000598052
31.5657 -6.30973 -0.0050879 0.00812139 -0.000546635
29.0522 -6.13401 -0.00571466 0.0094594 -0.00218978
29.4112 -6.13959 -0.00588126 0.00986325 -0.00217624
29.0522 -5.99304 -0.00587135 0.00959576 -0.00202646
29.4113 -5.99848 -0.00589309 0.0100515 -0.00185509
29.7704 -6.14493 -0.00549037 0.0100614 -0.0018847
30.1294 -6.15002 -0.00583035 0.00974925 -0.00142104
29.7704 -6.00371 -0.00580239 0.0102894 -0.00117801
30.1294 -6.00869 -0.0057326 0.0101475 -0.00122809
29.0522 -5.85206 -0.00579345 0.0096549 -0.00197054
29.4113 -5.85738 -0.00592009 0.0101665 -0.00150444
29.0522 -5.71108 -0.00574856 0.00979795 -0.00172395
29.4113 -5.71627 -0.0059979 0.0102346 -0.00116274
29.7704 -5.86248 -0.00603498 0.0104599 -0.00118437
30.1295 -5.86735 -0.00578844 0.0103303 -0.000933117
29.7704 -5.72125 -0.00606891 0.0105436 -0.000823583
30.1295 -5.726 -0.00586842 0.010331 -0.000613116
30.4885 -6.15488 -0.00566145 0.00938606 -0.000858304
30.8475 -6.15949 -0.00549065 0.00879317 -0.000706418
30.4885 -6.01344 -0.00558935 0.00941357 -0.000896363
30.8476 -6.01794 -0.00555619 0.00884558 -0.000697049
31.2066 -6.16386 -0.00523878 0.00852658 -0.000623908
31.5657 -6.16799 -0.00513903 0.00819898 -0.00057242
31.2067 -6.02221 -0.005305 0.00858415 -0.000681854
31.5658 -6.02625 -0.00516407 0.0082495 -0.000660316
30.4885 -5.87199 -0.00559482 0.00964149 -0.000684636
30.8476 -5.87639 -0.00566032 0.00896095 -0.000730584
30.4886 -5.73054 -0.00558036 0.00965468 -0.00062096
30.8476 -5.73483 -0.00565442 0.00902533 -0.000674479
31.2067 -5.88056 -0.00532508 0.00865775 -0.00066464
31.5658 -5.8845 -0.00514326 0.00828725 -0.000752009
31.2067 -5.7389 -0.00534548 0.0087091 -0.000684898
31.5658 -5.74275 -0.00517469 0.0083246 -0.000810475
26.1795 -5.52163 -0.000669515 0.00060534 -0.00339783
26.5386 -5.52844 -0.00136908 0.00195062 -0.00325453
26.1795 -5.38184 -0.000636121 0.000632167 -0.00314852
26.5386 -5.38849 -0.00129097 0.00199993 -0.0030589
26.8977 -5.53504 -0.00205149 0.00324616 -0.00305066
27.2568 -5.54143 -0.002682 0.00459856 -0.00273455
26.8977 -5.39493 -0.00205171 0.00338855 -0.00280071
27.2569 -5.40115 -0.00262672 0.00473578 -0.00248936
26.1796 -5.24205 -0.000613096 0.000654761 -0.00288069
26.5387 -5.24853 -0.00126372 0.00203805 -0.00281894
26.1796 -5.10226 -0.000589912 0.000671389 -0.00264957
26.5387 -5.10857 -0.00130064 0.00208961 -0.00248866
26.8978 -5.2548 -0.00198376 0.00341609 -0.0024431
27.2569 -5.26087 -0.00265343 0.00480102 -0.00213209
26.8978 -5.11468 -0.0020506 0.00352688 -0.00219399
27.2569 -5.12059 -0.00270971 0.00486228 -0.00183515
27.6159 -5.5476 -0.00329825 0.00575341 -0.00231357
27.975 -5.55355 -0.00406542 0.00711168 -0.00232836
27.616 -5.40716 -0.00331084 0.00591847 -0.00211811
27.9751 -5.41297 -0.00403266 0.0070979 -0.00177832
28.3341 -5.55928 -0.00448145 0.00834048 -0.00198443
28.6932 -5.56479 -0.00529073 0.00925789 -0.0016455
28.3342 -5.41855 -0.00452642 0.00835462 -0.00167115
28.6932 -5.42393 -0.00517534 0.0093974 -0.00146877
27.616 -5.26673 -0.00331095 0.00605128 -0.00172895
27.9751 -5.27238 -0.00400076 0.00720615 -0.0014743
27.616 -5.1263 -0.00333539 0.00620301 -0.00142341
27.9751 -5.1318 -0.00395259 0.00736734 -0.00101687
28.3342 -5.27783 -0.00457721 0.00824756 -0.00126514
28.6932 -5.28307 -0.00504715 0.00945173 -0.00122673
28.3342 -5.1371 -0.00462081 0.00822908 -0.00101729
28.6933 -5.14221 -0.00501544 0.009395 -0.000936598
26.1796 -4.96247 -0.000570187 0.000680332 -0.00244573
26.5387 -4.96862 -0.0012812 0.00215554 -0.0023793
26.1796 -4.82268 -0.000555151 0.000690961 -0.00230723
26.5387 -4.82866 -0.00130404 0.00220207 -0.00220552
26.8978 -4.97456 -0.00200061 0.00368164 -0.0021073
27.2569 -4.98031 -0.00275048 0.00497909 -0.00172197
26.8978 -4.83444 -0.00206488 0.00373561 -0.00186499
27.2569 -4.84003 -0.00278697 0.00522878 -0.00121463
26.1796 -4.6829 -0.000551959 0.000708229 -0.00221761
26.5387 -4.6887 -0.00132666 0.00227428 -0.00208107
26.1796 -4.5431 -0.00055085 0.000723115 -0.00215829
26.5387 -4.54874 -0.00136253 0.00234684 -0.00190778
26.8978 -4.69432 -0.00213519 0.00387895 -0.00185646
27.257 -4.69975 -0.00284371 0.00537206 -0.001044
26.8978 -4.5542 -0.00207506 0.00394501 -0.00155833
27.257 -4.55948 -0.00298149 0.00554045 -0.00124362
27.616 -4.98586 -0.00334081 0.0063464 -0.00107528
27.9751 -4.99122 -0.00400148 0.00742462 -0.000621977
27.6161 -4.84543 -0.00345639 0.00652679 -0.000957016
27.9752 -4.85064 -0.00409517 0.00756235 -0.000528841
28.3342 -4.99638 -0.00465508 0.00837779 -0.000549936
28.6933 -5.00133 -0.00499216 0.00959827 -0.000496409
28.3343 -4.85565 -0.00469475 0.00846399 -0.000227429
28.6934 -4.86047 -0.00472806 0.00960579 -0.000430586
27.6161 -4.70501 -0.00348504 0.00673328 -0.000508794
27.9752 -4.71007 -0.0041795 0.00767881 -0.000123427
27.6161 -4.56458 -0.00350637 0.00697016 -0.000511745
27.9752 -4.56949 -0.00429416 0.0078431 -4.05701e-05
28.3343 -4.71494 -0.00470881 0.00857587 -0.000105882
28.6934 -4.71964 -0.00472001 0.00961073 -0.000404801
28.3343 -4.57422 -0.00471914 0.00886449 0.000119639
28.6934 -4.57879 -0.00501939 0.00967749 -0.000437032
29.0523 -5.57009 -0.00565969 0.00995644 -0.00156038
29.4113 -5.57516 -0.00619053 0.0101683 -0.000795954
29.0523 -5.4291 -0.00560463 0.00985797 -0.00136481
29.4113 -5.43404 -0.00609755 0.0102228 -0.00100771
29.7704 -5.58001 -0.00599599 0.0106326 -0.000630502
30.1295 -5.58465 -0.00591819 0.0103149 -0.00027482
29.7705 -5.43878 -0.00594703 0.010639 -0.000457503
30.1295 -5.4433 -0.00579019 0.0101838 -0.000555159
29.0523 -5.28811 -0.00581464 0.00971535 -0.000961883
29.4114 -5.29292 -0.00593668 0.010378 -0.0007726
29.0523 -5.14712 -0.00585755 0.00998556 -0.00105732
29.4114 -5.1518 -0.00592969 0.0104078 -0.000602769
29.7705 -5.29754 -0.00591502 0.0105574 -0.000366965
30.1296 -5.30195 -0.0056541 0.0101531 -0.000375605
29.7705 -5.1563 -0.00591951 0.0104666 -0.00046004
30.1296 -5.1606 -0.00566256 0.0100571 -0.000552888
30.4886 -5.58907 -0.00559526 0.00971506 -0.000535219
30.8476 -5.59327 -0.00572387 0.00901496 -0.000612343
30.4886 -5.44761 -0.00560144 0.00959337 -0.000469717
30.8477 -5.45171 -0.00571959 0.00898783 -0.000636073
31.2068 -5.59724 -0.00529708 0.00875825 -0.000740368
31.5659 -5.601 -0.00524798 0.00829665 -0.000834286
31.2068 -5.45558 -0.00526021 0.00880134 -0.000755771
31.5659 -5.45925 -0.00526118 0.00831438 -0.000911728
30.4886 -5.30615 -0.00576021 0.00954274 -0.000486854
30.8477 -5.31014 -0.0056335 0.00909595 -0.000711822
30.4886 -5.16469 -0.0057162 0.00948247 -0.000664454
30.8477 -5.16858 -0.00557244 0.00914363 -0.000814703
31.2068 -5.31392 -0.00533414 0.00878561 -0.000822828
31.5659 -5.3175 -0.00524769 0.00836862 -0.000976648
31.2068 -5.17226 -0.0054012 0.00879279 -0.000923677
31.5659 -5.17574 -0.00525189 0.00839748 -0.00100454
29.0523 -5.00611 -0.00598323 0.0101489 -0.000300792
29.4114 -5.01068 -0.00590835 0.0103682 -0.000607737
29.0523 -4.86511 -0.00610254 0.00994964 -0.000130172
29.4114 -4.86956 -0.00589899 0.0103564 -0.000604568
29.7705 -5.01506 -0.00591037 0.0104219 -0.000563238
30.1296 -5.01924 -0.00574973 0.0100219 -0.000647337
29.7706 -4.87383 -0.00584644 0.0103956 -0.000759047
30.1296 -4.87789 -0.00578487 0.00998001 -0.000899648
29.0524 -4.72414 -0.00610075 0.00984571 -0.000562215
29.4115 -4.72846 -0.00586476 0.0103367 -0.000585681
29.0524 -4.58317 -0.005949 0.00992643 -0.000266626
29.4115 -4.58735 -0.00585073 0.0103188 -0.000574105
29.7706 -4.73259 -0.0058305 0.0104246 -0.000985997
30.1296 -4.73655 -0.00586644 0.00998821 -0.00108716
29.7706 -4.59137 -0.00580834 0.0105499 -0.00118629
30.1297 -4.59521 -0.00595315 0.0100992 -0.00110441
30.4887 -5.02323 -0.00568258 0.00949316 -0.000818507
30.8478 -5.02701 -0.00561315 0.00916452 -0.000884936
30.4887 -4.88177 -0.00571899 0.00950776 -0.000954808
30.8478 -4.88545 -0.00564815 0.00920301 -0.00103317
31.2069 -5.0306 -0.00542219 0.00882414 -0.00101982
31.566 -5.03399 -0.00530082 0.00842155 -0.00112024
31.2069 -4.88894 -0.00546774 0.00887104 -0.00112663
31.566 -4.89224 -0.00531005 0.00847054 -0.001199
30.4887 -4.74031 -0.00581093 0.00956784 -0.00115008
30.8478 -4.74389 -0.0056855 0.0092586 -0.00112932
30.4887 -4.59886 -0.00592297 0.00966608 -0.00123777
30.8478 -4.60233 -0.00571023 0.00934411 -0.00123212
31.2069 -4.74728 -0.00553097 0.00890873 -0.0012134
31.566 -4.75049 -0.00535133 0.00852608 -0.00125797
31.2069 -4.60562 -0.0055926 0.00896888 -0.00126614
31.566 -4.60874 -0.00539495 0.00859213 -0.0013087
31.9247 -6.73915 -0.00506639 0.00776966 -0.000264744
32.2837 -6.74312 -0.00493892 0.00774424 -0.000390982
31.9247 -6.59734 -0.00505712 0.00782795 -0.000375085
32.2838 -6.60122 -0.00496482 0.00776909 -0.000484112
32.6428 -6.74682 -0.00482757 0.0075183 -0.000498987
33.0019 -6.75026 -0.00479098 0.00717295 -0.000654889
32.6429 -6.60484 -0.00485838 0.00754446 -0.000592196
33.002 -6.60821 -0.00480619 0.00719511 -0.000758246
31.9248 -6.45552 -0.00503019 0.0078996 -0.000507591
32.2838 -6.45932 -0.0050027 0.00778032 -0.000616051
31.9248 -6.3137 -0.00502299 0.00794175 -0.0006294
32.2839 -6.31741 -0.00505163 0.00777877 -0.000727814
32.6429 -6.46286 -0.00492421 0.00756578 -0.000755937
33.002 -6.46615 -0.0047913 0.00722662 -0.00090576
32.643 -6.32088 -0.00497271 0.00759186 -0.000908086
33.0021 -6.3241 -0.00480416 0.00725727 -0.00102966
33.361 -6.75343 -0.00461398 0.00684386 -0.0008821
33.7202 -6.75634 -0.00444671 0.006521 -0.00111344
33.3611 -6.61131 -0.00462307 0.00685668 -0.000992218
33.7202 -6.61416 -0.00446151 0.00653849 -0.00124082
34.0793 -6.75899 -0.00458378 0.00629497 -0.00142753
34.4384 -6.76137 -0.00469088 0.0063407 -0.00178622
34.0793 -6.61675 -0.00458074 0.00639478 -0.00156052
34.4384 -6.61908 -0.00471758 0.00635318 -0.00188803
33.3611 -6.46919 -0.00463296 0.00685312 -0.00113045
33.7202 -6.47198 -0.00451873 0.00652065 -0.00139473
33.3612 -6.32707 -0.00461488 0.00689288 -0.00126257
33.7203 -6.3298 -0.00457309 0.00656344 -0.00161376
34.0793 -6.47451 -0.00462288 0.0063727 -0.00165805
34.4385 -6.47679 -0.00474938 0.00638366 -0.00213485
34.0794 -6.33227 -0.00468807 0.00640856 -0.00195168
34.4385 -6.3345 -0.00480085 0.00644982 -0.00233629
31.9248 -6.17187 -0.00503985 0.00798726 -0.000720928
32.2839 -6.1755 -0.00509228 0.00777789 -0.000825367
31.9249 -6.03004 -0.0050805 0.00801144 -0.000788503
32.284 -6.03359 -0.00508533 0.00778508 -0.000953213
32.643 -6.17889 -0.00499342 0.0076113 -0.00103044
33.0021 -6.18204 -0.00484155 0.00726623 -0.00122221
32.643 -6.03691 -0.00502967 0.00761736 -0.00117124
33.0021 -6.03999 -0.00486494 0.00725591 -0.001371
31.9249 -5.88821 -0.00515296 0.00801931 -0.000857997
32.284 -5.89168 -0.00506674 0.0078234 -0.00106948
31.9249 -5.74638 -0.00514853 0.00803764 -0.000929008
32.284 -5.74977 -0.00506536 0.00781847 -0.00113095
32.6431 -5.89492 -0.00500865 0.00758829 -0.00125937
33.0022 -5.89793 -0.00487653 0.00725922 -0.00156305
32.6431 -5.75293 -0.00499449 0.00756169 -0.00139289
33.0022 -5.75587 -0.00486219 0.00723887 -0.0017258
33.3612 -6.18495 -0.00458824 0.00693907 -0.00146571
33.7203 -6.18762 -0.00463234 0.00656299 -0.00172994
33.3613 -6.04283 -0.00460958 0.00695701 -0.00165116
33.7204 -6.04544 -0.00464126 0.00662431 -0.00196203
34.0794 -6.19004 -0.00475215 0.00645576 -0.00211708
34.4385 -6.19221 -0.00487431 0.00651579 -0.00257794
34.0794 -6.0478 -0.00478976 0.00648213 -0.00238534
34.4386 -6.04993 -0.00494405 0.00656894 -0.0028344
33.3613 -5.90071 -0.00468279 0.00692899 -0.00185067
33.7204 -5.90326 -0.00465617 0.00664414 -0.00218994
33.3613 -5.75859 -0.00472816 0.0069246 -0.00200836
33.7204 -5.76108 -0.00469891 0.00670365 -0.00237381
34.0795 -5.90557 -0.00479591 0.00654195 -0.00257624
34.4386 -5.90765 -0.00496686 0.00665562 -0.00308077
34.0795 -5.76334 -0.00478862 0.0066164 -0.00282273
34.4386 -5.76537 -0.00501059 0.00672151 -0.00331408
34.7976 -6.76348 -0.00488404 0.0065207 -0.00222832
35.1567 -6.76533 -0.00530382 0.00688271 -0.00261416
34.7976 -6.62115 -0.00493787 0.00657046 -0.00236754
35.1568 -6.62296 -0.00536771 0.0069438 -0.00284611
35.5159 -6.76692 -0.005689 0.00734139 -0.00294783
35.8751 -6.76824 -0.00629995 0.00795322 -0.00326432
35.5159 -6.62451 -0.00573636 0.00739922 -0.00318803
35.8751 -6.6258 -0.00633783 0.00789282 -0.0034611
34.7976 -6.47881 -0.00499906 0.00659098 -0.00259542
35.1568 -6.48059 -0.00545374 0.00701971 -0.00303365
34.7976 -6.33648 -0.00505874 0.00665337 -0.00283416
35.1568 -6.33821 -0.00557037 0.00710201 -0.00322599
35.516 -6.48211 -0.00574445 0.00747856 -0.00340848
35.8751 -6.48337 -0.00628948 0.00782554 -0.00375882
35.516 -6.3397 -0.00583414 0.00758876 -0.00372203
35.8752 -6.34094 -0.00623252 0.0078815 -0.00408379
36.2344 -6.7693 -0.00674198 0.00884808 -0.00376765
36.5936 -6.77009 -0.00780278 0.0095382 -0.00341619
36.2344 -6.62685 -0.00656454 0.00857383 -0.00387689
36.5936 -6.62762 -0.00751788 0.00925985 -0.00386463
36.9528 -6.77061 -0.0087125 0.0102297 -0.00411092
37.3121 -6.77087 -0.00940366 0.0115852 -0.00427399
36.9528 -6.62814 -0.0085345 0.0100933 -0.00453836
37.3121 -6.62839 -0.00917513 0.0111509 -0.00454538
36.2344 -6.48439 -0.00670379 0.00830925 -0.00360238
36.5936 -6.48513 -0.0073745 0.00901445 -0.00433485
36.2344 -6.34193 -0.00666223 0.00829478 -0.00419155
36.5936 -6.34266 -0.00714441 0.00897222 -0.0046899
36.9528 -6.48564 -0.00843367 0.00965495 -0.00453809
37.312 -6.48589 -0.00894002 0.0106613 -0.00481525
36.9527 -6.34317 -0.00846453 0.00925443 -0.00448613
37.312 -6.3434 -0.00885405 0.010151 -0.0051178
34.7976 -6.19415 -0.00514832 0.00675484 -0.00310261
35.1568 -6.19584 -0.00567898 0.0071913 -0.00343048
34.7977 -6.05182 -0.00525558 0.00677569 -0.00333375
35.1568 -6.05348 -0.00562372 0.00725904 -0.00391392
35.516 -6.1973 -0.00582188 0.00771768 -0.00399342
35.8752 -6.19851 -0.006408 0.00778298 -0.00432072
35.516 -6.0549 -0.00584942 0.0077623 -0.00436258
35.8752 -6.05609 -0.00636817 0.0078213 -0.00475793
34.7977 -5.9095 -0.00544553 0.00678802 -0.00356848
35.1568 -5.91111 -0.00571045 0.00734901 -0.00412827
34.7977 -5.76718 -0.00547782 0.00683864 -0.0038242
35.1568 -5.76875 -0.00579909 0.00732373 -0.00436667
35.516 -5.9125 -0.00601654 0.00776885 -0.0046031
35.8752 -5.91366 -0.00652578 0.00788693 -0.0051072
35.516 -5.77011 -0.00607252 0.00779382 -0.00502825
35.8752 -5.77124 -0.00640207 0.00790995 -0.00558583
36.2344 -6.19948 -0.00667873 0.008238 -0.00474457
36.5936 -6.20021 -0.00686751 0.008966 -0.00499283
36.2344 -6.05703 -0.00659484 0.00825082 -0.00512185
36.5936 -6.05774 -0.00695188 0.00849749 -0.00544169
36.9527 -6.20069 -0.00787967 0.0092198 -0.00503664
37.312 -6.2009 -0.00871747 0.00977499 -0.00553466
36.9527 -6.0582 -0.00779617 0.00885955 -0.0055716
37.312 -6.05842 -0.00801066 0.00976541 -0.00600338
36.2344 -5.91458 -0.00681243 0.00810918 -0.00546273
36.5936 -5.91528 -0.00681793 0.00844755 -0.0058824
36.2343 -5.77214 -0.00668988 0.00817387 -0.00589849
36.5935 -5.77282 -0.00703617 0.00837759 -0.00618625
36.9527 -5.91574 -0.00756977 0.00862371 -0.00622441
37.312 -5.91597 -0.00781707 0.00965938 -0.00654362
36.9527 -5.77327 -0.00746821 0.00847807 -0.00654878
37.3119 -5.7735 -0.00780676 0.0094652 -0.00683289
31.925 -5.60453 -0.00514331 0.00803261 -0.000997434
32.2841 -5.60785 -0.00505844 0.00779836 -0.00121267
31.925 -5.4627 -0.00516685 0.00803052 -0.00105132
32.2841 -5.46593 -0.00505108 0.00778334 -0.00128642
32.6432 -5.61094 -0.00497711 0.0075236 -0.00149025
33.0023 -5.61381 -0.00485898 0.00719316 -0.00183182
32.6432 -5.46894 -0.00493137 0.00748064 -0.00158641
33.0023 -5.47174 -0.00487686 0.00712865 -0.00189129
31.925 -5.32086 -0.00517345 0.00803674 -0.0010918
32.2841 -5.32401 -0.00503897 0.00775649 -0.0013434
31.925 -5.17902 -0.00515503 0.00806166 -0.00118246
32.2842 -5.18209 -0.00501175 0.00772786 -0.00138273
32.6432 -5.32695 -0.00488976 0.00742983 -0.00165079
33.0023 -5.32968 -0.00482183 0.00710001 -0.00198769
32.6433 -5.18495 -0.00490328 0.00737414 -0.00167802
33.0024 -5.18761 -0.00477407 0.00706629 -0.00202841
33.3614 -5.61646 -0.00475453 0.00690232 -0.0021473
33.7205 -5.61889 -0.00474037 0.00667883 -0.00256574
33.3614 -5.47433 -0.00475738 0.00686349 -0.00227469
33.7205 -5.4767 -0.00474471 0.00668332 -0.00271676
34.0796 -5.6211 -0.00483135 0.00664572 -0.00300394
34.4386 -5.62308 -0.00504748 0.00673533 -0.00354809
34.0796 -5.47885 -0.00487094 0.00666192 -0.0031475
34.4387 -5.48079 -0.00501793 0.00676954 -0.00374735
33.3614 -5.3322 -0.00475657 0.00682955 -0.00236252
33.7205 -5.33451 -0.00473715 0.00667627 -0.00285653
33.3614 -5.19007 -0.00476827 0.00677548 -0.002429
33.7205 -5.19233 -0.00474448 0.00664667 -0.00290816
34.0796 -5.33661 -0.0048487 0.00663578 -0.0033021
34.4387 -5.3385 -0.00499554 0.00677423 -0.00387311
34.0796 -5.19437 -0.00479002 0.00664575 -0.00344377
34.4387 -5.19622 -0.00494866 0.0067215 -0.00405919
31.9251 -5.03718 -0.00515329 0.00807402 -0.00123775
32.2842 -5.04017 -0.00500756 0.00771512 -0.0014333
31.9251 -4.89534 -0.00515175 0.00809316 -0.00130185
32.2842 -4.89825 -0.00500205 0.00772101 -0.00145208
32.6433 -5.04296 -0.00488825 0.00735373 -0.00169397
33.0024 -5.04555 -0.0047543 0.00705816 -0.00204045
32.6433 -4.90097 -0.00487982 0.00736813 -0.00167011
33.0024 -4.90349 -0.00476953 0.00702909 -0.00203202
31.9251 -4.7535 -0.00517172 0.00813462 -0.00134227
32.2843 -4.75633 -0.00500862 0.00772973 -0.0014825
31.9252 -4.61167 -0.00519942 0.00818606 -0.00135995
32.2843 -4.61441 -0.00503077 0.00777042 -0.00144114
32.6434 -4.75897 -0.00487377 0.0073846 -0.00169684
33.0025 -4.76143 -0.00473956 0.00704571 -0.00203398
32.6434 -4.61698 -0.00492614 0.00740961 -0.00165361
33.0025 -4.61936 -0.00475392 0.0070886 -0.00203871
33.3615 -5.04794 -0.00472384 0.00675155 -0.00248212
33.7206 -5.05014 -0.00481771 0.00659296 -0.00291411
33.3615 -4.90582 -0.00469198 0.00674769 -0.00248146
33.7206 -4.90795 -0.00481613 0.00662296 -0.00300826
34.0797 -5.05213 -0.0047838 0.00662599 -0.00355316
34.4388 -5.05393 -0.00488384 0.0066701 -0.00414571
34.0797 -4.90989 -0.00477982 0.00659022 -0.00359498
34.4388 -4.91165 -0.00483987 0.00661844 -0.00427103
33.3615 -4.76369 -0.00472302 0.00674338 -0.00250021
33.7206 -4.76577 -0.00481705 0.00661866 -0.00303636
33.3616 -4.62156 -0.00471834 0.00678468 -0.00252555
33.7207 -4.62358 -0.00482384 0.00663728 -0.00316008
34.0797 -4.76766 -0.0047389 0.00658434 -0.00368065
34.4388 -4.76936 -0.00483432 0.0065205 -0.00436123
34.0798 -4.62542 -0.00472083 0.0066142 -0.00377295
34.4388 -4.62708 -0.0048317 0.00647919 -0.00447358
34.7977 -5.62485 -0.00545156 0.00689938 -0.00405515
35.1569 -5.62639 -0.00586047 0.00728845 -0.00465957
34.7978 -5.48251 -0.00543047 0.00690776 -0.00426856
35.1569 -5.48401 -0.00590901 0.00724155 -0.00491742
35.516 -5.62771 -0.00604463 0.00782397 -0.00534084
35.8752 -5.62882 -0.0065394 0.00798424 -0.00574023
35.516 -5.48531 -0.00606794 0.00771893 -0.00564729
35.8752 -5.48638 -0.00662157 0.00805822 -0.00606144
34.7978 -5.34018 -0.00540017 0.00690505 -0.0044798
35.1569 -5.34164 -0.00586958 0.00713192 -0.00515003
34.7978 -5.19786 -0.0053078 0.0068427 -0.00468154
35.1569 -5.19928 -0.00570749 0.00699484 -0.00531802
35.5161 -5.34291 -0.00610785 0.00759543 -0.00574402
35.8752 -5.34396 -0.00652594 0.00805551 -0.00649473
35.5161 -5.20051 -0.00621381 0.00735801 -0.00595051
35.8752 -5.20154 -0.00657831 0.00793577 -0.00671448
36.2344 -5.6297 -0.0067263 0.00827209 -0.00632743
36.5935 -5.63037 -0.00701037 0.00848989 -0.00655925
36.2343 -5.48725 -0.00680657 0.00845159 -0.00673116
36.5935 -5.4879 -0.0071768 0.00850635 -0.00703356
36.9527 -5.63081 -0.00765271 0.00854761 -0.00695575
37.3119 -5.63101 -0.00807363 0.00910801 -0.00736465
36.9527 -5.48833 -0.00761397 0.00870083 -0.00739248
37.3119 -5.48854 -0.00813529 0.0090483 -0.00756746
36.2343 -5.3448 -0.00686147 0.0084942 -0.00691024
36.5935 -5.34544 -0.00737335 0.00847748 -0.00723596
36.2343 -5.20237 -0.00703615 0.00834637 -0.00703823
36.5934 -5.20299 -0.00753504 0.00852969 -0.00742315
36.9527 -5.34586 -0.0074689 0.00880385 -0.00751868
37.3119 -5.34608 -0.00801157 0.00909953 -0.00795323
36.9526 -5.20341 -0.00741407 0.00905443 -0.00802082
37.3118 -5.20362 -0.00803837 0.00930767 -0.008497
34.7978 -5.05553 -0.00522966 0.00673357 -0.00485377
35.157 -5.05693 -0.00537256 0.00706728 -0.00555906
34.7979 -4.91321 -0.00519547 0.00660733 -0.00493147
35.157 -4.91457 -0.00546694 0.00682943 -0.00565606
35.5161 -5.05814 -0.00588347 0.00734293 -0.00635903
35.8752 -5.05914 -0.00630039 0.00803635 -0.00680149
35.5161 -4.91575 -0.00592208 0.00715221 -0.006274
35.8752 -4.91673 -0.00637958 0.00790158 -0.00702041
34.7979 -4.77088 -0.00514638 0.00649481 -0.0048982
35.157 -4.77221 -0.00545887 0.006661 -0.00558691
34.7979 -4.62855 -0.00494528 0.00655986 -0.00512008
35.157 -4.62984 -0.00532457 0.00663243 -0.00572767
35.5161 -4.77335 -0.00588861 0.0070738 -0.00623681
35.8752 -4.77431 -0.00633371 0.00762887 -0.00693785
35.5161 -4.63095 -0.00572954 0.00699478 -0.00630692
35.8752 -4.63188 -0.00628626 0.0075972 -0.00671617
36.2343 -5.05994 -0.00679787 0.00858337 -0.00735813
36.5934 -5.06054 -0.00734242 0.00883565 -0.0078735
36.2343 -4.91751 -0.0070061 0.00838749 -0.00742944
36.5934 -4.9181 -0.00742346 0.00881114 -0.00803808
36.9526 -5.06095 -0.00772957 0.0089982 -0.00835799
37.3118 -5.06115 -0.00815588 0.00934182 -0.00887982
36.9526 -4.91849 -0.00774961 0.00916432 -0.00854678
37.3118 -4.91869 -0.00841102 0.00952659 -0.00918152
36.2343 -4.77507 -0.0068906 0.00825042 -0.00756439
36.5934 -4.77564 -0.00743899 0.00878161 -0.00818356
36.2343 -4.63262 -0.0067744 0.00823423 -0.00765226
36.5934 -4.63318 -0.0074416 0.00875637 -0.00824497
36.9526 -4.77603 -0.00787557 0.00922362 -0.00892127
37.3118 -4.77622 -0.00861657 0.00961834 -0.00963991
36.9526 -4.63356 -0.00786783 0.00931518 -0.00906481
37.3117 -4.63376 -0.00866226 0.00983261 -0.00989391
