37.6776 6.91485 -0.00962697 0.0142029 -0.00563699
38.037 6.91464 -0.0102931 0.0142819 -0.00607645
37.6777 7.05728 -0.00941329 0.0144948 -0.0052705
38.0371 7.05706 -0.0103895 0.0142467 -0.00566659
38.3963 6.91415 -0.0102276 0.0150807 -0.00597085
38.7556 6.9134 -0.0105135 0.0156455 -0.00638741
38.3965 7.05656 -0.0108137 0.0147051 -0.00584763
38.7558 7.05579 -0.010815 0.0154616 -0.005804
37.6779 7.19973 -0.00974775 0.0140087 -0.00509746
38.0373 7.19948 -0.0107398 0.0139572 -0.00539824
37.678 7.34216 -0.00937296 0.0143469 -0.00478819
38.0374 7.34189 -0.0104295 0.0141829 -0.00530284
38.3966 7.19896 -0.0107219 0.0146912 -0.00552557
38.7559 7.19817 -0.0106122 0.0156762 -0.00533728
38.3967 7.34135 -0.0108143 0.0145461 -0.00529723
38.756 7.34053 -0.010398 0.0160645 -0.00506515
39.1149 6.91238 -0.01117 0.0157782 -0.0058972
39.4742 6.91108 -0.0111677 0.01646 -0.00597529
39.115 7.05473 -0.0119872 0.0153383 -0.0058727
39.4743 7.05339 -0.0111734 0.0167293 -0.00549436
39.8334 6.90953 -0.0136219 0.0151371 -0.0057465
40.1927 6.90767 -0.0131666 0.0158934 -0.00618613
39.8335 7.05178 -0.0132794 0.0155155 -0.00572948
40.1929 7.04989 -0.0131898 0.0161269 -0.0055752
39.1151 7.19708 -0.0122272 0.0154108 -0.00570486
39.4744 7.19569 -0.0118822 0.0163755 -0.0050044
39.1152 7.33944 -0.0120583 0.0158102 -0.00528245
39.4745 7.33799 -0.0129425 0.0157984 -0.00504517
39.8336 7.19403 -0.0129117 0.0160192 -0.00552733
40.193 7.1921 -0.0131996 0.0162977 -0.00512923
39.8338 7.33629 -0.01247 0.0164301 -0.00496547
40.1932 7.33433 -0.0129536 0.0165396 -0.00481134
37.6782 7.48457 -0.00940508 0.0141511 -0.00438934
38.0375 7.4843 -0.0105426 0.0140064 -0.00483236
37.6783 7.627 -0.00939376 0.0137887 -0.00378064
38.0376 7.62671 -0.0109164 0.0137179 -0.00440822
38.3968 7.48373 -0.0109873 0.0144811 -0.00504738
38.7561 7.48288 -0.0105021 0.0161323 -0.00466071
38.3969 7.62612 -0.0111017 0.0144393 -0.00453116
38.7562 7.62523 -0.0108231 0.0158625 -0.00444499
37.6784 7.7694 -0.00950595 0.0136049 -0.00346303
38.0377 7.76912 -0.0107548 0.0140107 -0.00425615
37.6786 7.9118 -0.00964656 0.0135589 -0.00348439
38.0378 7.91155 -0.0104345 0.0142325 -0.00363402
38.397 7.76853 -0.01123 0.0143781 -0.00395142
38.7563 7.76762 -0.0111826 0.015515 -0.00396191
38.3971 7.91094 -0.0116164 0.0138641 -0.00331885
38.7564 7.91002 -0.0115371 0.0152901 -0.00375739
39.1153 7.48175 -0.0117644 0.0162416 -0.00487115
39.4746 7.48033 -0.0137724 0.0153122 -0.00497227
39.1155 7.62408 -0.0115611 0.016569 -0.00455375
39.4747 7.62263 -0.0136522 0.0158087 -0.00474801
39.834 7.47858 -0.0128478 0.0164212 -0.004815
40.1933 7.47655 -0.0134411 0.0163208 -0.00460708
39.8341 7.62088 -0.0128683 0.0165742 -0.00419873
40.1935 7.61881 -0.0141683 0.0158261 -0.00438462
39.1156 7.76644 -0.0114981 0.0167142 -0.00413455
39.4749 7.76497 -0.01381 0.0159781 -0.00448504
39.1158 7.90882 -0.0111636 0.016795 -0.0035097
39.4751 7.90733 -0.0133258 0.0163938 -0.00415975
39.8343 7.76318 -0.0131972 0.0165624 -0.00390532
40.1936 7.76107 -0.0139614 0.0161255 -0.00398918
39.8344 7.90549 -0.0139345 0.0161094 -0.00362188
40.1938 7.90334 -0.0137055 0.0165357 -0.00365665
40.552 6.90554 -0.0136204 0.0159214 -0.00564769
40.9113 6.90315 -0.0137289 0.0162799 -0.0057928
40.5522 7.04772 -0.0136059 0.0160322 -0.00566274
40.9115 7.04529 -0.0139173 0.0162309 -0.00545095
41.2707 6.9005 -0.0138634 0.0166363 -0.00580762
41.6301 6.89757 -0.0142247 0.0167679 -0.00618208
41.2709 7.04258 -0.0140388 0.0165864 -0.00567738
41.6303 7.03959 -0.0142862 0.016705 -0.00586337
40.5524 7.1899 -0.0135534 0.0163652 -0.00534475
40.9117 7.18742 -0.0142738 0.016134 -0.00525886
40.5525 7.33208 -0.0133476 0.0167764 -0.00496737
40.9119 7.32955 -0.013945 0.0165037 -0.0049843
41.2711 7.18466 -0.0142732 0.0165013 -0.00526969
41.6305 7.18161 -0.0142794 0.0167336 -0.00551201
41.2712 7.32673 -0.0142953 0.0166032 -0.0049673
41.6307 7.32363 -0.0143481 0.0168133 -0.00503233
41.9896 6.89438 -0.0143418 0.0169192 -0.00663651
42.349 6.89092 -0.0140935 0.0172982 -0.00709841
41.9897 7.03634 -0.0143881 0.0167891 -0.00616729
42.3492 7.03281 -0.0139822 0.0172792 -0.0066226
42.7085 6.88719 -0.0146936 0.0166706 -0.00771524
43.068 6.88318 -0.014262 0.0164434 -0.00847873
42.7086 7.02899 -0.0145722 0.0165882 -0.00727014
43.0681 7.02491 -0.014155 0.0163669 -0.00803757
41.9899 7.17829 -0.0144075 0.016803 -0.00573408
42.3494 7.17467 -0.013868 0.0171775 -0.00598924
41.9901 7.32023 -0.0144719 0.0166704 -0.00535601
42.3496 7.31655 -0.014131 0.0169849 -0.00553303
42.7088 7.17079 -0.0144286 0.0166158 -0.00685635
43.0683 7.16663 -0.0140719 0.0161916 -0.00729051
42.709 7.31259 -0.0140536 0.0167253 -0.00614392
43.0684 7.30835 -0.0139846 0.0161565 -0.00666748
40.5527 7.47426 -0.0132567 0.0169487 -0.00452824
40.9121 7.47169 -0.0141571 0.01653 -0.00462422
40.5529 7.61645 -0.0132617 0.017019 -0.0040627
40.9122 7.61384 -0.0140527 0.0168415 -0.00436785
41.2714 7.46881 -0.0142728 0.0167834 -0.00464979
41.6308 7.46565 -0.0143432 0.0167853 -0.00464074
41.2716 7.61091 -0.014433 0.0168497 -0.00408713
41.631 7.60768 -0.0147723 0.0167253 -0.00402879
40.5531 7.75868 -0.0137685 0.0168527 -0.0036839
40.9125 7.756 -0.0138892 0.0171441 -0.00379525
40.5532 7.90091 -0.0136574 0.0169248 -0.00352225
40.9127 7.89816 -0.0141565 0.0169425 -0.00296952
41.2718 7.75301 -0.0145888 0.0168206 -0.00375975
41.6312 7.74971 -0.0145244 0.017108 -0.0039074
41.272 7.89511 -0.0148177 0.0168987 -0.0033951
41.6314 7.89175 -0.0145457 0.016939 -0.00321438
41.9903 7.46219 -0.0144759 0.0168323 -0.00468316
42.3497 7.45844 -0.0144384 0.0166826 -0.00498896
41.9905 7.60415 -0.0145558 0.0168568 -0.00420371
42.3499 7.60032 -0.0145417 0.016564 -0.00446015
42.7092 7.45439 -0.0140425 0.0166453 -0.00537405
43.0686 7.45006 -0.0137959 0.016141 -0.00602558
42.7093 7.5962 -0.014187 0.0163963 -0.00471456
43.0687 7.59177 -0.013732 0.0160615 -0.00531211
41.9906 7.74611 -0.014678 0.0168353 -0.00359662
42.35 7.74221 -0.0145641 0.0165812 -0.00390971
41.9908 7.88806 -0.0148171 0.0168316 -0.00328299
42.3502 7.88408 -0.014573 0.0166773 -0.00333635
42.7095 7.73799 -0.014239 0.0162845 -0.00410848
43.0689 7.73348 -0.0137492 0.0158547 -0.00457499
42.7096 7.87979 -0.0142651 0.0162107 -0.00350831
43.069 7.87519 -0.0137892 0.0156528 -0.00388401
37.6787 8.05419 -0.00952311 0.0136437 -0.00319243
38.038 8.05392 -0.00968306 0.0146282 -0.00291388
37.6789 8.19657 -0.00959612 0.013661 -0.00270212
38.0382 8.19629 -0.0096233 0.0147082 -0.00235683
38.3972 8.05332 -0.0118708 0.0135995 -0.00320639
38.7565 8.05239 -0.011776 0.0151193 -0.00324076
38.3973 8.19568 -0.0118051 0.0141164 -0.00327946
38.7566 8.19474 -0.0119359 0.0149538 -0.00272205
37.679 8.33897 -0.00981788 0.0136264 -0.00215391
38.0383 8.33866 -0.00999595 0.0145871 -0.00222805
37.6792 8.48137 -0.0100198 0.0134662 -0.0017613
38.0384 8.48105 -0.0103484 0.0142284 -0.00191854
38.3975 8.33805 -0.0114359 0.0145041 -0.00272001
38.7568 8.33708 -0.0122401 0.0147297 -0.00231287
38.3977 8.48041 -0.0111918 0.0145572 -0.00191287
38.7569 8.47942 -0.0121915 0.0147987 -0.00212144
39.1159 8.05117 -0.0117045 0.0164304 -0.00325794
39.4753 8.04964 -0.0127702 0.0168248 -0.00345865
39.116 8.19348 -0.0122299 0.0160386 -0.0028078
39.4754 8.19192 -0.0124471 0.0170995 -0.00271233
39.8346 8.04777 -0.0141771 0.0160558 -0.00329301
40.1939 8.04559 -0.014158 0.0164848 -0.00307186
39.8347 8.19004 -0.0138895 0.0162955 -0.00319726
40.1941 8.1878 -0.0142952 0.016358 -0.002651
39.1162 8.33579 -0.0124671 0.0158465 -0.00239104
39.4756 8.33418 -0.0126783 0.0169988 -0.0021632
39.1163 8.4781 -0.0126602 0.0157766 -0.00191639
39.4757 8.47645 -0.0132995 0.0165956 -0.00209909
39.8349 8.33227 -0.0133844 0.0169437 -0.00234272
40.1943 8.33001 -0.0145916 0.0162221 -0.00242666
39.8351 8.47447 -0.0129757 0.0175112 -0.00179322
40.1945 8.47219 -0.0143099 0.0168482 -0.00250009
37.6793 8.62376 -0.0101222 0.0134663 -0.00152487
38.0386 8.62343 -0.0108699 0.0138114 -0.00154033
37.6795 8.76614 -0.009907 0.0136117 -0.00103467
38.0387 8.76581 -0.0111526 0.0136988 -0.00132313
38.3978 8.62276 -0.0113014 0.0145542 -0.00152514
38.7571 8.62177 -0.0120731 0.0151458 -0.00171027
38.398 8.76513 -0.0113899 0.0145994 -0.0011132
38.7573 8.76412 -0.0118718 0.0154974 -0.00103393
37.6796 8.90851 -0.0101491 0.0135883 -0.000593336
38.0389 8.90817 -0.010947 0.0138246 -0.00083639
37.6798 9.05086 -0.0104765 0.0130269 -6.21131e-05
38.0391 9.05053 -0.0105449 0.0142217 -0.000463896
38.3982 8.90748 -0.0112501 0.0147149 -0.000702614
38.7574 8.90644 -0.0120517 0.0154782 -0.000652364
38.3983 9.04983 -0.011372 0.0146804 -0.000156045
38.7576 9.04877 -0.0123381 0.0152384 -0.000496097
39.1164 8.62043 -0.0128864 0.015702 -0.00137167
39.4758 8.61874 -0.0136852 0.0161917 -0.00129827
39.1166 8.76276 -0.0131274 0.0155648 -0.000962101
39.4759 8.76103 -0.01405 0.0161394 -0.00117943
39.8353 8.61672 -0.013569 0.0169515 -0.00135506
40.1947 8.61439 -0.0135514 0.0172903 -0.00165588
39.8354 8.75896 -0.0139363 0.0166373 -0.00115589
40.1948 8.75657 -0.013322 0.0175359 -0.000922967
39.1167 8.90505 -0.0131551 0.0157545 -0.00094311
39.476 8.90331 -0.0141707 0.0159232 -0.000737638
39.1168 9.04735 -0.0133185 0.0157074 -0.000301752
39.4762 9.04558 -0.0140043 0.0161658 -0.00074877
39.8355 8.90121 -0.0139353 0.0163847 -0.000851115
40.1949 8.89876 -0.0137585 0.0171683 -0.000556764
39.8356 9.04345 -0.0142569 0.0162538 -0.000279204
40.1951 9.04097 -0.0139305 0.0169863 -0.000471181
40.5534 8.04311 -0.0136496 0.0171566 -0.00296243
40.9128 8.0403 -0.0143546 0.0171638 -0.00308159
40.5536 8.18527 -0.0140527 0.0170012 -0.00251515
40.913 8.18241 -0.0145142 0.0171046 -0.00229596
41.2722 8.03718 -0.0146354 0.0171735 -0.00273939
41.6316 8.03375 -0.014777 0.0170219 -0.00282005
41.2723 8.17924 -0.0150368 0.0170989 -0.00249115
41.6318 8.17574 -0.0150048 0.0172621 -0.0022894
40.5537 8.32742 -0.014247 0.0169659 -0.00220702
40.9131 8.32451 -0.0144116 0.0172072 -0.00229227
40.5539 8.46957 -0.0145331 0.0169353 -0.00170223
40.9133 8.46662 -0.0148108 0.0171748 -0.00167522
41.2725 8.32128 -0.0149767 0.0172766 -0.00202693
41.6319 8.31772 -0.0151545 0.0173637 -0.00166116
41.2727 8.46332 -0.0149527 0.0174494 -0.00151607
41.6321 8.45971 -0.0154418 0.017313 -0.00150955
41.991 8.03 -0.0148363 0.0169586 -0.00278127
42.3504 8.02595 -0.0146427 0.0167068 -0.00271255
41.9912 8.17193 -0.0150609 0.0170046 -0.00213666
42.3506 8.1678 -0.0146697 0.0167665 -0.00219026
42.7098 8.02158 -0.0143539 0.0161224 -0.00282861
43.0692 8.0169 -0.0139084 0.0154029 -0.00318468
42.7099 8.16335 -0.0143655 0.0160934 -0.00224936
43.0693 8.15859 -0.0140803 0.0152159 -0.00250846
41.9913 8.31384 -0.015278 0.0169475 -0.00179721
42.3507 8.30965 -0.0147149 0.0167802 -0.00164443
41.9915 8.45576 -0.0154247 0.0171207 -0.00136596
42.3509 8.45149 -0.0147886 0.0168977 -0.00118329
42.7101 8.30512 -0.01438 0.0161248 -0.00178008
43.0695 8.30028 -0.014084 0.0151694 -0.00191227
42.7103 8.44689 -0.0145285 0.0160257 -0.00127504
43.0696 8.44196 -0.0139308 0.0151476 -0.00150385
40.554 8.61171 -0.014464 0.0168107 -0.00161952
40.9134 8.6087 -0.014927 0.0170999 -0.00150675
40.5542 8.75385 -0.0145334 0.0170529 -0.0015071
40.9136 8.75081 -0.0151734 0.0171539 -0.00121976
41.2728 8.60537 -0.015112 0.017577 -0.00129314
41.6323 8.6017 -0.0156395 0.0174277 -0.00107449
41.2731 8.74743 -0.0151915 0.0176875 -0.000891498
41.6325 8.7437 -0.0156696 0.0176216 -0.000809366
40.5544 8.89602 -0.0140312 0.0176616 -0.000804281
40.9138 8.89292 -0.0152535 0.0171798 -0.000689006
40.5546 9.03816 -0.0139313 0.0177443 -0.00024429
40.9141 9.03501 -0.0150466 0.0173608 -0.00050414
41.2733 8.88947 -0.0154586 0.0175199 -0.000620398
41.6327 8.88568 -0.0156472 0.0178504 -0.000583511
41.2735 9.0315 -0.0156456 0.017504 -0.000545386
41.6329 9.02764 -0.0153012 0.0181254 -0.000378207
41.9917 8.59769 -0.0154361 0.0173197 -0.000849525
42.3511 8.59334 -0.0150407 0.0167746 -0.000687144
41.9919 8.73962 -0.0155566 0.0174178 -0.00046326
42.3512 8.73519 -0.0153486 0.0165319 -0.000506967
42.7104 8.58865 -0.0145996 0.0159707 -0.000989963
43.0698 8.58363 -0.0138529 0.0151565 -0.00100415
42.7106 8.73042 -0.0146316 0.0161026 -0.000577225
43.0699 8.72531 -0.0138753 0.0152197 -0.000614384
41.992 8.88152 -0.0157735 0.0174281 -0.00036915
42.3513 8.87702 -0.0154884 0.0165927 -0.000370195
41.9922 9.02341 -0.016086 0.0172282 -0.000256282
42.3515 9.01883 -0.0154057 0.0166652 -0.000398412
42.7107 8.87217 -0.0146066 0.0162337 -0.000382698
43.0701 8.86697 -0.0139587 0.0151267 -0.000431009
42.7109 9.0139 -0.0146045 0.0161128 -0.000324052
43.0702 9.00862 -0.0139532 0.0150799 -0.00040697
43.4275 6.8789 -0.013807 0.0163165 -0.00959331
43.787 6.87435 -0.0134399 0.0158739 -0.0105882
43.4276 7.02054 -0.0136884 0.0160748 -0.00882954
43.7871 7.0159 -0.0132344 0.0156278 -0.00980145
44.1465 6.86954 -0.0131086 0.0149891 -0.0115807
44.5061 6.86445 -0.012235 0.0142536 -0.0123628
44.1467 7.01098 -0.0128189 0.0148465 -0.0107564
44.5062 7.00579 -0.0121978 0.0139826 -0.0114331
43.4277 7.16218 -0.0136123 0.0158497 -0.00808046
43.7873 7.15744 -0.0131888 0.015323 -0.00895234
43.4279 7.30381 -0.0135498 0.0156775 -0.00736416
43.7874 7.29897 -0.0130974 0.0150885 -0.00810287
44.1468 7.15241 -0.0125253 0.0147783 -0.00988326
44.5063 7.14711 -0.0120093 0.0139596 -0.0104475
44.1469 7.29384 -0.0123625 0.0146825 -0.00896644
44.5064 7.28844 -0.011924 0.0138347 -0.00948117
44.8656 6.85909 -0.0114837 0.0135202 -0.0129488
45.2251 6.85346 -0.0107014 0.0127442 -0.0135114
44.8657 7.00032 -0.0114738 0.0132407 -0.0119499
45.2252 6.99456 -0.0106155 0.0124916 -0.0124885
45.5846 6.84756 -0.0098171 0.0119047 -0.014095
45.9442 6.8414 -0.00906917 0.0110825 -0.0146222
45.5847 6.98854 -0.0096984 0.0116616 -0.0129858
45.9442 6.98225 -0.0088397 0.010765 -0.0134977
44.8658 7.14153 -0.0113489 0.0131095 -0.0109725
45.2253 7.13566 -0.0105267 0.0122885 -0.0114576
44.8659 7.28274 -0.0112265 0.0130016 -0.00998592
45.2254 7.27676 -0.010424 0.012112 -0.0104063
45.5848 7.12952 -0.00961711 0.0114251 -0.0119335
45.9443 7.1231 -0.00868172 0.010485 -0.0124191
45.5849 7.27049 -0.00952909 0.0112129 -0.0108951
45.9444 7.26394 -0.00857437 0.0102313 -0.0113557
43.428 7.44543 -0.0135678 0.0154353 -0.00659669
43.7875 7.44049 -0.0130861 0.0148086 -0.00731159
43.4282 7.58705 -0.013559 0.0152307 -0.00587126
43.7877 7.58202 -0.0128386 0.0147033 -0.00653574
44.147 7.43527 -0.0124269 0.0143438 -0.00798348
44.5065 7.42976 -0.0119975 0.0135249 -0.00848054
44.1472 7.5767 -0.0123417 0.0141353 -0.00703834
44.5066 7.57107 -0.0118774 0.0134058 -0.0076063
43.4283 7.72866 -0.0134862 0.0150321 -0.00518413
43.7878 7.72354 -0.012791 0.0145778 -0.00572552
43.4285 7.87028 -0.0134116 0.0148903 -0.00440261
43.7879 7.86506 -0.0128587 0.0143243 -0.00483686
44.1473 7.71811 -0.0123039 0.0139735 -0.00616279
44.5068 7.71239 -0.0118574 0.0132421 -0.00662457
44.1474 7.85954 -0.0122806 0.0137641 -0.00529568
44.5069 7.8537 -0.0118828 0.01304 -0.00572695
44.866 7.42395 -0.0112366 0.0127757 -0.00897248
45.2255 7.41785 -0.010414 0.0118553 -0.00937765
44.8661 7.56515 -0.0112012 0.0125871 -0.00793967
45.2256 7.55894 -0.0103394 0.011675 -0.00837493
45.585 7.41146 -0.00945205 0.0109727 -0.00986287
45.9445 7.40478 -0.00846871 0.0100005 -0.0103194
45.5851 7.55243 -0.00936875 0.0107387 -0.00882644
45.9446 7.54562 -0.00836774 0.00976626 -0.00930226
44.8662 7.70635 -0.0111381 0.012462 -0.00700893
45.2257 7.70002 -0.0102398 0.0114934 -0.00741817
44.8663 7.84756 -0.011108 0.0122634 -0.00615588
45.2258 7.84111 -0.0102026 0.0112908 -0.00650956
45.5852 7.69339 -0.00928959 0.0104979 -0.00783373
45.9447 7.68646 -0.0082501 0.00950078 -0.00829207
45.5853 7.83435 -0.00919559 0.0102722 -0.00689656
45.9447 7.82729 -0.00815753 0.00924742 -0.00731067
46.3037 6.83496 -0.00841567 0.010445 -0.014831
46.6632 6.82826 -0.00787071 0.00983558 -0.0148288
46.3038 6.97568 -0.00812179 0.0100321 -0.0137235
46.6633 6.96884 -0.00750399 0.00937239 -0.0138022
47.0227 6.82129 -0.00729962 0.00917442 -0.0147545
47.3822 6.81405 -0.00670064 0.00846111 -0.0146356
47.0228 6.96173 -0.00692165 0.00866387 -0.0137134
47.3823 6.95434 -0.0062787 0.00797039 -0.0136265
46.3038 7.11639 -0.00789398 0.00960008 -0.0126644
46.6633 7.10942 -0.00720808 0.00886258 -0.012753
46.3039 7.25711 -0.00764322 0.00926201 -0.0116284
46.6634 7.24999 -0.0068511 0.00842379 -0.0117332
47.0228 7.10216 -0.00655588 0.0081585 -0.0126911
47.3823 7.09462 -0.00586508 0.00749046 -0.0126246
47.0229 7.24258 -0.00616837 0.00770276 -0.0116939
47.3824 7.2349 -0.00548397 0.00699546 -0.0116314
47.7417 6.80655 -0.00595311 0.00769123 -0.0145447
48.1012 6.79877 -0.00486844 0.00664947 -0.0145246
47.7418 6.94668 -0.00555763 0.00719149 -0.0135466
48.1013 6.93874 -0.0045621 0.00619962 -0.0134933
48.4608 6.79073 -0.00303952 0.0050399 -0.0146374
48.8203 6.78243 -0.000406276 0.00267448 -0.0145651
48.4608 6.93054 -0.0029241 0.00476032 -0.0135892
48.8203 6.92206 -0.000350304 0.00256604 -0.0136286
47.7418 7.0868 -0.00513453 0.00674301 -0.0125603
48.1013 7.07871 -0.0042312 0.00581081 -0.0125036
47.7419 7.22693 -0.0047933 0.00626767 -0.0115963
48.1013 7.21867 -0.00390997 0.005379 -0.0115743
48.4608 7.07034 -0.00279503 0.00443481 -0.0125484
48.8203 7.06169 -0.000420735 0.00235818 -0.0127011
48.4608 7.21014 -0.0025986 0.0041157 -0.0115876
48.8203 7.20132 -0.000422653 0.00219852 -0.0117572
46.304 7.39782 -0.0074368 0.00897935 -0.0106505
46.6635 7.39056 -0.00654585 0.0080018 -0.0107631
46.3041 7.53852 -0.00732104 0.00866404 -0.00966205
46.6635 7.53112 -0.0062536 0.00761787 -0.00986619
47.023 7.38301 -0.00583046 0.00719702 -0.0107214
47.3824 7.37517 -0.00513201 0.00649458 -0.010654
47.023 7.52343 -0.00544578 0.00676562 -0.00980632
47.3825 7.51545 -0.00477817 0.00604387 -0.0097151
46.3041 7.67922 -0.00712633 0.00840253 -0.00871455
46.6636 7.67169 -0.00603547 0.00726914 -0.00891528
46.3042 7.81992 -0.0070219 0.00811126 -0.00771147
46.6637 7.81224 -0.00587721 0.00693795 -0.00795847
47.0231 7.66385 -0.00514853 0.00625882 -0.00895347
47.3825 7.65572 -0.00459157 0.00541192 -0.00874303
47.0231 7.80426 -0.00467185 0.00608331 -0.00811046
47.3826 7.79598 -0.00412536 0.00517048 -0.00796149
47.7419 7.36705 -0.00444063 0.00575429 -0.0106416
48.1014 7.35864 -0.00358967 0.00492437 -0.0106415
47.7419 7.50717 -0.00406501 0.00531293 -0.00970922
48.1014 7.49859 -0.0032206 0.00450674 -0.00970469
48.4608 7.34993 -0.00238792 0.00375111 -0.0106543
48.8203 7.34094 -0.00042275 0.00204151 -0.0108137
48.4608 7.48972 -0.00211465 0.00345158 -0.00971353
48.8203 7.48056 -0.000365298 0.00190235 -0.00982431
47.742 7.64728 -0.00373484 0.00489883 -0.00879592
48.1014 7.63854 -0.00290623 0.00410568 -0.00879172
47.742 7.78739 -0.0034457 0.00450817 -0.00784949
48.1015 7.77849 -0.00262048 0.00372696 -0.00783007
48.4609 7.62951 -0.00188116 0.00309352 -0.00875577
48.8203 7.62017 -0.000311218 0.00169117 -0.00880777
48.4609 7.76929 -0.00163342 0.00281592 -0.00780469
48.8203 7.75978 -0.000205495 0.00154124 -0.00779383
43.4286 8.01189 -0.0132523 0.0147992 -0.00368364
43.7881 8.00658 -0.0127599 0.0141859 -0.00403973
43.4287 8.1535 -0.0132354 0.0146818 -0.00291369
43.7882 8.14809 -0.012665 0.0140555 -0.00327065
44.1475 8.00096 -0.0124164 0.0134489 -0.00440225
44.507 7.99501 -0.0118686 0.012842 -0.00488661
44.1476 8.14236 -0.0123983 0.0132589 -0.00366968
44.5071 8.13631 -0.0117979 0.0126796 -0.00408481
43.4289 8.2951 -0.0132182 0.0145466 -0.00220177
43.7883 8.28959 -0.0127399 0.0137643 -0.00253709
43.429 8.43669 -0.0131452 0.0143652 -0.00167788
43.7884 8.43108 -0.0127404 0.0135435 -0.00198791
44.1478 8.28375 -0.0123269 0.0131055 -0.00295291
44.5072 8.2776 -0.0116797 0.0124928 -0.00339976
44.1479 8.42515 -0.0122118 0.0129575 -0.00235167
44.5073 8.41889 -0.0116354 0.0122905 -0.00271401
44.8664 7.98875 -0.0110802 0.0120653 -0.00531709
45.2259 7.98218 -0.0101275 0.0111151 -0.00570753
44.8665 8.12994 -0.0110508 0.0118656 -0.00453688
45.226 8.12325 -0.0101142 0.0109325 -0.00490125
45.5854 7.9753 -0.00915813 0.0100751 -0.0060109
45.9448 7.96811 -0.00803138 0.00899594 -0.00637992
45.5854 8.11624 -0.00909635 0.00989967 -0.00520056
45.9449 8.10892 -0.00798422 0.00876252 -0.00545473
44.8666 8.27112 -0.0109821 0.0116751 -0.00380531
45.2261 8.26431 -0.01009 0.0107806 -0.00413982
44.8667 8.41229 -0.0109493 0.0115078 -0.00310141
45.2262 8.40537 -0.0100695 0.0106259 -0.00340283
45.5855 8.25718 -0.00907719 0.00974587 -0.00439103
45.945 8.24973 -0.00797141 0.00856409 -0.0045952
45.5856 8.39812 -0.00910266 0.00958996 -0.00359763
45.9451 8.39054 -0.00791345 0.00841166 -0.00378748
43.4292 8.57828 -0.0131697 0.0141821 -0.00118424
43.7886 8.57257 -0.0126955 0.0133995 -0.0014279
43.4293 8.71986 -0.0132481 0.0140392 -0.000719834
43.7887 8.71406 -0.0125912 0.0132338 -0.000992559
44.148 8.56654 -0.0120978 0.012794 -0.00174622
44.5074 8.56017 -0.0116021 0.0121044 -0.00208479
44.1481 8.70792 -0.0120674 0.0125996 -0.00119356
44.5075 8.70144 -0.0115509 0.011959 -0.00151323
43.4294 8.86143 -0.0132439 0.0139221 -0.000521953
43.7888 8.85553 -0.0125381 0.0131087 -0.000627357
43.4296 9.00299 -0.0132759 0.013894 -0.000363345
43.7889 8.997 -0.0125779 0.0130078 -0.000403498
44.1482 8.84929 -0.0120792 0.0124299 -0.000752786
44.5076 8.84271 -0.0115052 0.0118563 -0.000972956
44.1483 8.99067 -0.0120601 0.0123409 -0.000467318
44.5077 8.98398 -0.0115256 0.0117563 -0.000512396
44.8668 8.55346 -0.010901 0.0113652 -0.00244355
45.2263 8.54642 -0.0101 0.0104599 -0.0026671
44.8669 8.69462 -0.0109023 0.0112243 -0.00176751
45.2264 8.68747 -0.0101468 0.0103146 -0.00196419
45.5857 8.53905 -0.00909591 0.00944998 -0.00285675
45.9451 8.53135 -0.00793277 0.00828626 -0.00296016
45.5858 8.67998 -0.00910918 0.0093662 -0.00210675
45.9452 8.67215 -0.00793615 0.00817111 -0.00215732
44.867 8.83579 -0.0109444 0.0110766 -0.00116008
45.2265 8.82852 -0.0101653 0.0102378 -0.00129248
44.8671 8.97695 -0.0109824 0.0109959 -0.000610366
45.2266 8.96956 -0.0101787 0.0101919 -0.000629561
45.5859 8.82091 -0.00913143 0.00928464 -0.00135631
45.9453 8.81295 -0.00800887 0.00805989 -0.00139267
45.586 8.96183 -0.00917089 0.00922485 -0.000635835
45.9454 8.95375 -0.00815871 0.00796648 -0.000600971
46.3043 7.96061 -0.00689872 0.00787435 -0.00673705
46.6637 7.95279 -0.00570063 0.0067011 -0.00701264
46.3043 8.10128 -0.00682761 0.00762951 -0.00578391
46.6638 8.09333 -0.00562761 0.00643873 -0.00602606
47.0232 7.94467 -0.00454829 0.00573998 -0.00706389
47.3826 7.93623 -0.00385245 0.00491736 -0.00708208
47.0233 8.08507 -0.00450998 0.00536481 -0.00616776
47.3827 8.07648 -0.003735 0.0045127 -0.00608176
46.3044 8.24196 -0.00674253 0.00739978 -0.00486059
46.6639 8.23387 -0.00554931 0.00624494 -0.0051134
46.3045 8.38264 -0.00670123 0.00718821 -0.00395139
46.6639 8.37441 -0.00551259 0.00602366 -0.00420305
47.0233 8.22546 -0.00438124 0.00511118 -0.0052842
47.3827 8.21673 -0.00351067 0.00423747 -0.00520253
47.0234 8.36586 -0.00429077 0.00484613 -0.00438479
47.3828 8.35697 -0.00340873 0.00402234 -0.00421239
47.7421 7.92749 -0.00318855 0.00413876 -0.00691807
48.1015 7.91843 -0.00242779 0.00335945 -0.00685415
47.7421 8.06758 -0.00303291 0.00376287 -0.00592768
48.1015 8.05836 -0.00219677 0.00306419 -0.00595079
48.4609 7.90906 -0.00149933 0.00250137 -0.00683977
48.8203 7.89938 -0.000175207 0.00136028 -0.00681265
48.4609 8.04883 -0.00132321 0.00228881 -0.00586376
48.8203 8.03898 -0.000168874 0.00121921 -0.0058514
47.7421 8.20767 -0.00278347 0.00353711 -0.0050895
48.1015 8.19829 -0.00201259 0.00285996 -0.00499951
47.7422 8.34776 -0.00264253 0.00328415 -0.00415634
48.1016 8.33822 -0.00190725 0.00255671 -0.00407412
48.4609 8.18859 -0.00115695 0.00210084 -0.00496849
48.8203 8.17857 -9.28327e-05 0.00115527 -0.00490848
48.4609 8.32836 -0.00108715 0.00180888 -0.00403915
48.8203 8.31817 -0.000109347 0.000951805 -0.0040337
46.3046 8.52331 -0.00668552 0.00700912 -0.00308423
46.664 8.51495 -0.00546496 0.0058263 -0.00327489
46.3046 8.66399 -0.00672028 0.00685866 -0.00224759
46.6641 8.65547 -0.00548974 0.00567749 -0.00239839
47.0234 8.50624 -0.00427944 0.00471378 -0.00340717
47.3828 8.49721 -0.00333734 0.00379961 -0.0033909
47.0235 8.64663 -0.00430197 0.00451208 -0.00249374
47.3829 8.63745 -0.00336898 0.00359381 -0.00243298
46.3047 8.80465 -0.00682535 0.00675101 -0.00145071
46.6641 8.796 -0.00554584 0.00551331 -0.00152212
46.3048 8.94532 -0.00691007 0.00663463 -0.000670473
46.6642 8.93653 -0.00564137 0.00539009 -0.000650708
47.0235 8.78701 -0.00435403 0.0043662 -0.00155557
47.3829 8.77768 -0.0034034 0.00343721 -0.00150491
47.0236 8.9274 -0.00444507 0.0042511 -0.000629391
47.383 8.91792 -0.00348073 0.00332726 -0.000582793
47.7422 8.48785 -0.00258958 0.00304306 -0.00323931
48.1016 8.47816 -0.00183936 0.00230577 -0.00316581
47.7423 8.62793 -0.00257268 0.00281658 -0.00233068
48.1016 8.61808 -0.00179354 0.00207695 -0.00228603
48.461 8.46813 -0.00103774 0.0015497 -0.00312414
48.8203 8.45778 -0.000162328 0.000758181 -0.00313984
48.461 8.6079 -0.00101326 0.00134757 -0.00225503
48.8203 8.59738 -0.000217636 0.000623068 -0.00223632
47.7423 8.76802 -0.00259039 0.00264645 -0.0014304
48.1017 8.75801 -0.00180155 0.00189676 -0.00139995
47.7423 8.9081 -0.00260388 0.00249607 -0.000637568
48.1017 8.89793 -0.00187747 0.00178846 -0.000548716
48.461 8.74766 -0.00104987 0.00118978 -0.00134636
48.8203 8.73697 -0.000298841 0.000510625 -0.00134936
48.461 8.88742 -0.00111425 0.00107718 -0.000469349
48.8204 8.87656 -0.000365412 0.000414922 -0.000464213
