26.1796 4.54317 0.00046578 0.00022855 -0.00653869
26.5388 4.54885 0.000472948 0.000212586 -0.00654795
26.1796 4.68295 0.000483545 0.000233945 -0.00650344
26.5388 4.6888 0.000491899 0.000213633 -0.00651145
26.898 4.55436 0.000510909 0.000148551 -0.00656901
27.2572 4.55969 0.000588937 1.40853e-06 -0.00656826
26.898 4.69447 0.000525953 0.000144629 -0.00651761
27.2572 4.69996 0.000604842 7.07448e-06 -0.00653223
26.1796 4.82273 0.000498465 0.000238989 -0.00646841
26.5388 4.82875 0.000515323 0.000217584 -0.00647094
26.1796 4.96251 0.000512247 0.00024265 -0.00643596
26.5388 4.9687 0.000528174 0.000217187 -0.00643653
26.898 4.83458 0.000552402 0.000148303 -0.00647699
27.2572 4.84023 0.000619477 9.82553e-06 -0.00649005
26.898 4.9747 0.000565327 0.000147318 -0.00644008
27.2572 4.9805 0.000638054 1.00731e-05 -0.00644918
27.6164 4.56483 0.000723005 -0.000240164 -0.00657375
27.9756 4.5698 0.000907314 -0.00058876 -0.00649557
27.6164 4.70526 0.000732689 -0.000232265 -0.006534
27.9756 4.71037 0.000916058 -0.000548522 -0.00647069
28.3349 4.57459 0.001093 -0.000899635 -0.0064717
28.6941 4.5792 0.0010818 -0.000815808 -0.00646655
28.3349 4.7153 0.00108068 -0.000831022 -0.00641189
28.6941 4.72004 0.00106377 -0.000803094 -0.00639275
27.6164 4.84568 0.00074792 -0.000210051 -0.00647174
27.9757 4.85094 0.000921317 -0.000487759 -0.00644774
27.6164 4.9861 0.000754852 -0.000187936 -0.00643014
27.9757 4.99151 0.000887963 -0.000447314 -0.00637694
28.3349 4.85601 0.00103855 -0.000764623 -0.0063227
28.6941 4.86089 0.00102306 -0.000773109 -0.00626842
28.3349 4.99672 0.000999348 -0.000681765 -0.00627223
28.6941 5.00173 0.00102185 -0.000711453 -0.00618103
26.1796 5.10229 0.000522658 0.000246892 -0.00641138
26.5388 5.10865 0.000538995 0.000216307 -0.00641344
26.1796 5.24207 0.000537481 0.000252444 -0.00640106
26.5388 5.2486 0.000556367 0.00022051 -0.00639864
26.898 5.11481 0.000583308 0.000146123 -0.00642076
27.2572 5.12077 0.000661538 2.13509e-05 -0.00642633
26.898 5.25492 0.000594242 0.000143379 -0.00640737
27.2572 5.26104 0.000671769 2.1476e-05 -0.00642608
26.1796 5.38186 0.000546624 0.000254189 -0.00640287
26.5388 5.38855 0.00056903 0.000218637 -0.00640293
26.1796 5.52164 0.000566078 0.000259134 -0.00642043
26.5388 5.52851 0.000591006 0.000222213 -0.00643629
26.898 5.39504 0.000618023 0.000144216 -0.00641913
27.2572 5.40131 0.000685645 2.47829e-05 -0.00644064
26.898 5.53516 0.000646152 0.000142468 -0.00646091
27.2573 5.54159 0.000709071 3.33622e-05 -0.00649572
27.6165 5.12652 0.000758509 -0.000164178 -0.00641061
27.9757 5.13208 0.000878004 -0.000397892 -0.00635053
27.6165 5.26695 0.000761079 -0.000143281 -0.00640381
27.9757 5.27265 0.000835253 -0.00034706 -0.00632955
28.3349 5.13743 0.000945708 -0.000601404 -0.00624191
28.6942 5.14258 0.000987399 -0.000657703 -0.00614156
28.3349 5.27814 0.00095365 -0.000523117 -0.00621779
28.6942 5.28343 0.00100365 -0.000567948 -0.00609174
27.6165 5.40737 0.000763171 -0.000115072 -0.00643837
27.9757 5.41322 0.000841498 -0.000262746 -0.00635317
27.6165 5.5478 0.000791925 -7.15964e-05 -0.0065098
27.9757 5.5538 0.000845446 -0.000194691 -0.00643361
28.335 5.41886 0.000909674 -0.000417332 -0.00622381
28.6942 5.42428 0.00095165 -0.000484124 -0.00614371
28.335 5.55957 0.000873322 -0.000322695 -0.00630759
28.6942 5.56513 0.00090628 -0.000409685 -0.0062033
29.0533 4.58362 0.00081875 -0.000318659 -0.00663694
29.4125 4.58787 0.000489016 0.000314787 -0.00684211
29.0533 4.7246 0.000818698 -0.000335763 -0.00647672
29.4126 4.72897 0.000531395 0.000263749 -0.00667794
29.7718 4.59194 4.21187e-05 0.00118223 -0.00705613
30.131 4.59582 -0.000574037 0.0022329 -0.00740641
29.7718 4.73315 0.000108093 0.00107971 -0.00690116
30.1311 4.73715 -0.000507876 0.00215941 -0.00719636
29.0534 4.86557 0.000822452 -0.000363587 -0.00634346
29.4126 4.87007 0.000565661 0.000169158 -0.0065023
29.0534 5.00655 0.000850961 -0.000376985 -0.00623567
29.4126 5.01117 0.000607585 0.000105873 -0.00638832
29.7719 4.87437 0.000118732 0.000956207 -0.00672121
30.1311 4.87849 -0.000524368 0.00205641 -0.00688785
29.7719 5.01559 0.000182984 0.000896703 -0.00654176
30.1312 5.01982 -0.000430396 0.00201654 -0.00669425
30.4903 4.59953 -0.00116004 0.00323258 -0.00756055
30.8495 4.60305 -0.00161766 0.00421562 -0.00786543
30.4903 4.74096 -0.00114456 0.00318846 -0.00733812
30.8496 4.74459 -0.00170488 0.00409142 -0.00749731
31.2088 4.60639 -0.00223257 0.00488924 -0.00821354
31.568 4.60955 -0.00275704 0.00572354 -0.00891143
31.2088 4.74803 -0.00217503 0.00474748 -0.00794718
31.5681 4.75128 -0.00261383 0.00560619 -0.00864938
30.4904 4.8824 -0.00108488 0.00311478 -0.00711662
30.8496 4.88613 -0.00143571 0.00408594 -0.00735744
30.4904 5.02385 -0.00101662 0.00308397 -0.00690254
30.8497 5.02768 -0.00155351 0.00389528 -0.00707843
31.2089 4.88966 -0.00185849 0.00480455 -0.00775209
31.5682 4.89301 -0.0023934 0.00553232 -0.00825684
31.209 5.03131 -0.00200705 0.00457415 -0.00738803
31.5683 5.03474 -0.00243475 0.00530482 -0.00785396
29.0534 5.14753 0.000895893 -0.000400311 -0.00618006
29.4127 5.15227 0.000668613 3.42829e-05 -0.00628581
29.0534 5.28851 0.000908329 -0.000410882 -0.00613871
29.4127 5.29338 0.000702672 -2.81844e-05 -0.00619898
29.7719 5.15682 0.000244179 0.000792213 -0.00637915
30.1312 5.16116 -0.000409806 0.00192862 -0.00649541
29.772 5.29804 0.000288434 0.000728365 -0.00625127
30.1312 5.30249 -0.000368808 0.00187017 -0.00630718
29.0535 5.42949 0.000913762 -0.000413797 -0.0061214
29.4127 5.43448 0.000734069 -7.71376e-05 -0.00614246
29.0535 5.57047 0.000903481 -0.000385812 -0.00616653
29.4128 5.57559 0.000772946 -8.97358e-05 -0.00615208
29.772 5.43927 0.00033415 0.000690286 -0.00614923
30.1313 5.44383 -0.000344373 0.00183304 -0.00607452
29.7721 5.58049 0.000339998 0.000651764 -0.00602958
30.1313 5.58518 -0.000380994 0.00181698 -0.00585494
30.4905 5.16529 -0.00103272 0.00302795 -0.0066385
30.8498 5.16923 -0.00152064 0.00384251 -0.00676688
30.4905 5.30674 -0.00103942 0.00296786 -0.00631111
30.8498 5.31078 -0.00155543 0.00377988 -0.00644286
31.2091 5.17296 -0.00197677 0.00450646 -0.00698892
31.5684 5.17648 -0.00241035 0.00518203 -0.00733993
31.2091 5.31461 -0.00197993 0.00444397 -0.00663168
31.5684 5.31822 -0.0023795 0.00510013 -0.00692793
30.4906 5.44819 -0.00103308 0.00296597 -0.00605525
30.8499 5.45233 -0.00151796 0.00377957 -0.00610588
30.4907 5.58964 -0.00107049 0.00292214 -0.00575394
30.85 5.59388 -0.00156615 0.0037385 -0.00577399
31.2092 5.45625 -0.00195379 0.0044243 -0.00627669
31.5685 5.45997 -0.00237469 0.00504664 -0.00647401
31.2093 5.5979 -0.00196508 0.00438417 -0.00589144
31.5686 5.60171 -0.00237356 0.00501547 -0.00607625
26.1796 5.66142 0.000585928 0.000263339 -0.00646241
26.5388 5.66846 0.00061446 0.000215004 -0.00649171
26.1796 5.80121 0.000604103 0.000267603 -0.00652951
26.5388 5.80841 0.000640349 0.000205723 -0.00656984
26.898 5.67527 0.000666495 0.000128134 -0.00653329
27.2573 5.68186 0.000730493 3.18415e-05 -0.00659708
26.898 5.81539 0.000708018 0.000111606 -0.0066415
27.2573 5.82213 0.000761455 2.24104e-05 -0.0067402
26.1796 5.94099 0.00063635 0.000271274 -0.00662281
26.5388 5.94836 0.000681076 0.000188615 -0.00667659
26.1796 6.08077 0.000685639 0.000272309 -0.00673998
26.5388 6.08831 0.000734189 0.000164685 -0.00681388
26.898 5.9555 0.000756545 8.69967e-05 -0.00678888
27.2573 5.96241 0.000815428 1.41814e-05 -0.00693196
26.898 6.09561 0.000821027 3.64055e-05 -0.00697368
27.2573 6.10268 0.000882907 -3.44702e-06 -0.00716465
27.6165 5.68823 0.000760193 -7.16468e-05 -0.00661244
27.9757 5.69437 0.000818604 -0.000174745 -0.00657995
27.6165 5.82865 0.000790879 -3.32646e-05 -0.0067827
27.9757 5.83494 0.000836803 -0.000100022 -0.0067635
28.335 5.70029 0.000902555 -0.00022743 -0.00648764
28.6943 5.70598 0.000936923 -0.000321002 -0.00638958
28.335 5.841 0.000865682 -0.00015328 -0.00664982
28.6943 5.84683 0.000901444 -0.000217505 -0.00655909
27.6165 5.96908 0.000879968 3.6657e-05 -0.00705011
27.9758 5.97551 0.000854271 -2.48881e-05 -0.00697825
27.6165 6.1095 0.000874577 2.53594e-05 -0.00726144
27.9758 6.11608 0.000868996 7.37072e-05 -0.00719575
28.335 5.98171 0.000839384 -7.51554e-05 -0.00689659
28.6943 5.98768 0.000901335 -8.49135e-05 -0.00676939
28.335 6.12242 0.000876611 8.18559e-05 -0.00714181
28.6943 6.12853 0.000854386 4.85449e-05 -0.00694819
26.1796 6.22055 0.000713668 0.000261374 -0.00688432
26.5388 6.22826 0.00081874 0.000123435 -0.00698281
26.1796 6.36034 0.000759694 0.000245558 -0.00703752
26.5388 6.36822 0.000867445 7.12287e-05 -0.00716272
26.898 6.23573 0.000901235 5.54073e-06 -0.00718222
27.2573 6.24295 0.000938946 -4.2469e-05 -0.00739303
26.898 6.37584 0.000966835 -7.27117e-05 -0.00738186
27.2573 6.38322 0.000987114 -6.42687e-05 -0.0075399
26.1796 6.50012 0.00079778 0.000224824 -0.0071885
26.5388 6.50817 0.00093562 -4.17734e-06 -0.00732254
26.1796 6.6399 0.000849135 0.000202993 -0.00730651
26.5388 6.64812 0.00102275 -5.19921e-05 -0.00743285
26.898 6.51596 0.00104778 -0.000123555 -0.00751366
27.2573 6.5235 0.00104208 -5.25439e-05 -0.00763409
26.898 6.65608 0.00108239 -0.000172632 -0.00754193
27.2573 6.66377 0.00104386 -8.39842e-05 -0.00753893
27.6165 6.24993 0.000899468 4.72463e-05 -0.00746736
27.9758 6.25665 0.000847942 0.000124466 -0.00738723
27.6165 6.39035 0.000920212 8.85676e-05 -0.00760992
27.9758 6.39723 0.000850731 0.000241493 -0.00750538
28.335 6.26314 0.000829227 0.000176902 -0.00727462
28.6943 6.26938 0.000767027 0.000223424 -0.00708777
28.3351 6.40386 0.000783432 0.000345256 -0.00737258
28.6944 6.41023 0.000696641 0.000447998 -0.00716123
27.6165 6.53078 0.000927422 0.000132046 -0.00761438
27.9758 6.5378 0.000818328 0.00033129 -0.00751021
27.6165 6.67121 0.000930667 0.000177632 -0.0074873
27.9758 6.67838 0.00077268 0.0004493 -0.00740607
28.3351 6.54457 0.000717863 0.000506085 -0.00735642
28.6944 6.55109 0.000582133 0.000684719 -0.00712651
28.3351 6.68529 0.000629309 0.000665471 -0.00723615
28.6944 6.69194 0.000444625 0.000929908 -0.00699266
29.0535 5.71145 0.000920945 -0.000325302 -0.00628454
29.4128 5.7167 0.000793737 -7.48215e-05 -0.00612667
29.0536 5.85243 0.000923004 -0.000253032 -0.00639171
29.4128 5.8578 0.000766248 -2.26553e-05 -0.00615786
29.7721 5.72172 0.000348958 0.000649246 -0.00590695
30.1314 5.72652 -0.000377281 0.00182243 -0.00563778
29.7721 5.86294 0.000312433 0.000680988 -0.00578458
30.1315 5.86786 -0.000435429 0.00185349 -0.00542302
29.0536 5.99341 0.000893882 -0.000138068 -0.00653322
29.4129 5.99891 0.000704855 7.46542e-05 -0.00616802
29.0536 6.13439 0.000825425 3.83583e-05 -0.00666463
29.4129 6.14001 0.000636033 0.000247543 -0.00617986
29.7722 6.00417 0.000247255 0.000769141 -0.00565443
30.1315 6.0092 -0.000455961 0.00190859 -0.00525548
29.7722 6.1454 0.000159411 0.000922344 -0.00556945
30.1316 6.15054 -0.000497123 0.00195671 -0.00509651
30.4907 5.73109 -0.00107076 0.00293793 -0.00548734
30.85 5.73544 -0.00157728 0.00373039 -0.0055249
30.4908 5.87254 -0.00108908 0.00291957 -0.00527893
30.8501 5.87699 -0.00155922 0.00373478 -0.00534854
31.2094 5.73956 -0.00199292 0.00438414 -0.00561733
31.5687 5.74345 -0.00239452 0.00501793 -0.00572209
31.2094 5.88121 -0.00200202 0.00441727 -0.00542704
31.5688 5.8852 -0.00243845 0.00505263 -0.00544632
30.4908 6.01399 -0.00108345 0.00292052 -0.0051093
30.8502 6.01854 -0.00158711 0.00373089 -0.00517298
30.4909 6.15544 -0.00108177 0.00291418 -0.00495403
30.8502 6.1601 -0.00159383 0.00373044 -0.00501507
31.2095 6.02286 -0.00204367 0.00443934 -0.00523772
31.5689 6.02694 -0.00248427 0.00510996 -0.0052426
31.2096 6.16451 -0.00207024 0.00446438 -0.00505668
31.5689 6.16869 -0.00252922 0.00517378 -0.00506311
29.0537 6.27537 0.000695408 0.000268057 -0.00674938
29.413 6.28112 0.000517262 0.000486634 -0.00616972
29.0537 6.41636 0.000599447 0.00057654 -0.00678903
29.413 6.42223 0.000354966 0.000811981 -0.00609719
29.7723 6.28663 8.5586e-05 0.00112563 -0.0054745
30.1316 6.29188 -0.000528508 0.00204516 -0.00498028
29.7723 6.42785 -7.36757e-05 0.00138019 -0.0053793
30.1317 6.43323 -0.000600988 0.00216649 -0.00488139
29.0537 6.55734 0.000395343 0.000874747 -0.00670406
29.413 6.56334 0.000152246 0.0011502 -0.00601654
29.0537 6.69833 0.000218329 0.00124744 -0.00659386
29.4131 6.70446 -4.17212e-05 0.00153589 -0.00588477
29.7724 6.56909 -0.000218275 0.00163908 -0.00529145
30.1317 6.57457 -0.000702908 0.00232585 -0.00477326
29.7724 6.71032 -0.000391251 0.00194536 -0.00517003
30.1318 6.71592 -0.000819505 0.00251846 -0.00463506
30.491 6.29689 -0.00111775 0.00293869 -0.00482979
30.8503 6.30165 -0.0016203 0.0037337 -0.0048548
30.491 6.43834 -0.00113089 0.00299992 -0.00469993
30.8504 6.44321 -0.00162174 0.00376849 -0.00469647
31.2097 6.30617 -0.0020915 0.00449611 -0.00489548
31.569 6.31043 -0.00257233 0.00523802 -0.00489119
31.2097 6.44782 -0.00211644 0.00452851 -0.00472457
31.5691 6.45218 -0.00261896 0.00529867 -0.004733
30.4911 6.5798 -0.00118195 0.00306251 -0.0045552
30.8504 6.58477 -0.0016541 0.00378769 -0.0045004
30.4911 6.72125 -0.00123949 0.00315825 -0.00436099
30.8505 6.72632 -0.00167042 0.00381953 -0.00432882
31.2098 6.58948 -0.00213554 0.00455471 -0.00457111
31.5692 6.59393 -0.00266028 0.00535464 -0.00458868
31.2099 6.73113 -0.00215565 0.00457414 -0.00442171
31.5693 6.73568 -0.00269439 0.0054069 -0.00447086
31.9273 4.61253 -0.00292236 0.00650588 -0.0096772
32.2865 4.61533 -0.00338809 0.0070381 -0.0103071
31.9274 4.75435 -0.0028661 0.00632283 -0.00926277
32.2866 4.75723 -0.00322961 0.00695627 -0.00995467
32.6458 4.61794 -0.00328332 0.00769832 -0.0109603
33.005 4.62037 -0.00387724 0.00794195 -0.0112107
32.6459 4.75992 -0.00344013 0.00743373 -0.0105224
33.0051 4.76243 -0.00384568 0.00783139 -0.010992
31.9275 4.89616 -0.00280565 0.00618167 -0.00881641
32.2867 4.89913 -0.00326303 0.00679561 -0.00943367
31.9276 5.03799 -0.0028147 0.006021 -0.00835017
32.2868 5.04104 -0.00320853 0.00667285 -0.008864
32.646 4.90191 -0.00365528 0.00729631 -0.00987913
33.0053 4.90448 -0.00402586 0.00777471 -0.0103701
32.6461 5.04389 -0.00362667 0.00725863 -0.00920661
33.0054 5.04654 -0.00395718 0.00779246 -0.00977957
33.3643 4.62263 -0.00385103 0.00822389 -0.0114102
33.7235 4.6247 -0.00403292 0.0082598 -0.0115012
33.3644 4.76475 -0.0041394 0.00814968 -0.0110793
33.7237 4.76689 -0.00436835 0.00832331 -0.011114
34.0828 4.62659 -0.00456537 0.00833295 -0.0113568
34.442 4.62829 -0.00501033 0.00880754 -0.0110369
34.0829 4.76883 -0.00478296 0.00853345 -0.0109677
34.4422 4.77059 -0.00515212 0.00910174 -0.0106639
33.3645 4.90687 -0.00420536 0.00816884 -0.01062
33.7238 4.90907 -0.00435717 0.00861407 -0.0106636
33.3647 5.04899 -0.00426962 0.00820304 -0.0100401
33.7239 5.05125 -0.00466301 0.00863414 -0.0101452
34.0831 4.91107 -0.00480123 0.00890361 -0.0105599
34.4423 4.91289 -0.00533269 0.0093331 -0.0102581
34.0832 5.05331 -0.00502807 0.00899402 -0.0100116
34.4425 5.05517 -0.00566554 0.0094087 -0.00976234
31.9277 5.17981 -0.00279004 0.00589956 -0.00781705
32.2869 5.18294 -0.00315868 0.00654836 -0.00823791
31.9278 5.32164 -0.00278399 0.00578582 -0.00726509
32.287 5.32485 -0.00316433 0.00645239 -0.0076107
32.6462 5.18587 -0.0035929 0.00715994 -0.00864845
33.0055 5.1886 -0.00399581 0.00771901 -0.00904441
32.6463 5.32785 -0.00359362 0.00707226 -0.00796322
33.0056 5.33065 -0.00402058 0.00766325 -0.00830311
31.9278 5.46347 -0.00279382 0.00572437 -0.0067307
32.2871 5.46676 -0.0032072 0.00637024 -0.00697947
31.9279 5.6053 -0.00282327 0.00569675 -0.00623478
32.2872 5.60867 -0.00325464 0.00633243 -0.00638072
32.6464 5.46984 -0.00362502 0.00699465 -0.00725181
33.0057 5.4727 -0.00405574 0.00761568 -0.00753593
32.6465 5.61182 -0.00366783 0.00694827 -0.00656436
33.0059 5.61476 -0.00410209 0.0075785 -0.00677857
33.3648 5.19112 -0.00433501 0.00822367 -0.00930144
33.7241 5.19343 -0.00474841 0.00871091 -0.00948652
33.3649 5.33323 -0.00441961 0.00822949 -0.00856666
33.7242 5.33561 -0.00483974 0.00872526 -0.00874597
34.0834 5.19554 -0.00509226 0.00921293 -0.00939495
34.4426 5.19745 -0.00528669 0.00978572 -0.00932324
34.0835 5.33777 -0.00529543 0.00921351 -0.00882742
34.4428 5.33972 -0.00555271 0.00991678 -0.00884296
33.365 5.47535 -0.00447544 0.00819968 -0.00779098
33.7243 5.47778 -0.00487796 0.00875964 -0.00796318
33.3652 5.61747 -0.00453243 0.00815544 -0.0069876
33.7245 5.61996 -0.00501051 0.0087104 -0.0072502
34.0836 5.48 -0.00530515 0.00927776 -0.00822307
34.4429 5.482 -0.00566354 0.00998952 -0.0082804
34.0838 5.62223 -0.00535029 0.00928374 -0.0075642
34.443 5.62428 -0.00588946 0.00993277 -0.0078293
34.8013 4.62982 -0.00543196 0.00933608 -0.0107216
35.1605 4.63116 -0.00584846 0.00992044 -0.0104264
34.8014 4.77216 -0.00559986 0.00955557 -0.0103022
35.1607 4.77354 -0.00606416 0.010019 -0.00999664
35.5198 4.63232 -0.00658221 0.0105017 -0.0102697
35.879 4.63329 -0.00711729 0.0109922 -0.010052
35.5199 4.77473 -0.00694954 0.010573 -0.00984181
35.8791 4.77572 -0.00716787 0.0111423 -0.00979427
34.8016 4.9145 -0.00570952 0.00981063 -0.00998245
35.1608 4.9159 -0.00590288 0.0106221 -0.00949881
34.8017 5.05683 -0.00623229 0.00966867 -0.00950936
35.1609 5.05827 -0.00638561 0.0103705 -0.00924647
35.52 4.91712 -0.00667455 0.0109927 -0.00928671
35.8793 4.91815 -0.00724865 0.011232 -0.00941225
35.5202 5.05952 -0.00681635 0.0108987 -0.00900133
35.8794 5.06058 -0.00732434 0.0112316 -0.00890873
36.2383 4.63408 -0.00732148 0.0116414 -0.00990336
36.5975 4.63469 -0.00808861 0.0120791 -0.00983071
36.2384 4.77653 -0.00740374 0.0118169 -0.00954266
36.5976 4.77716 -0.00820579 0.0120653 -0.00935965
36.9567 4.63511 -0.0081123 0.0130235 -0.00960302
37.3158 4.63537 -0.00930644 0.013385 -0.0099224
36.9569 4.77759 -0.00837412 0.0130345 -0.00911846
37.316 4.77785 -0.00962906 0.013232 -0.00930344
36.2386 4.91898 -0.00744918 0.0118855 -0.00915293
36.5978 4.91963 -0.00830746 0.0119835 -0.00898206
36.2387 5.06143 -0.00748622 0.0120709 -0.00868304
36.5979 5.06211 -0.00871109 0.0118511 -0.00855538
36.957 4.92007 -0.00807682 0.0132451 -0.00879717
37.3161 4.92032 -0.00918801 0.0135481 -0.00906707
36.9571 5.06255 -0.00910301 0.0125983 -0.00827334
37.3163 5.0628 -0.00928304 0.0136695 -0.00878446
34.8018 5.19915 -0.00603834 0.010014 -0.0093477
35.1611 5.20064 -0.00653602 0.0104943 -0.00874942
34.802 5.34147 -0.00622338 0.0101755 -0.00883863
35.1612 5.343 -0.00634469 0.0108666 -0.00861115
35.5203 5.20193 -0.00718588 0.0108358 -0.00868055
35.8796 5.20301 -0.00740933 0.0113226 -0.008473
35.5204 5.34433 -0.00714741 0.0110364 -0.00798103
35.8797 5.34543 -0.00747425 0.0114303 -0.00802818
34.8021 5.4838 -0.00633764 0.0103713 -0.00831391
35.1614 5.48537 -0.006814 0.0104921 -0.00791263
34.8023 5.62612 -0.00618884 0.0105975 -0.00766489
35.1615 5.62773 -0.00675389 0.0107997 -0.0076144
35.5206 5.48671 -0.00721 0.0110235 -0.0077881
35.8798 5.48786 -0.00758269 0.0113687 -0.00758881
35.5207 5.62911 -0.00734032 0.0110145 -0.00739258
35.88 5.63027 -0.00720272 0.0117797 -0.00721109
36.2389 5.20387 -0.00728239 0.0122261 -0.00835443
36.5981 5.20455 -0.00770016 0.0127907 -0.00850569
36.239 5.34632 -0.00753627 0.0121746 -0.00800776
36.5982 5.34701 -0.00803722 0.0127099 -0.00819463
36.9572 5.205 -0.00862286 0.0131193 -0.0084954
37.3164 5.20528 -0.00921095 0.0138404 -0.0089455
36.9574 5.34748 -0.00885581 0.0132137 -0.00832043
37.3166 5.34776 -0.00945828 0.0137389 -0.0080948
36.2391 5.48878 -0.00795037 0.011749 -0.00754403
36.5983 5.48949 -0.00824026 0.0123199 -0.00787994
36.2392 5.63121 -0.00777818 0.0121322 -0.00750054
36.5985 5.63194 -0.0082034 0.0126094 -0.00755969
36.9576 5.48997 -0.00876158 0.013207 -0.00785053
37.3167 5.49024 -0.00977821 0.0138768 -0.00792515
36.9577 5.63243 -0.00891902 0.0130609 -0.0075419
37.3169 5.63272 -0.00906915 0.0142033 -0.00757148
31.928 5.74713 -0.00286032 0.00570419 -0.0057972
32.2873 5.75058 -0.00330793 0.00633665 -0.00585064
31.9281 5.88896 -0.00290186 0.00572888 -0.0054593
32.2874 5.89249 -0.00337007 0.00638387 -0.00543456
32.6466 5.75381 -0.00372965 0.00693748 -0.00592935
33.006 5.75681 -0.00416371 0.00755498 -0.00605733
32.6467 5.89579 -0.0038077 0.00697769 -0.00539525
33.0061 5.89887 -0.0042264 0.00755104 -0.00542312
31.9282 6.03079 -0.00295309 0.00579084 -0.00520468
32.2875 6.0344 -0.00344359 0.00646513 -0.00511131
31.9283 6.17262 -0.00301073 0.00586881 -0.00499604
32.2876 6.17632 -0.00352737 0.00657317 -0.00484274
32.6468 6.03778 -0.00389192 0.00705956 -0.00498437
33.0062 6.04092 -0.00428194 0.00756325 -0.00493563
32.6469 6.17977 -0.00398717 0.00715531 -0.00463684
33.0063 6.18297 -0.00433917 0.00758789 -0.00453998
33.3653 5.75959 -0.00455092 0.00814327 -0.00624913
33.7246 5.76214 -0.00501393 0.00867837 -0.00653028
33.3654 5.90171 -0.00460756 0.00808949 -0.00561356
33.7247 5.90431 -0.00488742 0.00866512 -0.00594291
34.0839 5.76447 -0.00545714 0.00918319 -0.00691414
34.4432 5.76657 -0.00578223 0.00995375 -0.00722129
34.084 5.90669 -0.00535085 0.00921064 -0.0062502
34.4433 5.90884 -0.00577982 0.00977755 -0.00660445
33.3655 6.04382 -0.00464003 0.00802643 -0.00509454
33.7248 6.04649 -0.00497401 0.0085225 -0.00540739
33.3656 6.18594 -0.0046488 0.00798399 -0.00466776
33.7249 6.18866 -0.00497143 0.00843682 -0.00496966
34.0841 6.04892 -0.0053305 0.00914335 -0.00575049
34.4434 6.05112 -0.00582089 0.00966878 -0.00595642
34.0843 6.19114 -0.00528202 0.00910685 -0.00528423
34.4436 6.19338 -0.00561502 0.00986061 -0.0054635
31.9284 6.31445 -0.00308133 0.00596027 -0.00480349
32.2877 6.31823 -0.00362086 0.00669174 -0.00459632
31.9285 6.45629 -0.00315041 0.00605874 -0.00464211
32.2878 6.46014 -0.00371738 0.00683011 -0.00440666
32.647 6.32175 -0.00408043 0.00726362 -0.00432711
33.0064 6.32503 -0.0043948 0.00762027 -0.00418066
32.6471 6.46374 -0.00417937 0.00738863 -0.00408236
33.0065 6.46709 -0.0044486 0.00766678 -0.00388776
31.9285 6.59812 -0.00322045 0.00615923 -0.00451021
32.2879 6.60206 -0.00381892 0.00697328 -0.00426827
31.9286 6.73996 -0.00328126 0.0062596 -0.00440746
32.288 6.74397 -0.00391073 0.00712353 -0.00419836
32.6472 6.60573 -0.00428226 0.00752729 -0.00392605
33.0066 6.60915 -0.00450952 0.00773296 -0.00369279
32.6473 6.74772 -0.00437494 0.00768556 -0.00388475
33.0067 6.75121 -0.00456642 0.00783371 -0.00366977
33.3657 6.32806 -0.00465151 0.00793696 -0.0042842
33.7251 6.33084 -0.00494822 0.00836344 -0.00459996
33.3658 6.47018 -0.00465377 0.00789342 -0.00397109
33.7252 6.47302 -0.00492238 0.00828269 -0.00428114
34.0844 6.33337 -0.00528049 0.00900769 -0.00492436
34.4437 6.33565 -0.00572107 0.00970286 -0.00521957
34.0845 6.4756 -0.00527283 0.00891528 -0.00461546
34.4438 6.47793 -0.00581385 0.00957704 -0.00485393
33.3659 6.6123 -0.00465103 0.00785511 -0.00375421
33.7253 6.6152 -0.00490955 0.00820189 -0.00401274
33.366 6.75443 -0.00464091 0.00784543 -0.00366448
33.7254 6.75738 -0.00487163 0.00815781 -0.00386433
34.0846 6.61783 -0.00525544 0.00882066 -0.00435271
34.4439 6.62021 -0.00593428 0.00942786 -0.00437668
34.0848 6.76007 -0.0051773 0.00873794 -0.00417404
34.4441 6.7625 -0.00578863 0.00939954 -0.00429714
34.8024 5.76844 -0.00637739 0.010639 -0.00701256
35.1616 5.77008 -0.00674507 0.0108489 -0.00716893
34.8026 5.91075 -0.00629518 0.0104365 -0.00657921
35.1618 5.91244 -0.00704913 0.0108039 -0.00665094
35.5209 5.77149 -0.00725243 0.0112314 -0.00713468
35.8801 5.77268 -0.0074268 0.0116619 -0.0069077
35.521 5.91389 -0.00764659 0.0110743 -0.00681443
35.8803 5.91509 -0.0078485 0.0111888 -0.00647973
34.8027 6.05307 -0.00646205 0.0102955 -0.00605401
35.1619 6.05479 -0.00678321 0.010973 -0.00625416
34.8028 6.19538 -0.00631381 0.0103121 -0.00573818
35.1621 6.19713 -0.0063164 0.0111681 -0.00604171
35.5212 6.05628 -0.00755806 0.0112114 -0.00634969
35.8804 6.05751 -0.00815223 0.0107924 -0.00616823
35.5213 6.19866 -0.00666008 0.0116981 -0.00598613
35.8806 6.19991 -0.00767756 0.0113194 -0.00649898
36.2394 5.77365 -0.0078343 0.01192 -0.00713947
36.5987 5.77441 -0.0082341 0.0124362 -0.00722849
36.2396 5.91608 -0.00748074 0.0121651 -0.0068141
36.5989 5.91687 -0.00805742 0.0126305 -0.00708876
36.9578 5.77491 -0.00916654 0.0130285 -0.00738384
37.317 5.77521 -0.00966554 0.013861 -0.00711397
36.9581 5.9174 -0.00929039 0.0129045 -0.0066986
37.3172 5.91772 -0.0102028 0.0136213 -0.00741135
36.2398 6.05852 -0.00770569 0.0119887 -0.00666681
36.5991 6.05933 -0.0078025 0.0124922 -0.00619652
36.24 6.20096 -0.00763152 0.0118104 -0.00617138
36.5993 6.20176 -0.00775185 0.0126943 -0.00603677
36.9582 6.05986 -0.00895172 0.0131716 -0.00657139
37.3174 6.06019 -0.00955488 0.0141294 -0.00672117
36.9584 6.2023 -0.00937283 0.0127183 -0.0065566
37.3176 6.20262 -0.00926173 0.0140224 -0.00601357
34.803 6.33769 -0.00631689 0.0102175 -0.00542758
35.1622 6.33949 -0.00665583 0.0109042 -0.00548881
34.8031 6.48001 -0.0062824 0.0101721 -0.00508216
35.1624 6.48185 -0.00676162 0.0108049 -0.00501953
35.5215 6.34104 -0.0070822 0.0113358 -0.00568845
35.8807 6.34234 -0.00783682 0.011316 -0.00640846
35.5217 6.48345 -0.00713853 0.0113505 -0.00558615
35.8809 6.48477 -0.00787698 0.0113002 -0.005623
34.8033 6.62234 -0.0063817 0.0102529 -0.00464166
35.1626 6.62421 -0.00725869 0.0105215 -0.0047415
34.8034 6.76466 -0.00588568 0.01051 -0.00428865
35.1627 6.76657 -0.00721123 0.0104307 -0.00459741
35.5218 6.62583 -0.00727935 0.0112923 -0.00491635
35.8811 6.62718 -0.00810718 0.0109819 -0.00542774
35.522 6.76821 -0.00683449 0.0113134 -0.00510713
35.8812 6.76958 -0.0081431 0.0110279 -0.00494775
36.2401 6.34338 -0.00772438 0.0118948 -0.0058676
36.5994 6.34418 -0.00748518 0.0130582 -0.00583387
36.2403 6.48583 -0.00785328 0.011905 -0.00576837
36.5996 6.48663 -0.00843661 0.0119143 -0.00508487
36.9586 6.34471 -0.00875018 0.0133678 -0.00637401
37.3177 6.34499 -0.00839899 0.0146372 -0.00597993
36.9587 6.48716 -0.00941011 0.0122978 -0.0052146
37.3178 6.48743 -0.00919005 0.0138537 -0.00609457
36.2404 6.62824 -0.0074895 0.0122199 -0.00536793
36.5996 6.62903 -0.00785193 0.0128768 -0.00532827
36.2405 6.77066 -0.00817161 0.0117771 -0.0050088
36.5998 6.77149 -0.00846863 0.0125126 -0.00513208
36.9588 6.62958 -0.00889404 0.0130665 -0.00582244
37.3179 6.62989 -0.00949429 0.0136219 -0.00515516
36.959 6.77205 -0.00891163 0.0130429 -0.00529682
37.3181 6.77236 -0.00966893 0.0132261 -0.00497471
