26.1796 -4.40332 -0.000522064 0.000756974 -0.00213764
26.5387 -4.40878 -0.00135263 0.00241714 -0.002007
26.1796 -4.26352 -0.000567935 0.000784552 -0.00208389
26.5388 -4.2688 -0.00141581 0.00254099 -0.00188127
26.8979 -4.41406 -0.00223186 0.00417294 -0.00150819
27.257 -4.41917 -0.00299374 0.0056379 -0.000796762
26.8979 -4.27392 -0.0022496 0.00425075 -0.00148832
27.2571 -4.27886 -0.00314843 0.00589405 -0.000918059
26.1796 -4.12373 -0.00056189 0.000786439 -0.00214325
26.5388 -4.12883 -0.00145362 0.00259707 -0.00184933
26.1796 -3.98394 -0.000568337 0.000827222 -0.00212021
26.5388 -3.98886 -0.00148275 0.00267324 -0.00187135
26.898 -4.13377 -0.00229252 0.00442406 -0.0014284
27.2571 -4.13855 -0.00323667 0.00605941 -0.00109151
26.898 -3.99363 -0.00239649 0.00451824 -0.00150982
27.2572 -3.99825 -0.00329355 0.00621017 -0.00119262
27.6161 -4.42411 -0.00362887 0.00715065 -0.000253363
27.9753 -4.42888 -0.00430715 0.00795642 -0.000305295
27.6162 -4.28363 -0.00388026 0.00738756 -0.000610963
27.9753 -4.28825 -0.00444348 0.00826161 -0.00019469
28.3344 -4.43347 -0.00464317 0.00900129 -1.12485e-05
28.6934 -4.43789 -0.00526255 0.00965005 -0.000253894
28.3344 -4.29268 -0.00460383 0.00922307 -0.000294104
28.6934 -4.29696 -0.00524371 0.00942619 -9.08484e-05
27.6163 -4.14316 -0.00397033 0.00745164 -0.000615079
27.9754 -4.1476 -0.00450911 0.00845659 -2.87442e-05
27.6163 -4.0027 -0.00395102 0.00768149 -0.000811457
27.9754 -4.00698 -0.0046981 0.0086644 -0.000432508
28.3345 -4.15189 -0.00463238 0.00935835 -0.000142606
28.6935 -4.15602 -0.0052963 0.00938707 -0.000137772
28.3345 -4.01113 -0.0049742 0.00959264 -0.000443069
28.6935 -4.01511 -0.00526272 0.00961474 -0.000326249
26.1796 -3.84415 -0.000569226 0.000841646 -0.00217621
26.5389 -3.8489 -0.00149113 0.00275223 -0.00199429
26.1796 -3.70436 -0.000571142 0.000840322 -0.00224196
26.5389 -3.70895 -0.00149247 0.00278563 -0.00214753
26.898 -3.85351 -0.00245252 0.00455755 -0.00177535
27.2572 -3.85796 -0.00330802 0.00633106 -0.00143582
26.8981 -3.71339 -0.00250814 0.00457786 -0.0018987
27.2573 -3.71768 -0.00333899 0.00642229 -0.00171771
26.1796 -3.56458 -0.000603062 0.000832806 -0.002303
26.5389 -3.56899 -0.00154098 0.002755 -0.00223297
26.1796 -3.4248 -0.000596004 0.000855973 -0.00250157
26.5389 -3.42904 -0.00154117 0.00277961 -0.0023583
26.8981 -3.57326 -0.00254405 0.00455194 -0.00202399
27.2573 -3.57739 -0.00337525 0.00643707 -0.00176517
26.8981 -3.43315 -0.00254324 0.00454755 -0.00220948
27.2574 -3.43712 -0.00336676 0.0064049 -0.00215888
27.6164 -3.86226 -0.00395511 0.00789568 -0.00118879
27.9755 -3.8664 -0.00471423 0.00894232 -0.00102728
27.6165 -3.72182 -0.00412088 0.00800018 -0.00128685
27.9756 -3.72581 -0.00456921 0.0091087 -0.00113919
28.3346 -3.87038 -0.00509293 0.00963169 -0.000437752
28.6936 -3.87422 -0.00527011 0.00977527 -0.000516165
28.3347 -3.72965 -0.00504015 0.00976032 -0.000726453
28.6936 -3.73334 -0.00524625 0.00981226 -0.000518999
27.6165 -3.58138 -0.00421483 0.00801764 -0.00174254
27.9757 -3.58523 -0.0046411 0.00932349 -0.00119537
27.6166 -3.44095 -0.00433135 0.00805289 -0.00200191
27.9757 -3.44465 -0.00473723 0.00931035 -0.00156067
28.3347 -3.58893 -0.00514532 0.00987797 -0.00104776
28.6937 -3.59249 -0.00499269 0.00996446 -0.000706988
28.3348 -3.44821 -0.00529591 0.00987593 -0.00123482
28.6937 -3.45164 -0.00487299 0.0100239 -0.00103727
29.0524 -4.44213 -0.00580248 0.00980181 -0.000224696
29.4115 -4.4462 -0.00583479 0.0102509 -0.000593044
29.0525 -4.30105 -0.00572095 0.00967092 -0.000214656
29.4115 -4.305 -0.00575259 0.0101972 -0.000474872
29.7706 -4.4501 -0.00574071 0.0105391 -0.000961081
30.1297 -4.45383 -0.00596365 0.0101298 -0.00123642
29.7706 -4.30879 -0.00565109 0.0104038 -0.000885336
30.1297 -4.3124 -0.00605892 0.0101408 -0.00111931
29.0525 -4.15998 -0.00569364 0.009721 -0.000225933
29.4115 -4.1638 -0.00562067 0.0102748 -0.000322062
29.0525 -4.01893 -0.00586916 0.00961953 -0.000167833
29.4116 -4.02262 -0.00534615 0.0102959 -0.000412926
29.7706 -4.16747 -0.00579491 0.0103467 -0.000704959
30.1297 -4.17097 -0.00612876 0.0101265 -0.00108957
29.7706 -4.02617 -0.00594723 0.0101309 -0.000627854
30.1297 -4.02954 -0.00613708 0.0101365 -0.000900053
30.4887 -4.45737 -0.00603949 0.00978435 -0.00124552
30.8478 -4.46074 -0.005738 0.00945167 -0.0012996
30.4888 -4.31584 -0.00605291 0.00990813 -0.00126975
30.8479 -4.3191 -0.00577955 0.00955913 -0.00127864
31.2069 -4.46393 -0.00565035 0.00903263 -0.0012982
31.5661 -4.46694 -0.00544615 0.0086687 -0.00134382
31.207 -4.32219 -0.00570267 0.00911018 -0.00132265
31.5661 -4.32511 -0.00550446 0.00874742 -0.00134959
30.4888 -4.1743 -0.00606507 0.0100328 -0.00122567
30.8479 -4.17746 -0.00582434 0.00965087 -0.00125848
30.4888 -4.03276 -0.00608088 0.0101162 -0.00107973
30.8479 -4.03582 -0.00586597 0.00973427 -0.00119184
31.207 -4.18045 -0.0057422 0.00919849 -0.00131043
31.5662 -4.18328 -0.00556215 0.00883186 -0.00134998
31.2071 -4.03871 -0.00578068 0.00926654 -0.00127282
31.5662 -4.04145 -0.00560907 0.00890073 -0.00134026
29.0525 -3.87791 -0.00614719 0.00955857 -0.000229186
29.4116 -3.88147 -0.00512646 0.010202 -0.000626287
29.0525 -3.73689 -0.00631724 0.00937691 -0.000436412
29.4116 -3.74033 -0.00492479 0.0100265 -0.000563295
29.7706 -3.88488 -0.00583286 0.00994165 -0.00017671
30.1297 -3.88813 -0.00618664 0.0100741 -0.000740429
29.7706 -3.74361 -0.00570371 0.0097535 -5.78105e-05
30.1297 -3.74674 -0.00624112 0.0100229 -0.00043728
29.0525 -3.59591 -0.00659866 0.00945905 -0.00069879
29.4116 -3.5992 -0.00471979 0.00988174 -0.000311804
29.0526 -3.45493 -0.00657967 0.00947544 -0.000467865
29.4116 -3.45808 -0.00468838 0.0098252 -0.000323614
29.7706 -3.60235 -0.00567321 0.0095572 -1.26916e-05
30.1297 -3.60535 -0.00615183 0.00987133 -0.000337607
29.7706 -3.4611 -0.00566871 0.00948603 -0.000176208
30.1297 -3.46398 -0.00588945 0.00977229 -0.000104245
30.4888 -3.89123 -0.00604814 0.0101438 -0.000914364
30.848 -3.89418 -0.00589397 0.00978768 -0.00108471
30.4888 -3.74972 -0.00599034 0.0101338 -0.000713893
30.848 -3.75256 -0.00589734 0.00979222 -0.000968981
31.2071 -3.89698 -0.00582233 0.00931674 -0.00120396
31.5663 -3.89962 -0.0056536 0.00895236 -0.00133377
31.2071 -3.75525 -0.00585484 0.00934907 -0.0011333
31.5663 -3.75779 -0.00568429 0.00902141 -0.00132157
30.4888 -3.60822 -0.00585503 0.0100477 -0.000539675
30.848 -3.61095 -0.0059024 0.00973777 -0.00087527
30.4888 -3.46672 -0.0058755 0.0098704 -0.000435896
30.848 -3.46934 -0.00588986 0.00969062 -0.000829676
31.2072 -3.61353 -0.00586862 0.0093502 -0.00108844
31.5664 -3.61597 -0.00569392 0.00906674 -0.00131313
31.2072 -3.47182 -0.00584648 0.00934088 -0.00108526
31.5664 -3.47415 -0.00569242 0.00909543 -0.00130716
26.1796 -3.28502 -0.000520555 0.000809232 -0.00262364
26.5389 -3.28909 -0.00148041 0.00276518 -0.00248189
26.1796 -3.14524 -0.00054534 0.000805116 -0.00278514
26.5389 -3.14914 -0.00146099 0.00274295 -0.00277381
26.8982 -3.29303 -0.00255084 0.00453856 -0.0025726
27.2574 -3.29684 -0.00333792 0.00645552 -0.00243645
26.8982 -3.15291 -0.00245594 0.00450795 -0.00268761
27.2574 -3.15656 -0.00330992 0.00632987 -0.00275649
26.1796 -3.00545 -0.000545878 0.000759227 -0.00292765
26.5389 -3.00918 -0.0014948 0.00266354 -0.0029109
26.1796 -2.86567 -0.00052304 0.000751846 -0.00313069
26.5389 -2.86922 -0.00147564 0.00258382 -0.00331626
26.8982 -3.01278 -0.00244171 0.00439886 -0.00284869
27.2574 -3.01628 -0.00327873 0.0062505 -0.00298386
26.8981 -2.87266 -0.00248566 0.00428339 -0.00321681
27.2574 -2.87599 -0.00329877 0.00600471 -0.00330839
27.6166 -3.30052 -0.00428629 0.00806788 -0.00231088
27.9757 -3.30407 -0.00492058 0.0092489 -0.00196645
27.6166 -3.16009 -0.00422505 0.00802557 -0.00259218
27.9757 -3.1635 -0.00496087 0.00928108 -0.00256616
28.3348 -3.3075 -0.00522665 0.00990283 -0.00170467
28.6938 -3.31079 -0.00490987 0.00993187 -0.00124151
28.3348 -3.16678 -0.00517797 0.00999524 -0.002068
28.6938 -3.16994 -0.00498805 0.0098815 -0.0016974
27.6166 -3.01965 -0.00431146 0.00788824 -0.00297154
27.9757 -3.02291 -0.00497248 0.00911293 -0.00278171
27.6166 -2.87921 -0.0041459 0.00776914 -0.00333803
27.9757 -2.88232 -0.0048136 0.00903265 -0.00317511
28.3348 -3.02605 -0.00514119 0.00995865 -0.00239989
28.6938 -3.02908 -0.00497363 0.00992144 -0.00186786
28.3348 -2.88531 -0.00502349 0.00981078 -0.00281534
28.6938 -2.8882 -0.00483532 0.00976668 -0.00214045
26.1796 -2.72588 -0.000565483 0.000693994 -0.00339156
26.5389 -2.72927 -0.00144584 0.00252506 -0.00337473
26.1796 -2.58609 -0.000543254 0.000632823 -0.00357527
26.5389 -2.5893 -0.00133424 0.00237266 -0.00366451
26.8981 -2.73254 -0.00227734 0.00416731 -0.00361898
27.2574 -2.7357 -0.00313145 0.00591531 -0.00359374
26.8981 -2.59241 -0.00219006 0.00408206 -0.0037071
27.2574 -2.5954 -0.00319327 0.00567371 -0.0038603
26.1796 -2.44631 -0.000516315 0.000685405 -0.00378602
26.5389 -2.44933 -0.00141246 0.0022812 -0.00374187
26.1796 -2.30652 -0.000459976 0.000610633 -0.00417553
26.5388 -2.30937 -0.00128689 0.00218095 -0.00400169
26.8981 -2.45227 -0.00219545 0.00386336 -0.00407298
27.2573 -2.45511 -0.00293391 0.00555631 -0.00427337
26.8981 -2.31213 -0.00200454 0.00374964 -0.00429206
27.2573 -2.3148 -0.00284236 0.00534214 -0.0043791
27.6165 -2.73876 -0.00406861 0.00750224 -0.00374796
27.9757 -2.7417 -0.00477981 0.00879396 -0.00357377
27.6165 -2.59829 -0.00416459 0.00721642 -0.00394767
27.9757 -2.60109 -0.0045612 0.00859922 -0.00396833
28.3348 -2.74454 -0.00529059 0.00957581 -0.00337755
28.6938 -2.74728 -0.00521009 0.00957809 -0.0025855
28.3348 -2.60378 -0.00503948 0.00940584 -0.00353708
28.6938 -2.60637 -0.00552054 0.009252 -0.00292106
27.6165 -2.45784 -0.00383211 0.007004 -0.00416724
27.9757 -2.46048 -0.00441952 0.00830504 -0.00432185
27.6165 -2.31737 -0.00365554 0.00674728 -0.00469424
27.9757 -2.31985 -0.00436249 0.00788198 -0.00456256
28.3348 -2.46301 -0.00456313 0.00932103 -0.00410073
28.6938 -2.46546 -0.00557364 0.0092803 -0.00372117
28.3348 -2.32224 -0.00455112 0.00895364 -0.00440055
28.6939 -2.32454 -0.0053183 0.00911755 -0.00402729
29.0526 -3.31394 -0.00645309 0.00934146 -0.000751107
29.4117 -3.31696 -0.00469242 0.00982399 -0.000406344
29.0526 -3.17295 -0.00639163 0.00919197 -0.000720237
29.4117 -3.17583 -0.00469954 0.00970222 -0.000784493
29.7707 -3.31985 -0.00557519 0.00944006 -0.000260732
30.1298 -3.32261 -0.00570122 0.00966695 -0.000171418
29.7707 -3.17859 -0.00553228 0.00931878 -0.000459844
30.1298 -3.18123 -0.00569853 0.00955253 -0.000428801
29.0527 -3.03195 -0.00621633 0.00892904 -0.00112273
29.4118 -3.0347 -0.00478662 0.00956801 -0.00120694
29.0528 -2.89093 -0.00572612 0.00900394 -0.00180833
29.4119 -2.89355 -0.00496935 0.00934947 -0.00147425
29.7708 -3.03733 -0.00548535 0.00919781 -0.000656528
30.1299 -3.03983 -0.00561629 0.00942508 -0.000541433
29.7709 -2.89605 -0.00542718 0.00911387 -0.00103787
30.13 -2.89844 -0.0054993 0.00935494 -0.000886622
30.4889 -3.32524 -0.00591938 0.00973463 -0.000534853
30.848 -3.32773 -0.00586856 0.00961896 -0.000803772
30.489 -3.18374 -0.00569993 0.00964822 -0.000563091
30.8481 -3.18612 -0.00585385 0.00947909 -0.000784451
31.2072 -3.3301 -0.00580422 0.00931276 -0.00110883
31.5665 -3.33234 -0.00570042 0.00911302 -0.00133866
31.2073 -3.18838 -0.00574831 0.00930655 -0.00119303
31.5665 -3.19052 -0.0057086 0.009072 -0.00144417
30.489 -3.04223 -0.00557477 0.00952622 -0.000638331
30.8482 -3.04451 -0.00580789 0.00933376 -0.000952548
30.4891 -2.90072 -0.00557989 0.00932854 -0.00090797
30.8482 -2.90289 -0.00576009 0.00926926 -0.00116719
31.2074 -3.04666 -0.00568611 0.00928852 -0.00130061
31.5666 -3.0487 -0.00572079 0.00903975 -0.00155991
31.2074 -2.90494 -0.00567323 0.00927063 -0.00147163
31.5666 -2.90688 -0.00573223 0.0090335 -0.0017573
29.0528 -2.74989 -0.00541942 0.00910018 -0.00225969
29.4119 -2.75239 -0.00508144 0.00927261 -0.00175498
29.0529 -2.60884 -0.00522377 0.00923383 -0.00282782
29.4119 -2.61121 -0.00533325 0.00908352 -0.0020398
29.771 -2.75477 -0.00544062 0.00902765 -0.00139879
30.13 -2.75705 -0.00536988 0.00929 -0.00127271
29.771 -2.61347 -0.00549391 0.00891537 -0.00198578
30.1301 -2.61564 -0.00530366 0.00917662 -0.00169649
29.053 -2.46779 -0.00484404 0.00937936 -0.00313917
29.412 -2.47004 -0.00546879 0.0087537 -0.00255263
29.053 -2.32674 -0.00468138 0.00922396 -0.00338158
29.412 -2.32886 -0.00521928 0.00878197 -0.00316535
29.7711 -2.47218 -0.0054394 0.00885077 -0.00244038
30.1302 -2.47422 -0.00532529 0.00906888 -0.00217008
29.7711 -2.33087 -0.00532267 0.00879355 -0.00291199
30.1302 -2.3328 -0.00533144 0.00897785 -0.00266433
30.4892 -2.75921 -0.00558998 0.00920167 -0.0012774
30.8483 -2.76127 -0.00570496 0.00927688 -0.00146066
30.4892 -2.61769 -0.00554725 0.0091223 -0.00176308
30.8484 -2.61964 -0.00562252 0.00923393 -0.00178197
31.2075 -2.76321 -0.00564579 0.00917885 -0.00166627
31.5667 -2.76505 -0.0057905 0.00896258 -0.00199392
31.2076 -2.62149 -0.00553542 0.00920567 -0.0019826
31.5667 -2.62323 -0.00583077 0.00889551 -0.00224962
30.4893 -2.47616 -0.00548195 0.00906935 -0.00214856
30.8484 -2.478 -0.005652 0.00908591 -0.00215477
30.4894 -2.33463 -0.00540216 0.00910261 -0.00256309
30.8485 -2.33637 -0.00564802 0.00900244 -0.00240317
31.2076 -2.47975 -0.00549788 0.00915042 -0.00227462
31.5668 -2.4814 -0.00581619 0.00896923 -0.00265346
31.2077 -2.33801 -0.00559934 0.00910734 -0.00267397
31.5668 -2.33957 -0.00581018 0.008966 -0.00292759
31.9252 -4.46979 -0.00523691 0.008247 -0.00136712
32.2843 -4.47245 -0.0050378 0.00783365 -0.0014793
31.9253 -4.32786 -0.00528274 0.00832378 -0.00138894
32.2844 -4.33044 -0.005114 0.00788753 -0.00146602
32.6434 -4.47494 -0.00493496 0.00744641 -0.00169497
33.0025 -4.47725 -0.00479751 0.00713041 -0.00203587
32.6435 -4.33285 -0.00495617 0.00752169 -0.00169452
33.0025 -4.33509 -0.00485644 0.00721264 -0.00207598
31.9253 -4.18594 -0.00532314 0.0084123 -0.00140635
32.2844 -4.18843 -0.00516166 0.00796153 -0.0015161
31.9254 -4.04402 -0.00536447 0.00849869 -0.00142386
32.2844 -4.04643 -0.00521097 0.0080525 -0.00149662
32.6435 -4.19076 -0.00501758 0.00760049 -0.00173543
33.0026 -4.19293 -0.00490312 0.00729747 -0.00213823
32.6435 -4.04867 -0.00508613 0.00767583 -0.00177173
33.0026 -4.05076 -0.00499936 0.00738417 -0.00220168
33.3616 -4.47939 -0.00475502 0.00683704 -0.00254571
33.7207 -4.48134 -0.00482694 0.00664928 -0.00317157
33.3616 -4.33716 -0.00480056 0.00691309 -0.00259907
33.7207 -4.33905 -0.00479395 0.00671318 -0.00328399
34.0798 -4.48312 -0.00473441 0.0066055 -0.0038876
34.4388 -4.48473 -0.00481149 0.0064911 -0.00463484
34.0798 -4.34078 -0.00477977 0.00665192 -0.00404403
34.4389 -4.34233 -0.00492019 0.00649026 -0.00469858
33.3617 -4.19493 -0.00485778 0.00700596 -0.00271214
33.7207 -4.19676 -0.00487064 0.00675176 -0.0034165
33.3617 -4.05269 -0.00490937 0.00712623 -0.00285018
33.7208 -4.05446 -0.00490405 0.00682673 -0.00359728
34.0798 -4.19842 -0.00476203 0.00673941 -0.00423275
34.4389 -4.19993 -0.00488157 0.00665829 -0.00490087
34.0798 -4.05607 -0.00486034 0.00673516 -0.00445889
34.4389 -4.05752 -0.004821 0.00674094 -0.00498819
31.9254 -3.9021 -0.00539163 0.00858059 -0.00141378
32.2845 -3.90442 -0.00526645 0.00812854 -0.00156348
31.9255 -3.76018 -0.00547644 0.00866477 -0.00142542
32.2845 -3.76242 -0.00532115 0.00822994 -0.00161114
32.6436 -3.90659 -0.00512672 0.00778594 -0.00182263
33.0026 -3.9086 -0.00509029 0.00749173 -0.00235511
32.6436 -3.7645 -0.00522293 0.00788469 -0.00188442
33.0027 -3.76644 -0.00513141 0.00760438 -0.00247578
31.9255 -3.61827 -0.00554663 0.00872589 -0.00145925
32.2846 -3.62042 -0.00535579 0.00833728 -0.00167404
31.9256 -3.47635 -0.00559401 0.00876348 -0.00151439
32.2846 -3.47842 -0.00542143 0.00842646 -0.00175714
32.6436 -3.62242 -0.00529793 0.0079677 -0.00200282
33.0027 -3.62429 -0.0051862 0.0077383 -0.00263116
32.6437 -3.48034 -0.00538012 0.00809216 -0.0021695
33.0028 -3.48213 -0.00527261 0.00785168 -0.00281197
33.3617 -3.91046 -0.00501646 0.00722585 -0.00301163
33.7208 -3.91216 -0.00494728 0.00694649 -0.00382826
33.3617 -3.76823 -0.00515359 0.00731218 -0.00320163
33.7208 -3.76987 -0.00503413 0.0070238 -0.00406693
34.0798 -3.91371 -0.00497579 0.00674073 -0.00464388
34.4389 -3.91511 -0.00498709 0.00673178 -0.0053298
34.0799 -3.77136 -0.00504867 0.00684498 -0.00489014
34.4389 -3.7727 -0.00514978 0.00677457 -0.00559699
33.3618 -3.626 -0.00520873 0.00743762 -0.00344793
33.7208 -3.62758 -0.00515186 0.00712107 -0.00434078
33.3618 -3.48378 -0.00524238 0.00756981 -0.00372514
33.7209 -3.48529 -0.00519264 0.00726088 -0.00460753
34.0799 -3.62901 -0.00514525 0.00694301 -0.00516792
34.4389 -3.63029 -0.00526577 0.00689673 -0.00579325
34.0799 -3.48666 -0.00522355 0.00708359 -0.00545144
34.439 -3.4879 -0.00531435 0.00709248 -0.00608155
34.7979 -4.48616 -0.00490384 0.00655537 -0.00518512
35.157 -4.48741 -0.00528657 0.00656888 -0.00582871
34.7979 -4.34372 -0.00490735 0.00652501 -0.00533308
35.157 -4.34493 -0.00499687 0.00666312 -0.00590351
35.5161 -4.48849 -0.00576286 0.00674383 -0.00623317
35.8752 -4.48938 -0.00618555 0.00734149 -0.00697928
35.5161 -4.34596 -0.00552765 0.00678639 -0.00641405
35.8751 -4.34683 -0.00610325 0.00729433 -0.00704965
34.798 -4.20127 -0.00495445 0.00655027 -0.00541183
35.157 -4.20243 -0.00515142 0.00653563 -0.00593782
34.798 -4.05881 -0.0048241 0.00678629 -0.00564548
35.1571 -4.05994 -0.00492563 0.00678927 -0.00616271
35.516 -4.20343 -0.00566852 0.00668751 -0.00660419
35.8751 -4.20427 -0.00601283 0.0072487 -0.00710624
35.516 -4.06091 -0.00572419 0.00671087 -0.00665483
35.8751 -4.06171 -0.00576742 0.00717046 -0.00713363
36.2343 -4.49011 -0.00663298 0.00815909 -0.00765032
36.5934 -4.49065 -0.00732345 0.00872696 -0.00837333
36.2343 -4.34753 -0.00653387 0.00796624 -0.00767034
36.5934 -4.34805 -0.00722816 0.00863542 -0.00834564
36.9526 -4.49102 -0.0080306 0.0092982 -0.00916804
37.3117 -4.49121 -0.00900304 0.00984034 -0.0099354
36.9525 -4.34841 -0.00782019 0.00949912 -0.00937882
37.3117 -4.34859 -0.00913457 0.0100249 -0.00988117
36.2343 -4.20494 -0.00645148 0.00779952 -0.00767897
36.5934 -4.20545 -0.00737998 0.00838361 -0.00824637
36.2343 -4.06236 -0.00614568 0.00775542 -0.00780665
36.5934 -4.06285 -0.00707382 0.00843853 -0.00849393
36.9525 -4.2058 -0.00788793 0.00946379 -0.00930209
37.3116 -4.20597 -0.00916721 0.0102016 -0.0102033
36.9525 -4.06318 -0.00786927 0.00953144 -0.00926585
37.3116 -4.06334 -0.00908498 0.0103519 -0.010258
34.798 -3.91635 -0.00496914 0.00671049 -0.00581656
35.1571 -3.91745 -0.00484439 0.00683338 -0.00618579
34.798 -3.7739 -0.00509309 0.0068524 -0.00607716
35.1571 -3.77495 -0.00500533 0.00697142 -0.00653636
35.516 -3.91839 -0.00556212 0.00671748 -0.00681776
35.8751 -3.91915 -0.00568515 0.00707469 -0.00718304
35.5161 -3.77585 -0.00552607 0.00664232 -0.00691181
35.8751 -3.77659 -0.00570631 0.00700987 -0.00738644
34.798 -3.63144 -0.00541078 0.00683479 -0.00645907
35.1571 -3.63246 -0.00507967 0.00702967 -0.00666869
34.798 -3.489 -0.0056462 0.00677634 -0.00653864
35.157 -3.48996 -0.00572167 0.00667236 -0.00680755
35.5161 -3.63332 -0.00543785 0.00675602 -0.00706948
35.8751 -3.63403 -0.00576341 0.00686654 -0.00759185
35.5161 -3.4908 -0.00535456 0.00693015 -0.00730941
35.8751 -3.49148 -0.00575418 0.00684921 -0.00776084
36.2343 -3.91978 -0.00606352 0.00769389 -0.00781567
36.5933 -3.92025 -0.00704871 0.00826161 -0.00855373
36.2342 -3.77719 -0.0059961 0.00758454 -0.00792902
36.5933 -3.77764 -0.00692289 0.00820655 -0.00858528
36.9525 -3.92056 -0.00782584 0.00941269 -0.00936552
37.3116 -3.92072 -0.00907589 0.0104412 -0.0102564
36.9524 -3.77794 -0.00777078 0.00940399 -0.00939271
37.3116 -3.77809 -0.00914973 0.0105569 -0.0101748
36.2342 -3.63461 -0.00593723 0.00753478 -0.00814932
36.5933 -3.63504 -0.00679029 0.00819255 -0.00879716
36.2342 -3.49203 -0.00604668 0.00734022 -0.00835452
36.5933 -3.49244 -0.00686447 0.0080498 -0.00897685
36.9524 -3.63533 -0.0076613 0.00934338 -0.00942626
37.3116 -3.63547 -0.00914609 0.0106493 -0.0102386
36.9524 -3.49271 -0.00769289 0.00931176 -0.00952959
37.3115 -3.49285 -0.00894094 0.010785 -0.0103801
31.9256 -3.33444 -0.00561158 0.00881609 -0.00160997
32.2847 -3.33642 -0.0055184 0.00849689 -0.00190648
31.9257 -3.19253 -0.0056141 0.00885864 -0.00173673
32.2847 -3.19442 -0.0055685 0.00855588 -0.00212104
32.6437 -3.33826 -0.0054468 0.00820126 -0.00238464
33.0028 -3.33997 -0.00538984 0.00794266 -0.00304508
32.6438 -3.19618 -0.00549248 0.00832978 -0.00255949
33.0028 -3.19782 -0.00549782 0.00804598 -0.00331594
31.9257 -3.05062 -0.00563762 0.00888012 -0.00194258
32.2848 -3.05242 -0.00563889 0.00859938 -0.00229818
31.9258 -2.9087 -0.00559705 0.00893625 -0.00212446
32.2848 -2.91042 -0.00573435 0.0086281 -0.00257113
32.6438 -3.0541 -0.00557916 0.00844293 -0.0028634
33.0029 -3.05567 -0.00557545 0.00821186 -0.00361862
32.6439 -2.91202 -0.00569232 0.00854828 -0.00320834
33.0029 -2.91351 -0.00567935 0.00836653 -0.00391761
33.3619 -3.34155 -0.00532462 0.0076764 -0.00395349
33.7209 -3.343 -0.00530722 0.00735038 -0.00490211
33.3619 -3.19933 -0.00539168 0.00781686 -0.00423445
33.7209 -3.20071 -0.00536924 0.00750329 -0.00517654
34.08 -3.34432 -0.00532173 0.00723358 -0.00570318
34.439 -3.3455 -0.00538614 0.00726389 -0.00639562
34.08 -3.20197 -0.00545531 0.00738931 -0.00594736
34.439 -3.2031 -0.0054606 0.00740023 -0.00661543
33.3619 -3.05711 -0.00547717 0.00795042 -0.00452947
33.721 -3.05843 -0.00546315 0.00767763 -0.00538715
33.362 -2.91488 -0.00556024 0.0081057 -0.00480093
33.721 -2.91614 -0.00553837 0.00785018 -0.00567604
34.08 -3.05963 -0.00550164 0.00758206 -0.00617578
34.439 -3.06071 -0.00553416 0.00757134 -0.0067876
34.08 -2.91728 -0.0056133 0.00776359 -0.0063782
34.4391 -2.91831 -0.00564513 0.00772679 -0.00702512
31.9258 -2.76679 -0.00557669 0.00899984 -0.00240019
32.2849 -2.76842 -0.00571497 0.00875277 -0.00287703
31.9259 -2.62487 -0.0056657 0.00894429 -0.00269516
32.2849 -2.62642 -0.00569371 0.00885022 -0.00319963
32.6439 -2.76994 -0.0057971 0.00861049 -0.00348227
33.0029 -2.77135 -0.00575127 0.00848421 -0.00427786
32.6439 -2.62786 -0.00583477 0.00876182 -0.00383583
33.003 -2.6292 -0.00582089 0.00867158 -0.00457974
31.9259 -2.48296 -0.00574104 0.00894934 -0.00296324
32.2849 -2.48442 -0.00578361 0.00890091 -0.00349265
31.926 -2.34104 -0.00577577 0.00900871 -0.00329398
32.285 -2.34241 -0.00586436 0.00899638 -0.00370202
32.644 -2.48578 -0.00589627 0.00888249 -0.00410549
33.003 -2.48704 -0.00593695 0.00879869 -0.00489108
32.644 -2.34369 -0.0059624 0.008974 -0.00435136
33.0031 -2.34488 -0.00602133 0.00889059 -0.00503756
33.362 -2.77266 -0.00572237 0.0082119 -0.00509476
33.721 -2.77386 -0.00562894 0.0080249 -0.00590386
33.362 -2.63043 -0.00580108 0.00841354 -0.00537665
33.7211 -2.63157 -0.00575201 0.00822285 -0.00613626
34.0801 -2.77494 -0.00568191 0.00795626 -0.00657587
34.4391 -2.77591 -0.00577476 0.00785713 -0.00713402
34.0801 -2.63259 -0.0057655 0.00815173 -0.00675561
34.4391 -2.63352 -0.00570386 0.00806126 -0.00739153
33.362 -2.48821 -0.00591618 0.0085675 -0.00561645
33.7211 -2.48927 -0.00588205 0.00839335 -0.0063291
33.3621 -2.34598 -0.00601435 0.00871067 -0.00583366
33.7211 -2.34698 -0.00593896 0.00857366 -0.00645023
34.0801 -2.49025 -0.00592006 0.00825497 -0.006917
34.4391 -2.49112 -0.0057411 0.00821489 -0.00750608
34.0801 -2.34789 -0.00595284 0.00841331 -0.00708149
34.4391 -2.34872 -0.0058417 0.0082924 -0.00768916
34.798 -3.34655 -0.00530051 0.00722547 -0.00686579
35.157 -3.34747 -0.00578682 0.00708354 -0.00738671
34.798 -3.20411 -0.00552665 0.00731673 -0.00707678
35.1571 -3.20498 -0.00608854 0.00700495 -0.00737722
35.5161 -3.34826 -0.00557403 0.00709936 -0.00780791
35.8751 -3.34893 -0.00570481 0.00687455 -0.00807035
35.516 -3.20573 -0.00646095 0.00662256 -0.00713195
35.8751 -3.20638 -0.0062365 0.00663395 -0.00852397
34.7981 -3.06167 -0.00557705 0.00746903 -0.0073653
35.1571 -3.06253 -0.00496584 0.00775053 -0.0078014
34.7981 -2.91923 -0.00569491 0.00755521 -0.00750928
35.157 -2.92003 -0.00579515 0.00738903 -0.00797408
35.516 -3.06324 -0.00519822 0.00748241 -0.00828279
35.875 -3.06383 -0.00664171 0.00673994 -0.00846751
35.5161 -2.92071 -0.00516406 0.00749569 -0.0082991
35.8751 -2.92127 -0.00632842 0.00707045 -0.00864287
36.2342 -3.34945 -0.00597993 0.00737563 -0.00862816
36.5933 -3.34983 -0.00702466 0.00784904 -0.00910586
36.2343 -3.20688 -0.00562473 0.0074237 -0.00867689
36.5934 -3.20723 -0.00662422 0.00796915 -0.00938107
36.9524 -3.35008 -0.00819581 0.00888528 -0.00960102
37.3115 -3.3502 -0.00911314 0.010639 -0.0104371
36.9524 -3.20746 -0.00854707 0.00862197 -0.00946991
37.3115 -3.20756 -0.00975286 0.0101764 -0.0106041
36.2343 -3.0643 -0.00576661 0.00749196 -0.00919303
36.5934 -3.06466 -0.00585462 0.00849805 -0.00968028
36.2342 -2.92172 -0.00597512 0.00751876 -0.009726
36.5934 -2.92205 -0.00646295 0.00809093 -0.00979262
36.9524 -3.06488 -0.00754182 0.00949526 -0.0102243
37.3115 -3.06499 -0.00879317 0.0107203 -0.0112425
36.9525 -2.92227 -0.00698773 0.00986475 -0.0106016
37.3115 -2.92239 -0.00831137 0.0113368 -0.0105821
34.7981 -2.77678 -0.00584777 0.00766737 -0.00765501
35.157 -2.77753 -0.00582843 0.00747061 -0.00820555
34.7981 -2.63434 -0.00588273 0.00778076 -0.00786648
35.1571 -2.63505 -0.00583326 0.00757424 -0.00843072
35.5161 -2.77818 -0.00537864 0.00777136 -0.00860976
35.8751 -2.77871 -0.00591068 0.00745081 -0.00907067
35.5161 -2.63566 -0.00593795 0.00740803 -0.00885716
35.8752 -2.63615 -0.00613276 0.00727553 -0.00884552
34.7981 -2.4919 -0.00579536 0.00795792 -0.00807069
35.1571 -2.49257 -0.00580095 0.00773202 -0.00854981
34.7981 -2.34944 -0.00578692 0.00810497 -0.00826751
35.1571 -2.35007 -0.00576227 0.00787039 -0.00869874
35.5161 -2.49314 -0.00604516 0.00731536 -0.00908339
35.8751 -2.49363 -0.00521425 0.00793134 -0.00951258
35.5161 -2.35062 -0.00598971 0.00738603 -0.00929422
35.8751 -2.35106 -0.00617253 0.0072674 -0.00970809
36.2342 -2.77913 -0.0060994 0.00747475 -0.00911199
36.5933 -2.77945 -0.00684015 0.00795138 -0.0099048
36.2342 -2.63655 -0.00659394 0.00703416 -0.00933642
36.5933 -2.63687 -0.00677142 0.00791804 -0.0101662
36.9524 -2.77966 -0.00718389 0.0095017 -0.0105968
37.3115 -2.77977 -0.00835507 0.0112234 -0.0110304
36.9524 -2.63707 -0.00755032 0.00923724 -0.0107437
37.3114 -2.63716 -0.00882359 0.0109001 -0.0111143
36.2342 -2.49401 -0.00516594 0.00825831 -0.00997545
36.5933 -2.49428 -0.00714131 0.0080515 -0.0102503
36.2343 -2.35142 -0.00561345 0.00800756 -0.0101299
36.5933 -2.35168 -0.00638635 0.00858098 -0.0106063
36.9524 -2.49445 -0.00816766 0.00872188 -0.010611
37.3114 -2.49454 -0.00890522 0.0108904 -0.011199
36.9523 -2.35184 -0.00759625 0.00946139 -0.0110657
37.3114 -2.35191 -0.00901471 0.0108405 -0.0113108
