26.1797 0.0698994 -0.000243324 0.000460724 -0.00579484
26.539 0.0699828 -0.00065949 0.00144159 -0.00583219
26.1796 0.209695 -0.000270925 0.000460209 -0.00566544
26.539 0.20995 -0.000721192 0.00137384 -0.00569642
26.8983 0.0700638 -0.00101665 0.00226626 -0.00572984
27.2575 0.0701433 -0.00145112 0.00291369 -0.00542226
26.8983 0.210195 -0.00101898 0.0021222 -0.00568916
27.2575 0.210432 -0.00126646 0.00278946 -0.00552321
26.1796 0.349484 -0.000121682 0.000435957 -0.00574711
26.5389 0.349913 -0.000620048 0.00127897 -0.00566901
26.1796 0.489274 -0.000170382 0.000398233 -0.00554479
26.5389 0.489876 -0.000504227 0.00122086 -0.00560878
26.8982 0.350327 -0.00100019 0.00202703 -0.00561956
27.2575 0.350728 -0.00134411 0.00265638 -0.00532293
26.8982 0.490459 -0.000880314 0.00190282 -0.00552982
27.2575 0.491023 -0.00120132 0.00249607 -0.00526777
27.6168 0.0702209 -0.00186204 0.00347341 -0.00504995
27.976 0.0702939 -0.00209233 0.00417972 -0.0046513
27.6168 0.210664 -0.00168833 0.00339722 -0.00514741
27.976 0.21089 -0.00215011 0.00408721 -0.00461627
28.3352 0.0703656 -0.00245182 0.00474811 -0.00410659
28.6944 0.0704336 -0.00274887 0.0052944 -0.00369488
28.3352 0.211106 -0.00244029 0.00460207 -0.0040579
28.6944 0.211313 -0.00281289 0.00518268 -0.0036784
27.6168 0.351115 -0.00165046 0.00324094 -0.00506234
27.976 0.351492 -0.00207122 0.00397112 -0.00455362
27.6168 0.491568 -0.00155805 0.00310066 -0.00493805
27.976 0.492095 -0.00190354 0.00380671 -0.00458182
28.3352 0.351853 -0.00243045 0.00452295 -0.00405034
28.6944 0.3522 -0.00274199 0.0050674 -0.00363639
28.3352 0.492602 -0.00232069 0.00438735 -0.00393228
28.6944 0.493088 -0.00266269 0.0049782 -0.00363746
26.1796 0.629061 -0.000117527 0.000389859 -0.0054355
26.5389 0.62984 -0.000512148 0.0010807 -0.00539759
26.1796 0.768849 -4.83725e-05 0.000339982 -0.00516865
26.5389 0.769803 -0.000390187 0.000981761 -0.00517757
26.8982 0.630592 -0.000817446 0.00176035 -0.00536415
27.2575 0.63132 -0.00112147 0.00233169 -0.00511839
26.8982 0.770726 -0.000730627 0.0016115 -0.00513201
27.2575 0.771617 -0.00102035 0.00214661 -0.00490961
26.1796 0.908644 -6.53129e-05 0.000287849 -0.00488281
26.5389 0.909771 -0.000347089 0.000856372 -0.00492416
26.1796 1.04844 -4.77885e-05 0.000296922 -0.00475958
26.5389 1.04974 -0.000284652 0.000750774 -0.00469345
26.8982 0.910862 -0.00064296 0.00144027 -0.00486311
27.2575 0.911916 -0.000905001 0.00192023 -0.00468765
26.8982 1.051 -0.000544051 0.00126877 -0.00458779
27.2574 1.05222 -0.000770484 0.00168071 -0.00448204
27.6167 0.632022 -0.00144368 0.00290519 -0.00479531
27.976 0.632698 -0.00177015 0.00358193 -0.00437352
27.6167 0.772477 -0.00132616 0.00266693 -0.00460543
27.976 0.773306 -0.00167913 0.00336398 -0.00432792
28.3352 0.63335 -0.00222723 0.00423662 -0.0039287
28.6944 0.633978 -0.0025934 0.00485109 -0.00360668
28.3352 0.774104 -0.00204512 0.00403114 -0.00393225
28.6944 0.774872 -0.00248874 0.00466945 -0.00363131
27.6167 0.912936 -0.00120407 0.00239191 -0.00440502
27.9759 0.913917 -0.00159691 0.00300055 -0.00406166
27.6167 1.05339 -0.000929895 0.00211063 -0.00426632
27.9759 1.05452 -0.00129316 0.00267597 -0.00388628
28.3352 0.914861 -0.00187917 0.00374269 -0.00385717
28.6943 0.915771 -0.00238425 0.00445247 -0.00360537
28.3351 1.05562 -0.00165157 0.0033292 -0.00379549
28.6943 1.05667 -0.00208135 0.0041189 -0.00384575
29.0536 0.0705018 -0.00292024 0.00575601 -0.00356022
29.4127 0.070573 -0.00358461 0.00576758 -0.0033638
29.0536 0.211515 -0.0028701 0.00564006 -0.00348195
29.4127 0.211714 -0.00332833 0.00577791 -0.0036652
29.772 0.070639 -0.00333147 0.00591868 -0.00399162
30.1311 0.070696 -0.00341225 0.00573336 -0.00377052
29.772 0.211912 -0.00301678 0.00564496 -0.00377932
30.1311 0.212093 -0.00364221 0.00520834 -0.00366854
29.0536 0.352535 -0.00285154 0.00541817 -0.00351442
29.4128 0.352863 -0.00327479 0.00573279 -0.00359138
29.0536 0.493559 -0.0029399 0.00534992 -0.00351616
29.4128 0.494012 -0.00309538 0.00555981 -0.00377036
29.772 0.353186 -0.00269349 0.00555514 -0.00362079
30.1311 0.353485 -0.00372365 0.00475252 -0.00390601
29.772 0.494439 -0.00215469 0.00589074 -0.00364001
30.1311 0.494858 -0.0032087 0.00522659 -0.00467122
30.4902 0.0707508 -0.0033206 0.00576471 -0.00427617
30.8494 0.0708051 -0.00341791 0.0057274 -0.00458582
30.4902 0.212257 -0.00320469 0.00547132 -0.00448242
30.8494 0.212416 -0.00322174 0.00540173 -0.00456076
31.2086 0.0708549 -0.00358804 0.00598046 -0.00505705
31.5677 0.070902 -0.00385306 0.0062827 -0.00554082
31.2086 0.212566 -0.00337883 0.0055989 -0.00503224
31.5677 0.212707 -0.00358489 0.00589239 -0.00554524
30.4903 0.353762 -0.00309285 0.00528076 -0.00440323
30.8494 0.354026 -0.00310279 0.00510153 -0.00469396
30.4902 0.495259 -0.00303015 0.00508275 -0.00448202
30.8494 0.49563 -0.00286254 0.00489549 -0.00487067
31.2086 0.354276 -0.00317873 0.00519864 -0.00503588
31.5678 0.354514 -0.0033608 0.00546432 -0.00554229
31.2086 0.495983 -0.00293853 0.00490628 -0.00522334
31.5678 0.496318 -0.00310171 0.00510034 -0.00567522
29.0536 0.634582 -0.00287205 0.00530826 -0.0036436
29.4128 0.635165 -0.00304649 0.00543356 -0.00402856
29.0536 0.775609 -0.00281155 0.00524982 -0.00378693
29.4128 0.776317 -0.003072 0.00543172 -0.00401223
29.772 0.635708 -0.00255786 0.00586869 -0.00425664
30.1311 0.636232 -0.00270625 0.0056527 -0.00481161
29.7719 0.776984 -0.00321098 0.00545649 -0.0048065
30.1311 0.777614 -0.0025949 0.00551417 -0.00459365
29.0535 0.91664 -0.00272909 0.00505823 -0.00404538
29.4127 0.917467 -0.00288232 0.00563601 -0.00443977
29.0535 1.05767 -0.00271323 0.00488024 -0.00414096
29.4127 1.05863 -0.0028763 0.00553069 -0.00489702
29.7719 0.918264 -0.0033871 0.00537669 -0.00510335
30.1311 0.919018 -0.00311099 0.00524133 -0.00521328
29.7719 1.05955 -0.00297872 0.00556163 -0.00523218
30.1311 1.06043 -0.00307472 0.00532843 -0.00597792
30.4903 0.636744 -0.00293414 0.0049815 -0.00484903
30.8494 0.63723 -0.002832 0.00477427 -0.00509979
30.4903 0.77823 -0.00261745 0.00513704 -0.00526847
30.8494 0.778829 -0.00267919 0.00469724 -0.00550394
31.2086 0.637689 -0.00276286 0.00463372 -0.00545299
31.5678 0.638122 -0.00291512 0.0047724 -0.00592003
31.2086 0.779394 -0.00257283 0.00457375 -0.00579384
31.5678 0.779928 -0.00273472 0.00462778 -0.0061532
30.4903 0.919745 -0.00261833 0.00508517 -0.00551478
30.8495 0.920447 -0.00264716 0.0046343 -0.00599946
30.4903 1.06127 -0.00250481 0.00522342 -0.00610263
30.8495 1.06208 -0.00237189 0.00478524 -0.00644513
31.2086 0.921111 -0.00249626 0.00444783 -0.00627588
31.5678 0.921738 -0.00256492 0.00445396 -0.00652079
31.2087 1.06284 -0.00237681 0.00444928 -0.00658349
31.5678 1.06355 -0.00243147 0.00449899 -0.00695061
26.1796 1.18824 -8.76581e-06 0.000239915 -0.00449752
26.5389 1.18971 -0.000204324 0.000674817 -0.00444868
26.1796 1.32803 -3.49621e-06 0.00023742 -0.00433758
26.5389 1.32968 -0.000212234 0.000570477 -0.00431432
26.8982 1.19114 -0.000434354 0.00109889 -0.00435774
27.2574 1.19252 -0.000640498 0.00142334 -0.0042245
26.8982 1.33127 -0.000405279 0.000932579 -0.00416831
27.2574 1.33281 -0.000487882 0.00117601 -0.00409212
26.1796 1.46782 1.04283e-06 0.000222612 -0.00426457
26.5389 1.46964 -0.000143385 0.000614793 -0.00417923
26.1796 1.60761 5.01025e-06 0.00020162 -0.0042839
26.5389 1.60961 -0.000143324 0.000497859 -0.00430429
26.8982 1.47141 -0.000269077 0.000860349 -0.00418111
27.2574 1.47311 -0.000361605 0.000969893 -0.00403282
26.8982 1.61154 -0.000169999 0.000735563 -0.00425409
27.2574 1.61341 -0.000272182 0.000800431 -0.00432143
27.6167 1.19385 -0.000780041 0.00172586 -0.00409975
27.9759 1.19513 -0.00102569 0.00216584 -0.00386732
27.6167 1.3343 -0.000601084 0.00136867 -0.00394186
27.9759 1.33574 -0.000755327 0.00162401 -0.00387422
28.3351 1.19637 -0.00141011 0.00279059 -0.00367295
28.6943 1.19756 -0.00185149 0.00368612 -0.00405664
28.3351 1.33713 -0.00104408 0.0021313 -0.00391665
28.6943 1.33846 -0.00150316 0.00306372 -0.00432327
27.6167 1.47476 -0.000413233 0.00107717 -0.00408983
27.9759 1.47635 -0.000496769 0.00110738 -0.00405504
27.6167 1.61522 -0.00031943 0.000801643 -0.00430028
27.9759 1.61696 -0.000228927 0.000680843 -0.00441093
28.3351 1.47788 -0.000681631 0.00142988 -0.00418945
28.6943 1.47936 -0.00118597 0.00239676 -0.00465441
28.3351 1.61864 -0.000355173 0.000778632 -0.00457647
28.6943 1.62026 -0.00083085 0.00172332 -0.00512783
26.1796 1.7474 0.000142864 0.000246171 -0.00459721
26.5389 1.74958 -1.79447e-05 0.000540645 -0.00461501
26.1796 1.8872 8.00779e-05 0.000223316 -0.00488735
26.5389 1.88954 -5.70368e-05 0.000473579 -0.00492907
26.8982 1.75168 -0.000206129 0.00066216 -0.0045887
27.2574 1.75371 -0.000220316 0.000692058 -0.00466852
26.8982 1.89182 -0.000151826 0.000622476 -0.00496444
27.2574 1.89401 -0.000140513 0.000610809 -0.00504866
26.1796 2.02699 8.17786e-05 0.000209244 -0.00522138
26.5389 2.02951 -7.69748e-05 0.000448805 -0.0052501
26.1796 2.16678 6.65802e-05 0.000232541 -0.00559223
26.5389 2.16948 -3.30692e-05 0.000439365 -0.00565206
26.8982 2.03195 -0.000119265 0.000562369 -0.00535313
27.2574 2.03431 -5.70218e-05 0.000536803 -0.00545266
26.8981 2.17209 -1.74113e-05 0.000520543 -0.00573656
27.2574 2.17461 1.53201e-05 0.000451488 -0.0058419
27.6167 1.75568 -0.000155811 0.000606257 -0.00473434
27.9759 1.75757 -3.19599e-05 0.000331054 -0.00488818
27.6166 1.89614 -4.37148e-05 0.000441075 -0.00521062
27.9759 1.89819 0.000135481 6.37292e-05 -0.00543171
28.3351 1.7594 4.95133e-06 0.000281896 -0.00513323
28.6943 1.76116 -0.000448619 0.001165 -0.00566356
28.3351 1.90016 0.000244029 -0.000104357 -0.00563959
28.6943 1.90206 -0.00013544 0.000651081 -0.00617712
27.6166 2.03659 6.46255e-05 0.000306199 -0.00565597
27.9759 2.03879 0.000290897 -0.000124458 -0.00588399
27.6166 2.17705 0.000161827 0.000171948 -0.00606746
27.9759 2.1794 0.000454572 -0.000289845 -0.00629579
28.3351 2.04091 0.000459104 -0.000396957 -0.00614501
28.6943 2.04295 0.000119464 0.000280315 -0.00666593
28.3351 2.18167 0.000638408 -0.000589091 -0.00658527
28.6943 2.18385 0.000308222 4.23231e-06 -0.00708373
29.0535 1.19871 -0.00245394 0.00463208 -0.00457713
29.4127 1.1998 -0.00287488 0.00542758 -0.0053189
29.0535 1.33974 -0.00222169 0.00431745 -0.00500337
29.4127 1.34097 -0.00283926 0.00521018 -0.00576173
29.7719 1.20086 -0.00294951 0.00567918 -0.005841
30.1311 1.20187 -0.00317745 0.00521095 -0.00651895
29.7719 1.34216 -0.00295284 0.00558201 -0.00627349
30.1311 1.34329 -0.00293536 0.00524239 -0.00654044
29.0535 1.48077 -0.00195313 0.00383615 -0.00547146
29.4127 1.48214 -0.00257445 0.00504247 -0.00621304
29.0535 1.62181 -0.00166805 0.00332716 -0.00597151
29.4127 1.62329 -0.00242887 0.00468671 -0.00663239
29.7719 1.48344 -0.00288133 0.00546777 -0.00665798
30.1311 1.48469 -0.00286094 0.00524603 -0.00681149
29.7719 1.62472 -0.00276285 0.00530271 -0.00708532
30.1311 1.62608 -0.00262459 0.00540645 -0.00732026
30.4903 1.20282 -0.00287122 0.00489698 -0.00640445
30.8495 1.20372 -0.00257836 0.00479197 -0.00682597
30.4903 1.34436 -0.00295061 0.0048472 -0.00690744
30.8495 1.34536 -0.00251468 0.00478512 -0.00695613
31.2087 1.20457 -0.0025533 0.00439543 -0.00707152
31.5678 1.20538 -0.00251498 0.00451701 -0.00729561
31.2087 1.34631 -0.0025968 0.00437896 -0.00734671
31.5678 1.34721 -0.00269672 0.00450473 -0.00763181
30.4902 1.48587 -0.00308732 0.00486115 -0.00729948
30.8495 1.48697 -0.00244451 0.00498203 -0.0074212
30.4902 1.62737 -0.00306848 0.00492343 -0.00793194
30.8494 1.62858 -0.002762 0.00478585 -0.00761132
31.2086 1.48803 -0.00236943 0.00473177 -0.00771191
31.5678 1.48903 -0.00274691 0.00467601 -0.00803428
31.2086 1.62974 -0.00233782 0.00485961 -0.00784459
31.5678 1.63084 -0.00268138 0.00493465 -0.00823495
29.0535 1.76284 -0.00135442 0.00277752 -0.00641341
29.4127 1.76445 -0.00218385 0.00426399 -0.00705794
29.0535 1.90388 -0.00101887 0.00228141 -0.00689453
29.4127 1.90562 -0.00186551 0.00381865 -0.00749395
29.7719 1.766 -0.00265348 0.00504701 -0.00739873
30.1311 1.76747 -0.00257986 0.0052514 -0.00763507
29.7719 1.90729 -0.00247663 0.00474224 -0.00771714
30.1311 1.90889 -0.00254141 0.00505453 -0.00791341
29.0535 2.04491 -0.000713425 0.00182811 -0.00733075
29.4127 2.04679 -0.00155793 0.00333951 -0.00785674
29.0535 2.18594 -0.000455013 0.00142914 -0.00768246
29.4127 2.18795 -0.0012628 0.00286331 -0.00815487
29.7719 2.04858 -0.00221272 0.00441311 -0.0080614
30.1311 2.0503 -0.0023846 0.00480964 -0.00816879
29.7719 2.18987 -0.00177687 0.00402711 -0.00840324
30.1311 2.19171 -0.00204763 0.00460574 -0.00835969
30.4902 1.76889 -0.00308451 0.00457799 -0.00761312
30.8493 1.77021 -0.00329368 0.00434705 -0.00777392
30.4902 1.9104 -0.00234683 0.00505353 -0.00784351
30.8493 1.91184 -0.0029437 0.0050887 -0.00881117
31.2086 1.77147 -0.00253496 0.0050878 -0.00822231
31.5679 1.77266 -0.00265269 0.00527752 -0.00841334
31.2086 1.9132 -0.0027218 0.00522247 -0.00835984
31.5679 1.91449 -0.00280418 0.00552596 -0.00855294
30.4902 2.05193 -0.00247368 0.00499786 -0.00828931
30.8494 2.05349 -0.00325906 0.00484469 -0.00842194
30.4902 2.19346 -0.00237856 0.00490233 -0.0084457
30.8494 2.19512 -0.00281693 0.00508696 -0.0083287
31.2086 2.05495 -0.00327939 0.00502615 -0.00833264
31.5679 2.05632 -0.00292928 0.00582234 -0.00882617
31.2086 2.19669 -0.00329305 0.00540291 -0.00869189
31.5678 2.19817 -0.00321422 0.00594538 -0.00895106
31.9269 0.0709482 -0.0041618 0.00665807 -0.0060565
32.2859 0.0709932 -0.00450939 0.00708734 -0.00654506
31.9269 0.212845 -0.00391134 0.00634362 -0.00605864
32.2859 0.212978 -0.00429893 0.00678004 -0.00660612
32.645 0.0710344 -0.00469363 0.00729785 -0.00704107
33.004 0.071072 -0.00476224 0.0073503 -0.00759547
32.645 0.213102 -0.00453289 0.00700564 -0.00714231
33.0041 0.213216 -0.00462326 0.00709023 -0.00772165
31.9269 0.354742 -0.00368566 0.00595053 -0.00610266
32.286 0.354962 -0.00405056 0.00649285 -0.00670028
31.9269 0.496639 -0.00342817 0.00561683 -0.00630225
32.286 0.496946 -0.00384545 0.00620206 -0.0067875
32.6451 0.355167 -0.00425376 0.00676996 -0.00728256
33.0042 0.355359 -0.00438004 0.00687469 -0.00783459
32.6451 0.497234 -0.00409995 0.00647299 -0.00740908
33.0042 0.497503 -0.00417881 0.00665329 -0.00789151
33.3631 0.0711073 -0.00484911 0.00737299 -0.00809125
33.7221 0.0711399 -0.00491508 0.00736103 -0.00857873
33.3631 0.213322 -0.00469438 0.00717653 -0.00821873
33.7222 0.21342 -0.00479629 0.00714505 -0.00870834
34.0811 0.071169 -0.00496148 0.00742766 -0.00899459
34.4401 0.0711946 -0.00506116 0.00768795 -0.00916588
34.0812 0.213508 -0.00486442 0.0072776 -0.00907578
34.4401 0.213587 -0.00501916 0.00761039 -0.00916323
33.3632 0.355536 -0.00449502 0.00693203 -0.0083632
33.7222 0.355698 -0.00460536 0.00698803 -0.00887072
33.3633 0.497751 -0.00427915 0.00673732 -0.0084547
33.7223 0.497979 -0.00442023 0.0068263 -0.00889111
34.0812 0.355847 -0.00473063 0.00718342 -0.0091047
34.4402 0.355983 -0.00502095 0.00753945 -0.0091779
34.0813 0.498189 -0.00461641 0.00711462 -0.00914834
34.4402 0.49838 -0.00497171 0.00750396 -0.00917567
31.9269 0.638533 -0.00323364 0.00531194 -0.00646088
32.286 0.638923 -0.00361797 0.00590616 -0.00704283
31.9269 0.780427 -0.00305238 0.00512789 -0.00654353
32.2861 0.780893 -0.00343564 0.00572291 -0.00724426
32.6452 0.639287 -0.00391558 0.00627771 -0.00757495
33.0043 0.639628 -0.00401014 0.00642238 -0.00808303
32.6452 0.78133 -0.00375423 0.00607178 -0.00777529
33.0044 0.781736 -0.00389459 0.0062263 -0.00820135
31.927 0.922324 -0.0029472 0.00491015 -0.00696984
32.2861 0.922868 -0.00335246 0.00557463 -0.00749401
31.927 1.06422 -0.00283701 0.00489592 -0.00732508
32.2862 1.06484 -0.00330125 0.00547666 -0.00778176
32.6453 0.923375 -0.00364116 0.0059432 -0.00799278
33.0044 0.923846 -0.0037717 0.00605975 -0.00837297
32.6453 1.06542 -0.00354774 0.00580659 -0.00820403
33.0045 1.06596 -0.00367174 0.00595847 -0.0085419
33.3634 0.639945 -0.00410338 0.00653901 -0.00856144
33.7223 0.64024 -0.00428765 0.00667042 -0.00896281
33.3634 0.782119 -0.00402082 0.00630699 -0.00859869
33.7225 0.78248 -0.00417931 0.00649751 -0.00897689
34.0813 0.640512 -0.00456044 0.00700601 -0.00912823
34.4403 0.640761 -0.00493917 0.00742474 -0.0091819
34.0814 0.782811 -0.00447041 0.0069386 -0.00906747
34.4403 0.783117 -0.00500413 0.00732021 -0.009224
33.3635 0.924288 -0.00388485 0.00617515 -0.00870875
33.7226 0.924703 -0.00405287 0.00637606 -0.00895335
33.3636 1.06645 -0.00381678 0.00605797 -0.00878252
33.7227 1.06691 -0.00398336 0.00623496 -0.00893459
34.0815 0.925084 -0.00437427 0.00690015 -0.00904843
34.4404 0.92544 -0.00475781 0.00729697 -0.00938763
34.0817 1.06733 -0.00437614 0.00675964 -0.00901823
34.4405 1.06771 -0.00432099 0.0072918 -0.00914077
34.7991 0.0712158 -0.00553552 0.00779542 -0.00910925
35.158 0.0712302 -0.00570305 0.00809125 -0.00903477
34.7991 0.213645 -0.00530359 0.00800298 -0.00909389
35.158 0.213679 -0.00540764 0.00823283 -0.00896772
35.5169 0.0712339 -0.00587051 0.00797882 -0.00875932
35.8758 0.0712316 -0.00589344 0.0082097 -0.00889853
35.5169 0.2137 -0.00561276 0.00814182 -0.0087859
35.8757 0.213712 -0.00578296 0.00828801 -0.00889283
34.7991 0.356081 -0.00517168 0.00808115 -0.00906523
35.158 0.356141 -0.00548921 0.00812182 -0.008984
34.7992 0.498519 -0.00505513 0.00802362 -0.00906784
35.158 0.498609 -0.0053169 0.0081495 -0.00900844
35.5168 0.356186 -0.00593317 0.00809146 -0.00882538
35.8757 0.356218 -0.00602439 0.00818173 -0.00883502
35.5168 0.498684 -0.00623976 0.00801059 -0.00858125
35.8757 0.498734 -0.00628721 0.00786982 -0.00883566
36.2347 0.0712327 -0.00579897 0.00910618 -0.00894689
36.5936 0.0712354 -0.00688896 0.00946342 -0.00914786
36.2347 0.21372 -0.00574684 0.0090884 -0.00905187
36.5936 0.213722 -0.00699072 0.00931718 -0.00897413
36.9524 0.0712308 -0.00754 0.0106548 -0.00969423
37.3112 0.0712159 -0.00808618 0.0119197 -0.009835
36.9524 0.213708 -0.00754219 0.0103761 -0.00942379
37.3112 0.21368 -0.00844754 0.011658 -0.00969053
36.2347 0.356236 -0.00586549 0.00898475 -0.00876278
36.5936 0.356235 -0.00693403 0.00927349 -0.00895195
36.2347 0.498763 -0.00576008 0.00889211 -0.0087097
36.5936 0.498772 -0.00693564 0.00926031 -0.00917976
36.9525 0.35622 -0.00749917 0.0103327 -0.00922994
37.3113 0.356188 -0.00867458 0.0112856 -0.00954222
36.9525 0.498758 -0.00732774 0.0102625 -0.00922514
37.3115 0.498723 -0.00820003 0.0114073 -0.00975866
34.7991 0.640945 -0.00523248 0.00786592 -0.00904572
35.158 0.641063 -0.00529286 0.00804649 -0.00912164
34.7991 0.783345 -0.00545858 0.00756832 -0.00898539
35.1579 0.783496 -0.00524805 0.00797312 -0.00914961
35.5168 0.641155 -0.00567407 0.00822918 -0.00912181
35.8757 0.641226 -0.00587778 0.00821698 -0.00917428
35.5167 0.78362 -0.00591964 0.00797035 -0.00945591
35.8757 0.783713 -0.00579975 0.00813569 -0.00933666
34.7991 0.925714 -0.00580956 0.007195 -0.00893833
35.1579 0.925912 -0.00528766 0.00788939 -0.00926302
34.7991 1.06803 -0.00570134 0.00689479 -0.00900273
35.1578 1.06829 -0.00529968 0.00784946 -0.00945168
35.5167 0.926077 -0.00600151 0.00785654 -0.0094673
35.8756 0.926201 -0.00578539 0.00812907 -0.00956457
35.5166 1.06851 -0.00618057 0.00751143 -0.00971568
35.8756 1.06869 -0.00561191 0.00804329 -0.010013
36.2347 0.64128 -0.00577885 0.00882581 -0.00899915
36.5937 0.64131 -0.00691264 0.00915376 -0.00920148
36.2347 0.783788 -0.0054835 0.00896499 -0.00938983
36.5937 0.783845 -0.00669521 0.00941923 -0.0096843
36.9526 0.641313 -0.00767887 0.00993798 -0.00930864
37.3116 0.641293 -0.00840781 0.0110293 -0.00985614
36.9527 0.783871 -0.00771016 0.00994091 -0.00971362
37.3117 0.783869 -0.00831969 0.0109352 -0.0100811
36.2347 0.926307 -0.00553858 0.00896077 -0.00973961
36.5938 0.926394 -0.00666419 0.00944822 -0.0100572
36.2348 1.06883 -0.0056506 0.00878161 -0.0100051
36.5939 1.06894 -0.00654049 0.00956238 -0.0104411
36.9528 0.926438 -0.00787692 0.00988011 -0.0101245
37.3119 0.926437 -0.00802422 0.0110017 -0.0105234
36.9529 1.069 -0.00794527 0.00968932 -0.0102735
37.312 1.06902 -0.00824009 0.0109594 -0.0108694
31.927 1.20613 -0.00285515 0.0049334 -0.00767451
32.2862 1.20683 -0.0032744 0.0054733 -0.00805914
31.927 1.34804 -0.00288263 0.00505363 -0.00800668
32.2862 1.34882 -0.00325041 0.00555041 -0.00839245
32.6453 1.20748 -0.0034989 0.00577056 -0.00844045
33.0045 1.20808 -0.00360471 0.00590871 -0.00872591
32.6453 1.34955 -0.0034558 0.00581595 -0.00867814
33.0045 1.35022 -0.00356739 0.00592902 -0.00889724
31.927 1.48995 -0.00299473 0.00522125 -0.00829345
32.2862 1.49081 -0.00330061 0.00570703 -0.00865674
31.927 1.63186 -0.00314971 0.00538296 -0.00854878
32.2861 1.63281 -0.00342326 0.00586245 -0.0089281
32.6453 1.49162 -0.00349721 0.00590774 -0.00894541
33.0045 1.49236 -0.00359062 0.00596005 -0.0090712
32.6453 1.63369 -0.00356279 0.00604468 -0.00913659
33.0044 1.6345 -0.00362963 0.00605162 -0.00926546
33.3636 1.20863 -0.0037143 0.00601151 -0.00889019
33.7227 1.20913 -0.00383944 0.00619463 -0.00899197
33.3636 1.35083 -0.00367579 0.00597736 -0.00901625
33.7226 1.35138 -0.00383612 0.00613159 -0.00903637
34.0817 1.20958 -0.00409717 0.00677824 -0.00912164
34.4405 1.20998 -0.00339697 0.00762491 -0.00909121
34.0816 1.35187 -0.00407953 0.00659678 -0.00917352
34.4405 1.35231 -0.00371845 0.00736934 -0.0089842
33.3636 1.49304 -0.00365972 0.00598132 -0.00915753
33.7226 1.49365 -0.00378327 0.00609893 -0.00916627
33.3635 1.63525 -0.00364452 0.00604152 -0.00931043
33.7225 1.63593 -0.00374909 0.00611367 -0.00939142
34.0815 1.4942 -0.00401171 0.00644216 -0.0092702
34.4404 1.49468 -0.00394021 0.00712106 -0.00912846
34.0815 1.63654 -0.00395024 0.00634134 -0.009436
34.4404 1.6371 -0.00431648 0.00668119 -0.00953715
31.927 1.77378 -0.0031916 0.00567184 -0.00879379
32.2861 1.77481 -0.00352701 0.00605898 -0.00908677
31.927 1.9157 -0.00328602 0.00590484 -0.00901921
32.2861 1.91683 -0.00362646 0.00628299 -0.00935847
32.6453 1.77578 -0.00365056 0.00623197 -0.00936924
33.0044 1.77667 -0.0036773 0.00616953 -0.00945895
32.6453 1.91788 -0.00375844 0.00640552 -0.0095881
33.0044 1.91886 -0.0037239 0.00630541 -0.00969589
31.927 2.05763 -0.00320636 0.00623458 -0.00922693
32.2862 2.05885 -0.00368346 0.00650289 -0.0095502
31.927 2.19956 -0.0033927 0.00638466 -0.00926131
32.2862 2.20088 -0.00372889 0.00670802 -0.00977497
32.6453 2.05999 -0.0037994 0.00662594 -0.00980802
33.0044 2.06105 -0.00375545 0.00646014 -0.00998834
32.6453 2.2021 -0.00389293 0.00677807 -0.01
33.0043 2.20324 -0.00379575 0.00659805 -0.0102513
33.3635 1.77749 -0.00369489 0.00605902 -0.00955847
33.7225 1.77824 -0.00374867 0.00611562 -0.00964395
33.3635 1.91976 -0.00368531 0.00615112 -0.00983249
33.7225 1.92058 -0.00370092 0.00611466 -0.00996416
34.0815 1.77892 -0.00389416 0.00627529 -0.00974014
34.4405 1.77953 -0.00405024 0.00669241 -0.00982086
34.0815 1.92132 -0.00384315 0.0062368 -0.0100606
34.4405 1.92199 -0.00401148 0.00654069 -0.0102136
33.3634 2.06202 -0.00364313 0.00624122 -0.0101704
33.7225 2.06291 -0.00365658 0.00616124 -0.0102889
33.3634 2.20429 -0.00369096 0.00630996 -0.0103829
33.7224 2.20525 -0.00365366 0.00619541 -0.0105556
34.0815 2.06372 -0.00372669 0.00623757 -0.0103972
34.4405 2.06445 -0.00400554 0.0064716 -0.0105677
34.0815 2.20612 -0.00363663 0.00630081 -0.0107147
34.4405 2.20691 -0.00387601 0.00647409 -0.0108905
34.7991 1.21034 -0.00474867 0.00741659 -0.00947645
35.1579 1.21067 -0.004634 0.00814082 -0.00961019
34.7992 1.35271 -0.00445944 0.0075043 -0.00968853
35.158 1.3531 -0.00435455 0.00824461 -0.00972425
35.5166 1.21096 -0.00589851 0.00762808 -0.00980308
35.8757 1.2112 -0.00562773 0.00782511 -0.0102367
35.5168 1.35344 -0.00540268 0.00792637 -0.00962177
35.8758 1.35373 -0.00543823 0.00808438 -0.0103619
34.7993 1.49515 -0.00439653 0.00737479 -0.00982817
35.1581 1.49558 -0.00474175 0.00756839 -0.00988183
34.7993 1.63761 -0.00460724 0.0069887 -0.0099144
35.1583 1.63808 -0.00480076 0.00724291 -0.0101391
35.517 1.49596 -0.00537656 0.00765621 -0.0102357
35.876 1.49627 -0.00540368 0.00813714 -0.0106042
35.5171 1.63848 -0.00550619 0.00740057 -0.0105673
35.8761 1.63881 -0.00545619 0.00810495 -0.0110589
36.2348 1.21138 -0.00608446 0.00860003 -0.0102138
36.594 1.2115 -0.00605831 0.00981523 -0.0107723
36.2349 1.35395 -0.00580058 0.00857409 -0.0105438
36.5941 1.3541 -0.00630427 0.00963987 -0.0108655
36.953 1.21158 -0.00739581 0.0101716 -0.0109606
37.3121 1.21162 -0.00835929 0.0108907 -0.0108564
36.9531 1.35419 -0.00747021 0.0101326 -0.0110897
37.3123 1.35424 -0.00829668 0.0110343 -0.0111701
36.2351 1.49652 -0.00586647 0.00875988 -0.0111938
36.5942 1.49669 -0.00622859 0.0096956 -0.0111052
36.2352 1.63908 -0.00590789 0.00886539 -0.0110633
36.5943 1.63929 -0.00623722 0.0099039 -0.0114636
36.9533 1.49681 -0.00750402 0.0102797 -0.0115944
37.3124 1.49687 -0.00841251 0.0110538 -0.0113041
36.9534 1.63943 -0.00765089 0.0101868 -0.0117763
37.3126 1.6395 -0.00873434 0.0106556 -0.0116571
34.7994 1.78008 -0.00450376 0.00701405 -0.0102733
35.1583 1.78058 -0.00439414 0.0075257 -0.010521
34.7994 1.92259 -0.00433095 0.00685462 -0.0103515
35.1584 1.92312 -0.00437016 0.0073609 -0.0109687
35.5173 1.78101 -0.00505712 0.00764995 -0.0109567
35.8762 1.78138 -0.0054937 0.00811009 -0.0112664
35.5174 1.92358 -0.00464497 0.00788982 -0.0113436
35.8764 1.92398 -0.00558524 0.00829414 -0.0115601
34.7995 2.0651 -0.00438018 0.00672521 -0.010732
35.1584 2.06568 -0.00495882 0.00687786 -0.0109401
34.7995 2.20761 -0.00410783 0.00681874 -0.0110396
35.1585 2.20822 -0.0048739 0.00708603 -0.0112391
35.5175 2.06617 -0.00486495 0.00774261 -0.0115665
35.8765 2.06659 -0.00573119 0.0081506 -0.0117048
35.5176 2.20875 -0.00458381 0.00795123 -0.011771
35.8766 2.20919 -0.00538754 0.00850209 -0.0119624
36.2353 1.78168 -0.00577502 0.00900474 -0.0118985
36.5945 1.7819 -0.00605332 0.0102837 -0.0117326
36.2355 1.9243 -0.0062151 0.00872099 -0.0116722
36.5947 1.92454 -0.006384 0.00995507 -0.011502
36.9536 1.78206 -0.00709059 0.0107066 -0.0118646
37.3127 1.78214 -0.00867183 0.0109604 -0.0117961
36.9537 1.9247 -0.00702318 0.0109199 -0.0118102
37.3129 1.92478 -0.00805973 0.011448 -0.0122002
36.2356 2.06692 -0.00608461 0.00895701 -0.011869
36.5948 2.06718 -0.00625102 0.0101838 -0.0115493
36.2358 2.20956 -0.00648065 0.00890924 -0.0119093
36.595 2.20982 -0.00673529 0.0100059 -0.0119657
36.9539 2.06735 -0.00787075 0.0105243 -0.0120813
37.313 2.06744 -0.00828151 0.0114568 -0.0121087
36.954 2.21001 -0.00782435 0.0105937 -0.0119534
37.3132 2.2101 -0.00830071 0.0115743 -0.0121175
