26.1796 2.30658 9.87775e-05 0.000200615 -0.00581395
26.5389 2.30945 5.01783e-05 0.000430704 -0.00589241
26.1796 2.44637 0.000204087 0.000259895 -0.00608737
26.5389 2.44942 9.14517e-05 0.000405657 -0.00613672
26.8981 2.31223 2.81737e-05 0.00047154 -0.00599396
27.2574 2.31491 8.57812e-05 0.000361216 -0.00615927
26.8981 2.45237 7.79665e-05 0.000431346 -0.00625968
27.2574 2.45522 0.00016309 0.000277436 -0.00641995
26.1796 2.58616 0.000173519 0.000214978 -0.00626726
26.5389 2.58939 0.000121709 0.000377812 -0.00632804
26.1796 2.72595 0.000224272 0.000232032 -0.00641933
26.5389 2.72935 0.00015907 0.000352103 -0.00647981
26.8981 2.5925 0.0001175 0.000368773 -0.00643802
27.2574 2.59552 0.000224727 0.000172241 -0.00660594
26.8981 2.73264 0.000180091 0.000323977 -0.00657711
27.2573 2.73582 0.000288251 8.94639e-05 -0.00670885
27.6166 2.31751 0.000260173 4.18772e-05 -0.00639106
27.9758 2.32002 0.00056609 -0.000450611 -0.00664133
27.6166 2.45797 0.000340479 -9.63089e-05 -0.00662947
27.9758 2.46063 0.000613375 -0.00062747 -0.00689705
28.335 2.32243 0.000784491 -0.000729974 -0.00693479
28.6942 2.32475 0.000471573 -0.000158868 -0.00741543
28.335 2.46319 0.00078558 -0.000883418 -0.00720474
28.6942 2.46565 0.000537536 -0.000310862 -0.0076244
27.6166 2.59843 0.000453143 -0.000223811 -0.0068207
27.9758 2.60124 0.000754037 -0.000738216 -0.0070859
27.6166 2.73889 0.000505046 -0.000365173 -0.00692723
27.9758 2.74186 0.000809397 -0.000879421 -0.00713077
28.335 2.60395 0.000870243 -0.000946423 -0.00734205
28.6942 2.60655 0.000617008 -0.000407598 -0.00773616
28.335 2.74471 0.00100469 -0.000978448 -0.00737679
28.6942 2.74746 0.00077659 -0.000435223 -0.0077706
26.1796 2.86574 0.000248014 0.000226142 -0.00653606
26.5389 2.86931 0.000202352 0.000334647 -0.00658108
26.1796 3.00553 0.000282039 0.000225771 -0.00661425
26.5389 3.00928 0.000236195 0.000314054 -0.00665858
26.8981 2.87277 0.000240299 0.000286216 -0.00666978
27.2573 2.87612 0.000362018 2.05738e-05 -0.0067959
26.8981 3.01291 0.000258386 0.000245535 -0.00672137
27.2573 3.01642 0.00040809 -2.73622e-05 -0.00681141
26.1796 3.14532 0.000304888 0.000222568 -0.00666518
26.5389 3.14924 0.000278014 0.000297955 -0.00670505
26.1796 3.2851 0.000326268 0.000222487 -0.00669029
26.5388 3.28921 0.0002985 0.000279997 -0.00673163
26.8981 3.15304 0.00031466 0.000221074 -0.00676796
27.2573 3.15672 0.000465945 -4.62321e-05 -0.00680203
26.8981 3.29318 0.000339485 0.000198637 -0.00677708
27.2573 3.29702 0.000481682 -5.77518e-05 -0.00681409
27.6166 2.87935 0.0006168 -0.000456572 -0.00693142
27.9758 2.88247 0.000967702 -0.000955924 -0.00710076
27.6165 3.01981 0.000705483 -0.00051039 -0.00689565
27.9758 3.02308 0.000971706 -0.00102761 -0.00693542
28.335 2.88547 0.000947702 -0.00105078 -0.00727194
28.6942 2.88836 0.000669916 -0.00062326 -0.00775523
28.335 3.02623 0.00101531 -0.00110175 -0.00727264
28.6942 3.02927 0.00087162 -0.000582935 -0.00769685
27.6165 3.16027 0.000754892 -0.000523189 -0.00682307
27.9758 3.1637 0.000992244 -0.00107292 -0.00687583
27.6165 3.30073 0.000717831 -0.000529934 -0.00675865
27.9757 3.30431 0.00099308 -0.00104859 -0.00676004
28.335 3.167 0.0010317 -0.00113886 -0.00710424
28.6942 3.17018 0.000822961 -0.00077442 -0.00761823
28.3349 3.30776 0.00111205 -0.00117003 -0.00701747
28.6942 3.31108 0.00100168 -0.000769397 -0.00753596
29.0535 2.32698 -0.000235432 0.00109044 -0.00795149
29.4127 2.32912 -0.000976822 0.00242971 -0.0083715
29.0534 2.46802 -3.08577e-05 0.000821149 -0.00813899
29.4127 2.47028 -0.000745953 0.00204474 -0.00851759
29.7719 2.33116 -0.00160752 0.00352221 -0.00866278
30.1311 2.33312 -0.00190515 0.00431641 -0.00853707
29.7719 2.47246 -0.00146374 0.00306874 -0.00870644
30.1311 2.47453 -0.00189966 0.00393348 -0.00867923
29.0534 2.60906 0.000104774 0.000586057 -0.00821579
29.4127 2.61145 -0.000530792 0.0017241 -0.00859502
29.0534 2.7501 0.000258969 0.000397563 -0.00826842
29.4126 2.75263 -0.000288606 0.00145896 -0.00861726
29.7719 2.61375 -0.00113136 0.0027901 -0.0087584
30.131 2.61594 -0.00162139 0.00370202 -0.00872072
29.7718 2.75505 -0.000772455 0.00258071 -0.00872858
30.131 2.75737 -0.00131141 0.0035438 -0.00866684
30.4902 2.33498 -0.00222199 0.00479845 -0.00853195
30.8494 2.33674 -0.00259515 0.00522658 -0.00846369
30.4902 2.4765 -0.00215337 0.00463167 -0.00858286
30.8494 2.47838 -0.00263125 0.00524957 -0.00862952
31.2086 2.33842 -0.0031299 0.00566654 -0.0087707
31.5678 2.34001 -0.00331152 0.00608814 -0.00899215
31.2086 2.48017 -0.0030808 0.00580332 -0.00881084
31.5679 2.48186 -0.00333258 0.00626199 -0.00914434
30.4902 2.61803 -0.00203831 0.00450663 -0.00862513
30.8494 2.62003 -0.00272616 0.00521006 -0.00867995
30.4902 2.75958 -0.00189754 0.00449338 -0.00874868
30.8494 2.76168 -0.00273523 0.00514776 -0.00870352
31.2086 2.62192 -0.00310607 0.00587116 -0.00879277
31.5679 2.62371 -0.00333518 0.0064322 -0.00923611
31.2087 2.76367 -0.00323535 0.00588267 -0.00887194
31.5679 2.76555 -0.00340605 0.00647898 -0.00931702
29.0534 2.89114 0.0003506 0.000227828 -0.00821363
29.4126 2.8938 -0.000243464 0.00128253 -0.00851363
29.0534 3.03218 0.00049827 0.000147752 -0.00816742
29.4126 3.03498 3.76238e-05 0.00111184 -0.00847523
29.7718 2.89636 -0.000814048 0.002275 -0.00863099
30.131 2.89879 -0.00132946 0.00326216 -0.00868871
29.7718 3.03765 -0.000487668 0.00215313 -0.008586
30.131 3.04021 -0.00120183 0.00315539 -0.00854209
29.0534 3.17323 0.000449307 -6.86049e-05 -0.00802846
29.4126 3.17616 -1.48062e-05 0.000948995 -0.00833581
29.0534 3.31427 0.00070929 -4.57631e-05 -0.0079855
29.4126 3.31733 0.00013164 0.000857298 -0.00822201
29.7718 3.17896 -0.000588453 0.00195155 -0.00842417
30.131 3.18163 -0.00115176 0.00299717 -0.00844758
29.7718 3.32026 -0.000509133 0.0018607 -0.00826166
30.131 3.32306 -0.00110596 0.00289771 -0.00827979
30.4902 2.90111 -0.00183439 0.00433826 -0.00863804
30.8494 2.90332 -0.00256261 0.0051752 -0.00872644
30.4902 3.04265 -0.00186496 0.00416519 -0.00860091
30.8494 3.04496 -0.0025769 0.00505175 -0.00874195
31.2087 2.90541 -0.00310809 0.0059749 -0.00900002
31.5679 2.90739 -0.00331377 0.00665115 -0.0094654
31.2087 3.04716 -0.00319178 0.00590596 -0.00911235
31.5679 3.04923 -0.00342366 0.00659933 -0.00943432
30.4902 3.18418 -0.00172593 0.00405956 -0.00851745
30.8494 3.18661 -0.00252397 0.00499518 -0.00873615
30.4902 3.32572 -0.00167646 0.00394255 -0.0084077
30.8495 3.32826 -0.00238269 0.00492488 -0.0086995
31.2087 3.18891 -0.00311239 0.00590849 -0.00908355
31.5679 3.19108 -0.00329603 0.00666948 -0.00950254
31.2087 3.33066 -0.00307044 0.00589765 -0.00920073
31.5679 3.33293 -0.00340167 0.00665335 -0.00965469
26.1796 3.42489 0.000343084 0.000220401 -0.00670215
26.5388 3.42917 0.000327238 0.000265691 -0.00674059
26.1796 3.56467 0.000367753 0.000224456 -0.00670313
26.5388 3.56913 0.000358411 0.000259189 -0.0067359
26.8981 3.43331 0.00038731 0.000196338 -0.00677115
27.2573 3.43732 0.000513034 -5.64434e-05 -0.006788
26.8981 3.57344 0.000397103 0.000178985 -0.00677537
27.2573 3.57761 0.000533456 -4.80414e-05 -0.00676725
26.1796 3.70446 0.000390823 0.00022437 -0.00671344
26.5388 3.70909 0.000377796 0.000252087 -0.00672487
26.1796 3.84424 0.000380085 0.000212661 -0.00668433
26.5388 3.84905 0.000384006 0.000230524 -0.00670101
26.898 3.71357 0.000408171 0.000164924 -0.00675331
27.2573 3.71791 0.000519026 -4.722e-05 -0.00675106
26.898 3.8537 0.000428357 0.000164868 -0.0067343
27.2573 3.85821 0.000523162 -4.13944e-05 -0.00673154
27.6165 3.44119 0.000721893 -0.000493081 -0.00672953
27.9757 3.44492 0.00101816 -0.000982426 -0.00668955
27.6165 3.58164 0.000761963 -0.000426297 -0.0067135
27.9757 3.58553 0.00103041 -0.000931895 -0.00666986
28.3349 3.44852 0.0012065 -0.00117137 -0.00694222
28.6941 3.45198 0.00107034 -0.000780172 -0.00742928
28.3349 3.58928 0.00119811 -0.00118936 -0.0068494
28.6941 3.59289 0.00101828 -0.000851893 -0.00727834
27.6165 3.7221 0.000704007 -0.000408377 -0.00670741
27.9757 3.72614 0.000976302 -0.000884358 -0.00664953
27.6165 3.86256 0.000704186 -0.000374337 -0.00668268
27.9757 3.86676 0.000946016 -0.000834661 -0.0066386
28.3349 3.73004 0.00116365 -0.00118422 -0.00678821
28.6941 3.73379 0.00101473 -0.000871206 -0.00714584
28.3349 3.8708 0.00114231 -0.00115661 -0.00671879
28.6941 3.87469 0.00102649 -0.000870904 -0.00700766
26.1796 3.98403 0.000407894 0.000218714 -0.00666439
26.5388 3.98901 0.000399339 0.00023076 -0.00668675
26.1796 4.12381 0.000422381 0.000220974 -0.00663619
26.5388 4.12897 0.000412937 0.000220525 -0.00665766
26.898 3.99384 0.000439868 0.000158198 -0.00671152
27.2572 3.99851 0.000536252 -2.56113e-05 -0.00670845
26.898 4.13397 0.000450017 0.000150671 -0.00667223
27.2572 4.13881 0.000548754 -1.25153e-05 -0.00668487
26.1796 4.2636 0.000442823 0.000226065 -0.00660664
26.5388 4.26893 0.000445995 0.000221412 -0.00662604
26.1796 4.40338 0.000454374 0.000227756 -0.00657244
26.5388 4.4089 0.00046202 0.00021753 -0.00658835
26.898 4.2741 0.000479485 0.000155674 -0.00664309
27.2572 4.2791 0.000560806 -5.88416e-06 -0.00665313
26.898 4.41424 0.00049229 0.000151616 -0.00660427
27.2572 4.4194 0.000570737 -3.60533e-06 -0.0066119
27.6165 4.00302 0.000705813 -0.000335012 -0.00668598
27.9757 4.00737 0.00093344 -0.000787263 -0.00661518
27.6164 4.14348 0.000697237 -0.000313068 -0.00665442
27.9757 4.14798 0.000921804 -0.000741355 -0.00659741
28.3349 4.01157 0.00110123 -0.0011255 -0.00666085
28.6941 4.0156 0.000986416 -0.000894322 -0.00684334
28.3349 4.15233 0.00112319 -0.0010688 -0.00659088
28.6941 4.15651 0.0010467 -0.00085749 -0.0067606
27.6164 4.28394 0.000702992 -0.000286358 -0.00662659
27.9756 4.2886 0.000915706 -0.000672302 -0.00658726
27.6164 4.42439 0.000704027 -0.00026172 -0.00659679
27.9756 4.42921 0.000927611 -0.000626463 -0.00655545
28.3349 4.29309 0.00108785 -0.00101477 -0.00652615
28.6941 4.29742 0.00101497 -0.000866159 -0.00667074
28.3349 4.43385 0.0011317 -0.000930515 -0.00651908
28.6941 4.43832 0.00109402 -0.000833288 -0.00660884
29.0534 3.45531 0.000666206 -0.000120039 -0.00782272
29.4126 3.4585 0.000131876 0.000771427 -0.00804046
29.0534 3.59635 0.000663141 -0.00018177 -0.00765265
29.4126 3.59967 0.000208729 0.000731502 -0.00787926
29.7718 3.46156 -0.000413255 0.0018059 -0.00811342
30.131 3.46448 -0.00107303 0.002824 -0.00810608
29.7718 3.60286 -0.000362489 0.00175405 -0.00797923
30.131 3.60589 -0.000907411 0.0028189 -0.00805649
29.0533 3.73739 0.000685866 -0.000214945 -0.00750752
29.4126 3.74085 0.000208965 0.000664802 -0.00774499
29.0533 3.87844 0.000700313 -0.000246457 -0.00734371
29.4126 3.88202 0.000230865 0.000609295 -0.00755355
29.7718 3.74416 -0.000373947 0.00168122 -0.00784229
30.131 3.74732 -0.000921296 0.00268612 -0.00798219
29.7718 3.88546 -0.000331111 0.00162558 -0.00775486
30.131 3.88874 -0.000878344 0.00261133 -0.00792242
30.4902 3.46726 -0.00168492 0.00376895 -0.00828333
30.8495 3.4699 -0.00233028 0.00478372 -0.00860728
30.4902 3.60879 -0.00147607 0.00374065 -0.00820471
30.8495 3.61155 -0.00215436 0.00477662 -0.0085321
31.2087 3.47241 -0.00300942 0.00578654 -0.00916017
31.5679 3.47478 -0.00334482 0.00664365 -0.00976266
31.2087 3.61416 -0.00284517 0.00584101 -0.0091517
31.568 3.61663 -0.00354208 0.00644524 -0.00968232
30.4902 3.75033 -0.00137724 0.00367765 -0.00814049
30.8495 3.75319 -0.00211976 0.00462052 -0.00856176
30.4902 3.89187 -0.00137578 0.00359575 -0.00808699
30.8495 3.89484 -0.00193804 0.00454024 -0.0084666
31.2087 3.75591 -0.00277868 0.00565599 -0.00894525
31.568 3.75847 -0.00311068 0.00663623 -0.00982256
31.2087 3.89766 -0.00265488 0.0056794 -0.00905918
31.568 3.90032 -0.00297856 0.00664633 -0.00974107
29.0533 4.01948 0.000720714 -0.000285664 -0.0071756
29.4126 4.0232 0.000276455 0.000580675 -0.00743223
29.0533 4.16053 0.000730984 -0.000289975 -0.00702129
29.4126 4.16438 0.000301487 0.000500113 -0.00726798
29.7718 4.02676 -0.000274577 0.00154247 -0.00764884
30.131 4.03016 -0.000820625 0.00254925 -0.00788052
29.7718 4.16806 -0.000206406 0.00146445 -0.00754856
30.131 4.17159 -0.000786349 0.00247137 -0.00777593
29.0533 4.30157 0.00076275 -0.000322249 -0.00691348
29.4125 4.30556 0.000370582 0.000435088 -0.00713661
29.0533 4.44262 0.000816737 -0.000292969 -0.00677604
29.4125 4.44673 0.000417413 0.000386839 -0.0070071
29.7718 4.30937 -0.000114858 0.00137827 -0.00744512
30.131 4.31301 -0.00068014 0.0024188 -0.0077131
29.7718 4.45068 -9.43668e-05 0.0012443 -0.00728723
30.131 4.45444 -0.000644239 0.00229975 -0.00756773
30.4902 4.03341 -0.00132802 0.00349453 -0.00808978
30.8495 4.0365 -0.0020065 0.00441341 -0.0083446
30.4902 4.17495 -0.00131122 0.00340441 -0.0080358
30.8495 4.17815 -0.00181158 0.00442599 -0.00828684
31.2087 4.03942 -0.00283872 0.00530598 -0.00890606
31.568 4.04218 -0.00316423 0.00648408 -0.00948439
31.2087 4.18118 -0.00264021 0.0052266 -0.00881947
31.568 4.18404 -0.00302763 0.00628868 -0.0095358
30.4902 4.31649 -0.00125265 0.00334723 -0.00794934
30.8495 4.31979 -0.0017338 0.00435882 -0.00822093
30.4902 4.45803 -0.00122816 0.0032894 -0.00776606
30.8495 4.46145 -0.00165955 0.00429379 -0.00803221
31.2087 4.32293 -0.00253874 0.00511779 -0.0087204
31.568 4.32589 -0.00291512 0.00612565 -0.00936459
31.2087 4.46469 -0.00233944 0.00498872 -0.00856095
31.568 4.46775 -0.00286302 0.0059188 -0.00915463
31.9271 2.34151 -0.00355605 0.00649756 -0.00942916
32.2862 2.34291 -0.00380291 0.0069014 -0.00992386
31.9271 2.48345 -0.00366906 0.00663203 -0.0095896
32.2862 2.48493 -0.00392329 0.00701234 -0.0100557
32.6453 2.34421 -0.00393351 0.00696209 -0.0102426
33.0043 2.34542 -0.00379775 0.00674145 -0.0104435
32.6453 2.48632 -0.00397143 0.00708333 -0.0104062
33.0044 2.48761 -0.0038749 0.00684022 -0.0106647
31.9271 2.62539 -0.00368941 0.00675892 -0.00974613
32.2862 2.62696 -0.00396252 0.0071279 -0.0101785
31.9271 2.76732 -0.00371976 0.00688214 -0.00987128
32.2862 2.76898 -0.00396639 0.00722699 -0.0103006
32.6453 2.62843 -0.00404887 0.00719407 -0.0105507
33.0044 2.62979 -0.00391342 0.00692142 -0.0108517
32.6453 2.77053 -0.00401973 0.00734161 -0.0106957
33.0045 2.77198 -0.00387183 0.00708371 -0.0109852
33.3634 2.34654 -0.00362783 0.0064463 -0.0106773
33.7225 2.34758 -0.00363738 0.00624657 -0.0108262
33.3635 2.4888 -0.00373928 0.00649355 -0.0108612
33.7225 2.4899 -0.00376496 0.00626164 -0.0110518
34.0815 2.34851 -0.00366543 0.00627817 -0.010984
34.4406 2.34936 -0.00377669 0.00643952 -0.0111348
34.0816 2.49089 -0.0037865 0.00618022 -0.0111678
34.4407 2.49179 -0.00377542 0.00650214 -0.0113691
33.3635 2.63105 -0.0037535 0.00661585 -0.0110385
33.7226 2.63221 -0.00350709 0.00641445 -0.0112638
33.3636 2.77331 -0.00371557 0.00674373 -0.0112521
33.7227 2.77454 -0.00369073 0.00644939 -0.0113763
34.0817 2.63327 -0.0035997 0.00634898 -0.011429
34.4407 2.63422 -0.00377377 0.00647053 -0.0116644
34.0818 2.77565 -0.00367646 0.00636513 -0.0116658
34.4408 2.77666 -0.00374039 0.00650806 -0.0118078
31.9271 2.90926 -0.0036442 0.00698738 -0.00995867
32.2862 2.91101 -0.00391534 0.00733195 -0.0104351
31.9271 3.05119 -0.00368203 0.00708261 -0.0100221
32.2863 3.05303 -0.00387195 0.00746362 -0.0106069
32.6454 2.91264 -0.00401894 0.00742191 -0.0108643
33.0045 2.91417 -0.00393032 0.00717664 -0.0111686
32.6454 3.05476 -0.00407234 0.0075212 -0.0109594
33.0045 3.05636 -0.00405218 0.00721833 -0.0112307
31.9271 3.19313 -0.00364655 0.00715652 -0.0100804
32.2863 3.19507 -0.00399541 0.00745774 -0.0105817
31.9271 3.33507 -0.00366002 0.00714113 -0.0101516
32.2863 3.3371 -0.00395042 0.0075134 -0.0106984
32.6455 3.19687 -0.00400224 0.00762284 -0.0111055
33.0046 3.19855 -0.00392394 0.00743937 -0.0114128
32.6455 3.33899 -0.00419375 0.00750315 -0.0111779
33.0046 3.34074 -0.00401358 0.00736255 -0.0115074
33.3636 2.91557 -0.00379499 0.00680605 -0.011388
33.7227 2.91687 -0.00374196 0.00648695 -0.0115454
33.3637 3.05784 -0.00364223 0.00700486 -0.0115749
33.7228 3.05919 -0.00355651 0.00674265 -0.0117441
34.0818 2.91804 -0.0036755 0.00645935 -0.0118229
34.4409 2.9191 -0.00367573 0.00659519 -0.0120352
34.0819 3.06043 -0.00369368 0.00656886 -0.0120126
34.441 3.06154 -0.00382097 0.00667727 -0.0122206
33.3637 3.2001 -0.00382072 0.00706765 -0.0115546
33.7229 3.20153 -0.00369026 0.00679746 -0.011941
33.3638 3.34237 -0.00402685 0.00703042 -0.011701
33.7229 3.34386 -0.00408421 0.00666252 -0.0120337
34.082 3.20283 -0.00371525 0.00668018 -0.0121704
34.4411 3.20399 -0.00406254 0.00672374 -0.01228
34.0821 3.34522 -0.00385355 0.00669654 -0.0123396
34.4412 3.34645 -0.00433697 0.00674224 -0.0124852
34.7996 2.35011 -0.00393897 0.00688043 -0.0114373
35.1585 2.35076 -0.00474764 0.00717555 -0.011692
34.7997 2.49259 -0.00395884 0.00716792 -0.0116651
35.1587 2.49329 -0.00438835 0.00737626 -0.0118337
35.5177 2.35133 -0.00492332 0.00781657 -0.0119475
35.8768 2.3518 -0.00561272 0.00852258 -0.0121646
35.5178 2.4939 -0.00492734 0.00794357 -0.0121234
35.8769 2.4944 -0.00566786 0.00864462 -0.0122521
34.7998 2.63507 -0.00417803 0.00684969 -0.011662
35.1588 2.63582 -0.00448883 0.00736285 -0.0120591
34.7999 2.77756 -0.00421127 0.00688715 -0.0120604
35.1589 2.77835 -0.00454509 0.00747576 -0.0122122
35.5179 2.63647 -0.00497932 0.00807797 -0.0122372
35.877 2.637 -0.00560756 0.00882528 -0.0123673
35.518 2.77904 -0.005017 0.00819483 -0.0123705
35.8772 2.77961 -0.00573174 0.00903307 -0.0124752
36.2359 2.35218 -0.00608535 0.00945521 -0.0120549
36.5951 2.35246 -0.0066399 0.0104146 -0.0118967
36.2361 2.49481 -0.00609169 0.00972434 -0.0122343
36.5952 2.49511 -0.00680293 0.0106103 -0.0123273
36.9542 2.35266 -0.00760624 0.010897 -0.0121936
37.3133 2.35276 -0.00828361 0.0116459 -0.0121627
36.9543 2.49533 -0.00765424 0.0111311 -0.0124484
37.3135 2.49544 -0.00833665 0.01173 -0.012187
36.2362 2.63744 -0.00604882 0.00989553 -0.0123939
36.5953 2.63777 -0.00670647 0.0108069 -0.0124367
36.2363 2.78007 -0.00641817 0.00982716 -0.0124106
36.5955 2.78043 -0.00716778 0.0107379 -0.0124416
36.9545 2.63801 -0.00771973 0.0114633 -0.0125222
37.3136 2.63813 -0.00832956 0.0118867 -0.0122294
36.9546 2.78068 -0.00803367 0.0113349 -0.0122213
37.3138 2.78081 -0.00853127 0.0119045 -0.0123517
34.8 2.92005 -0.00440985 0.0066972 -0.0123337
35.159 2.92089 -0.00514432 0.00709079 -0.0123188
34.8001 3.06254 -0.00403219 0.00713297 -0.0122771
35.1591 3.06342 -0.00526428 0.00716753 -0.0125068
35.5182 2.92161 -0.00514765 0.00833054 -0.0125502
35.8773 2.92222 -0.0058548 0.00919281 -0.0125191
35.5183 3.06418 -0.00526431 0.0085286 -0.0127073
35.8774 3.06482 -0.00597245 0.00936094 -0.0126138
34.8002 3.20503 -0.00333458 0.0076368 -0.0125923
35.1593 3.20596 -0.00448278 0.00795825 -0.0129186
34.8003 3.34754 -0.00412873 0.00736041 -0.0126924
35.1594 3.34851 -0.00484204 0.00791779 -0.0129157
35.5184 3.20676 -0.00541233 0.00870774 -0.0127877
35.8776 3.20743 -0.00607678 0.00949945 -0.0126592
35.5185 3.34934 -0.00555884 0.00884791 -0.0126527
35.8777 3.35004 -0.00619154 0.00972533 -0.0126287
36.2365 2.92271 -0.00656075 0.0100051 -0.0124532
36.5956 2.92309 -0.00708346 0.0109424 -0.0125605
36.2366 3.06534 -0.00666303 0.010186 -0.0125288
36.5958 3.06574 -0.00726913 0.0109676 -0.012634
36.9548 2.92335 -0.00788059 0.0115195 -0.0121677
37.3139 2.9235 -0.00876003 0.011898 -0.0124486
36.955 3.06602 -0.00764041 0.0118401 -0.0124706
37.3141 3.06618 -0.00845825 0.0123891 -0.0126466
36.2368 3.20798 -0.0066699 0.0104031 -0.0126079
36.5959 3.2084 -0.00740225 0.0110512 -0.0125752
36.2369 3.35061 -0.00672789 0.0105552 -0.0126361
36.5961 3.35105 -0.00747603 0.011193 -0.0125748
36.9551 3.20869 -0.00803767 0.0117322 -0.0125644
37.3143 3.20886 -0.00849581 0.0125443 -0.0126059
36.9553 3.35135 -0.00814911 0.0118254 -0.0125505
37.3144 3.35153 -0.00860848 0.0126569 -0.01249
31.9272 3.47702 -0.00364941 0.00715672 -0.0102406
32.2863 3.47913 -0.00383991 0.00757889 -0.0108331
31.9272 3.61896 -0.0038458 0.00704507 -0.010289
32.2864 3.62115 -0.00384225 0.0076132 -0.0108772
32.6455 3.4811 -0.00402196 0.00757874 -0.0112822
33.0047 3.48293 -0.00416475 0.00736609 -0.0115631
32.6456 3.6232 -0.00409585 0.00753523 -0.0112329
33.0047 3.62511 -0.00422355 0.00734557 -0.0117133
31.9272 3.76089 -0.00370489 0.00712003 -0.0104232
32.2864 3.76318 -0.00391598 0.00762365 -0.0108408
31.9272 3.90284 -0.00353214 0.00707846 -0.0104229
32.2864 3.90521 -0.0041949 0.00733029 -0.0108477
32.6456 3.76531 -0.00402313 0.0077791 -0.0113328
33.0047 3.76729 -0.0046857 0.00726193 -0.0117386
32.6456 3.90743 -0.00395222 0.00774376 -0.0115579
33.0047 3.90948 -0.00420794 0.00796097 -0.011741
33.3638 3.48462 -0.00358151 0.00735465 -0.0118702
33.723 3.48618 -0.00351439 0.00717619 -0.0122126
33.3639 3.62687 -0.00405868 0.00725872 -0.0119862
33.7231 3.62849 -0.00408702 0.00687342 -0.0121931
34.0821 3.4876 -0.00374598 0.00695293 -0.0125034
34.4412 3.48888 -0.00414153 0.00703092 -0.0127717
34.0822 3.62996 -0.00342576 0.00722769 -0.012715
34.4413 3.63129 -0.00398776 0.00739479 -0.0127926
33.3639 3.76912 -0.00362077 0.00734988 -0.0120464
33.7231 3.7708 -0.00329507 0.00741007 -0.0123408
33.364 3.91137 -0.00352641 0.00769142 -0.012155
33.7232 3.91312 -0.00364261 0.00735315 -0.0124086
34.0822 3.77233 -0.00375727 0.0074061 -0.012543
34.4414 3.77371 -0.00403427 0.00725854 -0.0128603
34.0823 3.91471 -0.00378893 0.00748831 -0.0124359
34.4415 3.91615 -0.00397993 0.0076775 -0.0129255
31.9272 4.04479 -0.00321673 0.00716793 -0.0103733
32.2865 4.04724 -0.00367843 0.00767765 -0.0108282
31.9272 4.18674 -0.00342806 0.00700709 -0.0101473
32.2865 4.18928 -0.00330464 0.00767559 -0.011229
32.6456 4.04954 -0.00398029 0.00791834 -0.0111866
33.0048 4.05166 -0.00430434 0.00751891 -0.011632
32.6456 4.19164 -0.00304023 0.00813713 -0.0112292
33.0049 4.19384 -0.00321855 0.00775951 -0.0117732
31.9273 4.32869 -0.0032495 0.00673979 -0.0101765
32.2865 4.33132 -0.00367366 0.00740693 -0.010671
31.9273 4.47064 -0.00299579 0.00669475 -0.00999145
32.2865 4.47335 -0.00351782 0.00722034 -0.0104626
32.6457 4.33376 -0.00375492 0.0077369 -0.0113446
33.0049 4.33604 -0.00392678 0.00788095 -0.011732
32.6457 4.47589 -0.00415385 0.00760266 -0.010948
33.0049 4.47825 -0.00451348 0.00761147 -0.0112823
33.364 4.05363 -0.00397065 0.00740286 -0.0120124
33.7232 4.05545 -0.00390717 0.00734766 -0.0123842
33.3641 4.1959 -0.00417743 0.00749964 -0.0118731
33.7233 4.19778 -0.0045813 0.00719985 -0.0119366
34.0824 4.05709 -0.00421817 0.00743375 -0.0122322
34.4416 4.05858 -0.00431088 0.00787414 -0.0121006
34.0825 4.19948 -0.00418168 0.00758073 -0.0121451
34.4417 4.20102 -0.00447364 0.00805065 -0.012043
33.3642 4.33816 -0.0030772 0.00818436 -0.0118485
33.7233 4.3401 -0.00363554 0.00808814 -0.0119306
33.3642 4.48043 -0.00381144 0.00801636 -0.0117391
33.7234 4.48244 -0.00398124 0.00790948 -0.0116799
34.0826 4.34187 -0.00428698 0.00787722 -0.0119834
34.4418 4.34347 -0.00466037 0.00839216 -0.0117128
34.0826 4.48427 -0.0043867 0.00812158 -0.0117587
34.4419 4.48592 -0.00483759 0.00862828 -0.011344
34.8004 3.49002 -0.00390677 0.00773467 -0.0128039
35.1595 3.49103 -0.00472157 0.00830688 -0.0128105
34.8005 3.63248 -0.0043513 0.00775079 -0.0127986
35.1597 3.63354 -0.00510216 0.00845519 -0.0126521
35.5187 3.4919 -0.00561385 0.00907904 -0.012633
35.8779 3.49264 -0.00629679 0.00983985 -0.0125106
35.5188 3.63446 -0.00582176 0.00922395 -0.0124675
35.878 3.63522 -0.00640407 0.010003 -0.0123156
34.8006 3.77495 -0.00437391 0.00809543 -0.012678
35.1598 3.77605 -0.00506373 0.00900715 -0.0124559
34.8007 3.91743 -0.00459453 0.00820069 -0.012481
35.1599 3.91858 -0.00524124 0.00903295 -0.0121805
35.519 3.77701 -0.00576974 0.00954552 -0.0122789
35.8781 3.77781 -0.00646522 0.0101603 -0.0120487
35.5191 3.91957 -0.00597477 0.00963337 -0.0120044
35.8783 3.9204 -0.00662928 0.0102503 -0.0117223
36.2371 3.49323 -0.00673422 0.0107065 -0.012498
36.5963 3.49369 -0.00759689 0.0113047 -0.0124741
36.2372 3.63585 -0.00675348 0.0109116 -0.0121705
36.5964 3.63633 -0.00745289 0.0116121 -0.0123177
36.9554 3.49401 -0.00831339 0.0118921 -0.0124912
37.3146 3.49419 -0.00859978 0.0128368 -0.0123992
36.9556 3.63666 -0.00832907 0.0120809 -0.012374
37.3147 3.63685 -0.00875652 0.0129048 -0.0122776
36.2374 3.77846 -0.00692537 0.0109919 -0.0119989
36.5966 3.77896 -0.00756308 0.0117658 -0.0120623
36.2375 3.92108 -0.00705209 0.0110535 -0.0116898
36.5967 3.9216 -0.00762264 0.0117494 -0.0117174
36.9557 3.77932 -0.00830626 0.0122686 -0.0121338
37.3149 3.77952 -0.00890748 0.012996 -0.0121253
36.9559 3.92197 -0.00841477 0.0123379 -0.0119161
37.315 3.92218 -0.00902588 0.0131086 -0.0118382
34.8009 4.05992 -0.00475512 0.0084108 -0.0121434
35.16 4.0611 -0.00539101 0.00919159 -0.0118738
34.801 4.20241 -0.00492803 0.0086378 -0.0118105
35.1602 4.20363 -0.0054668 0.00943315 -0.0115283
35.5192 4.06213 -0.00605325 0.00974999 -0.0116895
35.8784 4.06299 -0.00674621 0.010406 -0.0114663
35.5194 4.2047 -0.00624532 0.0100349 -0.0111845
35.8786 4.20558 -0.00700003 0.0105876 -0.0111828
34.8011 4.3449 -0.00509656 0.0088772 -0.0114271
35.1603 4.34617 -0.00557972 0.0096697 -0.0114023
34.8012 4.4874 -0.0052605 0.00912579 -0.0110816
35.1604 4.4887 -0.00570351 0.00978973 -0.0108572
35.5195 4.34726 -0.00620224 0.0103824 -0.0108863
35.8787 4.34817 -0.00693427 0.0108726 -0.0108853
35.5196 4.48982 -0.00642432 0.0104907 -0.0106746
35.8789 4.49077 -0.00704247 0.0109981 -0.0104755
36.2377 4.06369 -0.00712524 0.0111469 -0.011368
36.5969 4.06424 -0.00778326 0.0117626 -0.0113224
36.2378 4.20631 -0.00707385 0.011321 -0.0110344
36.597 4.20687 -0.00756816 0.0120262 -0.0111225
36.956 4.06462 -0.00861223 0.012379 -0.0115019
37.3152 4.06484 -0.00918976 0.0130668 -0.011391
36.9562 4.20727 -0.00826799 0.0127575 -0.0111545
37.3154 4.2075 -0.00921554 0.013241 -0.0110698
36.238 4.34893 -0.00716719 0.0113987 -0.0106642
36.5972 4.34951 -0.00782773 0.0119881 -0.0106514
36.2381 4.49154 -0.00726632 0.0114867 -0.0102648
36.5973 4.49214 -0.00799575 0.0119662 -0.0102283
36.9564 4.34992 -0.00830321 0.0126853 -0.0105624
37.3155 4.35015 -0.00934843 0.0131938 -0.0106109
36.9565 4.49255 -0.00822328 0.0127822 -0.00989799
37.3157 4.4928 -0.00943471 0.0131449 -0.0102106
