26.5624 -9.47563 9.49164e-05 -0.000256727 -0.000179164
27.6874 -9.4864 0.000679137 -0.00125252 0.000116051
26.5625 -8.54376 0.000203753 -0.000416625 -2.70114e-05
27.6874 -8.55349 0.000466011 -0.000962565 -0.000230061
28.8124 -9.49362 0.000795608 -0.0014514 -1.42232e-05
29.9374 -9.49722 0.000218509 -0.000424919 -0.000135714
28.8125 -8.55988 0.000641694 -0.00116168 1.58531e-05
29.9375 -8.5631 0.00022249 -0.000408171 -7.2367e-05
26.5625 -7.61174 0.000111606 -0.000236989 -4.60217e-05
27.6876 -7.62042 0.000585597 -0.00105775 0.000202229
26.5625 -6.67974 0.000195012 -0.000381805 3.15444e-05
27.6877 -6.68735 0.000539074 -0.00102361 1.46864e-05
28.8127 -7.62618 0.00064088 -0.00124052 -0.000271304
29.9376 -7.629 8.75281e-05 -0.000206359 -0.000202588
28.8128 -6.69241 0.000742088 -0.0013621 -5.3221e-05
29.9378 -6.69485 0.000248086 -0.00043195 -4.98528e-06
