26.5628 -2.01914 0.000215351 -0.00044491 -0.000179675
27.6881 -2.02153 0.000522546 -0.00101673 -0.000275456
26.5627 -1.08723 0.000193001 -0.000388008 -4.63274e-05
27.688 -1.08859 0.000520442 -0.000995887 -9.99367e-05
28.8133 -2.02314 0.000606026 -0.00112088 -0.000260932
29.9383 -2.02397 0.000266158 -0.000480027 -0.000252486
28.8131 -1.0896 0.000667032 -0.00121877 -0.00015459
29.9382 -1.09011 0.00023448 -0.000405352 4.70413e-05
26.5627 -0.155302 0.000195928 -0.000392198 -4.95725e-05
27.6879 -0.155617 0.000519724 -0.000990544 -1.80789e-05
26.5626 0.776652 0.000188913 -0.000375722 -7.07841e-05
27.6877 0.77743 0.000568597 -0.00108246 -3.85194e-05
28.8131 -0.155849 0.000818831 -0.00148747 0.000207363
29.9379 -0.156046 0.000181251 -0.000316441 -0.000314795
28.8128 0.7779 0.000602429 -0.00109807 0.000100664
29.9379 0.778066 0.000313245 -0.000551435 0.000276251
31.063 -2.02397 -0.000157991 0.000254322 -0.000116303
32.1878 -2.02315 -0.000694899 0.00110528 1.93174e-05
31.063 -1.09009 -0.00016024 0.000267203 3.204e-05
32.1878 -1.08962 -0.000654194 0.00103962 7.99037e-06
33.313 -2.02156 -0.000703454 0.00106414 -9.70272e-05
34.4377 -2.0192 -0.000276342 0.000403143 2.00456e-06
33.313 -1.08876 -0.000766191 0.00115995 -0.000170156
34.4379 -1.08742 -0.00025213 0.000366224 -4.41287e-05
31.0629 -0.156099 -0.000214504 0.000355996 -2.1101e-05
32.1879 -0.155941 -0.00085599 0.00135849 -0.000280296
31.0629 0.778016 -0.000226755 0.0003762 9.36756e-06
32.188 0.777724 -0.000759552 0.00120771 -3.92694e-05
33.313 -0.155772 -0.000703503 0.0010701 -7.15788e-05
34.4378 -0.155639 -0.000446257 0.000649376 -0.000300473
33.313 0.77707 -0.000624485 0.000952244 -8.2075e-05
34.4378 0.776072 -0.000237319 0.000355789 -0.000404291
26.5626 1.70863 0.000166034 -0.000332192 1.30769e-06
27.6877 1.71054 0.000568511 -0.00107847 -7.71107e-05
26.5625 2.64056 0.000174411 -0.000349295 4.21772e-06
27.6876 2.64356 0.000543673 -0.0010355 -5.91394e-06
28.8127 1.71178 0.000664503 -0.00120868 9.5027e-06
29.9378 1.71239 0.000314855 -0.000555828 0.000152127
28.8126 2.64554 0.000673118 -0.00121956 -4.38424e-05
29.9377 2.64649 0.00020579 -0.000354711 -2.83368e-05
26.5625 3.57246 0.000177866 -0.000356779 7.22144e-06
27.6875 3.57656 0.000547683 -0.00104319 -4.02505e-06
26.5625 4.50436 0.000182063 -0.000365003 4.74838e-06
27.6874 4.50956 0.0005665 -0.00107687 -1.6082e-05
28.8125 3.57926 0.00067984 -0.00123463 -1.0421e-05
29.9376 3.58059 0.000250824 -0.000435012 -4.17324e-06
28.8124 4.51302 0.000688082 -0.00125467 2.25906e-05
29.9374 4.51474 0.000181888 -0.000321539 3.6044e-05
31.0628 1.71227 -0.000154166 0.000247873 0.000139237
32.188 1.71144 -0.00076396 0.00121654 -5.0469e-05
31.0627 2.64638 -0.000302261 0.00049557 6.95773e-05
32.1878 2.64521 -0.00074819 0.00118898 -3.62588e-06
33.313 1.71 -0.000618676 0.000943841 -4.52828e-05
34.4377 1.7079 -0.000236173 0.000347277 -5.3906e-05
33.3129 2.64301 -0.000577722 0.000878504 6.70274e-06
34.4376 2.63984 -0.000218205 0.000318054 2.1719e-06
31.0625 3.58049 -0.000273387 0.000460391 -5.37629e-05
32.1876 3.579 -0.000734827 0.00116938 -1.65087e-05
31.0624 4.5147 -0.000238077 0.000391691 2.32676e-05
32.1874 4.51291 -0.000794379 0.00124835 9.25674e-05
33.3127 3.57611 -0.000625464 0.000937864 0.000121748
34.4376 3.57175 -0.000349664 0.000515505 -5.02973e-05
33.3125 4.50934 -0.000573049 0.0008707 8.832e-06
34.4375 4.50404 -0.000202946 0.000300074 -2.93954e-05
