31.0624 -9.49719 -0.000181056 0.00029076 -3.03015e-05
32.1875 -9.49356 -0.000742302 0.00118117 5.87849e-06
31.0626 -8.56305 -9.12615e-05 0.000200568 0.000168109
32.1875 -8.55976 -0.000776552 0.00130001 0.000234539
33.3125 -9.48624 -0.000699525 0.00110975 0.000149002
34.4376 -9.47536 -7.069e-05 5.26519e-05 -0.000170916
33.3126 -8.55323 -0.000569133 0.000887366 7.79932e-05
34.4376 -8.54337 -5.41362e-05 6.15651e-05 -6.54539e-05
31.0626 -7.62894 -0.00013665 0.000204124 -8.75914e-05
32.1876 -7.62596 -0.000540041 0.000779637 -0.000311699
31.0628 -6.69473 -0.000156546 0.000273083 5.79933e-05
32.1876 -6.69211 -0.000754502 0.00118857 -4.60188e-05
33.3126 -7.62005 -0.000569155 0.00089544 0.000120689
34.4375 -7.61127 -0.000279915 0.000390508 -7.50063e-05
33.3126 -6.68691 -0.000620162 0.0009507 3.30076e-05
34.4375 -6.67912 -0.000185199 0.000272688 1.25105e-05
26.5626 -5.74768 0.000166432 -0.0003402 -3.24359e-05
27.6878 -5.75423 0.00054138 -0.00103377 -9.52464e-06
26.5626 -4.81554 0.000180143 -0.000354129 3.28848e-05
27.6879 -4.82103 0.00057423 -0.00107399 0.000111958
28.8129 -5.75858 0.000713659 -0.00128952 3.78807e-05
29.938 -5.7607 0.000304596 -0.00053103 -1.05529e-05
28.813 -4.82466 0.000709241 -0.00130336 -7.96746e-05
29.9381 -4.82643 0.000274645 -0.000499563 -0.000134016
26.5627 -3.88335 0.000208891 -0.000416574 8.24414e-06
27.688 -3.88776 0.000530148 -0.000984703 0.000174985
26.5627 -2.95118 0.000203524 -0.000408149 -9.19301e-06
27.6881 -2.95459 0.000476833 -0.000905279 3.07039e-05
28.8131 -3.89068 0.000484 -0.000858185 0.000153995
29.9382 -3.89213 0.000138446 -0.000233945 4.73015e-05
28.8133 -2.95682 0.00048943 -0.000854086 0.000333053
29.9383 -2.9579 0.000269012 -0.000451736 0.000148439
31.0628 -5.76061 -0.000261734 0.000432429 -1.06961e-05
32.1877 -5.75829 -0.000716399 0.00114221 2.13828e-05
31.0629 -4.82634 -0.000161449 0.00026653 -9.15576e-06
32.1878 -4.8244 -0.000728879 0.00116534 4.64201e-05
33.3127 -5.75376 -0.000623659 0.000953975 2.72664e-05
34.4375 -5.747 -0.000230727 0.000349937 7.55275e-05
33.3127 -4.8206 -0.000633371 0.000969387 3.67105e-05
34.4376 -4.81493 -0.0001848 0.000273211 2.48231e-05
31.063 -3.8921 -0.000183878 0.000326234 0.000159046
32.1879 -3.89061 -0.00074703 0.00119928 9.76098e-05
31.063 -2.95794 -0.00018173 0.000297117 -4.57311e-05
32.1878 -2.95687 -0.000734037 0.00116501 -1.20752e-05
33.3128 -3.88757 -0.000625075 0.000969966 0.000152285
34.4377 -3.88298 -0.00025261 0.000396263 0.00023208
33.3129 -2.95457 -0.000629213 0.00096129 4.12377e-05
34.4377 -2.95108 -0.000226727 0.000337728 7.75413e-05
