26.5624 -9.47563 -0.000538691 0.000446784 -0.00171633
27.6874 -9.4864 -0.00123484 0.00174842 -0.00157599
26.5625 -8.54376 -0.00114699 0.000660189 -0.0051267
27.6874 -8.55349 -0.00186648 0.0022703 -0.00418019
28.8124 -9.49362 -0.00148566 0.00211147 -0.00173949
29.9374 -9.49722 -0.00171041 0.00227554 -0.00216052
28.8125 -8.55988 -0.00233932 0.00275536 -0.00472459
29.9375 -8.5631 -0.0026632 0.00285414 -0.0056824
26.5625 -7.61174 -0.00197727 0.000826905 -0.0101311
27.6876 -7.62042 -0.00338207 0.00393641 -0.00888102
26.5625 -6.67974 -0.00334887 0.000801243 -0.0228684
27.6877 -6.68735 0.000330477 -0.00472725 -0.0159724
28.8127 -7.62618 -0.00395362 0.00540102 -0.00715613
29.9376 -7.629 -0.00376855 0.00413051 -0.008978
28.8128 -6.69241 -0.00668731 0.00942315 -0.01181
29.9378 -6.69485 -0.00493341 0.0054845 -0.012934
