31.0624 -9.49719 -0.00160224 0.00190259 -0.00227854
32.1875 -9.49356 -0.00142549 0.00153961 -0.00222722
31.0626 -8.56305 -0.00236313 0.00214863 -0.00626482
32.1875 -8.55976 -0.00211373 0.00145139 -0.0064784
33.3125 -9.48624 -0.00105967 0.000807898 -0.00239098
34.4376 -9.47536 -0.000990856 0.000605754 -0.00242718
33.3126 -8.55323 -0.00153353 0.000827115 -0.00621109
34.4376 -8.54337 -0.0011897 0.000241889 -0.00607421
31.0626 -7.62894 -0.00300163 0.00271603 -0.00985101
32.1876 -7.62596 -0.00270408 0.00190639 -0.0100656
31.0628 -6.69473 -0.00426129 0.00362393 -0.0139929
32.1876 -6.69211 -0.00359029 0.00255873 -0.0139506
33.3126 -7.62005 -0.00225394 0.00104377 -0.00986462
34.4375 -7.61127 -0.00138433 -0.000106188 -0.00938579
33.3126 -6.68691 -0.0028802 0.00150283 -0.0133854
34.4375 -6.67912 -0.00192949 5.35896e-05 -0.0129342
