26.5628 -2.01914 0.0237578 -0.169082 -1.50392
27.6881 -2.02153 1.01158 -2.0838 -1.56678
26.5627 -1.08723 0.237676 -0.563637 -1.85951
27.688 -1.08859 0.0336522 -0.106324 -0.986129
28.8133 -2.02314 0.0221411 -0.0438111 -0.0189072
29.9383 -2.02397 -0.00517959 0.00652577 -0.0338128
28.8131 -1.0896 -0.409471 0.786082 2.78846
29.9382 -1.09011 0.0771803 -0.122154 0.92526
26.5627 -0.155302 0.457525 -0.919377 0.906191
27.6879 -0.155617 0.437394 -0.842359 -0.855956
26.5626 0.776652 0.220849 -0.37596 -2.02914
27.6877 0.77743 1.00187 -1.85249 -1.69865
28.8131 -0.155849 -1.62339 2.94425 -2.33595
29.9379 -0.156046 0.637229 -1.16245 -3.87747
28.8128 0.7779 0.0903903 -0.141088 -0.575693
29.9379 0.778066 -0.0102455 0.0167732 0.0174517
