26.5626 1.70863 0.0005184 -0.0017765 0.0116586
27.6877 1.71054 0.00141086 -0.00326929 0.00992502
26.5625 2.64056 0.000526133 -0.00188654 0.00803556
27.6876 2.64356 0.00182212 -0.00423296 0.00731078
28.8127 1.71178 -0.00628665 0.0105237 0.0177959
29.9378 1.71239 -0.0118375 0.0200307 0.0160464
28.8126 2.64554 -0.0166032 0.0272 0.0319669
29.9377 2.64649 0.0308287 -0.0527617 -0.0144208
26.5625 3.57246 0.000552555 -0.00186191 0.00535872
27.6875 3.57656 0.00175605 -0.00405228 0.00506844
26.5625 4.50436 0.000818997 -0.0019567 0.00180072
27.6874 4.50956 0.00218711 -0.00447734 0.00178532
28.8125 3.57926 0.0395749 -0.0629829 -0.0679755
29.9376 3.58059 -1.01384 1.5858 1.34874
28.8124 4.51302 0.0165872 -0.0287864 -0.00860471
29.9374 4.51474 -2.28761 4.08266 -0.658028
