31.0628 1.71227 -0.0115415 0.0188258 0.00466389
32.188 1.71144 -0.0101573 0.0169681 -0.0121548
31.0627 2.64638 -0.00319202 0.00356655 0.0170788
32.1878 2.64521 -0.0172933 0.0286815 -0.0119907
33.313 1.71 -0.00762959 0.0133228 -0.0314431
34.4377 1.7079 -0.00259089 0.00652344 -0.0450893
33.3129 2.64301 -0.0157373 0.0266972 -0.0307025
34.4376 2.63984 -0.0079412 0.0147369 -0.0398072
31.0625 3.58049 0.452601 -0.88735 1.07751
32.1876 3.579 -0.0261931 0.0433476 -0.0117769
31.0624 4.5147 1.27832 -2.07867 -0.159668
32.1874 4.51291 -0.392316 0.599833 0.173181
33.3127 3.57611 -0.0251653 0.0423671 -0.0313778
34.4376 3.57175 -0.0187235 0.0257053 0.0119492
33.3125 4.50934 -0.20869 0.309618 0.0628527
34.4375 4.50404 -0.386429 0.473486 0.536799
