26.5626 -5.74768 -0.00793742 -0.00960873 -0.114217
27.6878 -5.75423 -0.0185407 0.0315568 -0.0186753
26.5626 -4.81554 -0.0171357 0.00278939 -0.167269
27.6879 -4.82103 -0.0240355 0.0247652 -0.116411
28.8129 -5.75858 -0.0119928 0.0223571 0.00283884
29.938 -5.7607 -0.00610233 0.00725978 -0.017397
28.813 -4.82466 -0.0152768 0.0189195 -0.0508392
29.9381 -4.82643 -0.00740394 0.00935919 -0.0216624
26.5627 -3.88335 -0.0238779 0.127906 0.521324
27.688 -3.88776 0.088309 -0.143057 0.172257
26.5627 -2.95118 -0.195308 0.346048 -0.392202
27.6881 -2.95459 0.382573 -0.768166 -0.179202
28.8131 -3.89068 -0.0101964 0.0135375 -0.029342
29.9382 -3.89213 -0.00800614 0.010399 -0.0244064
28.8133 -2.95682 -0.00837283 0.0116519 -0.0314219
29.9383 -2.9579 -0.00768095 0.00950974 -0.0279035
