31.0628 -5.76061 -0.00536388 0.00545807 -0.0176397
32.1877 -5.75829 -0.00447075 0.00384738 -0.0171154
31.0629 -4.82634 -0.00640682 0.00723036 -0.0206688
32.1878 -4.8244 -0.00519957 0.00508503 -0.0199541
33.3127 -5.75376 -0.00337297 0.00221075 -0.0162491
34.4375 -5.747 -0.00213778 0.000297573 -0.0157185
33.3127 -4.8206 -0.00390389 0.00298198 -0.0193307
34.4376 -4.81493 -0.00240983 0.0006233 -0.0190969
31.063 -3.8921 -0.00686815 0.00821389 -0.0230781
32.1879 -3.89061 -0.00536254 0.0056901 -0.0219941
31.063 -2.95794 -0.00667564 0.00825542 -0.0252327
32.1878 -2.95687 -0.00507163 0.00589899 -0.0244491
33.3128 -3.88757 -0.00385246 0.0031318 -0.0217604
34.4377 -3.88298 -0.00221294 0.000467096 -0.0221898
33.3129 -2.95457 -0.00343896 0.00331912 -0.0239349
34.4377 -2.95108 -0.00187502 0.000649537 -0.0236616
