31.063 -2.02397 -0.00451464 0.00528317 -0.0332474
32.1878 -2.02315 -0.00488446 0.0055755 -0.0289418
31.063 -1.09009 0.823062 -1.31974 1.11625
32.1878 -1.08962 -0.00524497 0.00726891 -0.0248006
33.313 -2.02156 -0.00361722 0.00392194 -0.0267717
34.4377 -2.0192 -0.00188393 0.00123768 -0.0257481
33.313 -1.08876 -0.00485185 0.00688487 -0.0291538
34.4379 -1.08742 -0.00275697 0.0032193 -0.0312474
31.0629 -0.156099 0.96411 -1.60039 -2.25543
32.1879 -0.155941 0.00177375 -0.00290516 -0.00664867
31.0629 0.778016 -0.00585261 0.00948048 0.00751881
32.188 0.777724 -0.00638773 0.0104585 -0.0109135
33.313 -0.155772 -0.00512152 0.00692666 -0.0269812
34.4378 -0.155639 -0.00132293 0.00134011 -0.0359781
33.313 0.77707 -0.00377564 0.0065799 -0.0285858
34.4378 0.776072 -0.00111105 0.00281862 -0.0392712
