26.5626 1.70863 -0.00484293 0.00867834 0.0151193
27.6877 1.71054 0.00908419 -0.0186152 0.0202785
26.5625 2.64056 0.000436776 -0.00101996 0.00141867
27.6876 2.64356 0.00206191 -0.00421694 0.00289333
28.8127 1.71178 0.00367759 -0.00220514 -0.0722615
29.9378 1.71239 -0.00980406 0.0239487 -0.1156
28.8126 2.64554 -0.0323377 0.0761762 -0.18133
29.9377 2.64649 0.00881294 0.0101184 -0.274468
26.5625 3.57246 0.000500901 -0.00114595 0.00103169
27.6875 3.57656 0.00229562 -0.00468753 0.00232466
26.5625 4.50436 0.000663591 -0.00137042 0.000244611
27.6874 4.50956 0.00284915 -0.00556619 0.00080396
28.8125 3.57926 0.013738 -0.00953574 -0.118967
29.9376 3.58059 -1.13717 1.96368 0.0870845
28.8124 4.51302 0.00794189 -0.0134369 -0.00611759
29.9374 4.51474 -2.06862 3.80485 -1.34514
