26.5628 -2.01914 -0.354451 0.606601 -1.29849
27.6881 -2.02153 -0.200652 0.260497 -1.60449
26.5627 -1.08723 -0.105164 0.128538 -1.92771
27.688 -1.08859 -0.763332 1.45677 0.0511401
28.8133 -2.02314 -0.0381865 0.0619025 -0.102603
29.9383 -2.02397 -0.00373069 0.00370652 -0.0391369
28.8131 -1.0896 -1.95613 3.58912 0.832605
29.9382 -1.09011 -0.0379931 0.043985 -0.576622
26.5627 -0.155302 -0.264745 0.5259 -0.601533
27.6879 -0.155617 -0.658693 1.24106 -2.43131
26.5626 0.776652 -0.0242206 0.0598988 -0.377789
27.6877 0.77743 -0.000115389 0.0105212 -0.35274
28.8131 -0.155849 -2.3549 4.27228 -1.58469
29.9379 -0.156046 -0.0617166 0.0936251 -2.48096
28.8128 0.7779 -0.250428 0.467997 -0.45122
29.9379 0.778066 -0.077274 0.140511 -0.232714
