26.5626 -5.74768 -0.0294235 0.0582517 -0.00267292
27.6878 -5.75423 -0.0237101 0.0479378 0.0126962
26.5626 -4.81554 -0.108483 0.223943 0.0369113
27.6879 -4.82103 -0.0180772 0.0272407 -0.0397157
28.8129 -5.75858 -0.0195232 0.0300145 -0.0261851
29.938 -5.7607 -0.00652174 0.0071824 -0.0204895
28.813 -4.82466 -0.0197858 0.0287818 -0.0410484
29.9381 -4.82643 -0.00744095 0.00841607 -0.0266224
26.5627 -3.88335 -0.596889 1.3558 1.06651
27.688 -3.88776 -0.102878 0.275432 0.542738
26.5627 -2.95118 -0.930479 1.87381 0.109863
27.6881 -2.95459 -0.368421 0.655871 -0.416105
28.8131 -3.89068 -0.0121054 0.0187559 -0.0230441
29.9382 -3.89213 -0.00800049 0.00982165 -0.0298565
28.8133 -2.95682 -0.0141595 0.0217649 -0.0371083
29.9383 -2.9579 -0.00694278 0.00863577 -0.033027
