26.5624 -9.47563 -0.000114513 8.64618e-05 -0.000382028
27.6874 -9.4864 -0.000430437 0.000415202 -0.00112645
26.5625 -8.54376 -0.000665308 0.000702701 -0.00186946
27.6874 -8.55349 -0.00146036 0.00160029 -0.0036539
28.8124 -9.49362 -0.000852636 0.000962874 -0.00169248
29.9374 -9.49722 -0.00114383 0.0012389 -0.0022292
28.8125 -8.55988 -0.00184214 0.00195818 -0.00445357
29.9375 -8.5631 -0.00205756 0.0018089 -0.00584604
26.5625 -7.61174 -0.00160673 0.00163885 -0.0052701
27.6876 -7.62042 -0.00362414 0.00489203 -0.00699651
26.5625 -6.67974 -0.00458332 0.00712947 -0.00778232
27.6877 -6.68735 -0.0100965 0.013826 -0.0214596
28.8127 -7.62618 -0.00378609 0.00509584 -0.00643379
29.9376 -7.629 -0.00309692 0.00294673 -0.00905688
28.8128 -6.69241 -0.0097561 0.0137392 -0.0164199
29.9378 -6.69485 -0.00419107 0.00415565 -0.0132723
