31.0628 -5.76061 -0.00457562 0.00373108 -0.019769
32.1877 -5.75829 -0.0041746 0.00287801 -0.0198322
31.0629 -4.82634 -0.00571714 0.00554645 -0.0241067
32.1878 -4.8244 -0.00481449 0.00392104 -0.0235283
33.3127 -5.75376 -0.00341193 0.0016389 -0.0193647
34.4375 -5.747 -0.00227977 3.43873e-07 -0.0186804
33.3127 -4.8206 -0.0037767 0.0021315 -0.0235432
34.4376 -4.81493 -0.00283316 0.000588783 -0.0237867
31.063 -3.8921 -0.00641984 0.00706643 -0.0272376
32.1879 -3.89061 -0.00490444 0.00445693 -0.0261212
31.063 -2.95794 -0.00596638 0.00693083 -0.0296995
32.1878 -2.95687 -0.00458482 0.00444041 -0.029326
33.3128 -3.88757 -0.00358521 0.00214356 -0.0267653
34.4377 -3.88298 -0.00247805 0.000192021 -0.0285109
33.3129 -2.95457 -0.00346497 0.0024257 -0.0302909
34.4377 -2.95108 -0.0021513 0.000259825 -0.031567
