31.0628 1.71227 -0.00901937 0.020279 -0.0915745
32.188 1.71144 -0.0081592 0.0176451 -0.0834817
31.0627 2.64638 0.0417976 -0.0592165 -0.113579
32.1878 2.64521 -0.00711525 0.0185985 -0.0841049
33.313 1.71 -0.00627778 0.0141281 -0.0841789
34.4377 1.7079 -0.0025756 0.00816498 -0.0836149
33.3129 2.64301 -0.00678834 0.0175584 -0.0860088
34.4376 2.63984 -0.00362709 0.0120432 -0.082833
31.0625 3.58049 1.64929 -2.87511 1.12968
32.1876 3.579 -0.0083877 0.0232606 -0.0846113
31.0624 4.5147 1.47091 -2.26871 -1.13219
32.1874 4.51291 -0.763705 1.00568 1.40148
33.3127 3.57611 -0.00880413 0.0234721 -0.0885433
34.4376 3.57175 0.0023499 0.0216184 -0.226907
33.3125 4.50934 -1.55621 2.31347 0.379564
34.4375 4.50404 0.0755435 -0.131237 0.151211
