31.0624 -9.49719 -0.00138103 0.00154863 -0.00229509
32.1875 -9.49356 -0.00123292 0.00123571 -0.00230334
31.0626 -8.56305 -0.00230293 0.00188433 -0.00664398
32.1875 -8.55976 -0.00189623 0.00101395 -0.00707342
33.3125 -9.48624 -0.0010232 0.00087138 -0.00225327
34.4376 -9.47536 -0.000789825 0.00049683 -0.00221952
33.3126 -8.55323 -0.001817 0.000788373 -0.00721711
34.4376 -8.54337 -0.00125978 -6.39863e-05 -0.00715714
31.0626 -7.62894 -0.00304975 0.00224298 -0.0108637
32.1876 -7.62596 -0.00263385 0.00128261 -0.0115454
31.0628 -6.69473 -0.00374821 0.00279615 -0.0150621
32.1876 -6.69211 -0.00354039 0.00216878 -0.01569
33.3126 -7.62005 -0.00239531 0.000879909 -0.0113502
34.4375 -7.61127 -0.00159579 -0.000287075 -0.0110639
33.3126 -6.68691 -0.00299636 0.0012851 -0.0153378
34.4375 -6.67912 -0.00197756 -0.000183311 -0.0148129
