31.063 -2.02397 -0.00393106 0.0042065 -0.0338678
32.1878 -2.02315 -0.00349471 0.00331547 -0.0337282
31.063 -1.09009 1.21745 -1.97179 1.33837
32.1878 -1.08962 0.00331325 -0.00651829 -0.0351345
33.313 -2.02156 -0.00364791 0.00330463 -0.0349471
34.4377 -2.0192 -0.00215925 0.000948563 -0.0352958
33.313 -1.08876 -0.0040927 0.00471841 -0.0436096
34.4379 -1.08742 -0.00431792 0.00476039 -0.0457873
31.0629 -0.156099 0.419303 -0.700924 -0.912647
32.1879 -0.155941 0.0257231 -0.0410208 -0.0301396
31.0629 0.778016 0.00676354 -0.00903781 -0.0832364
32.188 0.777724 -0.00280855 0.00655611 -0.0821787
33.313 -0.155772 -0.00467513 0.00685001 -0.0532651
34.4378 -0.155639 -0.00374871 0.00519401 -0.0568531
33.313 0.77707 -0.00537894 0.0100298 -0.0747183
34.4378 0.776072 -0.00520301 0.00928813 -0.0709741
