31.0624 -9.49719 -0.00160217 0.00190247 -0.0022785
32.1875 -9.49356 -0.00142543 0.00153953 -0.00222719
31.0626 -8.56305 -0.00236303 0.00214849 -0.00626472
32.1875 -8.55976 -0.00211366 0.00145131 -0.00647829
33.3125 -9.48624 -0.00105963 0.00080786 -0.00239093
34.4376 -9.47536 -0.000990803 0.000605696 -0.00242712
33.3126 -8.55323 -0.00153348 0.000827066 -0.00621098
34.4376 -8.54337 -0.00118966 0.000241854 -0.00607408
31.0626 -7.62894 -0.00300151 0.00271585 -0.00985089
32.1876 -7.62596 -0.00270398 0.00190628 -0.0100654
31.0628 -6.69473 -0.00426109 0.00362367 -0.0139926
32.1876 -6.69211 -0.00359018 0.00255862 -0.0139503
33.3126 -7.62005 -0.00225388 0.00104374 -0.00986439
34.4375 -7.61127 -0.00138431 -0.00010617 -0.00938557
33.3126 -6.68691 -0.00288014 0.0015028 -0.0133851
34.4375 -6.67912 -0.00192945 5.36019e-05 -0.0129339
