26.5624 -9.47563 -0.000538674 0.000446728 -0.00171639
27.6874 -9.4864 -0.00123474 0.00174822 -0.001576
26.5625 -8.54376 -0.00114696 0.000660076 -0.00512686
27.6874 -8.55349 -0.00186639 0.00227011 -0.00418026
28.8124 -9.49362 -0.00148554 0.00211127 -0.00173949
29.9374 -9.49722 -0.00171031 0.00227539 -0.00216049
28.8125 -8.55988 -0.00233922 0.00275518 -0.00472457
29.9375 -8.5631 -0.0026631 0.00285399 -0.00568234
26.5625 -7.61174 -0.00197726 0.000826783 -0.0101314
27.6876 -7.62042 -0.00338192 0.00393614 -0.00888097
26.5625 -6.67974 -0.00334867 0.000800787 -0.0228687
27.6877 -6.68735 0.000330607 -0.00472761 -0.0159728
28.8127 -7.62618 -0.00395352 0.00540083 -0.00715615
29.9376 -7.629 -0.00376843 0.00413032 -0.00897797
28.8128 -6.69241 -0.0066871 0.00942274 -0.0118101
29.9378 -6.69485 -0.00493319 0.00548416 -0.0129339
