26.5626 1.70863 0.000518394 -0.00177648 0.0116585
27.6877 1.71054 0.00141085 -0.00326926 0.00992489
26.5625 2.64056 0.000526128 -0.00188652 0.00803545
27.6876 2.64356 0.00182208 -0.00423288 0.00731067
28.8127 1.71178 -0.00628674 0.0105239 0.0177946
29.9378 1.71239 -0.0118376 0.0200309 0.0160444
28.8126 2.64554 -0.0166042 0.0272017 0.0319666
29.9377 2.64649 0.0308274 -0.0527592 -0.0144222
26.5625 3.57246 0.00055255 -0.00186189 0.00535863
27.6875 3.57656 0.00175602 -0.0040522 0.00506837
26.5625 4.50436 0.000818986 -0.00195667 0.00180067
27.6874 4.50956 0.00218706 -0.00447723 0.00178529
28.8125 3.57926 0.0395748 -0.0629822 -0.0679784
29.9376 3.58059 -1.01382 1.58577 1.34872
28.8124 4.51302 0.0165872 -0.0287864 -0.00860506
29.9374 4.51474 -2.28764 4.08271 -0.658003
