31.0628 1.71227 -0.0115416 0.0188261 0.00466253
32.188 1.71144 -0.0101574 0.0169683 -0.0121555
31.0627 2.64638 -0.00319295 0.00356812 0.0170782
32.1878 2.64521 -0.0172931 0.0286813 -0.0119915
33.313 1.71 -0.00762956 0.0133227 -0.0314431
34.4377 1.7079 -0.00259086 0.00652338 -0.0450889
33.3129 2.64301 -0.0157371 0.0266968 -0.0307027
34.4376 2.63984 -0.00794104 0.0147366 -0.0398062
31.0625 3.58049 0.452588 -0.887325 1.07748
32.1876 3.579 -0.0261926 0.043347 -0.0117779
31.0624 4.5147 1.27829 -2.07863 -0.159645
32.1874 4.51291 -0.392327 0.599849 0.173196
33.3127 3.57611 -0.0251648 0.0423663 -0.0313781
34.4376 3.57175 -0.0187291 0.0257139 0.0119458
33.3125 4.50934 -0.208685 0.30961 0.0628552
34.4375 4.50404 -0.386422 0.473479 0.53677
