31.0628 -5.76061 -0.00536364 0.00545776 -0.0176393
32.1877 -5.75829 -0.00447062 0.00384726 -0.017115
31.0629 -4.82634 -0.00640659 0.00723008 -0.0206682
32.1878 -4.8244 -0.00519946 0.00508494 -0.0199535
33.3127 -5.75376 -0.00337292 0.00221075 -0.0162487
34.4375 -5.747 -0.00213775 0.00029761 -0.0157181
33.3127 -4.8206 -0.00390385 0.00298199 -0.0193302
34.4376 -4.81493 -0.0024098 0.000623308 -0.0190966
31.063 -3.8921 -0.00686795 0.00821367 -0.0230773
32.1879 -3.89061 -0.00536248 0.00569009 -0.0219934
31.063 -2.95794 -0.00667548 0.00825529 -0.0252316
32.1878 -2.95687 -0.00507163 0.00589907 -0.0244482
33.3128 -3.88757 -0.00385245 0.00313185 -0.0217599
34.4377 -3.88298 -0.00221294 0.000467143 -0.0221894
33.3129 -2.95457 -0.00343902 0.00331927 -0.0239344
34.4377 -2.95108 -0.00187504 0.000649596 -0.0236613
