31.063 -2.02397 -0.00451469 0.00528335 -0.0332461
32.1878 -2.02315 -0.00488458 0.00557574 -0.028941
31.063 -1.09009 0.823051 -1.31972 1.11629
32.1878 -1.08962 -0.00524476 0.00726859 -0.0248007
33.313 -2.02156 -0.00361741 0.00392227 -0.0267713
34.4377 -2.0192 -0.00188397 0.00123775 -0.0257479
33.313 -1.08876 -0.00485211 0.00688527 -0.0291536
34.4379 -1.08742 -0.00275695 0.00321927 -0.0312473
31.0629 -0.156099 0.96409 -1.60036 -2.25548
32.1879 -0.155941 0.00177148 -0.00290169 -0.00665267
31.0629 0.778016 -0.00585311 0.00948137 0.00751741
32.188 0.777724 -0.00638821 0.0104593 -0.0109139
33.313 -0.155772 -0.0051218 0.0069271 -0.0269811
34.4378 -0.155639 -0.00132304 0.00134029 -0.0359781
33.313 0.77707 -0.00377574 0.00658005 -0.0285859
34.4378 0.776072 -0.00111105 0.00281862 -0.0392713
