26.5626 -5.74768 -0.00793771 -0.00960864 -0.114219
27.6878 -5.75423 -0.0185404 0.0315558 -0.018678
26.5626 -4.81554 -0.0171353 0.00278895 -0.167267
27.6879 -4.82103 -0.0240336 0.0247622 -0.116408
28.8129 -5.75858 -0.0119916 0.0223551 0.0028394
29.938 -5.7607 -0.00610197 0.00725921 -0.0173967
28.813 -4.82466 -0.015276 0.0189178 -0.0508399
29.9381 -4.82643 -0.0074036 0.00935869 -0.0216619
26.5627 -3.88335 -0.0238771 0.127905 0.521325
27.688 -3.88776 0.0883092 -0.143056 0.172267
26.5627 -2.95118 -0.195306 0.346045 -0.392209
27.6881 -2.95459 0.382558 -0.768133 -0.179178
28.8131 -3.89068 -0.010196 0.0135369 -0.0293414
29.9382 -3.89213 -0.0080058 0.0103985 -0.0244056
28.8133 -2.95682 -0.00837235 0.0116512 -0.031421
29.9383 -2.9579 -0.00768056 0.00950923 -0.0279023
