26.5628 -2.01914 0.0237643 -0.169098 -1.50395
27.6881 -2.02153 1.01157 -2.0838 -1.56694
26.5627 -1.08723 0.23768 -0.563645 -1.85948
27.688 -1.08859 0.0336358 -0.106293 -0.986162
28.8133 -2.02314 0.0221397 -0.0438085 -0.0189083
29.9383 -2.02397 -0.00517898 0.00652474 -0.0338128
28.8131 -1.0896 -0.409462 0.786063 2.78834
29.9382 -1.09011 0.0771447 -0.122092 0.925359
26.5627 -0.155302 0.45753 -0.919386 0.906168
27.6879 -0.155617 0.437353 -0.84228 -0.855869
26.5626 0.776652 0.22086 -0.375978 -2.0292
27.6877 0.77743 1.00188 -1.85251 -1.69871
28.8131 -0.155849 -1.62317 2.94385 -2.33562
29.9379 -0.156046 0.637152 -1.16232 -3.87772
28.8128 0.7779 0.0903835 -0.141076 -0.575694
29.9379 0.778066 -0.0102457 0.0167737 0.0174499
