26.5628 -2.01914 0.0237688 -0.169109 -1.50398
27.6881 -2.02153 1.01157 -2.08381 -1.56707
26.5627 -1.08723 0.237684 -0.563651 -1.85946
27.688 -1.08859 0.0336238 -0.106271 -0.986189
28.8133 -2.02314 0.0221382 -0.0438058 -0.0189109
29.9383 -2.02397 -0.0051787 0.00652412 -0.0338151
28.8131 -1.0896 -0.409456 0.786051 2.78825
29.9382 -1.09011 0.0771179 -0.122045 0.925431
26.5627 -0.155302 0.457533 -0.919393 0.906148
27.6879 -0.155617 0.437322 -0.84222 -0.855807
26.5626 0.776652 0.220867 -0.375992 -2.02925
27.6877 0.77743 1.00189 -1.85254 -1.69875
28.8131 -0.155849 -1.623 2.94355 -2.33538
29.9379 -0.156046 0.637094 -1.16222 -3.87791
28.8128 0.7779 0.0903784 -0.141067 -0.575693
29.9379 0.778066 -0.0102447 0.0167719 0.0174501
