26.5624 -9.47563 -0.000538722 0.000446817 -0.00171641
27.6874 -9.4864 -0.00123478 0.00174831 -0.00157598
26.5625 -8.54376 -0.00114696 0.000660105 -0.00512681
27.6874 -8.55349 -0.00186648 0.00227027 -0.00418029
28.8124 -9.49362 -0.00148562 0.00211141 -0.00173951
29.9374 -9.49722 -0.00171038 0.0022755 -0.0021605
28.8125 -8.55988 -0.00233933 0.00275537 -0.0047246
29.9375 -8.5631 -0.00266317 0.00285409 -0.00568239
26.5625 -7.61174 -0.00197728 0.000826888 -0.0101312
27.6876 -7.62042 -0.003382 0.00393634 -0.0088808
26.5625 -6.67974 -0.00334832 0.000800094 -0.0228687
27.6877 -6.68735 0.000330502 -0.00472771 -0.015974
28.8127 -7.62618 -0.00395361 0.00540095 -0.00715629
29.9376 -7.629 -0.00376853 0.00413044 -0.0089781
28.8128 -6.69241 -0.00668704 0.0094226 -0.0118102
29.9378 -6.69485 -0.00493327 0.00548426 -0.0129341
