31.0628 1.71227 -0.0115411 0.0188253 0.0046617
32.188 1.71144 -0.010157 0.0169677 -0.0121564
31.0627 2.64638 -0.00319324 0.00356864 0.0170778
32.1878 2.64521 -0.0172924 0.0286801 -0.0119921
33.313 1.71 -0.00762939 0.0133225 -0.0314434
34.4377 1.7079 -0.0025908 0.00652324 -0.0450881
33.3129 2.64301 -0.0157367 0.0266962 -0.0307025
34.4376 2.63984 -0.00794102 0.0147365 -0.0398047
31.0625 3.58049 0.452579 -0.887308 1.07746
32.1876 3.579 -0.0261915 0.0433453 -0.0117778
31.0624 4.5147 1.27828 -2.07861 -0.159628
32.1874 4.51291 -0.392335 0.59986 0.173208
33.3127 3.57611 -0.0251641 0.0423652 -0.0313776
34.4376 3.57175 -0.0187332 0.0257201 0.0119443
33.3125 4.50934 -0.208681 0.309604 0.0628579
34.4375 4.50404 -0.386414 0.473472 0.536751
