31.0624 -9.49719 -0.00160213 0.00190241 -0.00227848
32.1875 -9.49356 -0.00142541 0.00153949 -0.0022272
31.0626 -8.56305 -0.00236301 0.00214846 -0.00626469
32.1875 -8.55976 -0.00211365 0.00145129 -0.00647831
33.3125 -9.48624 -0.00105963 0.000807841 -0.00239096
34.4376 -9.47536 -0.000990784 0.000605642 -0.00242721
33.3126 -8.55323 -0.00153348 0.00082703 -0.00621109
34.4376 -8.54337 -0.00118965 0.000241801 -0.00607425
31.0626 -7.62894 -0.00300151 0.00271585 -0.00985089
32.1876 -7.62596 -0.00270397 0.00190624 -0.0100655
31.0628 -6.69473 -0.00426113 0.00362371 -0.0139927
32.1876 -6.69211 -0.00359017 0.00255858 -0.0139505
33.3126 -7.62005 -0.00225388 0.0010437 -0.00986458
34.4375 -7.61127 -0.00138433 -0.000106198 -0.00938582
33.3126 -6.68691 -0.00288015 0.00150277 -0.0133853
34.4375 -6.67912 -0.00192948 5.35814e-05 -0.0129342
