31.0628 -5.76061 -0.00536367 0.00545775 -0.0176396
32.1877 -5.75829 -0.00447058 0.00384715 -0.0171152
31.0629 -4.82634 -0.00640657 0.00723001 -0.0206685
32.1878 -4.8244 -0.0051994 0.00508481 -0.0199537
33.3127 -5.75376 -0.00337287 0.00221063 -0.0162489
34.4375 -5.747 -0.00213774 0.000297553 -0.0157184
33.3127 -4.8206 -0.00390379 0.00298186 -0.0193305
34.4376 -4.81493 -0.00240975 0.000623194 -0.0190969
31.063 -3.8921 -0.0068679 0.00821357 -0.0230775
32.1879 -3.89061 -0.00536241 0.00568995 -0.0219936
31.063 -2.95794 -0.00667541 0.00825515 -0.0252317
32.1878 -2.95687 -0.00507155 0.00589892 -0.0244484
33.3128 -3.88757 -0.0038524 0.00313173 -0.0217602
34.4377 -3.88298 -0.00221293 0.000467084 -0.0221898
33.3129 -2.95457 -0.00343898 0.00331918 -0.0239347
34.4377 -2.95108 -0.00187502 0.000649522 -0.0236617
