26.5626 -5.74768 -0.00793836 -0.00960834 -0.114224
27.6878 -5.75423 -0.0185401 0.0315539 -0.0186843
26.5626 -4.81554 -0.0171348 0.00278857 -0.167263
27.6879 -4.82103 -0.0240298 0.0247561 -0.116402
28.8129 -5.75858 -0.01199 0.0223522 0.00284
29.938 -5.7607 -0.00610203 0.00725926 -0.017397
28.813 -4.82466 -0.0152748 0.0189153 -0.0508426
29.9381 -4.82643 -0.00740361 0.00935866 -0.0216621
26.5627 -3.88335 -0.0238755 0.127901 0.521325
27.688 -3.88776 0.0883085 -0.143051 0.172287
26.5627 -2.95118 -0.195304 0.346038 -0.392229
27.6881 -2.95459 0.382523 -0.768059 -0.179127
28.8131 -3.89068 -0.010196 0.0135369 -0.0293416
29.9382 -3.89213 -0.00800581 0.0103985 -0.0244058
28.8133 -2.95682 -0.00837242 0.0116513 -0.031421
29.9383 -2.9579 -0.00768053 0.00950915 -0.0279025
