31.063 -2.02397 -0.0045146 0.00528318 -0.0332463
32.1878 -2.02315 -0.00488439 0.00557546 -0.028941
31.063 -1.09009 0.823026 -1.31968 1.11639
32.1878 -1.08962 -0.00524385 0.00726714 -0.0248019
33.313 -2.02156 -0.00361736 0.00392218 -0.0267714
34.4377 -2.0192 -0.00188394 0.00123769 -0.0257481
33.313 -1.08876 -0.00485202 0.00688514 -0.0291537
34.4379 -1.08742 -0.00275679 0.00321903 -0.0312472
31.0629 -0.156099 0.964044 -1.60028 -2.25558
32.1879 -0.155941 0.0017668 -0.00289457 -0.00666322
31.0629 0.778016 -0.0058531 0.00948141 0.00751602
32.188 0.777724 -0.0063882 0.0104593 -0.0109149
33.313 -0.155772 -0.00512176 0.00692701 -0.0269813
34.4378 -0.155639 -0.00132319 0.00134051 -0.0359784
33.313 0.77707 -0.00377572 0.00658004 -0.0285865
34.4378 0.776072 -0.00111082 0.00281831 -0.0392721
