26.5626 1.70863 0.000518355 -0.00177633 0.0116574
27.6877 1.71054 0.00141073 -0.00326897 0.00992383
26.5625 2.64056 0.000526087 -0.00188633 0.00803449
27.6876 2.64356 0.00182191 -0.00423246 0.00730974
28.8127 1.71178 -0.00628666 0.0105237 0.0177947
29.9378 1.71239 -0.0118371 0.0200301 0.0160445
28.8126 2.64554 -0.0166046 0.0272024 0.0319668
29.9377 2.64649 0.0308267 -0.0527581 -0.014422
26.5625 3.57246 0.000552473 -0.00186164 0.00535792
27.6875 3.57656 0.0017557 -0.00405148 0.00506762
26.5625 4.50436 0.000818867 -0.00195638 0.00180039
27.6874 4.50956 0.00218658 -0.00447627 0.00178499
28.8125 3.57926 0.0395746 -0.0629815 -0.0679813
29.9376 3.58059 -1.01381 1.58574 1.3487
28.8124 4.51302 0.0165866 -0.0287852 -0.00860565
29.9374 4.51474 -2.28766 4.08275 -0.657985
