26.5628 -2.01914 3.22446e-10 -1.2728e-09 -7.96359e-09
27.6881 -2.02153 1.02788e-09 -2.5673e-09 -8.01042e-09
26.5627 -1.08723 4.35754e-10 -1.21659e-09 -8.12915e-09
27.688 -1.08859 1.2332e-09 -2.68088e-09 -8.08891e-09
28.8133 -2.02314 1.59524e-09 -3.49289e-09 -8.08735e-09
29.9383 -2.02397 2.05153e-09 -4.15469e-09 -8.36703e-09
28.8131 -1.0896 1.89304e-09 -3.76571e-09 -8.21437e-09
29.9382 -1.09011 2.2572e-09 -4.23173e-09 -8.19286e-09
26.5627 -0.155302 5.98071e-10 -1.24389e-09 -7.85624e-09
27.6879 -0.155617 1.45424e-09 -2.81647e-09 -7.71836e-09
26.5626 0.776652 7.32287e-10 -1.24946e-09 -7.10125e-09
27.6877 0.77743 1.71783e-09 -3.06965e-09 -6.98683e-09
28.8131 -0.155849 2.28912e-09 -4.20417e-09 -7.53551e-09
29.9379 -0.156046 2.40107e-09 -4.21366e-09 -8.14663e-09
28.8128 0.7779 2.29068e-09 -3.97044e-09 -6.88888e-09
29.9379 0.778066 2.7338e-09 -4.56237e-09 -6.783e-09
31.063 -2.02397 2.25655e-09 -4.32759e-09 -8.48862e-09
32.1878 -2.02315 1.91253e-09 -3.60237e-09 -8.50339e-09
31.063 -1.09009 2.42587e-09 -4.33753e-09 -8.41241e-09
32.1878 -1.08962 2.0723e-09 -3.5971e-09 -8.53655e-09
33.313 -2.02156 1.02573e-09 -2.12149e-09 -8.72479e-09
34.4377 -2.0192 9.1586e-11 -6.73562e-10 -8.66149e-09
33.313 -1.08876 1.0544e-09 -1.90441e-09 -8.67032e-09
34.4379 -1.08742 2.41407e-10 -6.36773e-10 -8.48224e-09
31.0629 -0.156099 2.56911e-09 -4.3072e-09 -7.97253e-09
32.1879 -0.155941 1.95489e-09 -3.14797e-09 -8.26038e-09
31.0629 0.778016 2.67497e-09 -4.25558e-09 -7.0397e-09
32.188 0.777724 2.11267e-09 -3.17855e-09 -6.98024e-09
33.313 -0.155772 1.18581e-09 -1.84385e-09 -7.98333e-09
34.4378 -0.155639 1.52351e-10 -2.6155e-10 -8.19467e-09
33.313 0.77707 1.33991e-09 -1.86616e-09 -6.99132e-09
34.4378 0.776072 4.71786e-10 -5.12134e-10 -7.34424e-09
26.5626 1.70863 8.20397e-10 -1.24278e-09 -5.96924e-09
27.6877 1.71054 1.90317e-09 -3.24324e-09 -5.9695e-09
26.5625 2.64056 8.87043e-10 -1.31391e-09 -4.46378e-09
27.6876 2.64356 1.9847e-09 -3.34428e-09 -4.40785e-09
28.8127 1.71178 2.53336e-09 -4.23783e-09 -5.93329e-09
29.9378 1.71239 2.87656e-09 -4.64655e-09 -5.81452e-09
28.8126 2.64554 2.64762e-09 -4.38732e-09 -4.44503e-09
29.9377 2.64649 2.82857e-09 -4.50143e-09 -4.42803e-09
26.5625 3.57246 8.9046e-10 -1.40523e-09 -2.69229e-09
27.6875 3.57656 2.01976e-09 -3.48685e-09 -2.69302e-09
26.5625 4.50436 8.3104e-10 -1.51177e-09 -8.54303e-10
27.6874 4.50956 1.99296e-09 -3.64847e-09 -8.81255e-10
28.8125 3.57926 2.67733e-09 -4.51564e-09 -2.71121e-09
29.9376 3.58059 2.872e-09 -4.64817e-09 -2.70218e-09
28.8124 4.51302 2.63616e-09 -4.65314e-09 -8.52129e-10
29.9374 4.51474 2.73713e-09 -4.61891e-09 -8.46408e-10
31.0628 1.71227 2.7845e-09 -4.28829e-09 -5.77202e-09
32.188 1.71144 2.14763e-09 -3.08274e-09 -5.86976e-09
31.0627 2.64638 2.64837e-09 -4.0136e-09 -4.277e-09
32.1878 2.64521 2.1868e-09 -3.09971e-09 -4.31822e-09
33.313 1.71 1.40574e-09 -1.82276e-09 -5.81733e-09
34.4377 1.7079 4.64765e-10 -3.80082e-10 -5.64674e-09
33.3129 2.64301 1.40998e-09 -1.79141e-09 -4.21208e-09
34.4376 2.63984 4.15947e-10 -2.72781e-10 -4.09463e-09
31.0625 3.58049 2.65411e-09 -4.07683e-09 -2.71671e-09
32.1876 3.579 2.17621e-09 -3.14742e-09 -2.64015e-09
31.0624 4.51471 2.60966e-09 -4.20347e-09 -8.43269e-10
32.1874 4.51291 2.00822e-09 -3.08642e-09 -7.02824e-10
33.3127 3.57611 1.27567e-09 -1.6642e-09 -2.43312e-09
34.4376 3.57175 2.12283e-10 -3.29196e-11 -2.50663e-09
33.3125 4.50934 1.22754e-09 -1.76166e-09 -7.39594e-10
34.4375 4.50404 3.04524e-10 -3.22931e-10 -8.70037e-10
