26.5624 -9.47563 7.68435e-11 -3.69168e-10 -5.77269e-10
27.6874 -9.4864 7.2771e-10 -1.5398e-09 -4.25382e-10
26.5625 -8.54376 1.29215e-10 -6.27756e-10 -1.09924e-09
27.6874 -8.55349 5.1111e-10 -1.48015e-09 -1.56352e-09
28.8124 -9.49362 1.25069e-09 -2.52133e-09 -7.133e-10
29.9374 -9.49722 1.66307e-09 -3.2028e-09 -9.39719e-10
28.8125 -8.55988 1.05826e-09 -2.44463e-09 -1.66707e-09
29.9375 -8.5631 1.5237e-09 -3.27584e-09 -2.0882e-09
26.5625 -7.61174 2.13063e-11 -6.44394e-10 -2.01365e-09
27.6876 -7.62042 6.05483e-10 -1.75181e-09 -2.07656e-09
26.5625 -6.67974 8.91889e-11 -9.37382e-10 -2.898e-09
27.6877 -6.68735 5.4704e-10 -1.87539e-09 -3.3007e-09
28.8127 -7.62618 1.05282e-09 -2.74535e-09 -2.99218e-09
29.9376 -7.629 1.29326e-09 -3.15902e-09 -3.40317e-09
28.8128 -6.69241 1.15227e-09 -3.01843e-09 -3.79339e-09
29.9378 -6.69485 1.41569e-09 -3.46087e-09 -4.26291e-09
