26.5626 1.70863 0.000518272 -0.00177614 0.0116571
27.6877 1.71054 0.00141047 -0.00326849 0.00992393
26.5625 2.64056 0.000526048 -0.00188627 0.00803462
27.6876 2.64356 0.0018218 -0.00423229 0.00731012
28.8127 1.71178 -0.006287 0.0105244 0.0177947
29.9378 1.71239 -0.0118376 0.0200309 0.0160444
28.8126 2.64554 -0.0166046 0.0272025 0.0319669
29.9377 2.64649 0.0308268 -0.0527582 -0.0144221
26.5625 3.57246 0.000552478 -0.00186168 0.0053582
27.6875 3.57656 0.00175577 -0.0040517 0.00506806
26.5625 4.50436 0.000818904 -0.00195648 0.00180055
27.6874 4.50956 0.00218684 -0.0044768 0.0017852
28.8125 3.57926 0.0395746 -0.0629817 -0.0679794
29.9376 3.58059 -1.01382 1.58576 1.34871
28.8124 4.51302 0.016587 -0.0287859 -0.00860524
29.9374 4.51474 -2.28765 4.08273 -0.657996
