31.063 -2.02397 -0.00451469 0.00528327 -0.0332472
32.1878 -2.02315 -0.00488432 0.0055753 -0.0289414
31.063 -1.09009 0.823047 -1.31972 1.11631
32.1878 -1.08962 -0.00524416 0.00726766 -0.0248008
33.313 -2.02156 -0.00361709 0.00392178 -0.0267712
34.4377 -2.0192 -0.00188391 0.00123767 -0.0257477
33.313 -1.08876 -0.0048517 0.00688466 -0.0291531
34.4379 -1.08742 -0.00275702 0.00321941 -0.0312463
31.0629 -0.156099 0.964083 -1.60035 -2.25549
32.1879 -0.155941 0.00177092 -0.00290084 -0.00665385
31.0629 0.778016 -0.00585317 0.00948147 0.00751736
32.188 0.777724 -0.00638828 0.0104594 -0.0109136
33.313 -0.155772 -0.00512155 0.00692673 -0.0269805
34.4378 -0.155639 -0.00132323 0.00134059 -0.0359775
33.313 0.77707 -0.00377568 0.00657995 -0.0285853
34.4378 0.776072 -0.00111096 0.0028185 -0.0392713
