26.5624 -9.47563 -0.000538724 0.000446827 -0.0017164
27.6874 -9.4864 -0.00123485 0.00174842 -0.00157601
26.5625 -8.54376 -0.001147 0.000660175 -0.00512683
27.6874 -8.55349 -0.0018665 0.0022703 -0.00418031
28.8124 -9.49362 -0.00148566 0.00211148 -0.00173952
29.9374 -9.49722 -0.00171039 0.00227551 -0.00216051
28.8125 -8.55988 -0.00233934 0.00275538 -0.00472463
29.9375 -8.5631 -0.00266317 0.0028541 -0.00568237
26.5625 -7.61174 -0.00197729 0.000826907 -0.0101312
27.6876 -7.62042 -0.00338205 0.00393637 -0.00888103
26.5625 -6.67974 -0.00334865 0.000800792 -0.0228685
27.6877 -6.68735 0.000330494 -0.00472747 -0.0159731
28.8127 -7.62618 -0.00395363 0.00540099 -0.00715626
29.9376 -7.629 -0.00376851 0.00413043 -0.00897803
28.8128 -6.69241 -0.00668719 0.00942287 -0.0118102
29.9378 -6.69485 -0.00493328 0.00548428 -0.012934
