26.5628 -2.01914 0.0237663 -0.169102 -1.50396
27.6881 -2.02153 1.01157 -2.08381 -1.56699
26.5627 -1.08723 0.237682 -0.563648 -1.85947
27.688 -1.08859 0.0336305 -0.106284 -0.986172
28.8133 -2.02314 0.0221385 -0.0438064 -0.0189087
29.9383 -2.02397 -0.00517939 0.00652532 -0.0338144
28.8131 -1.0896 -0.40946 0.78606 2.7883
29.9382 -1.09011 0.0771322 -0.12207 0.925389
26.5627 -0.155302 0.457531 -0.919389 0.906159
27.6879 -0.155617 0.437339 -0.842253 -0.855844
26.5626 0.776652 0.220863 -0.375984 -2.02922
27.6877 0.77743 1.00189 -1.85252 -1.69872
28.8131 -0.155849 -1.6231 2.94372 -2.33552
29.9379 -0.156046 0.637126 -1.16228 -3.8778
28.8128 0.7779 0.0903809 -0.141071 -0.575694
29.9379 0.778066 -0.0102456 0.0167736 0.01745
