31.0624 -9.49719 -0.00160206 0.00190229 -0.00227854
32.1875 -9.49356 -0.00142534 0.00153937 -0.00222722
31.0626 -8.56305 -0.00236292 0.00214829 -0.0062648
32.1875 -8.55976 -0.00211359 0.00145119 -0.00647832
33.3125 -9.48624 -0.00105961 0.000807818 -0.00239093
34.4376 -9.47536 -0.000990714 0.000605554 -0.00242717
33.3126 -8.55323 -0.00153344 0.000826978 -0.00621108
34.4376 -8.54337 -0.0011896 0.000241752 -0.00607419
31.0626 -7.62894 -0.0030014 0.00271562 -0.00985108
32.1876 -7.62596 -0.00270385 0.00190604 -0.0100656
31.0628 -6.69473 -0.00426097 0.00362343 -0.0139928
32.1876 -6.69211 -0.00359007 0.00255842 -0.0139505
33.3126 -7.62005 -0.00225381 0.0010436 -0.00986452
34.4375 -7.61127 -0.00138432 -0.000106194 -0.00938574
33.3126 -6.68691 -0.00288003 0.00150262 -0.0133852
34.4375 -6.67912 -0.0019294 5.35151e-05 -0.012934
