31.0628 1.71227 -0.0115418 0.0188264 0.00466122
32.188 1.71144 -0.0101576 0.0169686 -0.0121563
31.0627 2.64638 -0.00319555 0.00357232 0.0170787
32.1878 2.64521 -0.0172931 0.0286812 -0.0119922
33.313 1.71 -0.00762967 0.0133229 -0.0314437
34.4377 1.7079 -0.00259093 0.00652349 -0.0450891
33.3129 2.64301 -0.0157372 0.026697 -0.0307032
34.4376 2.63984 -0.00794138 0.0147371 -0.0398059
31.0625 3.58049 0.452558 -0.887267 1.07741
32.1876 3.579 -0.0261926 0.043347 -0.0117781
31.0624 4.5147 1.27824 -2.07856 -0.159591
32.1874 4.51291 -0.392355 0.599888 0.173233
33.3127 3.57611 -0.025165 0.0423667 -0.0313784
34.4376 3.57175 -0.0187434 0.0257363 0.0119346
33.3125 4.50934 -0.208675 0.309593 0.0628619
34.4375 4.50404 -0.386402 0.473461 0.536705
