31.0628 -5.76061 -0.00536348 0.00545747 -0.0176394
32.1877 -5.75829 -0.00447047 0.003847 -0.0171151
31.0629 -4.82634 -0.0064064 0.00722976 -0.0206683
32.1878 -4.8244 -0.00519927 0.00508464 -0.0199535
33.3127 -5.75376 -0.00337278 0.00221052 -0.0162488
34.4375 -5.747 -0.00213769 0.000297518 -0.0157181
33.3127 -4.8206 -0.00390368 0.00298174 -0.0193302
34.4376 -4.81493 -0.00240968 0.000623144 -0.0190965
31.063 -3.8921 -0.00686776 0.00821335 -0.0230773
32.1879 -3.89061 -0.00536222 0.00568967 -0.0219934
31.063 -2.95794 -0.00667529 0.00825494 -0.0252318
32.1878 -2.95687 -0.0050713 0.00589854 -0.0244483
33.3128 -3.88757 -0.00385224 0.00313154 -0.0217599
34.4377 -3.88298 -0.00221286 0.000467038 -0.0221892
33.3129 -2.95457 -0.00343874 0.00331886 -0.0239341
34.4377 -2.95108 -0.0018749 0.000649432 -0.0236608
