26.5626 -5.74768 -0.0079383 -0.00960846 -0.114224
27.6878 -5.75423 -0.01854 0.0315536 -0.0186844
26.5626 -4.81554 -0.0171346 0.00278825 -0.167263
27.6879 -4.82103 -0.0240295 0.0247557 -0.116401
28.8129 -5.75858 -0.0119897 0.0223518 0.00284007
29.938 -5.7607 -0.00610175 0.0072588 -0.0173969
28.813 -4.82466 -0.0152746 0.0189149 -0.0508423
29.9381 -4.82643 -0.00740342 0.00935837 -0.0216619
26.5627 -3.88335 -0.0238751 0.127901 0.521326
27.688 -3.88776 0.0883084 -0.143051 0.172288
26.5627 -2.95118 -0.195304 0.346038 -0.392228
27.6881 -2.95459 0.382521 -0.768056 -0.179125
28.8131 -3.89068 -0.0101959 0.0135368 -0.0293411
29.9382 -3.89213 -0.00800571 0.0103984 -0.0244056
28.8133 -2.95682 -0.00837244 0.0116514 -0.0314206
29.9383 -2.9579 -0.0076805 0.00950912 -0.0279024
