31.0628 -5.76061 -0.00536362 0.0054577 -0.0176394
32.1877 -5.75829 -0.00447054 0.0038471 -0.0171151
31.0629 -4.82634 -0.00640651 0.00722993 -0.0206684
32.1878 -4.8244 -0.00519932 0.00508471 -0.0199536
33.3127 -5.75376 -0.00337283 0.00221059 -0.0162488
34.4375 -5.747 -0.00213772 0.000297531 -0.0157183
33.3127 -4.8206 -0.00390375 0.00298181 -0.0193304
34.4376 -4.81493 -0.00240977 0.000623226 -0.0190968
31.063 -3.8921 -0.00686779 0.00821337 -0.0230775
32.1879 -3.89061 -0.00536226 0.00568973 -0.0219935
31.063 -2.95794 -0.00667522 0.00825482 -0.0252319
32.1878 -2.95687 -0.00507134 0.0058986 -0.0244482
33.3128 -3.88757 -0.00385231 0.00313162 -0.0217601
34.4377 -3.88298 -0.00221289 0.000467035 -0.0221897
33.3129 -2.95457 -0.00343883 0.00331898 -0.0239342
34.4377 -2.95108 -0.00187497 0.000649493 -0.0236612
