26.5626 1.70863 0.000518284 -0.00177617 0.0116571
27.6877 1.71054 0.00141051 -0.00326856 0.00992389
26.5625 2.64056 0.000526065 -0.00188629 0.00803448
27.6876 2.64356 0.00182182 -0.00423231 0.00731002
28.8127 1.71178 -0.00628697 0.0105243 0.0177955
29.9378 1.71239 -0.0118374 0.0200307 0.0160454
28.8126 2.64554 -0.016605 0.0272031 0.0319676
29.9377 2.64649 0.0308258 -0.0527566 -0.0144212
26.5625 3.57246 0.000552494 -0.00186171 0.00535813
27.6875 3.57656 0.00175579 -0.00405171 0.00506801
26.5625 4.50436 0.000818914 -0.0019565 0.00180053
27.6874 4.50956 0.00218688 -0.00447687 0.0017852
28.8125 3.57926 0.0395748 -0.062982 -0.0679809
29.9376 3.58059 -1.0138 1.58573 1.34869
28.8124 4.51302 0.0165872 -0.0287863 -0.00860544
29.9374 4.51474 -2.28767 4.08276 -0.657978
