31.0628 1.71227 -0.0115417 0.0188262 0.00466252
32.188 1.71144 -0.0101574 0.0169684 -0.0121551
31.0627 2.64638 -0.00319267 0.00356772 0.0170777
32.1878 2.64521 -0.0172929 0.0286809 -0.0119913
33.313 1.71 -0.00762954 0.0133226 -0.0314422
34.4377 1.7079 -0.00259084 0.00652328 -0.0450878
33.3129 2.64301 -0.0157368 0.0266964 -0.0307018
34.4376 2.63984 -0.00794102 0.0147365 -0.0398047
31.0625 3.58049 0.452592 -0.887332 1.07748
32.1876 3.579 -0.026192 0.043346 -0.0117777
31.0624 4.5147 1.2783 -2.07864 -0.15965
32.1874 4.51291 -0.392324 0.599845 0.173193
33.3127 3.57611 -0.0251642 0.0423653 -0.0313772
34.4376 3.57175 -0.0187284 0.0257123 0.0119497
33.3125 4.50934 -0.208685 0.309611 0.062855
34.4375 4.50404 -0.386422 0.473478 0.536779
