31.0624 -9.49719 -0.0016022 0.00190249 -0.0022786
32.1875 -9.49356 -0.00142541 0.00153946 -0.00222728
31.0626 -8.56305 -0.00236307 0.00214848 -0.00626503
32.1875 -8.55976 -0.00211365 0.00145124 -0.00647852
33.3125 -9.48624 -0.00105962 0.00080782 -0.00239099
34.4376 -9.47536 -0.000990768 0.000605626 -0.00242719
33.3126 -8.55323 -0.00153348 0.00082701 -0.00621115
34.4376 -8.54337 -0.00118964 0.000241803 -0.0060742
31.0626 -7.62894 -0.00300153 0.00271576 -0.00985139
32.1876 -7.62596 -0.00270396 0.00190615 -0.0100658
31.0628 -6.69473 -0.00426108 0.00362351 -0.0139932
32.1876 -6.69211 -0.00359015 0.0025585 -0.0139507
33.3126 -7.62005 -0.00225388 0.00104368 -0.00986462
34.4375 -7.61127 -0.00138433 -0.000106172 -0.00938574
33.3126 -6.68691 -0.00288012 0.00150273 -0.0133853
34.4375 -6.67912 -0.00192947 5.3595e-05 -0.012934
