26.5626 -5.74768 -0.007938 -0.00960828 -0.11422
27.6878 -5.75423 -0.0185403 0.031555 -0.0186806
26.5626 -4.81554 -0.0171349 0.00278875 -0.167264
27.6879 -4.82103 -0.0240315 0.024759 -0.116404
28.8129 -5.75858 -0.0119907 0.0223534 0.00283898
29.938 -5.7607 -0.00610169 0.00725859 -0.0173974
28.813 -4.82466 -0.0152749 0.0189157 -0.0508404
29.9381 -4.82643 -0.0074032 0.00935795 -0.021662
26.5627 -3.88335 -0.0238759 0.127903 0.521327
27.688 -3.88776 0.0883091 -0.143054 0.172278
26.5627 -2.95118 -0.195305 0.346042 -0.392216
27.6881 -2.95459 0.382542 -0.768099 -0.179152
28.8131 -3.89068 -0.0101958 0.0135367 -0.0293403
29.9382 -3.89213 -0.00800553 0.0103981 -0.0244054
28.8133 -2.95682 -0.00837255 0.0116516 -0.0314201
29.9383 -2.9579 -0.00768053 0.00950918 -0.0279023
