26.5624 -9.47563 -0.000538644 0.000446668 -0.00171639
27.6874 -9.4864 -0.00123472 0.00174818 -0.00157602
26.5625 -8.54376 -0.00114693 0.000660015 -0.00512692
27.6874 -8.55349 -0.00186636 0.00227006 -0.00418025
28.8124 -9.49362 -0.00148558 0.00211133 -0.0017395
29.9374 -9.49722 -0.00171037 0.00227549 -0.00216048
28.8125 -8.55988 -0.00233926 0.00275525 -0.00472455
29.9375 -8.5631 -0.00266315 0.00285408 -0.00568232
26.5625 -7.61174 -0.00197722 0.000826679 -0.0101315
27.6876 -7.62042 -0.00338192 0.00393614 -0.00888092
26.5625 -6.67974 -0.00334862 0.000800631 -0.0228689
27.6877 -6.68735 0.000330544 -0.00472752 -0.0159729
28.8127 -7.62618 -0.00395357 0.00540092 -0.00715615
29.9376 -7.629 -0.00376848 0.0041304 -0.00897797
28.8128 -6.69241 -0.00668721 0.00942292 -0.0118102
29.9378 -6.69485 -0.00493324 0.00548424 -0.012934
