31.063 -2.02397 -0.00451418 0.00528249 -0.0332463
32.1878 -2.02315 -0.00488414 0.00557508 -0.0289406
31.063 -1.09009 0.823053 -1.31973 1.11628
32.1878 -1.08962 -0.00524452 0.00726824 -0.0247998
33.313 -2.02156 -0.00361716 0.00392192 -0.0267708
34.4377 -2.0192 -0.00188392 0.00123769 -0.0257476
33.313 -1.08876 -0.00485179 0.00688481 -0.0291528
34.4379 -1.08742 -0.00275684 0.00321912 -0.0312468
31.0629 -0.156099 0.964093 -1.60036 -2.25547
32.1879 -0.155941 0.0017717 -0.00290201 -0.00665116
31.0629 0.778016 -0.00585323 0.00948155 0.00751757
32.188 0.777724 -0.0063883 0.0104594 -0.0109134
33.313 -0.155772 -0.00512163 0.00692687 -0.02698
34.4378 -0.155639 -0.00132283 0.00133999 -0.035977
33.313 0.77707 -0.00377593 0.0065803 -0.0285847
34.4378 0.776072 -0.00111096 0.00281845 -0.0392699
