26.5628 -2.01914 0.0237632 -0.169095 -1.50395
27.6881 -2.02153 1.01158 -2.0838 -1.56691
26.5627 -1.08723 0.237679 -0.563643 -1.85948
27.688 -1.08859 0.0336395 -0.1063 -0.986155
28.8133 -2.02314 0.0221402 -0.0438096 -0.0189086
29.9383 -2.02397 -0.0051788 0.00652439 -0.0338135
28.8131 -1.0896 -0.409464 0.786068 2.78836
29.9382 -1.09011 0.0771516 -0.122104 0.925338
26.5627 -0.155302 0.457529 -0.919384 0.906173
27.6879 -0.155617 0.437361 -0.842296 -0.855889
26.5626 0.776652 0.220857 -0.375974 -2.02919
27.6877 0.77743 1.00188 -1.85251 -1.6987
28.8131 -0.155849 -1.62322 2.94394 -2.33569
29.9379 -0.156046 0.637167 -1.16235 -3.87767
28.8128 0.7779 0.0903846 -0.141078 -0.575695
29.9379 0.778066 -0.010246 0.0167741 0.01745
