# 1: Time step number
# 2: Time (years)
# 3: Number of mesh cells
# 4: Number of Stokes degrees of freedom
# 5: Number of temperature degrees of freedom
# 6: Iterations for temperature solver
# 7: Iterations for Stokes solver
# 8: Velocity iterations in Stokes preconditioner
# 9: Schur complement iterations in Stokes preconditioner
# 10: Time step size (years)
# 11: Visualization file name
# 12: RMS velocity (m/year)
# 13: Max. velocity (m/year)
0 0.0000e+00 320 3123 1377 0 24  89 266 0.0000e+00                                  "" 0.00000000e+00 0.00000000e+00 
0 0.0000e+00   0    0    0 0 27 153 320 0.0000e+00                                  "" 0.00000000e+00 0.00000000e+00 
0 0.0000e+00   0    0    0 0 14  92 168 0.0000e+00                                  "" 0.00000000e+00 0.00000000e+00 
0 0.0000e+00   0    0    0 0 12  83 143 0.0000e+00                                  "" 0.00000000e+00 0.00000000e+00 
0 0.0000e+00   0    0    0 0 11  82 133 0.0000e+00                                  "" 0.00000000e+00 0.00000000e+00 
0 0.0000e+00   0    0    0 0 10  77 121 0.0000e+00                                  "" 0.00000000e+00 0.00000000e+00 
0 0.0000e+00   0    0    0 0 10  77 121 0.0000e+00                                  "" 0.00000000e+00 0.00000000e+00 
0 0.0000e+00   0    0    0 0 10  75 122 0.0000e+00                                  "" 0.00000000e+00 0.00000000e+00 
0 0.0000e+00   0    0    0 0 10  71 122 0.0000e+00                                  "" 0.00000000e+00 0.00000000e+00 
0 0.0000e+00   0    0    0 0 10  75 123 0.0000e+00                                  "" 0.00000000e+00 0.00000000e+00 
0 0.0000e+00   0    0    0 0 10  75 128 0.0000e+00                                  "" 0.00000000e+00 0.00000000e+00 
0 0.0000e+00   0    0    0 0 10  68 130 0.0000e+00                                  "" 0.00000000e+00 0.00000000e+00 
0 0.0000e+00   0    0    0 0 10  73 130 0.0000e+00                                  "" 0.00000000e+00 0.00000000e+00 
0 0.0000e+00   0    0    0 0 10  74 131 0.0000e+00                                  "" 0.00000000e+00 0.00000000e+00 
0 0.0000e+00   0    0    0 0 10  81 131 0.0000e+00                                  "" 0.00000000e+00 0.00000000e+00 
0 0.0000e+00   0    0    0 0 11  94 143 0.0000e+00                                  "" 0.00000000e+00 0.00000000e+00 
0 0.0000e+00   0    0    0 0 10  93 131 0.0000e+00                                  "" 0.00000000e+00 0.00000000e+00 
0 0.0000e+00   0    0    0 0 10  97 132 0.0000e+00                                  "" 0.00000000e+00 0.00000000e+00 
0 0.0000e+00   0    0    0 0 10  98 131 0.0000e+00                                  "" 0.00000000e+00 0.00000000e+00 
0 0.0000e+00   0    0    0 0 10 101 132 0.0000e+00                                  "" 0.00000000e+00 0.00000000e+00 
0 0.0000e+00   0    0    0 0 10 100 132 0.0000e+00                                  "" 0.00000000e+00 0.00000000e+00 
0 0.0000e+00   0    0    0 0 10 103 132 0.0000e+00                                  "" 0.00000000e+00 0.00000000e+00 
0 0.0000e+00   0    0    0 0 10 103 132 0.0000e+00                                  "" 0.00000000e+00 0.00000000e+00 
0 0.0000e+00   0    0    0 0 10 104 132 0.0000e+00                                  "" 0.00000000e+00 0.00000000e+00 
0 0.0000e+00   0    0    0 0  9  98 120 0.0000e+00                                  "" 0.00000000e+00 0.00000000e+00 
0 0.0000e+00   0    0    0 0  9 100 119 0.0000e+00                                  "" 0.00000000e+00 0.00000000e+00 
0 0.0000e+00   0    0    0 0  9 104 120 0.0000e+00                                  "" 0.00000000e+00 0.00000000e+00 
0 0.0000e+00   0    0    0 0  9 107 120 0.0000e+00                                  "" 0.00000000e+00 0.00000000e+00 
0 0.0000e+00   0    0    0 0  9 112 120 0.0000e+00                                  "" 0.00000000e+00 0.00000000e+00 
0 0.0000e+00   0    0    0 0  9 113 120 0.0000e+00                                  "" 0.00000000e+00 0.00000000e+00 
0 0.0000e+00   0    0    0 0  9 119 120 0.0000e+00                                  "" 0.00000000e+00 0.00000000e+00 
0 0.0000e+00   0    0    0 0  9 119 120 0.0000e+00                                  "" 0.00000000e+00 0.00000000e+00 
0 0.0000e+00   0    0    0 0  9 126 120 0.0000e+00                                  "" 0.00000000e+00 0.00000000e+00 
0 0.0000e+00   0    0    0 0  9 150 121 0.0000e+00                                  "" 0.00000000e+00 0.00000000e+00 
0 0.0000e+00   0    0    0 0  8 161 109 0.0000e+00                                  "" 0.00000000e+00 0.00000000e+00 
0 0.0000e+00   0    0    0 0  8 183 110 0.0000e+00                                  "" 0.00000000e+00 0.00000000e+00 
0 0.0000e+00   0    0    0 0  8 216 111 0.0000e+00                                  "" 0.00000000e+00 0.00000000e+00 
0 0.0000e+00   0    0    0 0  8 265 109 0.0000e+00                                  "" 0.00000000e+00 0.00000000e+00 
0 0.0000e+00   0    0    0 0  8 281 111 0.0000e+00                                  "" 0.00000000e+00 0.00000000e+00 
0 0.0000e+00   0    0    0 0  8 343 111 0.0000e+00                                  "" 0.00000000e+00 0.00000000e+00 
0 0.0000e+00   0    0    0 0  8 351 111 0.0000e+00                                  "" 0.00000000e+00 0.00000000e+00 
0 0.0000e+00   0    0    0 0  8 366 111 0.0000e+00                                  "" 0.00000000e+00 0.00000000e+00 
0 0.0000e+00   0    0    0 0  8 415 111 0.0000e+00                                  "" 0.00000000e+00 0.00000000e+00 
0 0.0000e+00   0    0    0 0  8 416 111 0.0000e+00                                  "" 0.00000000e+00 0.00000000e+00 
0 0.0000e+00   0    0    0 0  8 421 111 0.0000e+00                                  "" 0.00000000e+00 0.00000000e+00 
0 0.0000e+00   0    0    0 0  8 421 111 0.0000e+00                                  "" 0.00000000e+00 0.00000000e+00 
0 0.0000e+00   0    0    0 0  8 434 111 0.0000e+00                                  "" 0.00000000e+00 0.00000000e+00 
0 0.0000e+00   0    0    0 0  8 428 110 0.0000e+00                                  "" 0.00000000e+00 0.00000000e+00 
0 0.0000e+00   0    0    0 0  8 414 111 0.0000e+00                                  "" 0.00000000e+00 0.00000000e+00 
0 0.0000e+00   0    0    0 0  8 399 111 0.0000e+00                                  "" 0.00000000e+00 0.00000000e+00 
0 0.0000e+00   0    0    0 0  8 441 110 0.0000e+00                                  "" 0.00000000e+00 0.00000000e+00 
0 0.0000e+00   0    0    0 0  8 447 110 0.0000e+00                                  "" 0.00000000e+00 0.00000000e+00 
0 0.0000e+00   0    0    0 0  8 449 110 0.0000e+00                                  "" 0.00000000e+00 0.00000000e+00 
0 0.0000e+00   0    0    0 0  8 441 110 0.0000e+00                                  "" 0.00000000e+00 0.00000000e+00 
0 0.0000e+00   0    0    0 0  8 454 110 0.0000e+00                                  "" 0.00000000e+00 0.00000000e+00 
0 0.0000e+00   0    0    0 0  8 458 110 0.0000e+00                                  "" 0.00000000e+00 0.00000000e+00 
0 0.0000e+00   0    0    0 0  8 471 110 0.0000e+00                                  "" 0.00000000e+00 0.00000000e+00 
0 0.0000e+00   0    0    0 0  8 478 109 0.0000e+00                                  "" 0.00000000e+00 0.00000000e+00 
0 0.0000e+00   0    0    0 0  8 517 112 0.0000e+00                                  "" 0.00000000e+00 0.00000000e+00 
0 0.0000e+00   0    0    0 0  8 528 109 0.0000e+00                                  "" 0.00000000e+00 0.00000000e+00 
0 0.0000e+00   0    0    0 0  8 542 108 0.0000e+00                                  "" 0.00000000e+00 0.00000000e+00 
0 0.0000e+00   0    0    0 0  8 542 110 0.0000e+00                                  "" 0.00000000e+00 0.00000000e+00 
0 0.0000e+00   0    0    0 0  8 549 109 0.0000e+00                                  "" 0.00000000e+00 0.00000000e+00 
0 0.0000e+00   0    0    0 0  8 548 109 0.0000e+00                                  "" 0.00000000e+00 0.00000000e+00 
0 0.0000e+00   0    0    0 0  7 519  96 0.0000e+00                                  "" 0.00000000e+00 0.00000000e+00 
0 0.0000e+00   0    0    0 0  7 464  97 0.0000e+00                                  "" 0.00000000e+00 0.00000000e+00 
0 0.0000e+00   0    0    0 0  7 510  97 0.0000e+00                                  "" 0.00000000e+00 0.00000000e+00 
0 0.0000e+00   0    0    0 0  7 514  98 0.0000e+00                                  "" 0.00000000e+00 0.00000000e+00 
0 0.0000e+00   0    0    0 0  7 510  96 0.0000e+00                                  "" 0.00000000e+00 0.00000000e+00 
0 0.0000e+00   0    0    0 0  7 536  96 0.0000e+00                                  "" 0.00000000e+00 0.00000000e+00 
0 0.0000e+00   0    0    0 0  7 522  98 0.0000e+00                                  "" 0.00000000e+00 0.00000000e+00 
0 0.0000e+00   0    0    0 0  7 547  98 0.0000e+00                                  "" 0.00000000e+00 0.00000000e+00 
0 0.0000e+00   0    0    0 0  7 560  96 0.0000e+00                                  "" 0.00000000e+00 0.00000000e+00 
0 0.0000e+00   0    0    0 0  7 565  96 0.0000e+00                                  "" 0.00000000e+00 0.00000000e+00 
0 0.0000e+00   0    0    0 0  7 582  96 0.0000e+00                                  "" 0.00000000e+00 0.00000000e+00 
0 0.0000e+00   0    0    0 0  7 580  96 0.0000e+00                                  "" 0.00000000e+00 0.00000000e+00 
0 0.0000e+00   0    0    0 0  7 577  96 0.0000e+00                                  "" 0.00000000e+00 0.00000000e+00 
0 0.0000e+00   0    0    0 0  7 575  96 0.0000e+00                                  "" 0.00000000e+00 0.00000000e+00 
0 0.0000e+00   0    0    0 0  7 576  96 0.0000e+00                                  "" 0.00000000e+00 0.00000000e+00 
0 0.0000e+00   0    0    0 0  7 574  96 0.0000e+00                                  "" 0.00000000e+00 0.00000000e+00 
0 0.0000e+00   0    0    0 0  7 554  96 0.0000e+00                                  "" 0.00000000e+00 0.00000000e+00 
0 0.0000e+00   0    0    0 0  7 597  96 0.0000e+00                                  "" 0.00000000e+00 0.00000000e+00 
0 0.0000e+00   0    0    0 0  6 538  84 0.0000e+00                                  "" 0.00000000e+00 0.00000000e+00 
0 0.0000e+00   0    0    0 0  6 534  84 0.0000e+00                                  "" 0.00000000e+00 0.00000000e+00 
0 0.0000e+00   0    0    0 0  6 536  84 0.0000e+00                                  "" 0.00000000e+00 0.00000000e+00 
0 0.0000e+00   0    0    0 0  6 539  84 0.0000e+00                                  "" 0.00000000e+00 0.00000000e+00 
0 0.0000e+00   0    0    0 0  6 541  84 0.0000e+00                                  "" 0.00000000e+00 0.00000000e+00 
0 0.0000e+00   0    0    0 0  6 538  84 0.0000e+00                                  "" 0.00000000e+00 0.00000000e+00 
0 0.0000e+00   0    0    0 0  6 526  84 0.0000e+00                                  "" 0.00000000e+00 0.00000000e+00 
0 0.0000e+00   0    0    0 0  6 522  84 0.0000e+00                                  "" 0.00000000e+00 0.00000000e+00 
0 0.0000e+00   0    0    0 0  6 521  84 0.0000e+00                                  "" 0.00000000e+00 0.00000000e+00 
0 0.0000e+00   0    0    0 0  6 521  84 0.0000e+00                                  "" 0.00000000e+00 0.00000000e+00 
0 0.0000e+00   0    0    0 0  6 522  84 0.0000e+00                                  "" 0.00000000e+00 0.00000000e+00 
0 0.0000e+00   0    0    0 0  6 522  84 0.0000e+00                                  "" 0.00000000e+00 0.00000000e+00 
0 0.0000e+00   0    0    0 0  6 524  84 0.0000e+00                                  "" 0.00000000e+00 0.00000000e+00 
0 0.0000e+00   0    0    0 0  6 524  84 0.0000e+00                                  "" 0.00000000e+00 0.00000000e+00 
0 0.0000e+00   0    0    0 0  6 525  84 0.0000e+00                                  "" 0.00000000e+00 0.00000000e+00 
0 0.0000e+00   0    0    0 0  6 547  84 0.0000e+00                                  "" 0.00000000e+00 0.00000000e+00 
0 0.0000e+00   0    0    0 0  6 533  84 0.0000e+00                                  "" 0.00000000e+00 0.00000000e+00 
0 0.0000e+00   0    0    0 0  6 547  84 4.9195e+04 output_crustal_model/solution-00000 9.72352239e-03 1.03188022e-02 
