# 1: Time step number
# 2: Time (years)
# 3: Number of mesh cells
# 4: Number of Stokes degrees of freedom
# 5: Number of temperature degrees of freedom
# 6: Iterations for temperature solver
# 7: Iterations for Stokes solver
# 8: Time step size (years)
# 9: Visualization file name
# 10: RMS velocity (m/year)
# 11: Max. velocity (m/year)
# 12: Minimal temperature (K)
# 13: Average temperature (K)
# 14: Maximal temperature (K)
0 0.0000e+00 1024 29988 9537 0 139 0.0000e+00                              "" 0.00000000e+00 0.00000000e+00 0.00000000e+00 0.00000000e+00 0.00000000e+00 
0 0.0000e+00    0     0    0 0  19 0.0000e+00                              "" 0.00000000e+00 0.00000000e+00 0.00000000e+00 0.00000000e+00 0.00000000e+00 
0 0.0000e+00    0     0    0 0   0 0.0000e+00                              "" 0.00000000e+00 0.00000000e+00 0.00000000e+00 0.00000000e+00 0.00000000e+00 
0 0.0000e+00    0     0    0 0   0 0.0000e+00                              "" 0.00000000e+00 0.00000000e+00 0.00000000e+00 0.00000000e+00 0.00000000e+00 
0 0.0000e+00    0     0    0 0   0 0.0000e+00                              "" 0.00000000e+00 0.00000000e+00 0.00000000e+00 0.00000000e+00 0.00000000e+00 
1 5.0000e+01 1024 29988 9537 0   0 5.0000e+01 africa_region_t3/solution-00000 1.01060482e-04 3.83269879e-04 1.57227150e+02 1.53362043e+03 1.90512835e+03 
0 0.0000e+00    0     0    0 1   0 0.0000e+00                              "" 0.00000000e+00 0.00000000e+00 0.00000000e+00 0.00000000e+00 0.00000000e+00 
0 0.0000e+00    0     0    0 0   0 0.0000e+00                              "" 0.00000000e+00 0.00000000e+00 0.00000000e+00 0.00000000e+00 0.00000000e+00 
0 0.0000e+00    0     0    0 0   0 0.0000e+00                              "" 0.00000000e+00 0.00000000e+00 0.00000000e+00 0.00000000e+00 0.00000000e+00 
0 0.0000e+00    0     0    0 0   0 0.0000e+00                              "" 0.00000000e+00 0.00000000e+00 0.00000000e+00 0.00000000e+00 0.00000000e+00 
0 0.0000e+00    0     0    0 0   0 0.0000e+00                              "" 0.00000000e+00 0.00000000e+00 0.00000000e+00 0.00000000e+00 0.00000000e+00 
2 1.0000e+02 1024 29988 9537 0   0 5.0000e+01 africa_region_t3/solution-00001 1.01060482e-04 3.83269879e-04 1.57238052e+02 1.53362044e+03 1.90512816e+03 
0 0.0000e+00    0     0    0 0   0 0.0000e+00                              "" 0.00000000e+00 0.00000000e+00 0.00000000e+00 0.00000000e+00 0.00000000e+00 
0 0.0000e+00    0     0    0 0   0 0.0000e+00                              "" 0.00000000e+00 0.00000000e+00 0.00000000e+00 0.00000000e+00 0.00000000e+00 
0 0.0000e+00    0     0    0 0   0 0.0000e+00                              "" 0.00000000e+00 0.00000000e+00 0.00000000e+00 0.00000000e+00 0.00000000e+00 
0 0.0000e+00    0     0    0 0   0 0.0000e+00                              "" 0.00000000e+00 0.00000000e+00 0.00000000e+00 0.00000000e+00 0.00000000e+00 
0 0.0000e+00    0     0    0 0   0 0.0000e+00                              "" 0.00000000e+00 0.00000000e+00 0.00000000e+00 0.00000000e+00 0.00000000e+00 
3 1.5000e+02 1024 29988 9537 0   0 5.0000e+01 africa_region_t3/solution-00002 1.01060482e-04 3.83269879e-04 1.57248954e+02 1.53362044e+03 1.90512796e+03 
0 0.0000e+00    0     0    0 0   0 0.0000e+00                              "" 0.00000000e+00 0.00000000e+00 0.00000000e+00 0.00000000e+00 0.00000000e+00 
0 0.0000e+00    0     0    0 0   0 0.0000e+00                              "" 0.00000000e+00 0.00000000e+00 0.00000000e+00 0.00000000e+00 0.00000000e+00 
0 0.0000e+00    0     0    0 0   0 0.0000e+00                              "" 0.00000000e+00 0.00000000e+00 0.00000000e+00 0.00000000e+00 0.00000000e+00 
0 0.0000e+00    0     0    0 0   0 0.0000e+00                              "" 0.00000000e+00 0.00000000e+00 0.00000000e+00 0.00000000e+00 0.00000000e+00 
0 0.0000e+00    0     0    0 0   0 0.0000e+00                              "" 0.00000000e+00 0.00000000e+00 0.00000000e+00 0.00000000e+00 0.00000000e+00 
4 2.0000e+02 1024 29988 9537 0   0 5.0000e+01 africa_region_t3/solution-00003 1.01060482e-04 3.83269879e-04 1.57259856e+02 1.53362044e+03 1.90512777e+03 
0 0.0000e+00    0     0    0 0   0 0.0000e+00                              "" 0.00000000e+00 0.00000000e+00 0.00000000e+00 0.00000000e+00 0.00000000e+00 
0 0.0000e+00    0     0    0 0   0 0.0000e+00                              "" 0.00000000e+00 0.00000000e+00 0.00000000e+00 0.00000000e+00 0.00000000e+00 
0 0.0000e+00    0     0    0 0   0 0.0000e+00                              "" 0.00000000e+00 0.00000000e+00 0.00000000e+00 0.00000000e+00 0.00000000e+00 
0 0.0000e+00    0     0    0 0   0 0.0000e+00                              "" 0.00000000e+00 0.00000000e+00 0.00000000e+00 0.00000000e+00 0.00000000e+00 
0 0.0000e+00    0     0    0 0   0 0.0000e+00                              "" 0.00000000e+00 0.00000000e+00 0.00000000e+00 0.00000000e+00 0.00000000e+00 
5 2.5000e+02 1024 29988 9537 0   0 5.0000e+01 africa_region_t3/solution-00004 1.01060482e-04 3.83269879e-04 1.57270758e+02 1.53362045e+03 1.90512758e+03 
0 0.0000e+00    0     0    0 0   0 0.0000e+00                              "" 0.00000000e+00 0.00000000e+00 0.00000000e+00 0.00000000e+00 0.00000000e+00 
0 0.0000e+00    0     0    0 0   0 0.0000e+00                              "" 0.00000000e+00 0.00000000e+00 0.00000000e+00 0.00000000e+00 0.00000000e+00 
0 0.0000e+00    0     0    0 0   0 0.0000e+00                              "" 0.00000000e+00 0.00000000e+00 0.00000000e+00 0.00000000e+00 0.00000000e+00 
0 0.0000e+00    0     0    0 0   0 0.0000e+00                              "" 0.00000000e+00 0.00000000e+00 0.00000000e+00 0.00000000e+00 0.00000000e+00 
0 0.0000e+00    0     0    0 0   0 0.0000e+00                              "" 0.00000000e+00 0.00000000e+00 0.00000000e+00 0.00000000e+00 0.00000000e+00 
6 3.0000e+02 1024 29988 9537 0   0 5.0000e+01 africa_region_t3/solution-00005 1.01060482e-04 3.83269879e-04 1.57281660e+02 1.53362045e+03 1.90512739e+03 
0 0.0000e+00    0     0    0 0   0 0.0000e+00                              "" 0.00000000e+00 0.00000000e+00 0.00000000e+00 0.00000000e+00 0.00000000e+00 
0 0.0000e+00    0     0    0 0   0 0.0000e+00                              "" 0.00000000e+00 0.00000000e+00 0.00000000e+00 0.00000000e+00 0.00000000e+00 
0 0.0000e+00    0     0    0 0   0 0.0000e+00                              "" 0.00000000e+00 0.00000000e+00 0.00000000e+00 0.00000000e+00 0.00000000e+00 
0 0.0000e+00    0     0    0 0   0 0.0000e+00                              "" 0.00000000e+00 0.00000000e+00 0.00000000e+00 0.00000000e+00 0.00000000e+00 
0 0.0000e+00    0     0    0 0   0 0.0000e+00                              "" 0.00000000e+00 0.00000000e+00 0.00000000e+00 0.00000000e+00 0.00000000e+00 
7 3.5000e+02 1024 29988 9537 0   0 5.0000e+01 africa_region_t3/solution-00006 1.01060482e-04 3.83269879e-04 1.57292562e+02 1.53362046e+03 1.90512719e+03 
0 0.0000e+00    0     0    0 0   0 0.0000e+00                              "" 0.00000000e+00 0.00000000e+00 0.00000000e+00 0.00000000e+00 0.00000000e+00 
0 0.0000e+00    0     0    0 0   0 0.0000e+00                              "" 0.00000000e+00 0.00000000e+00 0.00000000e+00 0.00000000e+00 0.00000000e+00 
0 0.0000e+00    0     0    0 0   0 0.0000e+00                              "" 0.00000000e+00 0.00000000e+00 0.00000000e+00 0.00000000e+00 0.00000000e+00 
0 0.0000e+00    0     0    0 0   0 0.0000e+00                              "" 0.00000000e+00 0.00000000e+00 0.00000000e+00 0.00000000e+00 0.00000000e+00 
0 0.0000e+00    0     0    0 0   0 0.0000e+00                              "" 0.00000000e+00 0.00000000e+00 0.00000000e+00 0.00000000e+00 0.00000000e+00 
0 0.0000e+00    0     0    0 0   0 5.0000e+01 africa_region_t3/solution-00007 1.01060482e-04 3.83269879e-04 1.57303464e+02 1.53362046e+03 1.90512700e+03 
