26.5624 -9.47563 -3.0394e-11 -8.11458e-11 -3.80287e-10
27.6874 -9.4864 6.52512e-10 -1.32199e-09 -2.18207e-10
26.5625 -8.54376 3.74987e-11 -3.5666e-10 -8.38362e-10
27.6874 -8.55349 4.71615e-10 -1.34582e-09 -1.38105e-09
28.8124 -9.49362 1.32597e-09 -2.61253e-09 -5.81696e-10
29.9374 -9.49722 2.01455e-09 -3.79211e-09 -8.76996e-10
28.8125 -8.55988 1.21284e-09 -2.68953e-09 -1.55139e-09
29.9375 -8.5631 1.99802e-09 -4.10146e-09 -2.09482e-09
26.5625 -7.61174 -7.39535e-11 -4.11867e-10 -1.87316e-09
27.6876 -7.62042 6.07108e-10 -1.73796e-09 -2.01771e-09
26.5625 -6.67974 1.14646e-11 -7.63671e-10 -2.82834e-09
27.6877 -6.68735 5.67773e-10 -1.94425e-09 -3.417e-09
28.8127 -7.62618 1.27638e-09 -3.18574e-09 -3.11437e-09
29.9376 -7.629 1.87582e-09 -4.26312e-09 -3.74789e-09
28.8128 -6.69241 1.44781e-09 -3.66731e-09 -4.25176e-09
29.9378 -6.69485 2.08191e-09 -4.81214e-09 -5.08961e-09
