# 1: Time step number
# 2: Time (years)
# 3: Number of mesh cells
# 4: Number of Stokes degrees of freedom
# 5: Number of temperature degrees of freedom
# 6: Iterations for temperature solver
# 7: Iterations for Stokes solver
# 8: Velocity iterations in Stokes preconditioner
# 9: Schur complement iterations in Stokes preconditioner
# 10: Time step size (years)
# 11: Visualization file name
# 12: RMS velocity (m/year)
# 13: Max. velocity (m/year)
# 14: Minimum topography (m)
# 15: Maximum topography (m)
# 16: Minimal pressure (Pa)
# 17: Average pressure (Pa)
# 18: Maximal pressure (Pa)
0 0.0000e+00 1536 46020 14625 0 16 102 200 0.0000e+00                                     "" 0.00000000e+00 0.00000000e+00 0.00000000e+00 0.00000000e+00  0.00000000e+00 0.00000000e+00 0.00000000e+00 
0 0.0000e+00    0     0     0 0 35 257 471 0.0000e+00                                     "" 0.00000000e+00 0.00000000e+00 0.00000000e+00 0.00000000e+00  0.00000000e+00 0.00000000e+00 0.00000000e+00 
0 0.0000e+00    0     0     0 0 17 153 236 0.0000e+00                                     "" 0.00000000e+00 0.00000000e+00 0.00000000e+00 0.00000000e+00  0.00000000e+00 0.00000000e+00 0.00000000e+00 
0 0.0000e+00    0     0     0 0 16 148 228 0.0000e+00                                     "" 0.00000000e+00 0.00000000e+00 0.00000000e+00 0.00000000e+00  0.00000000e+00 0.00000000e+00 0.00000000e+00 
0 0.0000e+00    0     0     0 0 15 143 218 0.0000e+00                                     "" 0.00000000e+00 0.00000000e+00 0.00000000e+00 0.00000000e+00  0.00000000e+00 0.00000000e+00 0.00000000e+00 
0 0.0000e+00    0     0     0 0 14 143 207 0.0000e+00                                     "" 0.00000000e+00 0.00000000e+00 0.00000000e+00 0.00000000e+00  0.00000000e+00 0.00000000e+00 0.00000000e+00 
0 0.0000e+00    0     0     0 0 14 155 208 0.0000e+00                                     "" 0.00000000e+00 0.00000000e+00 0.00000000e+00 0.00000000e+00  0.00000000e+00 0.00000000e+00 0.00000000e+00 
0 0.0000e+00    0     0     0 0 14 174 209 0.0000e+00                                     "" 0.00000000e+00 0.00000000e+00 0.00000000e+00 0.00000000e+00  0.00000000e+00 0.00000000e+00 0.00000000e+00 
0 0.0000e+00    0     0     0 0 14 187 210 0.0000e+00                                     "" 0.00000000e+00 0.00000000e+00 0.00000000e+00 0.00000000e+00  0.00000000e+00 0.00000000e+00 0.00000000e+00 
0 0.0000e+00    0     0     0 0 14 199 210 0.0000e+00                                     "" 0.00000000e+00 0.00000000e+00 0.00000000e+00 0.00000000e+00  0.00000000e+00 0.00000000e+00 0.00000000e+00 
0 0.0000e+00    0     0     0 0 13 218 196 0.0000e+00                                     "" 0.00000000e+00 0.00000000e+00 0.00000000e+00 0.00000000e+00  0.00000000e+00 0.00000000e+00 0.00000000e+00 
0 0.0000e+00    0     0     0 0 13 252 199 0.0000e+00                                     "" 0.00000000e+00 0.00000000e+00 0.00000000e+00 0.00000000e+00  0.00000000e+00 0.00000000e+00 0.00000000e+00 
0 0.0000e+00    0     0     0 0 13 287 200 0.0000e+00                                     "" 0.00000000e+00 0.00000000e+00 0.00000000e+00 0.00000000e+00  0.00000000e+00 0.00000000e+00 0.00000000e+00 
0 0.0000e+00    0     0     0 0 13 321 203 0.0000e+00                                     "" 0.00000000e+00 0.00000000e+00 0.00000000e+00 0.00000000e+00  0.00000000e+00 0.00000000e+00 0.00000000e+00 
0 0.0000e+00    0     0     0 0 13 347 202 0.0000e+00                                     "" 0.00000000e+00 0.00000000e+00 0.00000000e+00 0.00000000e+00  0.00000000e+00 0.00000000e+00 0.00000000e+00 
0 0.0000e+00    0     0     0 0 12 339 188 0.0000e+00                                     "" 0.00000000e+00 0.00000000e+00 0.00000000e+00 0.00000000e+00  0.00000000e+00 0.00000000e+00 0.00000000e+00 
0 0.0000e+00    0     0     0 0 12 353 188 0.0000e+00                                     "" 0.00000000e+00 0.00000000e+00 0.00000000e+00 0.00000000e+00  0.00000000e+00 0.00000000e+00 0.00000000e+00 
0 0.0000e+00    0     0     0 0 12 365 189 0.0000e+00                                     "" 0.00000000e+00 0.00000000e+00 0.00000000e+00 0.00000000e+00  0.00000000e+00 0.00000000e+00 0.00000000e+00 
0 0.0000e+00    0     0     0 0 12 370 191 0.0000e+00                                     "" 0.00000000e+00 0.00000000e+00 0.00000000e+00 0.00000000e+00  0.00000000e+00 0.00000000e+00 0.00000000e+00 
0 0.0000e+00    0     0     0 0 12 375 192 0.0000e+00                                     "" 0.00000000e+00 0.00000000e+00 0.00000000e+00 0.00000000e+00  0.00000000e+00 0.00000000e+00 0.00000000e+00 
0 0.0000e+00    0     0     0 0 12 370 193 0.0000e+00                                     "" 0.00000000e+00 0.00000000e+00 0.00000000e+00 0.00000000e+00  0.00000000e+00 0.00000000e+00 0.00000000e+00 
0 0.0000e+00    0     0     0 0 11 339 178 0.0000e+00                                     "" 0.00000000e+00 0.00000000e+00 0.00000000e+00 0.00000000e+00  0.00000000e+00 0.00000000e+00 0.00000000e+00 
0 0.0000e+00    0     0     0 0 11 335 177 0.0000e+00                                     "" 0.00000000e+00 0.00000000e+00 0.00000000e+00 0.00000000e+00  0.00000000e+00 0.00000000e+00 0.00000000e+00 
0 0.0000e+00    0     0     0 0 11 326 179 0.0000e+00                                     "" 0.00000000e+00 0.00000000e+00 0.00000000e+00 0.00000000e+00  0.00000000e+00 0.00000000e+00 0.00000000e+00 
0 0.0000e+00    0     0     0 0 11 312 179 0.0000e+00                                     "" 0.00000000e+00 0.00000000e+00 0.00000000e+00 0.00000000e+00  0.00000000e+00 0.00000000e+00 0.00000000e+00 
0 0.0000e+00    0     0     0 0 11 306 180 0.0000e+00                                     "" 0.00000000e+00 0.00000000e+00 0.00000000e+00 0.00000000e+00  0.00000000e+00 0.00000000e+00 0.00000000e+00 
0 0.0000e+00    0     0     0 0 11 335 180 0.0000e+00                                     "" 0.00000000e+00 0.00000000e+00 0.00000000e+00 0.00000000e+00  0.00000000e+00 0.00000000e+00 0.00000000e+00 
0 0.0000e+00    0     0     0 0 11 317 180 0.0000e+00                                     "" 0.00000000e+00 0.00000000e+00 0.00000000e+00 0.00000000e+00  0.00000000e+00 0.00000000e+00 0.00000000e+00 
0 0.0000e+00    0     0     0 0 11 323 181 0.0000e+00                                     "" 0.00000000e+00 0.00000000e+00 0.00000000e+00 0.00000000e+00  0.00000000e+00 0.00000000e+00 0.00000000e+00 
0 0.0000e+00    0     0     0 0 11 313 181 0.0000e+00                                     "" 0.00000000e+00 0.00000000e+00 0.00000000e+00 0.00000000e+00  0.00000000e+00 0.00000000e+00 0.00000000e+00 
0 0.0000e+00    0     0     0 0 11 316 181 0.0000e+00                                     "" 0.00000000e+00 0.00000000e+00 0.00000000e+00 0.00000000e+00  0.00000000e+00 0.00000000e+00 0.00000000e+00 
0 0.0000e+00    0     0     0 0 10 289 166 0.0000e+00                                     "" 0.00000000e+00 0.00000000e+00 0.00000000e+00 0.00000000e+00  0.00000000e+00 0.00000000e+00 0.00000000e+00 
0 0.0000e+00    0     0     0 0 10 275 167 0.0000e+00                                     "" 0.00000000e+00 0.00000000e+00 0.00000000e+00 0.00000000e+00  0.00000000e+00 0.00000000e+00 0.00000000e+00 
0 0.0000e+00    0     0     0 0 10 265 167 0.0000e+00                                     "" 0.00000000e+00 0.00000000e+00 0.00000000e+00 0.00000000e+00  0.00000000e+00 0.00000000e+00 0.00000000e+00 
0 0.0000e+00    0     0     0 0 10 271 167 0.0000e+00                                     "" 0.00000000e+00 0.00000000e+00 0.00000000e+00 0.00000000e+00  0.00000000e+00 0.00000000e+00 0.00000000e+00 
0 0.0000e+00    0     0     0 0 10 268 167 0.0000e+00                                     "" 0.00000000e+00 0.00000000e+00 0.00000000e+00 0.00000000e+00  0.00000000e+00 0.00000000e+00 0.00000000e+00 
0 0.0000e+00    0     0     0 0 10 264 167 0.0000e+00                                     "" 0.00000000e+00 0.00000000e+00 0.00000000e+00 0.00000000e+00  0.00000000e+00 0.00000000e+00 0.00000000e+00 
0 0.0000e+00    0     0     0 0 10 273 168 0.0000e+00                                     "" 0.00000000e+00 0.00000000e+00 0.00000000e+00 0.00000000e+00  0.00000000e+00 0.00000000e+00 0.00000000e+00 
0 0.0000e+00    0     0     0 0 10 260 167 0.0000e+00                                     "" 0.00000000e+00 0.00000000e+00 0.00000000e+00 0.00000000e+00  0.00000000e+00 0.00000000e+00 0.00000000e+00 
0 0.0000e+00    0     0     0 0 10 268 167 0.0000e+00                                     "" 0.00000000e+00 0.00000000e+00 0.00000000e+00 0.00000000e+00  0.00000000e+00 0.00000000e+00 0.00000000e+00 
0 0.0000e+00    0     0     0 0 10 259 167 0.0000e+00                                     "" 0.00000000e+00 0.00000000e+00 0.00000000e+00 0.00000000e+00  0.00000000e+00 0.00000000e+00 0.00000000e+00 
0 0.0000e+00    0     0     0 0  9 236 151 0.0000e+00                                     "" 0.00000000e+00 0.00000000e+00 0.00000000e+00 0.00000000e+00  0.00000000e+00 0.00000000e+00 0.00000000e+00 
0 0.0000e+00    0     0     0 0  9 234 150 0.0000e+00                                     "" 0.00000000e+00 0.00000000e+00 0.00000000e+00 0.00000000e+00  0.00000000e+00 0.00000000e+00 0.00000000e+00 
0 0.0000e+00    0     0     0 0  9 232 150 0.0000e+00                                     "" 0.00000000e+00 0.00000000e+00 0.00000000e+00 0.00000000e+00  0.00000000e+00 0.00000000e+00 0.00000000e+00 
0 0.0000e+00    0     0     0 0  9 231 151 0.0000e+00                                     "" 0.00000000e+00 0.00000000e+00 0.00000000e+00 0.00000000e+00  0.00000000e+00 0.00000000e+00 0.00000000e+00 
0 0.0000e+00    0     0     0 0  9 225 150 0.0000e+00                                     "" 0.00000000e+00 0.00000000e+00 0.00000000e+00 0.00000000e+00  0.00000000e+00 0.00000000e+00 0.00000000e+00 
0 0.0000e+00    0     0     0 0  9 231 150 0.0000e+00                                     "" 0.00000000e+00 0.00000000e+00 0.00000000e+00 0.00000000e+00  0.00000000e+00 0.00000000e+00 0.00000000e+00 
0 0.0000e+00    0     0     0 0  9 222 150 0.0000e+00                                     "" 0.00000000e+00 0.00000000e+00 0.00000000e+00 0.00000000e+00  0.00000000e+00 0.00000000e+00 0.00000000e+00 
0 0.0000e+00    0     0     0 0  9 224 150 0.0000e+00                                     "" 0.00000000e+00 0.00000000e+00 0.00000000e+00 0.00000000e+00  0.00000000e+00 0.00000000e+00 0.00000000e+00 
0 0.0000e+00    0     0     0 0  9 230 149 0.0000e+00                                     "" 0.00000000e+00 0.00000000e+00 0.00000000e+00 0.00000000e+00  0.00000000e+00 0.00000000e+00 0.00000000e+00 
0 0.0000e+00    0     0     0 0  8 205 135 0.0000e+00                                     "" 0.00000000e+00 0.00000000e+00 0.00000000e+00 0.00000000e+00  0.00000000e+00 0.00000000e+00 0.00000000e+00 
0 0.0000e+00    0     0     0 0  8 206 135 0.0000e+00                                     "" 0.00000000e+00 0.00000000e+00 0.00000000e+00 0.00000000e+00  0.00000000e+00 0.00000000e+00 0.00000000e+00 
0 0.0000e+00    0     0     0 0  8 203 136 0.0000e+00                                     "" 0.00000000e+00 0.00000000e+00 0.00000000e+00 0.00000000e+00  0.00000000e+00 0.00000000e+00 0.00000000e+00 
0 0.0000e+00    0     0     0 0  8 205 135 0.0000e+00                                     "" 0.00000000e+00 0.00000000e+00 0.00000000e+00 0.00000000e+00  0.00000000e+00 0.00000000e+00 0.00000000e+00 
0 0.0000e+00    0     0     0 0  8 198 135 0.0000e+00                                     "" 0.00000000e+00 0.00000000e+00 0.00000000e+00 0.00000000e+00  0.00000000e+00 0.00000000e+00 0.00000000e+00 
0 0.0000e+00    0     0     0 0  8 201 136 0.0000e+00                                     "" 0.00000000e+00 0.00000000e+00 0.00000000e+00 0.00000000e+00  0.00000000e+00 0.00000000e+00 0.00000000e+00 
0 0.0000e+00    0     0     0 0  7 182 121 0.0000e+00                                     "" 0.00000000e+00 0.00000000e+00 0.00000000e+00 0.00000000e+00  0.00000000e+00 0.00000000e+00 0.00000000e+00 
0 0.0000e+00    0     0     0 0  7 180 121 0.0000e+00                                     "" 0.00000000e+00 0.00000000e+00 0.00000000e+00 0.00000000e+00  0.00000000e+00 0.00000000e+00 0.00000000e+00 
0 0.0000e+00    0     0     0 0  7 192 121 0.0000e+00                                     "" 0.00000000e+00 0.00000000e+00 0.00000000e+00 0.00000000e+00  0.00000000e+00 0.00000000e+00 0.00000000e+00 
0 0.0000e+00    0     0     0 0  7 193 120 0.0000e+00                                     "" 0.00000000e+00 0.00000000e+00 0.00000000e+00 0.00000000e+00  0.00000000e+00 0.00000000e+00 0.00000000e+00 
0 0.0000e+00    0     0     0 0  7 193 122 0.0000e+00                                     "" 0.00000000e+00 0.00000000e+00 0.00000000e+00 0.00000000e+00  0.00000000e+00 0.00000000e+00 0.00000000e+00 
0 0.0000e+00    0     0     0 0  7 195 122 0.0000e+00                                     "" 0.00000000e+00 0.00000000e+00 0.00000000e+00 0.00000000e+00  0.00000000e+00 0.00000000e+00 0.00000000e+00 
0 0.0000e+00    0     0     0 0  7 195 122 0.0000e+00                                     "" 0.00000000e+00 0.00000000e+00 0.00000000e+00 0.00000000e+00  0.00000000e+00 0.00000000e+00 0.00000000e+00 
0 0.0000e+00    0     0     0 0  7 181 122 0.0000e+00                                     "" 0.00000000e+00 0.00000000e+00 0.00000000e+00 0.00000000e+00  0.00000000e+00 0.00000000e+00 0.00000000e+00 
0 0.0000e+00    0     0     0 0  7 184 122 0.0000e+00                                     "" 0.00000000e+00 0.00000000e+00 0.00000000e+00 0.00000000e+00  0.00000000e+00 0.00000000e+00 0.00000000e+00 
0 0.0000e+00    0     0     0 0  7 187 123 0.0000e+00                                     "" 0.00000000e+00 0.00000000e+00 0.00000000e+00 0.00000000e+00  0.00000000e+00 0.00000000e+00 0.00000000e+00 
0 0.0000e+00    0     0     0 0  6 167 107 0.0000e+00                                     "" 0.00000000e+00 0.00000000e+00 0.00000000e+00 0.00000000e+00  0.00000000e+00 0.00000000e+00 0.00000000e+00 
0 0.0000e+00    0     0     0 0  6 175 106 0.0000e+00                                     "" 0.00000000e+00 0.00000000e+00 0.00000000e+00 0.00000000e+00  0.00000000e+00 0.00000000e+00 0.00000000e+00 
0 0.0000e+00    0     0     0 0  6 176 106 0.0000e+00                                     "" 0.00000000e+00 0.00000000e+00 0.00000000e+00 0.00000000e+00  0.00000000e+00 0.00000000e+00 0.00000000e+00 
0 0.0000e+00    0     0     0 0  6 177 106 0.0000e+00                                     "" 0.00000000e+00 0.00000000e+00 0.00000000e+00 0.00000000e+00  0.00000000e+00 0.00000000e+00 0.00000000e+00 
0 0.0000e+00    0     0     0 0  6 180 106 0.0000e+00                                     "" 0.00000000e+00 0.00000000e+00 0.00000000e+00 0.00000000e+00  0.00000000e+00 0.00000000e+00 0.00000000e+00 
0 0.0000e+00    0     0     0 0  6 182 106 0.0000e+00                                     "" 0.00000000e+00 0.00000000e+00 0.00000000e+00 0.00000000e+00  0.00000000e+00 0.00000000e+00 0.00000000e+00 
0 0.0000e+00    0     0     0 0  6 183 106 0.0000e+00                                     "" 0.00000000e+00 0.00000000e+00 0.00000000e+00 0.00000000e+00  0.00000000e+00 0.00000000e+00 0.00000000e+00 
0 0.0000e+00    0     0     0 0  6 192 106 0.0000e+00                                     "" 0.00000000e+00 0.00000000e+00 0.00000000e+00 0.00000000e+00  0.00000000e+00 0.00000000e+00 0.00000000e+00 
0 0.0000e+00    0     0     0 0  6 194 106 0.0000e+00                                     "" 0.00000000e+00 0.00000000e+00 0.00000000e+00 0.00000000e+00  0.00000000e+00 0.00000000e+00 0.00000000e+00 
0 0.0000e+00    0     0     0 0  5 167  91 0.0000e+00                                     "" 0.00000000e+00 0.00000000e+00 0.00000000e+00 0.00000000e+00  0.00000000e+00 0.00000000e+00 0.00000000e+00 
0 0.0000e+00    0     0     0 0  6 193 106 0.0000e+00                                     "" 0.00000000e+00 0.00000000e+00 0.00000000e+00 0.00000000e+00  0.00000000e+00 0.00000000e+00 0.00000000e+00 
0 0.0000e+00    0     0     0 0  5 169  91 0.0000e+00                                     "" 0.00000000e+00 0.00000000e+00 0.00000000e+00 0.00000000e+00  0.00000000e+00 0.00000000e+00 0.00000000e+00 
0 0.0000e+00    0     0     0 0  5 169  91 0.0000e+00                                     "" 0.00000000e+00 0.00000000e+00 0.00000000e+00 0.00000000e+00  0.00000000e+00 0.00000000e+00 0.00000000e+00 
0 0.0000e+00    0     0     0 0  5 169  91 0.0000e+00                                     "" 0.00000000e+00 0.00000000e+00 0.00000000e+00 0.00000000e+00  0.00000000e+00 0.00000000e+00 0.00000000e+00 
0 0.0000e+00    0     0     0 0  5 170  91 0.0000e+00                                     "" 0.00000000e+00 0.00000000e+00 0.00000000e+00 0.00000000e+00  0.00000000e+00 0.00000000e+00 0.00000000e+00 
0 0.0000e+00    0     0     0 0  5 171  91 0.0000e+00                                     "" 0.00000000e+00 0.00000000e+00 0.00000000e+00 0.00000000e+00  0.00000000e+00 0.00000000e+00 0.00000000e+00 
0 0.0000e+00    0     0     0 0  5 172  91 0.0000e+00                                     "" 0.00000000e+00 0.00000000e+00 0.00000000e+00 0.00000000e+00  0.00000000e+00 0.00000000e+00 0.00000000e+00 
0 0.0000e+00    0     0     0 0  4 148  76 0.0000e+00                                     "" 0.00000000e+00 0.00000000e+00 0.00000000e+00 0.00000000e+00  0.00000000e+00 0.00000000e+00 0.00000000e+00 
0 0.0000e+00    0     0     0 0  5 175  91 0.0000e+00                                     "" 0.00000000e+00 0.00000000e+00 0.00000000e+00 0.00000000e+00  0.00000000e+00 0.00000000e+00 0.00000000e+00 
0 0.0000e+00    0     0     0 0  4 148  76 0.0000e+00                                     "" 0.00000000e+00 0.00000000e+00 0.00000000e+00 0.00000000e+00  0.00000000e+00 0.00000000e+00 0.00000000e+00 
0 0.0000e+00    0     0     0 0  4 148  76 0.0000e+00                                     "" 0.00000000e+00 0.00000000e+00 0.00000000e+00 0.00000000e+00  0.00000000e+00 0.00000000e+00 0.00000000e+00 
0 0.0000e+00    0     0     0 0  4 149  76 0.0000e+00                                     "" 0.00000000e+00 0.00000000e+00 0.00000000e+00 0.00000000e+00  0.00000000e+00 0.00000000e+00 0.00000000e+00 
0 0.0000e+00    0     0     0 0  4 147  76 0.0000e+00                                     "" 0.00000000e+00 0.00000000e+00 0.00000000e+00 0.00000000e+00  0.00000000e+00 0.00000000e+00 0.00000000e+00 
0 0.0000e+00    0     0     0 0  4 148  76 0.0000e+00                                     "" 0.00000000e+00 0.00000000e+00 0.00000000e+00 0.00000000e+00  0.00000000e+00 0.00000000e+00 0.00000000e+00 
0 0.0000e+00    0     0     0 0  4 144  76 0.0000e+00                                     "" 0.00000000e+00 0.00000000e+00 0.00000000e+00 0.00000000e+00  0.00000000e+00 0.00000000e+00 0.00000000e+00 
0 0.0000e+00    0     0     0 0  4 151  76 0.0000e+00                                     "" 0.00000000e+00 0.00000000e+00 0.00000000e+00 0.00000000e+00  0.00000000e+00 0.00000000e+00 0.00000000e+00 
0 0.0000e+00    0     0     0 0  4 153  76 0.0000e+00                                     "" 0.00000000e+00 0.00000000e+00 0.00000000e+00 0.00000000e+00  0.00000000e+00 0.00000000e+00 0.00000000e+00 
0 0.0000e+00    0     0     0 0  3 125  61 0.0000e+00                                     "" 0.00000000e+00 0.00000000e+00 0.00000000e+00 0.00000000e+00  0.00000000e+00 0.00000000e+00 0.00000000e+00 
0 0.0000e+00    0     0     0 0  3 127  62 0.0000e+00                                     "" 0.00000000e+00 0.00000000e+00 0.00000000e+00 0.00000000e+00  0.00000000e+00 0.00000000e+00 0.00000000e+00 
0 0.0000e+00    0     0     0 0  3 127  62 9.4846e+04 output_crustal_model_3D/solution-00000 9.76143440e-03 1.12309990e-02 0.00000000e+00 0.00000000e+00 -3.81041965e+07 2.08487764e+08 5.17809185e+08 
0 0.0000e+00    0     0     0 0  0   0   0 0.0000e+00                                     "" 9.76143440e-03 1.12309990e-02 0.00000000e+00 0.00000000e+00  0.00000000e+00 0.00000000e+00 0.00000000e+00 
