# x y z topography
5.59882e+06 2.90663e+06 -933972 -6060.12
5.44629e+06 3.18366e+06 -941175 -1.55761e+06
5.6143e+06 2.91468e+06 -810225 -17003.6
5.46139e+06 3.1925e+06 -816482 -2.44991e+07
5.27957e+06 3.45237e+06 -945915 -2.92013e+06
5.0984e+06 3.71166e+06 -948051 13952.3
5.29406e+06 3.46187e+06 -820563 -4.00694e+06
5.11254e+06 3.72195e+06 -822423 83393.7
5.62726e+06 2.92142e+06 -686113 -29056.1
5.47372e+06 3.19973e+06 -691374 -2.1913e+07
5.63808e+06 2.92706e+06 -561733 -29200
5.48436e+06 3.20597e+06 -566062 -5.37579e+08
5.30626e+06 3.46989e+06 -694861 -3.60394e+06
5.12508e+06 3.73108e+06 -696538 -1.94417e+06
5.31676e+06 3.4768e+06 -568949 -1.75488e+06
5.13558e+06 3.73872e+06 -570369 18664.4
4.90325e+06 3.96045e+06 -947539 -355552
4.6955e+06 4.1989e+06 -944573 58373.3
4.91745e+06 3.97188e+06 -822084 -2.60647e+06
4.70899e+06 4.21083e+06 -819505 -8382.63
4.47775e+06 4.42845e+06 -939589 -8775.93
4.25017e+06 4.64822e+06 -932518 -8078.01
4.48992e+06 4.44041e+06 -815073 -8630.49
4.26204e+06 4.66122e+06 -809008 -8325.6
4.92948e+06 3.98152e+06 -696250 -7379.66
4.72026e+06 4.22081e+06 -694033 -6024.71
4.93957e+06 3.9896e+06 -570124 -6568
4.72971e+06 4.22915e+06 -568275 -17822.7
4.5005e+06 4.45076e+06 -690266 -8710.74
4.27186e+06 4.6719e+06 -685145 -7193.7
4.50931e+06 4.45933e+06 -565163 -8558.83
4.27926e+06 4.67986e+06 -560830 -15941.9
5.64755e+06 2.93201e+06 -437186 80759.8
5.49379e+06 3.2115e+06 -440570 -8164.84
5.65428e+06 2.93553e+06 -312417 -1.13358e+06
5.50043e+06 3.21542e+06 -314827 -1.16021e+07
5.32532e+06 3.48243e+06 -442776 -1.43891e+06
5.14386e+06 3.74474e+06 -443883 190884
5.33165e+06 3.4866e+06 -316373 -1.68344e+06
5.15004e+06 3.74923e+06 -317152 -2.12128e+07
5.65831e+06 2.93763e+06 -187482 741463
5.50439e+06 3.21779e+06 -188923 -353149
5.66025e+06 2.93866e+06 -62505.2 294853
5.5064e+06 3.21902e+06 -62985 -5569.28
5.33587e+06 3.48941e+06 -189856 -696663
5.15429e+06 3.75234e+06 -190315 -46072.3
5.33807e+06 3.49091e+06 -63291.9 -788360
5.15711e+06 3.75443e+06 -63440 -5332.98
4.94801e+06 3.99639e+06 -443733 -5909.45
4.7379e+06 4.23637e+06 -442295 193012
4.95447e+06 4.00159e+06 -317076 -31488.9
4.74428e+06 4.242e+06 -316072 212264
4.51653e+06 4.46635e+06 -439810 -8422.46
4.28581e+06 4.68697e+06 -436406 -10379.9
4.52214e+06 4.47181e+06 -314274 -8418.43
4.29092e+06 4.69253e+06 -311837 -21358.3
4.95878e+06 4.00504e+06 -190274 -19522.8
4.74855e+06 4.24575e+06 -189679 -3957.72
4.9615e+06 4.00718e+06 -63422.2 -5923.13
4.75131e+06 4.2482e+06 -63224.9 -179434
4.52608e+06 4.4756e+06 -188604 -8310.59
4.29441e+06 4.69628e+06 -187152 -9074.07
4.52893e+06 4.47828e+06 -62869.7 -7959.08
4.29627e+06 4.69823e+06 -62388.6 -4583.51
5.65974e+06 2.93838e+06 62495.6 -224257
5.50591e+06 3.21877e+06 62980.4 -1.1899e+08
5.65742e+06 2.93717e+06 187464 -29936.3
5.50342e+06 3.21731e+06 188916 -1.76098e+07
5.33881e+06 3.49147e+06 63321.5 169116
5.15776e+06 3.75493e+06 63471.8 -11629.2
5.33641e+06 3.48992e+06 189908 64037.4
5.15466e+06 3.75274e+06 190376 -8037.51
5.65306e+06 2.9349e+06 312363 -60983.6
5.49891e+06 3.21467e+06 314783 17515.1
5.64649e+06 2.93147e+06 437136 -28421.3
5.49227e+06 3.21079e+06 440524 756157
5.33102e+06 3.4864e+06 316414 -1.66965e+06
5.1494e+06 3.74907e+06 317227 -6192.54
5.32422e+06 3.48201e+06 442797 -1.31688e+08
5.14305e+06 3.7446e+06 443976 -6102.83
4.96134e+06 4.00716e+06 63453.9 -6254.4
4.75235e+06 4.24929e+06 63323 -11870.8
4.95844e+06 4.00511e+06 190361 -6283.67
4.75096e+06 4.24837e+06 189943 -6655.06
4.53038e+06 4.47972e+06 62993.6 -7369.8
4.2967e+06 4.69868e+06 62480.5 -9115.62
4.53013e+06 4.4797e+06 188984 -6725.2
4.2963e+06 4.69826e+06 187461 -8466.63
4.95449e+06 4.00215e+06 317245 -6262.39
4.74738e+06 4.24543e+06 316500 -6514.68
4.94887e+06 3.9978e+06 444037 -6120.45
4.74185e+06 4.24071e+06 442942 -6628.27
4.52783e+06 4.47769e+06 314935 -6589.85
4.29449e+06 4.69632e+06 312408 -7416.61
4.52278e+06 4.47296e+06 440726 -3.70043e+07
4.29053e+06 4.69212e+06 437232 -6523.24
5.63765e+06 2.92688e+06 561716 -8316.43
5.48338e+06 3.20562e+06 566036 232994
5.62662e+06 2.92116e+06 686058 -84137.3
5.47238e+06 3.19924e+06 691282 -5580.71
5.31551e+06 3.47639e+06 568949 2.25062e+06
5.13484e+06 3.73879e+06 570484 -5931.6
5.30489e+06 3.46957e+06 694824 -5773.22
5.12482e+06 3.73165e+06 696711 -5811.16
5.61346e+06 2.91434e+06 810129 -609336
5.45935e+06 3.19168e+06 816247 -5794.57
5.59817e+06 2.90641e+06 933882 236046
5.4442e+06 3.18288e+06 940872 -5409.5
5.29209e+06 3.46131e+06 820388 -6131.98
5.11278e+06 3.72306e+06 822655 -5507.13
5.27756e+06 3.45194e+06 945666 -6104.09
5.09907e+06 3.71324e+06 948324 -5599.58
4.94127e+06 3.99185e+06 570579 -5987.08
4.73446e+06 4.2343e+06 569140 -5845
4.93195e+06 3.98449e+06 696860 -5882.2
4.72545e+06 4.22641e+06 695078 -7146.75
4.5156e+06 4.46607e+06 566253 -4.07566e+07
4.28485e+06 4.68607e+06 561879 -2.57307e+06
4.50681e+06 4.45756e+06 691508 -7289.45
4.27728e+06 4.67792e+06 686267 966123
4.92041e+06 3.97533e+06 822810 -5510.12
4.71427e+06 4.21659e+06 820665 -15135.4
4.90661e+06 3.96432e+06 948357 2.00758e+06
4.7011e+06 4.20503e+06 945873 -6338.11
4.49645e+06 4.44747e+06 816484 -6390.31
4.26785e+06 4.66769e+06 810329 1.01047e+06
4.48453e+06 4.43581e+06 941146 -6190.68
4.25662e+06 4.65547e+06 934028 1.37285e+06
