38.927 -3.99082 -6.48529 6.5648 -10.8141
41.8013 -3.98084 -13.3723 13.3397 -9.04541
38.9268 -2.85024 -4.99161 5.80871 -3.20985
41.8008 -2.84322 -14.1003 14.421 -8.66168
44.6799 -3.96086 -22.8969 21.9196 -9.51772
47.5599 -3.93085 -1.63043 1.14053 -3.73535
44.6794 -2.82902 -29.8497 28.0255 -23.5628
47.5597 -2.80764 -2.88181 1.89477 -10.2722
38.9266 -1.70982 -6.15731 7.35556 -3.26644
41.8004 -1.70564 -16.0831 16.7401 -10.3697
38.9264 -0.56976 -9.11591 10.863 -4.33593
41.8001 -0.568351 -12.7054 13.5292 -8.55785
44.6787 -1.69719 -20.9328 19.502 -26.2673
47.5594 -1.68454 -3.15521 1.82407 -26.6144
44.6779 -0.565546 -9.96173 8.7456 -27.7897
47.5589 -0.561461 -2.85955 2.30782 -15.4528
