38.9333 5.13273 -2.29664 3.65557 -5.84586
41.8081 5.12026 0.768818 0.053776 -6.96637
38.9341 6.27215 -2.18221 4.25717 -9.59908
41.8093 6.25682 -2.78437 2.9054 1.08119
44.684 5.09494 -3.36796 4.45717 -8.43164
47.5608 5.05687 -2.91629 4.71271 -20.0843
44.6852 6.22581 -2.65134 3.20722 -3.51362
47.5617 6.17923 -1.37496 4.0215 -20.3292
38.9358 7.4112 -3.48145 7.92948 -17.2243
41.8104 7.39296 -5.68708 6.31161 -0.0733736
38.9369 8.54996 -4.32815 7.68392 -10.3055
41.8118 8.52875 -8.48767 10.0707 -2.55139
44.6862 7.35626 2.07665 -1.85526 -1.344
47.5621 7.30105 1.92171 -0.0997782 -9.9057
44.6871 8.48625 2.50706 -1.70419 -4.02445
47.5624 8.42249 2.94027 -1.13002 -7.89913
