38.9285 -8.54946 0.829135 -1.06224 -0.285694
41.8043 -8.5282 -14.5395 17.9174 8.7993
38.9282 -7.40991 -1.41974 1.15865 -2.60225
41.8034 -7.3916 -14.5881 16.904 5.47145
44.6828 -8.48566 -22.0453 24.2271 9.8427
47.5612 -8.42182 2.46686 -1.09125 6.21968
44.6826 -7.35472 -16.9463 17.0912 0.333801
47.561 -7.29921 2.60822 -2.43022 -0.0975251
38.9277 -6.2704 -4.61015 4.95542 -3.41782
41.8028 -6.25493 -16.2296 16.9791 -4.08086
38.9271 -5.13086 -9.43439 9.37583 -13.0435
41.8021 -5.11812 -15.5759 15.5636 -9.47159
44.6816 -6.22374 -16.3636 16.7767 2.31457
47.5608 -6.17703 3.41001 -2.65458 4.21322
44.6807 -5.09253 -22.7299 22.2341 -4.59236
47.5603 -5.05408 0.167396 0.382932 4.54749
