27.4368 5.0535 0.191011 0.0591813 -2.18498
30.3108 5.09256 -3.26142 2.88529 14.7282
27.4369 6.17629 0.333983 -0.113452 -2.22189
30.3113 6.22372 -6.48711 6.86706 19.1863
33.1851 5.11884 -4.20686 5.84423 3.68167
36.0591 5.13225 -14.4564 20.4229 -3.06718
33.186 6.25553 -5.96584 5.19636 19.3625
36.0606 6.27167 -11.4099 16.322 -2.82053
27.437 7.29905 1.75638 -3.103 -0.961694
30.3117 7.35475 -3.56634 5.88487 0.829192
27.437 8.42176 3.51369 -5.27734 -4.54396
30.3121 8.48564 -4.00449 8.67234 -6.10857
33.1868 7.39205 -4.7641 5.1815 8.85369
36.0616 7.41091 -4.53454 7.10457 -3.54616
33.1881 8.5284 -5.02585 8.52228 -2.88978
36.0626 8.54989 2.67454 -1.28577 -10.0941
