38.9272 0.570057 -8.45716 9.98409 6.79097
41.8015 0.569098 -11.3134 12.5349 -4.61225
38.9291 1.71067 -3.40261 4.10064 1.87111
41.8035 1.70705 -10.6519 12.1443 -6.56885
44.6777 0.566479 -15.675 15.0076 -31.353
47.5587 0.562233 -7.18223 6.44866 6.35944
44.6791 1.69908 -15.336 15.4078 -27.0587
47.5589 1.68659 -5.11298 4.69996 -21.6756
38.9307 2.8516 -3.0685 4.03064 -3.14442
41.8053 2.84502 -7.26286 8.53507 -6.21079
38.9321 3.99257 -3.61928 4.90287 -4.09953
41.8068 3.983 -0.0876651 0.991501 -8.79238
44.6811 2.83133 -11.3739 12.2769 -15.3947
47.5589 2.81047 -2.66575 4.07045 -35.468
44.6827 3.96342 -4.68083 5.46243 -7.44849
47.56 3.93396 -3.83356 4.5808 -16.3099
