27.4368 -3.9303 1.589 -2.8528 1.52184
30.3092 -3.96043 -0.298269 0.491271 -0.0811923
27.4369 -2.80743 2.64564 -4.96131 2.84722
30.3096 -2.82887 -0.363184 0.606773 -0.0746026
33.1821 -3.98065 -0.258518 0.35837 -0.292686
36.0547 -3.99077 -1.29019 1.81017 0.416917
33.1825 -2.84312 -0.31316 0.450031 -0.339697
36.0548 -2.85022 -1.96049 2.61115 -0.785644
27.4372 -1.68442 1.27522 -2.65481 -2.18705
30.3099 -1.69722 -2.35079 3.8244 -2.51482
27.4372 -0.561522 0.822486 -1.59632 2.08313
30.3103 -0.565773 -4.87383 8.26726 -2.89219
33.1829 -1.7057 -0.2516 0.34124 -0.772464
36.0548 -1.70983 -2.752 3.63501 -2.39617
33.1833 -0.568538 -0.061553 0.0545003 -2.08217
36.0549 -0.569798 -5.15448 6.98413 -3.75766
