27.4371 0.561486 0.382268 -0.642249 -3.8006
30.3107 0.565782 -1.16295 2.03004 -1.46545
27.437 1.68451 0.0795067 -0.0285703 -1.94129
30.3107 1.69745 -0.250827 0.611258 -2.83804
33.1836 0.56872 -0.237243 0.349369 -2.58634
36.0553 0.570009 -7.35981 9.90521 7.18721
33.1837 1.70597 -0.478424 1.02835 -3.08538
36.0559 1.71024 -7.27218 8.94116 9.83928
27.4369 2.80756 0.147074 -0.0554826 -2.14507
30.3107 2.82923 -1.17675 2.22167 -2.11175
27.4368 3.93059 0.175596 -0.0068389 -2.18732
30.3106 3.96106 -3.96762 6.28105 3.50812
33.184 2.84377 -0.909457 1.69902 -3.12326
36.0567 2.85117 -11.1659 16.3195 -12.7718
33.1844 3.98155 -1.98453 3.46931 -3.13574
36.058 3.99206 -13.8991 20.6024 -12.1048
