27.436 -8.42167 -0.017076 0.0299434 -0.00952787
30.3086 -8.48541 -0.0361914 0.0612324 -0.00463481
27.4363 -7.29886 -0.00636713 -0.00368071 -0.056805
30.3085 -7.35432 -0.0415263 0.0696928 -0.00815948
33.1812 -8.52805 -0.0399158 0.0601414 -0.0016662
36.0547 -8.54942 -0.362961 0.462901 -0.119518
33.1815 -7.39135 -0.0411762 0.0578031 -0.0204217
36.0547 -7.40982 -0.510959 0.675714 -0.0879358
27.4364 -6.17612 0.271519 -0.477817 0.206761
30.3089 -6.22318 -0.118728 0.198872 -0.0225619
27.4364 -5.05329 0.549676 -1.04831 0.0953962
30.3091 -5.09196 -0.244344 0.404656 -0.0722252
33.1816 -6.25457 -0.0805353 0.110999 -0.0605837
36.0547 -6.27024 -0.466179 0.587647 -0.252422
33.1819 -5.11782 -0.161384 0.216324 -0.18866
36.0548 -5.13078 -0.611588 0.725701 -0.704905
