# x y z topography
5.63259e+06 2.83512e+06 -962964 -969.264
5.55938e+06 2.97518e+06 -967218 -562.383
5.64074e+06 2.83922e+06 -901271 -736.607
5.56756e+06 2.97957e+06 -905272 -997.428
5.48242e+06 3.11323e+06 -970813 -2977.04
5.40283e+06 3.24977e+06 -973938 -3077.27
5.49063e+06 3.11791e+06 -908658 -3092.65
5.41111e+06 3.25477e+06 -911613 -3424.06
5.6481e+06 2.84293e+06 -839454 -191.837
5.57509e+06 2.98362e+06 -843223 -920.757
5.65518e+06 2.84649e+06 -777602 724.49
5.58204e+06 2.98735e+06 -781088 -402.106
5.49834e+06 3.12229e+06 -846422 -3381.97
5.41822e+06 3.25906e+06 -849104 -3713.39
5.50521e+06 3.1262e+06 -784051 -3465.19
5.42474e+06 3.26299e+06 -786491 -4055.72
5.31962e+06 3.38413e+06 -976408 -3117.32
5.23271e+06 3.51616e+06 -978198 -2806.69
5.32774e+06 3.3893e+06 -913915 -3106.39
5.24032e+06 3.52128e+06 -915524 -2874.41
5.14194e+06 3.64557e+06 -979256 -2603.24
5.04805e+06 3.77278e+06 -979718 -2330.7
5.15007e+06 3.65135e+06 -916626 -2311.12
5.05608e+06 3.77876e+06 -917061 -2214.83
5.33497e+06 3.39392e+06 -851281 -3344.02
5.24776e+06 3.52629e+06 -852823 -2791.02
5.3415e+06 3.3981e+06 -788528 -3620.05
5.25449e+06 3.53082e+06 -790004 -2953.66
5.15779e+06 3.65683e+06 -853918 -2189.9
5.06372e+06 3.78445e+06 -854328 -1830.67
5.16408e+06 3.66129e+06 -790968 -2263.2
5.07008e+06 3.78921e+06 -791375 -1983.03
5.66162e+06 2.84974e+06 -715665 1277
5.58844e+06 2.99078e+06 -718877 836.564
5.66755e+06 2.85273e+06 -653662 1429.75
5.59437e+06 2.99396e+06 -656608 1164.59
5.5118e+06 3.12995e+06 -721639 -2406.18
5.43152e+06 3.26708e+06 -723925 -3960.21
5.51784e+06 3.1334e+06 -659157 -1347.65
5.43741e+06 3.27063e+06 -661238 -3641.39
5.67302e+06 2.85549e+06 -591604 1427.26
5.59974e+06 2.99685e+06 -594269 1219.5
5.6779e+06 2.85795e+06 -529483 965.893
5.60472e+06 2.99953e+06 -531886 1109.87
5.5231e+06 3.1364e+06 -596574 -1482.86
5.44268e+06 3.27381e+06 -598469 -3960.42
5.52817e+06 3.13929e+06 -533968 -1659.07
5.44762e+06 3.2768e+06 -535662 -4033.46
5.34791e+06 3.40219e+06 -725764 -3735.01
5.26068e+06 3.535e+06 -727104 -3064.47
5.3536e+06 3.40583e+06 -662903 -3775.81
5.26654e+06 3.53896e+06 -664161 -2998.74
5.17006e+06 3.66553e+06 -727973 -2262.02
5.076e+06 3.79363e+06 -728357 -2132.23
5.17595e+06 3.66972e+06 -664971 -2366.26
5.08181e+06 3.79796e+06 -665323 -1953.56
5.3589e+06 3.40922e+06 -599993 -3685.14
5.27191e+06 3.54258e+06 -601152 -2694.28
5.36368e+06 3.41228e+06 -537022 -3614.66
5.27667e+06 3.54579e+06 -538070 -2652.26
5.18146e+06 3.67363e+06 -601914 -2215.68
5.0874e+06 3.80214e+06 -602256 -2045.78
5.18618e+06 3.67699e+06 -538763 -2145.56
5.09205e+06 3.8056e+06 -539075 -2303.59
4.95176e+06 3.89809e+06 -979700 -3392.7
4.8505e+06 4.01939e+06 -978682 -130016
4.95907e+06 3.90383e+06 -916946 -3084.65
4.85804e+06 4.02562e+06 -916071 -825228
4.74577e+06 4.13784e+06 -976966 -149990
4.63948e+06 4.25487e+06 -974926 -144633
4.75312e+06 4.14419e+06 -914461 -449056
4.64629e+06 4.26105e+06 -912481 -98411.8
4.96604e+06 3.9093e+06 -854128 -3039.62
4.86503e+06 4.03139e+06 -853348 -2.10328e+06
4.97269e+06 3.91451e+06 -791254 -2781.71
4.87155e+06 4.03675e+06 -790535 -1.01158e+06
4.75995e+06 4.15008e+06 -851849 -509271
4.65271e+06 4.26688e+06 -849960 -55652.2
4.76631e+06 4.15558e+06 -789147 -437844
4.6588e+06 4.27241e+06 -787379 -51912.9
4.53079e+06 4.36971e+06 -972374 -6731.53
4.41968e+06 4.48225e+06 -969302 -3901.75
4.53739e+06 4.37603e+06 -910088 -6487.38
4.42605e+06 4.48867e+06 -907201 -3618.25
4.30583e+06 4.59196e+06 -965620 -4906.82
4.18952e+06 4.69904e+06 -961385 -3109.6
4.31254e+06 4.59912e+06 -903863 -6686.15
4.1958e+06 4.70604e+06 -899840 -5589.7
4.54361e+06 4.38198e+06 -847727 -17959
4.43239e+06 4.49509e+06 -845095 -3821.84
4.54944e+06 4.38755e+06 -785296 -104958
4.43796e+06 4.50071e+06 -782851 -4451.32
4.31869e+06 4.60566e+06 -841988 -8292.29
4.20155e+06 4.7125e+06 -838195 -23112.6
4.32354e+06 4.61084e+06 -779874 -9595.34
4.20704e+06 4.71871e+06 -776505 -74651.9
4.97867e+06 3.91919e+06 -728273 -2954.52
4.87732e+06 4.04149e+06 -727602 -126605
4.98419e+06 3.92351e+06 -665222 -17125.3
4.88248e+06 4.04573e+06 -664575 -173641
4.77205e+06 4.16053e+06 -726339 -687408
4.66443e+06 4.27752e+06 -724716 -54308.7
4.77714e+06 4.16494e+06 -663429 -1.39405e+06
4.66953e+06 4.28214e+06 -661961 -57487.1
4.98947e+06 3.92763e+06 -602138 19175.3
4.88736e+06 4.04973e+06 -601511 -210917
4.99407e+06 3.93124e+06 -538971 3191.2
4.89206e+06 4.05359e+06 -538424 -405658
4.78199e+06 4.16912e+06 -600480 -371936
4.67428e+06 4.28644e+06 -599153 -87237.2
4.7866e+06 4.17308e+06 -537500 -330108
4.67852e+06 4.29026e+06 -536279 -158124
4.55487e+06 4.39274e+06 -722790 -61657.7
4.44283e+06 4.50559e+06 -720473 -4537.56
4.55978e+06 4.39741e+06 -660196 -16133.8
4.44759e+06 4.51034e+06 -658080 -4494.99
4.32816e+06 4.61574e+06 -717727 -16377.1
4.21171e+06 4.72394e+06 -714690 -103254
4.33278e+06 4.62057e+06 -655573 -15121.8
4.21535e+06 4.72795e+06 -652668 -125047
4.56421e+06 4.40162e+06 -597528 -18170.3
4.45187e+06 4.51461e+06 -595606 -4820.76
4.56824e+06 4.40543e+06 -534805 -20351.1
4.45578e+06 4.51849e+06 -533074 -5051.61
4.33696e+06 4.62496e+06 -593336 -22710.5
4.21937e+06 4.73243e+06 -590696 -138457
4.34073e+06 4.62892e+06 -531031 -22890.7
4.22298e+06 4.73646e+06 -528654 -387318
5.68235e+06 2.8602e+06 -467317 733.474
5.60964e+06 3.00218e+06 -469478 340.782
5.68637e+06 2.86225e+06 -405113 781.471
5.61426e+06 3.00469e+06 -407031 -1479.84
5.53298e+06 3.14203e+06 -471313 -1321.27
5.45195e+06 3.27942e+06 -472778 -3487.52
5.53758e+06 3.14464e+06 -408617 -1602.62
5.45594e+06 3.28183e+06 -409843 -3054.98
5.68966e+06 2.86391e+06 -342859 716.991
5.61744e+06 3.0064e+06 -344483 -2065.41
5.69225e+06 2.86521e+06 -280560 593.209
5.61954e+06 3.00753e+06 -281861 -1986.56
5.54093e+06 3.14657e+06 -345837 -3063.78
5.45938e+06 3.28392e+06 -346871 -3258.93
5.54297e+06 3.14776e+06 -282964 -2818.23
5.46184e+06 3.28544e+06 -283831 -2812.47
5.36786e+06 3.41496e+06 -473971 -3572.91
5.28068e+06 3.5485e+06 -474889 -2815.43
5.37162e+06 3.41737e+06 -410863 -3537.8
5.28435e+06 3.55098e+06 -411651 -2997.77
5.19004e+06 3.67973e+06 -475492 -2060.76
5.09584e+06 3.80842e+06 -475767 -2119.23
5.1937e+06 3.68232e+06 -412175 -2095.8
5.0994e+06 3.81107e+06 -412407 -1798.28
5.37487e+06 3.41946e+06 -347717 -3453
5.28767e+06 3.55323e+06 -348389 -2942.26
5.37746e+06 3.42113e+06 -284528 -3021.61
5.29024e+06 3.55497e+06 -285075 -2699.06
5.19687e+06 3.68457e+06 -348822 -1945.17
5.10269e+06 3.81353e+06 -349024 -884.696
5.19913e+06 3.68617e+06 -285410 -2098.15
5.10501e+06 3.81527e+06 -285579 -783.027
5.69458e+06 2.86638e+06 -218245 569.898
5.6221e+06 3.00891e+06 -219260 -1470.45
5.69622e+06 2.86721e+06 -155907 508.498
5.62386e+06 3.00987e+06 -156638 -776.533
5.54535e+06 3.14913e+06 -220110 -1979.29
5.46395e+06 3.28673e+06 -220777 -2031.51
5.54712e+06 3.15015e+06 -157245 -1443.28
5.46559e+06 3.28775e+06 -157715 -1608.64
5.6972e+06 2.86771e+06 -93550 443.674
5.6246e+06 3.01028e+06 -93985.3 -1053.84
5.69776e+06 2.868e+06 -31186.2 135.691
5.62494e+06 3.01046e+06 -31332 -1130.98
5.54795e+06 3.15065e+06 -94350.9 -1260.12
5.46663e+06 3.2884e+06 -94634.9 -1314.89
5.54817e+06 3.1508e+06 -31453.3 -1385.83
5.46714e+06 3.28874e+06 -31547 -1399.4
5.37954e+06 3.42248e+06 -221318 -2211.36
5.29231e+06 3.55638e+06 -221739 -2161.22
5.38116e+06 3.42354e+06 -158097 -1915.01
5.29392e+06 3.5575e+06 -158395 -1927.15
5.20115e+06 3.68762e+06 -221993 -1938.02
5.10691e+06 3.81668e+06 -222116 -460.749
5.20333e+06 3.68919e+06 -158588 -1508.11
5.1091e+06 3.81831e+06 -158672 -187.89
5.38222e+06 3.42425e+06 -94863.7 -1829.24
5.29494e+06 3.55822e+06 -95038.7 -1846.39
5.38275e+06 3.42461e+06 -31622.1 -1821.83
5.29547e+06 3.55861e+06 -31680.5 -1883.33
5.20495e+06 3.69038e+06 -95162.2 -1200.57
5.11069e+06 3.81949e+06 -95206 28.085
5.2054e+06 3.69073e+06 -31721.7 -1433.53
5.11174e+06 3.82029e+06 -31733.8 183.26
4.99809e+06 3.93439e+06 -475704 3338.41
4.89646e+06 4.05722e+06 -475265 -3.5298e+06
5.00167e+06 3.9372e+06 -412360 5862.23
4.90028e+06 4.06037e+06 -412008 -7825.82
4.79075e+06 4.17665e+06 -474430 -2.34947e+06
4.68229e+06 4.29367e+06 -473322 -263704
4.79441e+06 4.1798e+06 -411277 -6.43796e+06
4.68574e+06 4.29679e+06 -410306 -348490
5.00495e+06 3.93976e+06 -348986 -440.769
4.90349e+06 4.06303e+06 -348693 -3582
5.00746e+06 3.94172e+06 -285561 -334.773
4.90608e+06 4.06516e+06 -285331 -3593.06
4.79767e+06 4.1826e+06 -348085 -2.30235e+06
4.68872e+06 4.29949e+06 -347252 -461501
4.80047e+06 4.18501e+06 -284853 -2.03864e+07
4.69133e+06 4.30184e+06 -284167 -464361
4.57191e+06 4.40891e+06 -472017 -11029.9
4.45924e+06 4.52194e+06 -470477 -4626.51
4.57532e+06 4.41216e+06 -409182 -7486.37
4.46237e+06 4.52507e+06 -407833 -4598.17
4.34408e+06 4.63245e+06 -468670 -14548.8
4.22623e+06 4.74008e+06 -466570 -1.80807e+06
4.34702e+06 4.63555e+06 -406261 -13448.9
4.22906e+06 4.74325e+06 -404444 -9.54636e+06
4.57831e+06 4.415e+06 -346309 -8722.29
4.46517e+06 4.52787e+06 -345160 -5565.27
4.58075e+06 4.41731e+06 -283393 -7477.59
4.46752e+06 4.53022e+06 -282454 -8363.26
4.34956e+06 4.63824e+06 -343819 -16510.8
4.23148e+06 4.74595e+06 -342280 -1.16816e+07
4.35175e+06 4.64055e+06 -281353 -13637.6
4.23364e+06 4.74837e+06 -280098 -5.80369e+06
5.00937e+06 3.94321e+06 -222104 -36.9391
4.90809e+06 4.06681e+06 -221937 -3372.27
5.01099e+06 3.94447e+06 -158646 -242.751
4.90962e+06 4.06805e+06 -158522 -1834.65
4.80309e+06 4.18728e+06 -221594 -1.41884e+08
4.69398e+06 4.30422e+06 -221064 -300003
4.80543e+06 4.18932e+06 -158304 -4.64075e+07
4.69649e+06 4.30647e+06 -157929 -128416
5.01199e+06 3.94523e+06 -95177 -169.121
4.91066e+06 4.06888e+06 -95106.7 2824.92
5.01307e+06 3.94604e+06 -31723.1 407.441
4.91113e+06 4.06925e+06 -31702.2 624.116
4.8068e+06 4.1905e+06 -94983.9 -2.74056e+07
4.69809e+06 4.3079e+06 -94759.9 -278493
4.80731e+06 4.19094e+06 -31661 -1.0503e+08
4.69918e+06 4.3089e+06 -31584.9 -2.6958e+06
4.58277e+06 4.41921e+06 -220439 -6713.64
4.46941e+06 4.53209e+06 -219711 -11811.7
4.58447e+06 4.42079e+06 -157460 -8760.16
4.47091e+06 4.53353e+06 -156941 -8510.48
4.35353e+06 4.64241e+06 -218857 -10011.6
4.2354e+06 4.75033e+06 -217889 -498323
4.35487e+06 4.64378e+06 -156335 -12850.8
4.2366e+06 4.75165e+06 -155647 -69730.8
4.5858e+06 4.42202e+06 -94472.6 -11821
4.47204e+06 4.53461e+06 -94163.7 -8263.62
4.58701e+06 4.42311e+06 -31489.3 -18602.2
4.4728e+06 4.53531e+06 -31387.7 -11730.9
4.35587e+06 4.64479e+06 -93802.6 -25038.4
4.23741e+06 4.75254e+06 -93391.6 -27814.7
4.35656e+06 4.64547e+06 -31268.4 -34166.3
4.23791e+06 4.75308e+06 -31131.2 -21780.9
5.69767e+06 2.86795e+06 31183.6 385.09
5.62445e+06 3.01019e+06 31324 -757.211
5.69703e+06 2.86762e+06 93546.3 386.924
5.62368e+06 3.00977e+06 93970.6 -120.505
5.54779e+06 3.1506e+06 31447.8 -1677.32
5.46716e+06 3.28876e+06 31549.4 -1873.83
5.54677e+06 3.15002e+06 94332.9 -2421.25
5.46622e+06 3.28821e+06 94635.4 -2757.88
5.69584e+06 2.86702e+06 155900 -487.342
5.62253e+06 3.00915e+06 156609 -2072.17
5.69422e+06 2.8662e+06 218240 -2278.73
5.62089e+06 3.00827e+06 219234 -2827.94
5.54565e+06 3.14938e+06 157221 -2421.02
5.46511e+06 3.28754e+06 157726 -2613.98
5.54444e+06 3.1487e+06 220106 -2142.7
5.46379e+06 3.28674e+06 220808 -2532.63
5.38275e+06 3.42464e+06 31629.2 -1912.3
5.29543e+06 3.5586e+06 31693.5 -1938.77
5.38212e+06 3.42426e+06 94878.8 -2088.35
5.29566e+06 3.55881e+06 95083.1 -1650.11
5.20484e+06 3.69034e+06 31729 -1618.26
5.11107e+06 3.81982e+06 31735.1 -287.454
5.20471e+06 3.69023e+06 95191.9 -1732.32
5.10938e+06 3.81859e+06 95208.3 -10317.4
5.38099e+06 3.42354e+06 158120 -2216.4
5.29457e+06 3.55808e+06 158438 -2071.71
5.37928e+06 3.42246e+06 221352 -2291.97
5.29213e+06 3.55643e+06 221783 -1836.05
5.20359e+06 3.68946e+06 158627 -3008.99
5.10813e+06 3.81771e+06 158689 -44664.3
5.20104e+06 3.68771e+06 222050 -97336.2
5.10631e+06 3.81643e+06 222165 -229683
5.69214e+06 2.86515e+06 280565 -2316.82
5.61875e+06 3.00712e+06 281840 -2831.9
5.6895e+06 2.86382e+06 342862 -1832.53
5.61601e+06 3.00565e+06 344417 -2280.28
5.54207e+06 3.14734e+06 282949 -1717.48
5.46137e+06 3.28529e+06 283855 -1955.13
5.53907e+06 3.14564e+06 345759 -811.662
5.45844e+06 3.28353e+06 346870 -1560.6
5.68618e+06 2.86214e+06 405117 -1432.48
5.61264e+06 3.00384e+06 406953 -383.156
5.68234e+06 2.86021e+06 467335 -1274.2
5.60878e+06 3.00176e+06 469451 -9.10009
5.53568e+06 3.1437e+06 408539 -332.207
5.45499e+06 3.28145e+06 409848 -1315.95
5.53175e+06 3.14147e+06 471276 -287.121
5.45106e+06 3.27909e+06 472787 -1141.29
5.37706e+06 3.42105e+06 284571 -2196.63
5.28995e+06 3.55498e+06 285136 -2130.99
5.37434e+06 3.41933e+06 347762 -2232.07
5.28712e+06 3.55312e+06 348450 -2089.08
5.1987e+06 3.6861e+06 285477 -212261
5.10394e+06 3.81474e+06 285625 -929013
5.19587e+06 3.68416e+06 348871 -181608
5.10137e+06 3.8129e+06 349075 -883622
5.37093e+06 3.41718e+06 410905 -2299.62
5.2836e+06 3.55079e+06 411709 -2003.35
5.36697e+06 3.41467e+06 474002 -1828.02
5.27953e+06 3.54809e+06 474917 -1682.37
5.19242e+06 3.68179e+06 412213 158511
5.09839e+06 3.81076e+06 412491 403740
5.18856e+06 3.67912e+06 475514 -1180.2
5.09492e+06 3.80825e+06 475868 -1006.47
5.01289e+06 3.94595e+06 31733 -299.42
4.91109e+06 4.06928e+06 31723.4 749.946
5.01159e+06 3.94506e+06 95208.3 17533.3
4.91054e+06 4.06899e+06 95170.5 11029.4
4.80729e+06 4.191e+06 31695 -2655.19
4.70007e+06 4.3098e+06 31646.8 -4362.39
4.80676e+06 4.19071e+06 95079.4 -412356
4.70002e+06 4.30991e+06 94928.6 -135581
5.0104e+06 3.94424e+06 158695 13331.2
4.9095e+06 4.06828e+06 158622 -420605
5.00873e+06 3.94304e+06 222176 -10073.6
4.90812e+06 4.06729e+06 222070 -364308
4.80586e+06 4.19009e+06 158458 -616892
4.69915e+06 4.30926e+06 158192 404429
4.80452e+06 4.18908e+06 221826 -249533
4.69781e+06 4.30817e+06 221436 132166
4.58824e+06 4.4243e+06 31560.7 -32127.6
4.4733e+06 4.53581e+06 31443.8 -12910.6
4.58881e+06 4.42496e+06 94678 -2878.52
4.47368e+06 4.53626e+06 94334.3 -9873.72
4.35683e+06 4.64574e+06 31316.9 -28124.2
4.23803e+06 4.7532e+06 31174 -20168.6
4.35672e+06 4.64566e+06 93948 -63814
4.23773e+06 4.75287e+06 93518.8 -15028.5
4.58883e+06 4.42513e+06 157802 225540
4.47406e+06 4.53672e+06 157250 -20267.5
4.58809e+06 4.42456e+06 220905 493008
4.47417e+06 4.53693e+06 220177 -49649.9
4.35629e+06 4.64523e+06 156581 -67709.7
4.23705e+06 4.75211e+06 155856 -13728.6
4.35612e+06 4.64506e+06 219234 -25824
4.23625e+06 4.7512e+06 218187 -21415.3
5.00664e+06 3.9415e+06 285646 -478998
4.90625e+06 4.06587e+06 285505 2247.4
5.00429e+06 3.93974e+06 349110 -400542
4.90393e+06 4.06405e+06 348924 120565
4.80271e+06 4.18764e+06 285179 12074.9
4.69608e+06 4.30672e+06 284670 36463.4
4.8004e+06 4.18574e+06 348511 42572
4.69382e+06 4.30477e+06 347876 250.323
5.00171e+06 3.93781e+06 412561 -106307
4.90145e+06 4.06209e+06 412337 -2494.81
4.99852e+06 3.93539e+06 475964 -3706.72
4.89831e+06 4.05958e+06 475697 31236.1
4.79754e+06 4.18334e+06 411802 27974.5
4.69084e+06 4.30216e+06 411025 -4814.83
4.79418e+06 4.18052e+06 475047 12523
4.68743e+06 4.29916e+06 474135 -4684.26
4.58635e+06 4.42302e+06 283974 365301
4.4734e+06 4.53629e+06 283085 197968
4.58417e+06 4.42105e+06 347020 36022.3
4.4716e+06 4.53459e+06 345951 29149.3
4.35583e+06 4.64478e+06 281898 -50957.5
4.23531e+06 4.75017e+06 280514 -10582.3
4.35468e+06 4.64364e+06 344540 -96536.9
4.23406e+06 4.74876e+06 342831 -10325.1
4.58146e+06 4.41857e+06 410022 19926.4
4.46902e+06 4.53209e+06 408750 -4860.29
4.57823e+06 4.41559e+06 472977 -2983.68
4.46589e+06 4.52904e+06 471497 -2837.71
4.35309e+06 4.64206e+06 407163 -6592.8
4.23305e+06 4.74766e+06 405190 -4506.81
4.35068e+06 4.63961e+06 469715 12377.1
4.23135e+06 4.74579e+06 467489 -45617.6
5.67797e+06 2.85801e+06 529505 -1015.72
5.6044e+06 2.99942e+06 531895 6.43016
5.67301e+06 2.85551e+06 591615 -864.034
5.5994e+06 2.99675e+06 594268 -362.259
5.52728e+06 3.13894e+06 533947 -462.284
5.44657e+06 3.27641e+06 535650 -962.141
5.52223e+06 3.13609e+06 596541 -1024.98
5.44154e+06 3.27342e+06 598432 -963.374
5.66751e+06 2.85274e+06 653668 -1404.43
5.59384e+06 2.99379e+06 656580 -1750.83
5.66148e+06 2.84971e+06 715660 -773.179
5.58776e+06 2.99054e+06 718828 -1090.75
5.51666e+06 3.13294e+06 659076 -1653.58
5.43606e+06 3.27017e+06 661163 -800.429
5.51059e+06 3.12952e+06 721550 -1426.78
5.4301e+06 3.26661e+06 723834 26553.9
5.36248e+06 3.41184e+06 537019 -1236.75
5.27527e+06 3.54529e+06 538076 -910.511
5.35752e+06 3.40874e+06 599956 -881.814
5.27057e+06 3.5422e+06 601152 -709.215
5.18452e+06 3.67632e+06 538766 -191.931
5.09097e+06 3.80539e+06 539163 -976.938
5.18009e+06 3.67326e+06 601943 79680.2
5.08652e+06 3.80214e+06 602370 -981.612
5.35213e+06 3.40537e+06 662843 -772.285
5.26527e+06 3.53871e+06 664159 -816.201
5.34625e+06 3.40168e+06 725667 -510623
5.25939e+06 3.53482e+06 727089 183210
5.17498e+06 3.66972e+06 665039 -44220.3
5.08217e+06 3.79898e+06 665600 -87422.1
5.16941e+06 3.66585e+06 728078 -1.01383e+06
5.07695e+06 3.79517e+06 728715 -1163.37
5.65486e+06 2.84638e+06 777574 204.854
5.58116e+06 2.98702e+06 781004 264.191
5.64771e+06 2.84278e+06 839412 649.987
5.57405e+06 2.98322e+06 843099 1352.73
5.50406e+06 3.12583e+06 783953 -588946
5.42361e+06 3.26275e+06 786424 -649994
5.49701e+06 3.12185e+06 846273 -304397
5.41662e+06 3.25858e+06 848927 -301372
5.64003e+06 2.83892e+06 901169 868.558
5.56639e+06 2.97912e+06 905111 1369.32
5.63184e+06 2.83479e+06 962844 887.736
5.55821e+06 2.97475e+06 967037 628.154
5.4894e+06 3.11755e+06 908506 26626
5.40909e+06 3.25408e+06 911347 -67991
5.48127e+06 3.11295e+06 970652 -913.04
5.401e+06 3.24925e+06 973672 -915.642
5.3398e+06 3.39762e+06 788401 -904956
5.25286e+06 3.53049e+06 789915 -1.95867e+06
5.33282e+06 3.39323e+06 851045 195171
5.24596e+06 3.52592e+06 852672 -709733
5.16353e+06 3.66178e+06 791071 -508526
5.07084e+06 3.79067e+06 791708 -741.062
5.15723e+06 3.65741e+06 854000 -991.396
5.06489e+06 3.7863e+06 854723 -547.864
5.32537e+06 3.38855e+06 913613 15261.1
5.23913e+06 3.52141e+06 915450 27180.7
5.31741e+06 3.38354e+06 976090 -32240.3
5.23162e+06 3.51645e+06 978105 30135.9
5.15061e+06 3.65278e+06 916884 -870.616
5.05803e+06 3.78126e+06 917586 -479.538
5.14268e+06 3.64722e+06 979522 -605.883
5.05006e+06 3.7754e+06 980240 -558.004
4.9945e+06 3.93231e+06 539251 -12329.6
4.89434e+06 4.05639e+06 538942 78503.5
4.99018e+06 3.929e+06 602472 -238251
4.8902e+06 4.05304e+06 602134 38353.1
4.79047e+06 4.17737e+06 538222 6544.64
4.68372e+06 4.29586e+06 537174 -375.473
4.78633e+06 4.17385e+06 601312 -684.815
4.67959e+06 4.29216e+06 600128 -1404.67
4.98625e+06 3.92598e+06 665754 -273229
4.88562e+06 4.04932e+06 665273 18941
4.9813e+06 3.92217e+06 728903 84787.4
4.88086e+06 4.04546e+06 728399 10308.1
4.78161e+06 4.16981e+06 664329 -664.788
4.67501e+06 4.28804e+06 663024 -965.602
4.77668e+06 4.1656e+06 727321 -679.519
4.67003e+06 4.28355e+06 725861 -880.856
4.57455e+06 4.41214e+06 535850 -1404.74
4.46231e+06 4.5255e+06 534168 -3219.13
4.57045e+06 4.40828e+06 598639 -3775.46
4.45834e+06 4.52157e+06 596766 -2055.67
4.3473e+06 4.6361e+06 532156 -3264.05
4.22836e+06 4.74249e+06 529662 -51020.1
4.34348e+06 4.6321e+06 594525 -2703.05
4.22509e+06 4.73887e+06 591803 -83654.6
4.56591e+06 4.40399e+06 661366 -16394.3
4.45404e+06 4.5173e+06 659312 -1240.66
4.56107e+06 4.39941e+06 724046 -43460.4
4.44933e+06 4.51261e+06 721790 -1264.48
4.33929e+06 4.62771e+06 656830 -1238.48
4.22156e+06 4.73496e+06 653900 26476
4.33471e+06 4.62289e+06 719064 -785.11
4.21738e+06 4.73031e+06 715888 26851.9
4.97515e+06 3.91743e+06 791881 -1239.82
4.87562e+06 4.0412e+06 791445 -1017.35
4.96846e+06 3.91222e+06 854753 -785.043
4.86856e+06 4.03543e+06 854185 -282.202
4.7713e+06 4.16099e+06 790229 -680.13
4.66471e+06 4.27877e+06 788636 -611.284
4.76494e+06 4.15556e+06 852971 -1033.85
4.65895e+06 4.27358e+06 851326 -1211.79
4.96118e+06 3.90656e+06 917513 -604.143
4.86121e+06 4.02943e+06 916864 -233.434
4.9542e+06 3.90115e+06 980324 443.742
4.85421e+06 4.02371e+06 979585 383.848
4.75829e+06 4.14986e+06 915655 10640.2
4.65262e+06 4.26787e+06 913912 -17310.3
4.75154e+06 4.14408e+06 978310 39503.3
4.64631e+06 4.26217e+06 976503 -356935
4.55597e+06 4.39458e+06 786675 -18890
4.44425e+06 4.50752e+06 784194 -1782
4.55031e+06 4.38919e+06 849192 9269.95
4.43874e+06 4.502e+06 846509 32204
4.32974e+06 4.61765e+06 781219 -1326.6
4.21258e+06 4.72495e+06 777764 8422.2
4.32444e+06 4.61205e+06 843304 -2534.65
4.20753e+06 4.7193e+06 839585 -3094.5
4.54416e+06 4.38334e+06 911619 -6646.13
4.43276e+06 4.49599e+06 908731 -167218
4.53769e+06 4.37717e+06 973974 -289793
4.42635e+06 4.48955e+06 970858 -287088
4.31869e+06 4.60595e+06 905294 14365.4
4.20195e+06 4.71305e+06 901293 541.249
4.31243e+06 4.59931e+06 967173 21502.6
4.19591e+06 4.7063e+06 962904 603.462
