26.7181 -8.68251 -0.00200119 0.00333708 -0.00192271
28.1541 -8.72088 -0.00585945 0.0103494 -0.00152521
26.7181 -8.12236 -0.00234238 0.00315225 -0.00516418
28.1542 -8.1583 -0.0064998 0.0108641 -0.00429282
29.5904 -8.75381 -0.00706999 0.0120472 -0.00141395
31.0267 -8.78128 -0.00596251 0.00958743 -0.00163629
29.5905 -8.18914 -0.00756961 0.0122773 -0.00333366
31.0268 -8.21485 -0.00619733 0.00950255 -0.00347796
26.7181 -7.56221 -0.00276393 0.00305013 -0.00820522
28.1543 -7.59573 -0.00724073 0.0116867 -0.00720383
26.7181 -7.00209 -0.00296603 0.00308864 -0.0101707
28.1544 -7.03317 -0.00751536 0.0118219 -0.00974355
29.5905 -7.62452 -0.00826378 0.012972 -0.00526039
31.0269 -7.64856 -0.00643861 0.00976349 -0.00528803
29.5906 -7.05986 -0.00885012 0.0133611 -0.00824861
31.027 -7.08209 -0.00723068 0.00998341 -0.00825444
32.4629 -8.80329 -0.00459292 0.00674424 -0.00151609
33.8995 -8.81986 -0.00344102 0.00464903 -0.00184482
32.4629 -8.23546 -0.00487429 0.00636866 -0.00394463
33.8995 -8.25097 -0.00372268 0.00423962 -0.00490391
35.3362 -8.83087 -0.00383789 0.00475559 -0.00200336
36.7735 -8.83639 -0.00669188 0.00847313 -0.00205097
35.3362 -8.26127 -0.00445844 0.00437866 -0.0063762
36.7734 -8.26641 -0.00737218 0.00798907 -0.00601547
32.4631 -7.66775 -0.00496612 0.00648368 -0.00595133
33.8995 -7.68212 -0.00381103 0.0037044 -0.00788846
32.4632 -7.09989 -0.00536378 0.00628307 -0.00891133
33.8996 -7.11326 -0.00380339 0.00328881 -0.0108911
35.3364 -7.69173 -0.00442574 0.00400751 -0.0100406
36.7732 -7.69652 -0.00763754 0.00779924 -0.00955981
35.3363 -7.12216 -0.00414793 0.00324167 -0.0133095
36.7733 -7.12659 -0.00745881 0.00710285 -0.0137163
26.7181 -6.44198 -0.00286334 0.00314331 -0.0103091
28.1545 -6.47061 -0.00744591 0.0115459 -0.0105933
26.7181 -5.88186 -0.00273074 0.00320477 -0.00960848
28.1546 -5.90806 -0.0072694 0.0115737 -0.0100922
29.5907 -6.49517 -0.00970729 0.0144472 -0.010413
31.0271 -6.51568 -0.00788456 0.0108084 -0.0104248
29.5908 -5.93054 -0.0101201 0.0156598 -0.0109315
31.0271 -5.9493 -0.00849463 0.0117115 -0.0122
26.7182 -5.32171 -0.00266221 0.00345474 -0.00880044
28.1546 -5.34546 -0.00730326 0.0119234 -0.00934828
26.7183 -4.76155 -0.00277454 0.00395369 -0.00851391
28.1548 -4.78285 -0.00748747 0.0125047 -0.00898238
29.5909 -5.36585 -0.0104876 0.0163585 -0.0114382
31.0272 -5.38286 -0.00908034 0.0125036 -0.0139269
29.5909 -4.80113 -0.0107611 0.0166531 -0.0126844
31.0273 -4.81641 -0.009619 0.0131911 -0.0159441
32.4634 -6.53209 -0.00566646 0.00653169 -0.0114095
33.8998 -6.54438 -0.00401694 0.00307695 -0.0137801
32.4635 -5.9643 -0.00600721 0.00679335 -0.0138104
33.8999 -5.97554 -0.00425949 0.00313407 -0.0166642
35.3364 -6.55257 -0.00409557 0.00230584 -0.0167188
36.7732 -6.55667 -0.00656785 0.00517681 -0.0184242
35.3364 -5.98303 -0.00401904 0.00180023 -0.0202565
36.7733 -5.98677 -0.00569665 0.00320109 -0.0228738
32.4637 -5.39648 -0.0063339 0.00710945 -0.0160792
33.9001 -5.40669 -0.00466077 0.00357113 -0.0191374
32.4638 -4.82866 -0.00672688 0.00776023 -0.0183046
33.9002 -4.83784 -0.00512203 0.00448467 -0.0211248
35.3365 -5.41349 -0.00423212 0.00175788 -0.0233118
36.7731 -5.4169 -0.00528636 0.0021511 -0.0273575
35.3365 -4.84399 -0.00431688 0.00255988 -0.0258205
36.773 -4.84709 -0.00517044 0.0027935 -0.0318713
