38.2085 0.284993 -0.04035 0.0532276 -0.0783737
39.6448 0.284983 -0.0711739 0.086151 -0.132685
38.2093 0.85522 -0.0322201 0.0423666 -0.0734792
39.6459 0.854979 -0.109271 0.133663 -0.0864638
41.0819 0.284741 -0.0960045 0.111026 -0.17495
42.5198 0.284341 -0.366164 0.364466 -1.31015
41.0831 0.854193 -0.189882 0.220093 -0.135704
42.5208 0.852854 -0.932487 1.0574 -2.00412
38.2102 1.42563 0.0224815 -0.0273587 -0.0194752
39.647 1.42509 -0.274487 0.330442 -0.00107365
38.211 1.99616 0.271258 -0.364009 0.355708
39.6481 1.99526 -0.217608 0.291652 -0.601592
41.0842 1.42364 0.166306 -0.172238 -0.592594
42.5217 1.42128 -0.950869 1.09386 -2.00255
41.0853 1.99309 -0.159458 0.208099 -0.520004
42.5227 1.98964 -0.691069 0.786911 -0.717208
43.9578 0.283702 -0.897437 0.783328 -2.49446
45.3976 0.282798 -0.972482 0.924202 -0.899457
43.9586 0.850898 -1.40102 1.37222 -2.61938
45.398 0.848287 -1.55517 1.46964 -0.969155
46.8381 0.281723 -0.5053 0.466888 0.0397283
48.2793 0.280476 -0.156713 0.139141 -0.0942369
46.8383 0.84511 -0.82071 0.753428 0.112727
48.2793 0.841404 -0.146817 0.130968 -0.0828675
43.9596 1.418 -1.80838 1.82516 -2.24805
45.3983 1.41373 -2.11085 1.94493 -1.35543
43.9605 1.98494 -1.59701 1.72872 -1.60174
45.399 1.97902 -2.18692 2.06606 -1.89486
46.8385 1.40848 -1.11382 1.02227 -0.367846
48.2793 1.40231 -0.166417 0.151568 -0.175711
46.8386 1.97174 -1.05164 0.933434 -0.649983
48.2793 1.96313 -0.299544 0.27443 -0.485229
38.2118 2.56678 0.614369 -0.769723 -0.154732
39.649 2.56548 -0.0271378 0.0904473 -0.858736
38.2124 3.13746 0.425382 -0.476911 -0.83682
39.6497 3.13577 -0.0434753 0.090047 -0.478566
41.0862 2.56257 -0.361644 0.441243 -0.435902
42.5235 2.55804 -0.563716 0.640141 -0.473284
41.087 3.13209 -0.344939 0.419019 -0.298309
42.5244 3.12644 -0.496318 0.569895 -0.353395
38.2131 3.70809 0.0598867 -0.0050278 -0.813794
39.6503 3.70603 -0.12948 0.184671 -0.376196
38.2137 4.27867 0.0179979 0.0418725 -0.553399
39.651 4.27621 -0.117263 0.192805 -0.439048
41.0877 3.70159 -0.303542 0.366416 -0.228072
42.5252 3.69483 -0.425848 0.499193 -0.332622
41.0884 4.27107 -0.26583 0.319621 -0.18025
42.526 4.26322 -0.31603 0.378192 -0.291824
43.9614 2.5519 -1.0188 1.10275 -0.897511
45.3999 2.54419 -1.6655 1.6719 -1.24288
43.9623 3.11887 -0.559742 0.61705 -0.526065
45.4007 3.10938 -0.718373 0.729544 -0.312602
46.8387 2.53483 -0.864988 0.765139 -0.412408
48.2794 2.52381 -0.356898 0.328773 -0.454728
46.8393 3.09792 -0.710275 0.633667 -0.159665
48.2794 3.08442 -0.310975 0.276246 -0.202423
43.9631 3.68579 -0.396495 0.447913 -0.402958
45.4015 3.67446 -0.377076 0.395457 -0.279902
43.964 4.25269 -0.29561 0.340367 -0.313818
45.4022 4.2395 -0.309 0.332809 -0.280667
46.8401 3.66085 -0.665323 0.648765 -0.785989
48.2795 3.64491 -0.231416 0.187291 0.432453
46.8407 4.22364 -0.377843 0.373787 -0.206736
48.2798 4.20513 -0.279132 0.208062 0.3131
