38.2103 -8.83641 -0.00881442 0.0106989 -0.00172099
39.647 -8.83091 -0.00725492 0.00690614 -0.00531435
38.2103 -8.26649 -0.00955265 0.0108972 -0.00511791
39.6468 -8.26139 -0.00943213 0.00823815 -0.0113648
41.0852 -8.8199 -0.00490026 0.00288873 -0.010791
42.524 -8.80345 0.00796953 -0.00949253 -0.00422306
41.0848 -8.25111 -0.00787141 0.0032473 -0.0244173
42.5235 -8.23573 0.00145253 -0.00689882 -0.0255007
38.2101 -7.69654 -0.0104896 0.0114553 -0.00800244
39.6467 -7.69186 -0.0124784 0.0111404 -0.0152729
38.2098 -7.12662 -0.0116372 0.0124362 -0.010577
39.6465 -7.12232 -0.0195369 0.016356 -0.0318545
41.0844 -7.68232 -0.0121839 0.00687107 -0.0318351
42.5231 -7.668 -0.00885751 -0.00086066 -0.0525813
41.084 -7.11351 -0.0196386 0.0131633 -0.0432849
42.5227 -7.10026 -0.0147688 0.00337374 -0.06597
43.9632 -8.78145 -0.449984 0.511427 0.22143
45.4027 -8.75395 -1.79303 1.93507 0.80576
43.9629 -8.21515 -0.00458555 -0.0721616 -0.376324
45.4026 -8.18938 -2.42804 2.17469 -1.07203
46.842 -8.72101 -2.38669 2.21898 -0.000605517
48.2806 -8.68259 0.60188 -0.457138 0.448037
46.8417 -8.15849 -3.97562 3.19456 -2.56073
48.2806 -8.12247 0.256432 -0.147643 0.336987
43.9626 -7.64884 0.0325716 -0.0629574 -0.153091
45.4023 -7.62482 -1.15208 0.94313 -0.963262
43.9623 -7.08254 0.019572 -0.0339953 -0.0775185
45.4022 -7.06037 -0.438293 0.407639 -0.191582
46.842 -7.59606 -0.638633 0.489557 -0.650328
48.2805 -7.56246 -0.147249 0.12706 -0.0107883
46.8418 -7.03371 -0.52805 0.433465 -0.384653
48.281 -7.00252 -0.0660057 0.0475718 -0.0616415
38.2097 -6.55674 -0.0162684 0.0176518 -0.0155653
39.6462 -6.5528 -0.0725669 0.06318 -0.125366
38.2094 -5.98683 -0.151704 0.179947 -0.0529438
39.6459 -5.98324 -0.355841 0.376965 -0.216131
41.0837 -6.54471 -0.0330922 0.0262233 -0.0616696
42.5224 -6.5325 -0.0188242 0.00746319 -0.0759481
41.0834 -5.97585 -0.0452083 0.0360316 -0.0908559
42.522 -5.96468 -0.0205026 0.00776729 -0.0917861
38.2093 -5.41696 -0.202374 0.238713 -0.074507
39.6456 -5.41367 -0.414518 0.504824 0.181967
38.2092 -4.84713 -0.0843346 0.0989314 -0.0421898
39.6454 -4.84412 -0.1166 0.1221 -0.0889661
41.0831 -5.40694 -0.0355146 0.0210502 -0.122541
42.5217 -5.39684 -0.0177502 0.00279811 -0.111734
41.0827 -4.83809 -0.0194749 0.0013202 -0.146695
42.5212 -4.82902 -0.00970394 -0.00454576 -0.122617
43.9619 -6.51619 0.0203478 -0.033616 -0.0766016
45.4018 -6.49579 -0.295587 0.250813 -0.239221
43.9615 -5.9498 0.0138995 -0.0262635 -0.0826952
45.4014 -5.93121 -0.187413 0.155647 -0.20199
46.8416 -6.47134 -0.229418 0.205675 -0.055989
48.2807 -6.44289 -0.0391324 0.0283259 -0.0777226
46.8411 -5.90889 -0.192717 0.159217 -0.148884
48.2804 -5.88289 -0.0289527 0.014418 -0.0822334
43.961 -5.38337 0.0170224 -0.0322344 -0.109858
45.4009 -5.36651 -0.103526 0.081528 -0.152953
43.9606 -4.81689 0.021891 -0.0380924 -0.131861
45.4004 -4.80172 -0.0955922 0.0757598 -0.157624
46.8406 -5.34627 -0.143935 0.119457 -0.117411
48.2802 -5.32265 -0.0218445 0.0089202 -0.0858912
46.8402 -4.78352 -0.141132 0.11974 -0.106903
48.2801 -4.76228 -0.0180397 0.00617287 -0.0887022
