26.7186 0.280098 -0.00152478 0.00327109 -0.0207603
28.1556 0.281334 -0.0040102 0.00817145 -0.0228846
26.7186 0.840294 -0.000931155 0.00267831 -0.0202493
28.1555 0.844051 -0.00310129 0.00659753 -0.0222205
29.5924 0.282417 -0.00541554 0.00994827 -0.0262853
31.029 0.283323 -0.00655361 0.0109366 -0.0315801
29.5923 0.847256 -0.00389667 0.00860911 -0.0275304
31.0291 0.849946 -0.00475588 0.0101301 -0.0342024
26.7185 1.40051 -0.000380954 0.00185951 -0.0201033
28.1555 1.40678 -0.00164112 0.00433601 -0.0224909
26.7185 1.96072 0.000472575 0.000684332 -0.0214344
28.1555 1.96952 -2.94799e-05 0.00183131 -0.0249365
29.5923 1.41219 -0.00336999 0.00658184 -0.030397
31.029 1.41668 -0.00470405 0.00841152 -0.0373445
29.5923 1.97708 -0.00150421 0.00501455 -0.0332051
31.029 1.98337 -0.00276272 0.00764731 -0.0398316
32.4655 0.284053 -0.00836419 0.0134689 -0.0378735
33.9017 0.284619 -0.0119563 0.0184668 -0.0419673
32.4657 0.852121 -0.00667181 0.0118538 -0.0408161
33.902 0.853783 -0.0116362 0.0165656 -0.0455717
35.3374 0.284925 -0.0165663 0.0248157 -0.045496
36.7731 0.284962 -0.0250254 0.0380359 -0.0539281
35.3373 0.854787 -0.0165779 0.0213989 -0.048323
36.7733 0.855138 -0.0101911 0.0155644 -0.0575492
32.4657 1.42021 -0.00513809 0.0100556 -0.0439143
33.902 1.42277 -0.00634535 0.0149431 -0.0481831
32.4657 1.9884 -0.00339632 0.00880109 -0.0465819
33.902 1.99214 -0.00498305 0.0106804 -0.0507092
35.3376 1.42453 -0.0126189 0.0218843 -0.0512477
36.7736 1.42546 0.0105628 -0.00988454 -0.0908616
35.3379 1.99465 -0.0337516 0.055296 -0.119293
36.7743 1.99595 -0.104292 0.124379 0.205395
26.7185 2.52093 0.000982397 0.000168239 -0.0235603
28.1554 2.53227 0.00130816 0.00019444 -0.0282275
26.7185 3.08113 0.00148536 6.30987e-05 -0.0248051
28.1554 3.09502 0.00210585 -0.000274637 -0.0311852
29.5923 2.542 -0.000108178 0.00407089 -0.035778
31.029 2.55014 -0.00203765 0.00731149 -0.0422091
29.5922 3.10695 0.000418886 0.0035793 -0.0374171
31.0291 3.11692 -0.00141044 0.00733685 -0.0433326
26.7184 3.64132 0.00194696 -0.0001865 -0.0255711
28.1553 3.65777 0.00246391 -9.51974e-05 -0.031858
26.7184 4.20152 0.0023498 -0.0004102 -0.0261089
28.1553 4.22052 0.00254478 4.01367e-05 -0.0307385
29.5922 3.6719 0.00090193 0.00355474 -0.0374603
31.0291 3.68372 -0.00114488 0.00770124 -0.0441467
29.5922 4.23686 0.00125275 0.00351486 -0.0369203
31.0291 4.25053 -0.000851921 0.00810159 -0.0447445
32.4657 2.55667 -0.00233883 0.00768064 -0.0488726
33.9021 2.56158 -0.00240499 0.00815965 -0.0534857
32.4658 3.12494 -0.00140028 0.00770587 -0.0505379
33.9024 3.13101 -0.000582064 0.00689118 -0.056154
35.3383 2.56488 -0.153481 0.251475 -0.488063
36.7748 2.56657 -0.323874 0.502548 -0.854885
35.3388 3.13509 -0.187545 0.353825 -0.912569
36.7755 3.13723 -0.677667 1.16671 -3.03546
32.4659 3.69323 -0.00110854 0.00846367 -0.0516627
33.9026 3.70041 0.000311678 0.00725084 -0.0583421
32.4661 4.26152 -0.00130942 0.00988722 -0.0529045
33.9029 4.26983 -0.00152858 0.0107859 -0.0592181
35.3393 3.70528 -0.0772031 0.167427 -0.487654
36.7761 3.70784 -0.194695 0.362215 -0.908806
35.3398 4.27546 0.00143817 0.0107399 -0.0961224
36.7767 4.27841 0.00407633 0.0148436 -0.172512
