38.2143 4.84888 0.0484872 -0.0449351 -0.117678
39.6516 4.84607 -0.0919464 0.14709 -0.27352
38.2149 5.41877 0.0117821 0.00914802 -0.177075
39.6522 5.41559 -0.0758794 0.120129 -0.219681
41.089 4.8402 -0.248083 0.295283 -0.137507
42.5267 4.83127 -0.260689 0.315776 -0.248738
41.0896 5.40898 -0.262827 0.311438 -0.11932
42.5273 5.39898 -0.256313 0.310805 -0.223417
38.2155 5.98864 -0.271774 0.471614 -1.08829
39.6528 5.98506 -0.194534 0.247631 -0.107688
38.2163 6.55834 -0.397977 0.560234 -0.259033
39.6533 6.55452 -0.292109 0.349952 -0.0363767
41.0902 5.97775 -0.286231 0.341655 -0.114773
42.5278 5.96668 -0.284395 0.341811 -0.220005
41.0907 6.54649 -0.31452 0.370192 -0.110281
42.5284 6.53434 -0.310548 0.372203 -0.216742
43.9647 4.81931 -0.247524 0.296831 -0.333873
45.4029 4.80431 -0.272259 0.301696 -0.283509
43.9652 5.38562 -0.245 0.29863 -0.337004
45.4034 5.3689 -0.239852 0.273282 -0.285199
46.8413 4.7863 -0.290174 0.290663 -0.163902
48.2801 4.76528 -0.144399 0.192198 -0.690481
46.8418 5.34881 -0.253262 0.257721 -0.162731
48.2804 5.32537 -0.161835 0.224784 -0.80321
43.9658 5.95189 -0.230033 0.285402 -0.310515
45.404 5.93341 -0.202313 0.23897 -0.280691
43.9664 6.51813 -0.21759 0.272137 -0.29845
45.4045 6.49783 -0.157659 0.19885 -0.280681
46.8422 5.91119 -0.21408 0.222302 -0.159721
48.2807 5.88527 -0.162328 0.213621 -0.589715
46.8427 6.47345 -0.168672 0.181432 -0.155409
48.2809 6.445 -0.133468 0.15884 -0.267232
38.2169 7.12805 -0.335836 0.440328 0.000143413
39.654 7.12378 -0.348777 0.414648 -0.0188907
38.2173 7.69765 -0.343394 0.440304 0.00375189
39.6545 7.69293 -0.359339 0.42879 -0.0165826
41.0912 7.11502 -0.340439 0.399408 -0.107585
42.529 7.10186 -0.334969 0.402001 -0.212888
41.0921 7.68347 -0.360934 0.431286 -0.104414
42.5297 7.66922 -0.358424 0.430381 -0.208522
38.2179 8.26722 -0.351417 0.441949 -0.000471891
39.6552 8.26215 -0.364379 0.439925 -0.014502
38.2185 8.83669 -0.351802 0.445741 -0.00197178
39.6557 8.83117 -0.369831 0.439416 -0.00683173
41.0927 8.25191 -0.383176 0.459558 -0.114402
42.5303 8.23652 -0.448563 0.516536 -0.132344
41.0934 8.8202 -0.449351 0.529999 -0.047797
42.531 8.80374 -1.2073 1.35571 -0.251175
43.967 7.08422 -0.249001 0.299979 -0.253204
45.405 7.06211 -0.11717 0.161455 -0.27912
43.9675 7.65013 -0.322866 0.347246 -0.0714189
45.4054 7.62623 -0.123885 0.132676 -0.0606181
46.8431 7.03557 -0.113272 0.130438 -0.149001
48.281 7.00462 -0.0880642 0.0954375 -0.107341
46.8433 7.59756 -0.0536797 0.07497 -0.141596
48.2811 7.56413 -0.0228325 0.0223082 -0.0119783
43.968 8.21599 -0.360721 0.348167 0.121373
45.4058 8.19029 -0.153754 0.112975 0.191799
43.9685 8.78174 -0.292089 0.287487 0.056908
45.4061 8.75426 -0.102257 0.0986046 0.00816173
46.8436 8.15947 0.0414286 -0.0187315 -0.102448
48.2812 8.12356 -0.00525265 0.00556757 -0.00465941
46.8438 8.72133 0.231246 -0.198831 -0.0807983
48.2813 8.68296 0.0029372 -0.00222145 -0.00198179
