26.7184 -4.20135 -0.00317248 0.00473698 -0.00922111
28.1549 -4.22012 -0.00794406 0.0134882 -0.00884359
26.7185 -3.64117 -0.00348307 0.00538359 -0.0107524
28.1552 -3.65742 -0.00832746 0.0144494 -0.0105999
29.5911 -4.23629 -0.0107259 0.0164294 -0.013589
31.0275 -4.24982 -0.00990007 0.0138723 -0.0177255
29.591 -3.67139 -0.0108375 0.0161225 -0.0148381
31.0276 -3.68309 -0.0102601 0.0140809 -0.0194766
26.7185 -3.08102 -0.0036101 0.00578709 -0.0126627
28.1553 -3.09483 -0.00832863 0.0150313 -0.0137103
26.7185 -2.52084 -0.00355846 0.0057438 -0.0147129
28.1552 -2.5321 -0.00830594 0.0145456 -0.0172071
29.5912 -3.10663 -0.0100829 0.0161538 -0.017231
31.0278 -3.11643 -0.0101317 0.014437 -0.0215548
29.5915 -2.54174 -0.00942975 0.0149841 -0.0205068
31.028 -2.54973 -0.0099142 0.0145369 -0.0240001
32.4639 -4.26064 -0.0073861 0.008826 -0.0204889
33.9003 -4.26877 -0.00580603 0.00573143 -0.023341
32.4641 -3.69246 -0.0082221 0.0100397 -0.0227817
33.9003 -3.69947 -0.0069943 0.00720587 -0.0257814
35.3365 -4.27421 -0.00520016 0.00385407 -0.0283708
36.7729 -4.27695 -0.00634513 0.00398056 -0.0369752
35.3366 -3.70416 -0.00684827 0.00583864 -0.0309717
36.7729 -3.7065 -0.0084323 0.00651242 -0.0413553
32.4643 -3.1243 -0.00889912 0.0114209 -0.025214
33.9005 -3.1302 -0.00815182 0.00932865 -0.0282542
32.4644 -2.55613 -0.00951671 0.0127132 -0.0277032
33.9006 -2.56093 -0.00949252 0.0119662 -0.0307701
35.3365 -3.13415 -0.00861479 0.00909145 -0.033012
36.7731 -3.13608 -0.0120089 0.0115458 -0.0445848
35.3367 -2.56412 -0.0107428 0.0127141 -0.0354428
36.7727 -2.56568 -0.0146845 0.0175826 -0.0473177
26.7185 -1.96063 -0.00346222 0.0053728 -0.016785
28.1554 -1.96933 -0.00793796 0.0128968 -0.0200477
26.7186 -1.40048 -0.00278204 0.00490103 -0.0182775
28.1555 -1.40671 -0.00641244 0.0120097 -0.0208669
29.5916 -1.97681 -0.00921492 0.0136733 -0.022947
31.0282 -1.98305 -0.00970401 0.0139826 -0.0260849
29.5918 -1.41204 -0.00786587 0.0129072 -0.0242103
31.0284 -1.41647 -0.00901509 0.0137088 -0.0275673
26.7186 -0.840301 -0.00261854 0.00442617 -0.0192816
28.1555 -0.844044 -0.0058171 0.0103991 -0.0214237
26.7186 -0.280116 -0.00203167 0.00401086 -0.0202739
28.1556 -0.281381 -0.00479582 0.00941651 -0.022305
29.592 -0.847239 -0.00722709 0.0117498 -0.0251081
31.0286 -0.849882 -0.00845747 0.0130163 -0.0287391
29.5922 -0.282446 -0.00578872 0.0105508 -0.0253879
31.0288 -0.283303 -0.00752744 0.0122942 -0.0299241
32.4646 -1.98802 -0.00998225 0.0137611 -0.0297044
33.9007 -1.99171 -0.0111891 0.0145233 -0.0329075
32.4649 -1.41998 -0.0102378 0.014551 -0.031328
33.901 -1.42258 -0.0121921 0.0168088 -0.0348919
35.3367 -1.99414 -0.013832 0.0163775 -0.0376871
36.7728 -1.99531 -0.0193669 0.0224995 -0.0498425
35.3369 -1.42425 -0.0162414 0.0199399 -0.0400176
36.7727 -1.42505 -0.0228042 0.0268963 -0.0516018
32.4651 -0.851975 -0.0100845 0.0149382 -0.0331125
33.9012 -0.853509 -0.0128044 0.0182131 -0.0369895
32.4653 -0.28399 -0.00952573 0.0145735 -0.0352477
33.9014 -0.284501 -0.0127471 0.0187508 -0.0393525
35.3372 -0.854482 -0.0170778 0.0230147 -0.041449
36.7726 -0.854904 -0.0247657 0.0305163 -0.0524856
35.3374 -0.284829 -0.0175048 0.0252994 -0.0431318
36.7728 -0.284914 -0.0267486 0.0339187 -0.0536766
