38.2091 -4.27698 -0.0605128 0.0603872 -0.123481
39.6452 -4.27431 -0.049927 0.0430362 -0.116335
38.209 -3.70653 -0.0379014 0.0383057 -0.0874771
39.6451 -3.70424 -0.026662 0.0188339 -0.113161
41.0824 -4.26897 -0.0175401 0.000864462 -0.152308
42.5209 -4.26094 -0.000866067 -0.0140989 -0.13124
41.0821 -3.69961 -0.0213167 0.00685805 -0.153495
42.5206 -3.69265 0.00586294 -0.0226908 -0.162047
38.2087 -3.13608 -0.0187424 0.0153075 -0.0768708
39.6451 -3.13419 -0.0242107 0.0178778 -0.116741
38.2088 -2.56569 -0.0241294 0.0255392 -0.0764776
39.645 -2.56416 -0.0304123 0.0281166 -0.117084
41.0819 -3.13029 -0.0270875 0.0144034 -0.15571
42.5204 -3.12444 0.010019 -0.0278654 -0.200129
41.0817 -2.56101 -0.0346006 0.0249751 -0.158183
42.5201 -2.55625 0.00468839 -0.0257134 -0.269181
43.9603 -4.25021 0.0344697 -0.0497318 -0.129452
45.4 -4.23681 -0.108442 0.0874292 -0.182781
43.9599 -3.68338 0.0322937 -0.0456124 -0.124137
45.3997 -3.67179 -0.140167 0.121373 -0.16776
46.84 -4.22072 -0.171269 0.149498 -0.106032
48.28 -4.20194 -0.0159348 0.00471125 -0.0958729
46.8398 -3.65787 -0.190473 0.166229 -0.137587
48.2799 -3.64163 -0.0124174 0.00220764 -0.104551
43.9597 -3.11661 0.0546114 -0.0701821 -0.169459
45.3995 -3.10682 -0.178494 0.158247 -0.187835
43.9594 -2.54988 0.0337437 -0.0554597 -0.311471
45.3992 -2.54189 -0.257769 0.233412 -0.259368
46.8396 -3.09505 -0.17688 0.156477 -0.116488
48.2799 -3.08132 -0.0113807 0.00236116 -0.107898
46.8395 -2.53228 -0.177224 0.159893 -0.0868587
48.2798 -2.52105 -0.0171051 0.00781242 -0.110041
38.2087 -1.99532 -0.0303024 0.0325974 -0.0764511
39.6449 -1.99417 -0.0381401 0.0390497 -0.11743
38.2085 -1.42505 -0.0333155 0.038386 -0.0776009
39.6447 -1.42421 -0.0455797 0.0499172 -0.119349
41.0815 -1.99172 -0.045426 0.036188 -0.161064
42.5198 -1.988 -0.0313187 -0.0045894 -0.427437
41.0816 -1.42244 -0.0541362 0.0509155 -0.165436
42.5194 -1.41977 -0.00658982 -0.0284943 -0.53316
38.2084 -0.854882 -0.0352427 0.0417882 -0.0775623
39.6446 -0.854403 -0.0520497 0.0593555 -0.117222
38.2081 -0.284895 -0.0390832 0.044369 -0.0765953
39.6443 -0.284792 -0.0604477 0.0721824 -0.116079
41.0815 -0.85335 -0.0635175 0.0685669 -0.16948
42.5192 -0.851711 0.108144 -0.133128 -0.737283
41.0814 -0.284436 -0.078151 0.0879793 -0.172773
42.5191 -0.283841 -0.0422983 0.00580531 -1.0575
43.9591 -1.9831 0.0264948 -0.0579264 -0.527601
45.3989 -1.97693 -0.31732 0.291194 -0.322565
43.9587 -1.41629 -0.00784643 -0.0319077 -0.848675
45.3985 -1.41195 -0.378805 0.349282 -0.437603
46.8392 -1.9695 -0.216487 0.197616 -0.0879528
48.2798 -1.96082 -0.0393159 0.0293113 -0.127006
46.8389 -1.40671 -0.268365 0.246346 -0.108258
48.2796 -1.40057 -0.0698409 0.0575507 -0.152416
43.9583 -0.849612 -0.120773 0.0780172 -1.27826
45.398 -0.847062 -0.487998 0.453653 -0.618661
43.9579 -0.283136 -0.386979 0.313194 -1.86243
45.3976 -0.282325 -0.661041 0.627656 -0.794716
46.8386 -0.843963 -0.318538 0.294225 -0.0717296
48.2795 -0.840322 -0.100091 0.0858921 -0.153285
46.8382 -0.281304 -0.380713 0.352195 -0.0419313
48.2794 -0.280099 -0.135155 0.118501 -0.132475
