26.7184 4.76168 0.00272576 -0.000466082 -0.0264888
28.1553 4.78318 0.00283791 6.0467e-05 -0.0296368
26.7184 5.32181 0.00287759 -0.000224969 -0.0260395
28.1553 5.34574 0.00299897 0.000195922 -0.0283788
29.5922 4.80166 0.00170788 0.00345908 -0.0365005
31.0292 4.81713 -0.000520504 0.00863494 -0.0452093
29.5924 5.36632 0.00210924 0.00350908 -0.0365013
31.0295 5.38352 -0.000576101 0.00947871 -0.0452288
26.7184 5.88194 0.00276748 0.000308853 -0.0251769
28.1554 5.90832 0.00292024 0.000682343 -0.0274133
26.7184 6.44208 0.00269394 0.000731498 -0.0239874
28.1554 6.4709 0.00280408 0.00141049 -0.0270575
29.5925 5.93098 0.00255777 0.00370774 -0.0379042
31.0298 5.94993 -0.00112312 0.0112954 -0.045964
29.5927 6.49566 0.00236693 0.00513411 -0.03961
31.0301 6.51635 -0.194106 0.266828 0.24846
32.4663 4.82957 -0.00192957 0.0119287 -0.0533444
33.9033 4.83899 -0.00482981 0.0160412 -0.0608952
32.4667 5.39735 -0.00282329 0.0140783 -0.05365
33.9039 5.40782 -0.00562037 0.0193727 -0.0620407
35.3404 4.84535 -0.0114554 0.0290423 -0.0965578
36.7773 4.84863 -0.012238 0.0411979 -0.173035
35.3409 5.41488 -0.0538375 -0.00129678 0.484953
36.7779 5.41851 -0.0310419 0.0683609 -0.172257
32.4671 5.96515 -0.00378855 0.0164598 -0.0533948
33.9044 5.97663 -0.0058043 0.0202259 -0.0611565
32.4675 6.53295 -0.644771 0.672045 1.58441
33.9049 6.54544 -0.486627 0.4126 1.47097
35.3415 5.98437 -0.303068 0.129264 1.63189
36.7786 5.98839 -0.463023 0.637088 0.0296391
35.3421 6.55386 -0.325613 0.160903 1.57623
36.7791 6.55814 -0.326187 0.450313 0.00540232
26.7184 7.0022 0.0024236 0.000887768 -0.020474
28.1555 7.03344 0.00231798 0.00176548 -0.0230985
26.7184 7.56232 0.00193661 0.000656701 -0.0151432
28.1556 7.59594 0.00162076 0.00169537 -0.0164804
29.5928 7.06028 -0.43801 0.743942 0.104847
31.0304 7.08268 -0.478068 0.766734 0.115403
29.593 7.62482 -0.615412 1.27166 -0.69046
31.0306 7.64892 -0.267443 0.575047 -0.496904
26.7184 8.12244 0.00123537 0.000513808 -0.00922076
28.1556 8.15845 0.000416315 0.00196275 -0.00893165
26.7185 8.68257 0.000425941 0.000211895 -0.00311179
28.1557 8.72097 -0.000622704 0.00198525 -0.0025194
29.5932 8.18937 -0.229949 0.482775 -0.265155
31.0309 8.21517 -0.0876416 0.172537 -0.0951354
29.5933 8.75393 -0.00413051 0.0069333 0.00107838
31.0312 8.78143 -0.00746048 0.0123187 0.000231189
32.4679 7.10065 -0.828673 1.34503 -0.189378
33.9054 7.11418 -0.768974 0.730266 1.80767
32.4683 7.66826 -0.299601 0.571907 -0.406581
33.9059 7.68282 -0.459005 0.849477 -0.666523
35.3429 7.12327 -0.0572532 0.17903 -0.465042
36.7796 7.12789 -0.333722 0.446258 0.00273741
35.3436 7.69262 -0.313689 0.461128 0.0034755
36.7802 7.69756 -0.336445 0.44637 0.00102336
32.4687 8.23587 -0.114997 0.154999 0.0931157
33.9065 8.25148 -0.207944 0.383209 -0.287237
32.4692 8.80348 -0.0895027 0.113204 0.094657
33.9072 8.82004 -0.200872 0.312115 -0.00856186
35.3441 8.26191 -0.317126 0.458961 0.00597101
36.7809 8.26711 -0.336515 0.447814 0.00030642
35.3444 8.83108 -0.322826 0.454562 0.00495266
36.7816 8.83662 -0.331904 0.451354 0.000718372
