# x y z topography
5.62804e+06 2.8137e+06 -1.0502e+06 588.567
5.57156e+06 2.92356e+06 -1.05139e+06 836.519
5.64223e+06 2.8208e+06 -947673 793.604
5.58592e+06 2.93112e+06 -948793 1041.8
5.5129e+06 3.0323e+06 -1.05217e+06 578.813
5.45254e+06 3.1401e+06 -1.05262e+06 476.242
5.5274e+06 3.04029e+06 -949533 507.516
5.46678e+06 3.1483e+06 -949918 262.738
5.65517e+06 2.82727e+06 -844924 1222.67
5.59844e+06 2.9377e+06 -845881 1059.62
5.66679e+06 2.83308e+06 -741982 1659.52
5.60991e+06 2.94373e+06 -742814 1492.93
5.54029e+06 3.0474e+06 -846621 417.576
5.47939e+06 3.15557e+06 -846934 -141.075
5.5513e+06 3.05347e+06 -743418 694.391
5.49047e+06 3.16199e+06 -743718 -327.672
5.3901e+06 3.2467e+06 -1.05267e+06 406.206
5.32529e+06 3.35189e+06 -1.05225e+06 385.483
5.4043e+06 3.25527e+06 -949984 212.871
5.33938e+06 3.36076e+06 -949616 463.522
5.2588e+06 3.45604e+06 -1.0515e+06 355.832
5.19022e+06 3.55881e+06 -1.05033e+06 203.399
5.27274e+06 3.46521e+06 -948951 489.644
5.20419e+06 3.56839e+06 -947932 185.937
5.41635e+06 3.26254e+06 -846925 86.1513
5.35149e+06 3.36839e+06 -846629 372.826
5.42736e+06 3.26918e+06 -743707 30.5854
5.36222e+06 3.37515e+06 -743426 523.467
5.2844e+06 3.47287e+06 -845976 803.159
5.21547e+06 3.57613e+06 -845034 651.848
5.29529e+06 3.48003e+06 -742895 730.569
5.22601e+06 3.58335e+06 -742030 748.608
5.67669e+06 2.83804e+06 -638809 1894.32
5.61993e+06 2.949e+06 -639549 1776.09
5.68519e+06 2.8423e+06 -535473 1954.31
5.62842e+06 2.95347e+06 -536099 1843.13
5.56105e+06 3.05885e+06 -640048 1441.2
5.50031e+06 3.16767e+06 -640332 640.736
5.56943e+06 3.06347e+06 -536514 1458.86
5.5086e+06 3.17246e+06 -536749 726.377
5.69226e+06 2.84583e+06 -431996 2041.56
5.63577e+06 2.95734e+06 -432527 1645.03
5.69782e+06 2.84862e+06 -328406 1827.53
5.64143e+06 2.96033e+06 -328826 1368.47
5.57692e+06 3.0676e+06 -432875 1227.76
5.5157e+06 3.17656e+06 -433044 674.927
5.58322e+06 3.07109e+06 -329133 417.523
5.52201e+06 3.1802e+06 -329263 331.296
5.43738e+06 3.27523e+06 -640359 375.524
5.37192e+06 3.38127e+06 -640085 522.985
5.44554e+06 3.28015e+06 -536768 400.115
5.38009e+06 3.38642e+06 -536550 583.461
5.30473e+06 3.48623e+06 -639605 848.206
5.23543e+06 3.58982e+06 -638869 829.113
5.31266e+06 3.49145e+06 -536135 942.303
5.24342e+06 3.5953e+06 -535534 881.802
5.45241e+06 3.2843e+06 -433052 264.767
5.38684e+06 3.39068e+06 -432882 398.07
5.45802e+06 3.28769e+06 -329238 56.0718
5.39184e+06 3.39382e+06 -329082 -183.22
5.31927e+06 3.49581e+06 -432546 721.577
5.25012e+06 3.59991e+06 -432075 657.058
5.32421e+06 3.49907e+06 -328829 435.951
5.25531e+06 3.60347e+06 -328490 554.503
5.70189e+06 2.85065e+06 -224744 1816.78
5.64527e+06 2.96234e+06 -225029 1848.43
5.70449e+06 2.85195e+06 -121035 2020.55
5.64783e+06 2.96367e+06 -121197 2059.84
5.58752e+06 3.07346e+06 -225269 1391.38
5.52649e+06 3.18278e+06 -225377 932.261
5.58937e+06 3.07446e+06 -121326 2166.04
5.52824e+06 3.18378e+06 -121391 1897.95
5.70553e+06 2.85247e+06 -17290.1 2101.79
5.64879e+06 2.96416e+06 -17326.3 2169.07
5.70494e+06 2.85216e+06 86462.3 1709.71
5.64806e+06 2.96376e+06 86552.5 1819.98
5.58987e+06 3.07471e+06 -17353.3 2268.32
5.52878e+06 3.18408e+06 -17376.4 1969.96
5.58922e+06 3.07433e+06 86611.7 1734.98
5.52795e+06 3.18357e+06 86632.8 1501.62
5.462e+06 3.29008e+06 -225339 986.241
5.39543e+06 3.39608e+06 -225209 829.681
5.46433e+06 3.29148e+06 -121380 1851.68
5.39783e+06 3.3976e+06 -121310 1509.18
5.32769e+06 3.50137e+06 -225031 893.65
5.2589e+06 3.60593e+06 -224808 664.255
5.3297e+06 3.50269e+06 -121205 1354.87
5.26103e+06 3.60741e+06 -121082 1091.2
5.46525e+06 3.29203e+06 -17382.4 1906.42
5.39908e+06 3.39839e+06 -17363.3 1590.78
5.46437e+06 3.2915e+06 86627 1357.22
5.39882e+06 3.39825e+06 86596.8 1461.57
5.33096e+06 3.50352e+06 -17343.3 1396.61
5.26218e+06 3.6082e+06 -17331.9 1090.19
5.33103e+06 3.50357e+06 86523.5 1448.86
5.26193e+06 3.60802e+06 86423.8 1111.66
5.70294e+06 2.85116e+06 190195 734.149
5.64603e+06 2.96268e+06 190413 1040.29
5.69951e+06 2.84944e+06 293876 114.403
5.64263e+06 2.96089e+06 294219 600.07
5.58703e+06 3.07311e+06 190560 1468.09
5.52594e+06 3.1824e+06 190640 1368.76
5.58364e+06 3.07123e+06 294452 1429.88
5.52272e+06 3.18054e+06 294582 1693.11
5.69446e+06 2.84691e+06 397472 -213.893
5.63754e+06 2.95821e+06 397934 340.202
5.68789e+06 2.84363e+06 500960 -454.022
5.63093e+06 2.95473e+06 501537 180.049
5.57851e+06 3.0684e+06 398245 1343.51
5.51737e+06 3.17744e+06 398406 1927.97
5.57187e+06 3.06473e+06 501927 1167.3
5.51068e+06 3.17357e+06 502124 1976.99
5.46236e+06 3.29028e+06 190625 1040.51
5.39666e+06 3.39688e+06 190531 1190.62
5.45909e+06 3.28828e+06 294564 1451.73
5.39316e+06 3.39465e+06 294416 1199.7
5.32905e+06 3.50226e+06 190375 1200.76
5.25983e+06 3.60657e+06 190161 908.284
5.32574e+06 3.50007e+06 294187 1117.01
5.2567e+06 3.60442e+06 293871 1010.81
5.45381e+06 3.28508e+06 398387 1877.89
5.3882e+06 3.39151e+06 398217 1257.33
5.44712e+06 3.28104e+06 502103 2022.51
5.38161e+06 3.38734e+06 501899 1618.72
5.32103e+06 3.49695e+06 397929 1180.95
5.25169e+06 3.60098e+06 397468 1196.25
5.31443e+06 3.49259e+06 501535 1459.26
5.2447e+06 3.59616e+06 500930 1476.56
