26.5626 1.70863 0.176219 -0.57294 3.47181
27.6877 1.71054 0.56743 -1.23571 2.62057
26.5625 2.64056 0.294076 -0.871107 2.71617
27.6876 2.64356 0.951035 -2.03163 2.0732
28.8127 1.71178 0.381783 -0.775723 1.34004
29.9378 1.71239 0.0015519 -0.0140276 0.284908
28.8126 2.64554 0.922243 -1.77438 0.88103
29.9377 2.64649 0.288544 -0.479106 -0.275155
26.5625 3.57246 0.394109 -1.02836 1.69481
27.6875 3.57656 1.22877 -2.54117 1.40433
26.5625 4.50436 0.475879 -1.05425 0.578489
27.6874 4.50956 1.38115 -2.71908 0.502417
28.8125 3.57926 1.34572 -2.55936 0.760062
29.9376 3.58059 0.674689 -1.16334 -0.097971
28.8124 4.51302 1.58583 -2.94761 0.337659
29.9374 4.51474 0.886509 -1.54012 -0.00149236
