31.0628 1.71227 -0.0622521 0.106882 -0.0911945
32.188 1.71144 -0.174365 0.284171 -0.0946095
31.0627 2.64638 -0.127936 0.269258 -0.634853
32.1878 2.64521 -0.259085 0.454347 -0.459276
33.313 1.71 -0.154812 0.240382 -0.0867804
34.4377 1.7079 -0.0931229 0.156582 -0.299863
33.3129 2.64301 -0.0777813 0.14482 -0.302956
34.4376 2.63984 0.037442 -0.0226254 -0.457971
31.0625 3.58049 -0.0531116 0.171189 -0.633081
32.1876 3.579 -0.291889 0.552213 -0.683755
31.0624 4.5147 0.0683764 -0.0657183 -0.29664
32.1874 4.51291 -0.309529 0.553235 -0.367933
33.3127 3.57611 -0.0761702 0.185131 -0.590971
34.4376 3.57175 0.0199275 0.0731335 -0.750388
33.3125 4.50934 -0.0438559 0.141756 -0.450656
34.4375 4.50404 0.097746 -0.0672447 -0.480443
