31.0628 -5.76061 -0.490281 0.54294 -1.38339
32.1877 -5.75829 0.0965231 -0.335538 -0.957944
31.0629 -4.82634 -0.52548 0.697849 -1.05128
32.1878 -4.8244 0.0599122 -0.240348 -0.903533
33.3127 -5.75376 0.180136 -0.452774 -0.968454
34.4375 -5.747 0.00166153 -0.176555 -0.973879
33.3127 -4.8206 0.210462 -0.454485 -0.878093
34.4376 -4.81493 0.042939 -0.198219 -0.877531
31.063 -3.8921 -0.644016 0.956113 -0.799647
32.1879 -3.89061 0.0477693 -0.113625 -0.290897
31.063 -2.95794 -0.868882 1.18976 -2.21026
32.1878 -2.95687 -0.13316 0.0456611 -1.94919
33.3128 -3.88757 0.326502 -0.558748 -0.498389
34.4377 -3.88298 0.0377769 -0.144912 -0.6954
33.3129 -2.95457 0.358544 -0.681191 -1.5203
34.4377 -2.95108 0.0354998 -0.16063 -1.19679
