33.313 -2.02156 -0.150897 0.075575 -2.46622
34.4377 -2.0192 -0.154132 0.125738 -1.69725
33.313 -1.08876 -0.423562 0.618737 -1.69086
34.4379 -1.08742 -0.190863 0.245086 -1.42057
31.0629 -0.156099 -0.318524 0.525715 -0.169565
32.1879 -0.155941 -0.379301 0.580344 -0.669697
31.0629 0.778016 -0.190711 0.301547 0.421949
32.188 0.777724 -0.184388 0.286589 0.190674
33.313 -0.155772 -0.385714 0.565432 -0.674968
34.4378 -0.155639 -0.317509 0.466194 -0.905124
33.313 0.77707 -0.252299 0.385628 -0.0511429
34.4378 0.776072 -0.16004 0.250833 -0.365773
