26.5625 -7.61174 -0.501871 0.380392 -2.01333
27.6876 -7.62042 -0.945005 1.35284 -1.60393
26.5625 -6.67974 -0.400535 0.282502 -2.00205
27.6877 -6.68735 -1.10943 1.62218 -1.98578
28.8127 -7.62618 -1.46182 2.44206 -1.01472
29.9376 -7.629 -0.909779 1.51465 -0.127902
28.8128 -6.69241 -1.69736 2.60874 -2.08918
29.9378 -6.69485 -1.12704 1.47186 -2.04282
31.0624 -9.49719 -0.226382 0.349716 -0.0800919
32.1875 -9.49356 -0.0810293 0.0895644 -0.12021
31.0626 -8.56305 -0.0423913 0.128254 0.189431
32.1875 -8.55976 -0.0381358 -0.0246679 -0.29667
