26.5627 -0.155302 0.0542073 -0.102678 1.33063
27.6879 -0.155617 -0.0799547 0.1563 0.897718
26.5626 0.776652 0.10433 -0.306965 2.86729
27.6877 0.77743 0.200465 -0.470101 2.29067
28.8131 -0.155849 -0.218951 0.40837 0.461844
29.9379 -0.156046 -0.423426 0.737955 -0.161717
28.8128 0.7779 -0.147379 0.210164 1.38152
29.9379 0.778066 -0.257755 0.399657 0.886952
31.063 -2.02397 -0.597779 0.776067 -3.21675
32.1878 -2.02315 -0.257868 0.174301 -3.30677
31.063 -1.09009 -0.401777 0.594785 -1.90662
32.1878 -1.08962 -0.268355 0.354471 -1.79839
