33.3125 -9.48624 -0.0689541 0.0252885 -0.234271
34.4376 -9.47536 -0.126828 0.00328672 -0.529382
33.3126 -8.55323 0.0220001 -0.197166 -0.635033
34.4376 -8.54337 -0.0360869 -0.165447 -0.902022
31.0626 -7.62894 0.14872 -0.312084 -0.250849
32.1876 -7.62596 0.271384 -0.60583 -0.7693
31.0628 -6.69473 -0.0934836 -0.167427 -1.31217
32.1876 -6.69211 0.12104 -0.40401 -0.928235
33.3126 -7.62005 0.0719512 -0.298096 -0.763334
34.4375 -7.61127 -0.0611376 -0.149379 -1.05568
33.3126 -6.68691 0.12402 -0.398663 -0.95402
34.4375 -6.67912 0.00773425 -0.230963 -1.04083
