26.5626 -5.74768 -0.370727 0.382017 -1.6041
27.6878 -5.75423 -0.989791 1.54757 -1.62365
26.5626 -4.81554 -0.324692 0.451521 -1.05981
27.6879 -4.82103 -0.907481 1.58281 -0.845909
28.8129 -5.75858 -1.51669 2.35677 -1.89325
29.938 -5.7607 -1.23478 1.77711 -2.01007
28.813 -4.82466 -1.31441 2.24144 -0.86287
29.9381 -4.82643 -1.20073 1.93332 -1.08575
26.5627 -3.88335 -0.291608 0.484008 -0.661747
27.688 -3.88776 -1.04894 1.99185 -0.286265
26.5627 -2.95118 -0.251854 0.445213 -0.514589
27.6881 -2.95459 -1.13676 2.13479 -0.887133
28.8131 -3.89068 -1.37371 2.46796 -0.0961164
29.9382 -3.89213 -1.0441 1.70929 -0.812209
28.8133 -2.95682 -1.19976 2.04503 -1.43115
29.9383 -2.9579 -0.810383 1.13376 -1.95805
