31.063 -2.02397 -0.00167991 0.00246991 -0.00465736
32.1878 -2.02315 -0.00186024 0.00263684 -0.004804
31.063 -1.09009 -0.00212057 0.00337564 -0.00392674
32.1878 -1.08962 -0.0019594 0.00295651 -0.00438093
33.313 -2.02156 -0.00174847 0.00230771 -0.00548886
34.4377 -2.0192 -0.000889757 0.000977136 -0.00514063
33.313 -1.08876 -0.00178132 0.00254211 -0.00486523
34.4379 -1.08742 -0.000552378 0.00064462 -0.00479565
31.0629 -0.156099 -0.00194638 0.00322152 -0.00184894
32.1879 -0.155941 -0.00216956 0.00342911 -0.00346543
31.0629 0.778016 -0.00164301 0.00275759 -0.00113808
32.188 0.777724 -0.00166524 0.00268976 -0.0017338
33.313 -0.155772 -0.00159618 0.00240947 -0.00389565
34.4378 -0.155639 -0.000919417 0.00131949 -0.00445124
33.313 0.77707 -0.00123573 0.0019471 -0.00270553
34.4378 0.776072 -0.000536139 0.000871976 -0.00376031
