26.5624 -9.47563 -0.000301842 0.000445504 -0.000423982
27.6874 -9.4864 -0.00061194 0.000954678 -0.000588167
26.5625 -8.54376 -0.000301636 0.000277395 -0.000970191
27.6874 -8.55349 -0.000991234 0.00121559 -0.00208045
28.8124 -9.49362 -0.00105748 0.00162727 -0.000851016
29.9374 -9.49722 -0.00116466 0.00171847 -0.000906483
28.8125 -8.55988 -0.00126211 0.00181444 -0.00153735
29.9375 -8.5631 -0.00133823 0.0017897 -0.00176992
26.5625 -7.61174 -0.000418831 0.000353242 -0.00162127
27.6876 -7.62042 -0.00106969 0.00129687 -0.00257574
26.5625 -6.67974 -0.000134498 -0.000176499 -0.00170113
27.6877 -6.68735 -0.00111184 0.00131054 -0.00320328
28.8127 -7.62618 -0.00132044 0.00170203 -0.00251448
29.9376 -7.629 -0.00133028 0.00163588 -0.0025114
28.8128 -6.69241 -0.00134629 0.00177948 -0.00274418
29.9378 -6.69485 -0.0011974 0.00153066 -0.00233202
