26.5626 -5.74768 -8.5283e-05 -0.000135357 -0.00135921
27.6878 -5.75423 -0.000860281 0.00108814 -0.00254209
26.5626 -4.81554 -7.085e-05 -2.09788e-05 -0.00086358
27.6879 -4.82103 -0.00102553 0.00165237 -0.00166363
28.8129 -5.75858 -0.00139291 0.0020173 -0.0024614
29.938 -5.7607 -0.00171482 0.00255644 -0.00208343
28.813 -4.82466 -0.00161624 0.00255121 -0.00221045
29.9381 -4.82643 -0.0019131 0.00277105 -0.0032557
26.5627 -3.88335 -0.000228278 0.000349908 -0.000702862
27.688 -3.88776 -0.00153941 0.00278176 -0.00103835
26.5627 -2.95118 -0.000361335 0.000602852 -0.00103995
27.6881 -2.95459 -0.00204427 0.00357956 -0.0028463
28.8131 -3.89068 -0.00188209 0.00308391 -0.00239346
29.9382 -3.89213 -0.0019357 0.00293153 -0.00315099
28.8133 -2.95682 -0.00161668 0.00258389 -0.00331446
29.9383 -2.9579 -0.00170438 0.00266208 -0.00287195
