31.0628 1.71227 -0.00146149 0.00251795 -0.00158195
32.188 1.71144 -0.00150967 0.00252258 -0.0022134
31.0627 2.64638 -0.00168082 0.00298604 -0.00218354
32.1878 2.64521 -0.00125397 0.00218746 -0.0022512
33.313 1.71 -0.000978607 0.00162444 -0.00249067
34.4377 1.7079 -0.000274262 0.000546032 -0.00276992
33.3129 2.64301 -0.000856609 0.0015268 -0.00265761
34.4376 2.63984 -0.000126586 0.000396567 -0.00259966
31.0625 3.58049 -0.00143844 0.00261539 -0.00187454
32.1876 3.579 -0.00142477 0.00253957 -0.00235061
31.0624 4.5147 -0.00111315 0.0019654 -0.000766939
32.1874 4.51291 -0.00147687 0.00257446 -0.00153935
33.3127 3.57611 -0.000826254 0.00146139 -0.00179397
34.4376 3.57175 -0.000305183 0.000777008 -0.00300717
33.3125 4.50934 -0.000779462 0.00149045 -0.00211975
34.4375 4.50404 -0.000213307 0.000528964 -0.00156411
