31.0628 -5.76061 -0.00128329 0.00164943 -0.0024603
32.1877 -5.75829 -0.000937565 0.000932243 -0.00294392
31.0629 -4.82634 -0.00132154 0.00166338 -0.00324226
32.1878 -4.8244 -0.00100389 0.00105156 -0.00342927
33.3127 -5.75376 -0.000744292 0.000522365 -0.00332577
34.4375 -5.747 -0.000545708 0.000126923 -0.00375881
33.3127 -4.8206 -0.000840934 0.000693669 -0.00381562
34.4376 -4.81493 -0.000522246 0.000149897 -0.00410698
31.063 -3.8921 -0.00157359 0.00214543 -0.00354143
32.1879 -3.89061 -0.00138328 0.00175547 -0.00346351
31.063 -2.95794 -0.00164511 0.00237306 -0.00357547
32.1878 -2.95687 -0.00179137 0.00246451 -0.00393413
33.3128 -3.88757 -0.00104949 0.00111715 -0.00387739
34.4377 -3.88298 -0.000846935 0.000650631 -0.00487022
33.3129 -2.95457 -0.0015216 0.00188444 -0.00458445
34.4377 -2.95108 -0.00108178 0.00113856 -0.00481692
