26.5628 -2.01914 -0.0001525 0.00016321 -0.00179886
27.6881 -2.02153 -0.0013732 0.00227747 -0.00446795
26.5627 -1.08723 2.12841e-05 -8.94068e-05 -0.00110355
27.688 -1.08859 -0.00091955 0.00165599 -0.00235688
28.8133 -2.02314 -0.0017719 0.0028917 -0.00449694
29.9383 -2.02397 -0.00182786 0.00284338 -0.00466686
28.8131 -1.0896 -0.00148177 0.00257403 -0.00303665
29.9382 -1.09011 -0.00189599 0.00316166 -0.00342233
26.5627 -0.155302 3.50025e-05 -7.22157e-05 -0.00036352
27.6879 -0.155617 -0.000788322 0.00149879 -0.000601482
26.5626 0.776652 0.000111066 -0.000246306 0.000796669
27.6877 0.77743 -0.000530432 0.000979388 0.00107733
28.8131 -0.155849 -0.00103755 0.00188271 -0.000629604
29.9379 -0.156046 -0.00183447 0.00317662 -0.00160174
28.8128 0.7779 -0.00123366 0.00221771 0.000891743
29.9379 0.778066 -0.00162267 0.00281605 5.70803e-05
