26.5626 1.70863 -1.16674e-05 -1.82879e-05 0.000623994
27.6877 1.71054 -0.000154759 0.00021487 0.00124564
26.5625 2.64056 1.7236e-06 -4.08947e-05 0.000363089
27.6876 2.64356 0.00024845 -0.000504059 0.000307765
28.8127 1.71178 -0.000279453 0.000491924 0.000260168
29.9378 1.71239 -0.00144901 0.00259502 -0.00131827
28.8126 2.64554 0.000248701 -0.000415458 -0.000382702
29.9377 2.64649 -0.000952602 0.00181404 -0.00172677
26.5625 3.57246 -4.6425e-05 4.83452e-05 0.000318842
27.6875 3.57656 9.9087e-05 -0.000289351 0.00074724
26.5625 4.50436 -9.20269e-05 0.000166852 9.77625e-05
27.6874 4.50956 0.000293335 -0.000514382 -0.000262966
28.8125 3.57926 0.00066925 -0.00123546 0.000144322
29.9376 3.58059 -0.000340443 0.000691454 -0.000799954
28.8124 4.51302 0.000801704 -0.0015207 0.000385609
29.9374 4.51474 -3.09737e-05 4.54336e-05 5.27742e-05
