31.0624 -9.49719 -0.000943671 0.00137127 -0.000602641
32.1875 -9.49356 -0.000909905 0.00123157 -0.000681808
31.0626 -8.56305 -0.000885235 0.00095478 -0.00176424
32.1875 -8.55976 -0.000894769 0.00107048 -0.00124248
33.3125 -9.48624 -0.00074173 0.00100271 -0.000413918
34.4376 -9.47536 -0.000171599 8.06072e-05 -0.000574839
33.3126 -8.55323 -0.000710475 0.000809423 -0.000991979
34.4376 -8.54337 -9.9945e-05 -0.00013257 -0.00104775
31.0626 -7.62894 -0.00127091 0.00151931 -0.00227519
32.1876 -7.62596 -0.000837045 0.000854765 -0.00189014
31.0628 -6.69473 -0.00105193 0.0012636 -0.00212219
32.1876 -6.69211 -0.000988097 0.00105874 -0.00232033
33.3126 -7.62005 -0.000650051 0.000556233 -0.00177713
34.4375 -7.61127 -0.000421695 0.000121009 -0.00209056
33.3126 -6.68691 -0.000582949 0.000357152 -0.00248216
34.4375 -6.67912 -0.000322229 -8.62206e-05 -0.00268578
