# x y z topography
5.62804e+06 2.8137e+06 -1.0502e+06 328.187
5.57156e+06 2.92356e+06 -1.05139e+06 368.65
5.64223e+06 2.8208e+06 -947673 587.575
5.58592e+06 2.93112e+06 -948793 614.476
5.5129e+06 3.0323e+06 -1.05217e+06 128.516
5.45254e+06 3.1401e+06 -1.05262e+06 192.151
5.5274e+06 3.04029e+06 -949533 188.75
5.46678e+06 3.1483e+06 -949918 220.869
5.65517e+06 2.82727e+06 -844924 1325.31
5.59844e+06 2.9377e+06 -845881 1032.54
5.66679e+06 2.83308e+06 -741982 1856.78
5.60991e+06 2.94373e+06 -742814 1812.75
5.54029e+06 3.0474e+06 -846621 695.77
5.47939e+06 3.15557e+06 -846934 -2.52956e+14
5.5513e+06 3.05347e+06 -743418 1344.15
5.49047e+06 3.16199e+06 -743718 -4.8611e+14
5.3901e+06 3.2467e+06 -1.05267e+06 190.442
5.32529e+06 3.35189e+06 -1.05225e+06 236.55
5.4043e+06 3.25527e+06 -949984 111.935
5.33938e+06 3.36076e+06 -949616 242.66
5.2588e+06 3.45604e+06 -1.0515e+06 455.778
5.19022e+06 3.55881e+06 -1.05033e+06 491.633
5.27274e+06 3.46521e+06 -948951 434.275
5.20419e+06 3.56839e+06 -947932 308.51
5.41635e+06 3.26254e+06 -846925 454.494
5.35149e+06 3.36839e+06 -846629 103.509
5.42736e+06 3.26918e+06 -743707 314.88
5.36222e+06 3.37515e+06 -743426 234.729
5.2844e+06 3.47287e+06 -845976 533.839
5.21547e+06 3.57613e+06 -845034 497.467
5.29529e+06 3.48003e+06 -742895 328.107
5.22601e+06 3.58335e+06 -742030 393.5
5.67669e+06 2.83804e+06 -638809 1978.43
5.61993e+06 2.949e+06 -639549 1990.7
5.68519e+06 2.8423e+06 -535473 2020.59
5.62842e+06 2.95347e+06 -536099 2011.57
5.56105e+06 3.05885e+06 -640048 1870.71
5.50031e+06 3.16767e+06 -640332 952.782
5.56943e+06 3.06347e+06 -536514 1747.28
5.5086e+06 3.17246e+06 -536749 904.588
5.69226e+06 2.84583e+06 -431996 2135.91
5.63577e+06 2.95734e+06 -432527 1912.66
5.69782e+06 2.84862e+06 -328406 1916.63
5.64143e+06 2.96033e+06 -328826 1665.73
5.57692e+06 3.0676e+06 -432875 1630.73
5.5157e+06 3.17656e+06 -433044 927.436
5.58322e+06 3.07109e+06 -329133 -6.74625e+14
5.52201e+06 3.1802e+06 -329263 946.87
5.43738e+06 3.27523e+06 -640359 399.545
5.37192e+06 3.38127e+06 -640085 262.996
5.44554e+06 3.28015e+06 -536768 363.675
5.38009e+06 3.38642e+06 -536550 284.221
5.30473e+06 3.48623e+06 -639605 404.146
5.23543e+06 3.58982e+06 -638869 416.719
5.31266e+06 3.49145e+06 -536135 409.738
5.24342e+06 3.5953e+06 -535534 424.98
5.45241e+06 3.2843e+06 -433052 540.111
5.38684e+06 3.39068e+06 -432882 502.14
5.45802e+06 3.28769e+06 -329238 906.271
5.39184e+06 3.39382e+06 -329082 -9.15394e+13
5.31927e+06 3.49581e+06 -432546 452.421
5.25012e+06 3.59991e+06 -432075 404.418
5.32421e+06 3.49907e+06 -328829 712.513
5.25531e+06 3.60347e+06 -328490 608.614
5.70189e+06 2.85065e+06 -224744 1883.52
5.64527e+06 2.96234e+06 -225029 2077.99
5.70449e+06 2.85195e+06 -121035 2105.79
5.64783e+06 2.96367e+06 -121197 2221.58
5.58752e+06 3.07346e+06 -225269 1741.81
5.52649e+06 3.18278e+06 -225377 1340.81
5.58937e+06 3.07446e+06 -121326 2363.26
5.52824e+06 3.18378e+06 -121391 2139.93
5.70553e+06 2.85247e+06 -17290.1 2272.79
5.64879e+06 2.96416e+06 -17326.3 2356.01
5.70494e+06 2.85216e+06 86462.3 2111.89
5.64806e+06 2.96376e+06 86552.5 2157.36
5.58987e+06 3.07471e+06 -17353.3 2446.25
5.52878e+06 3.18408e+06 -17376.4 2178.96
5.58922e+06 3.07433e+06 86611.7 1985.16
5.52795e+06 3.18357e+06 86632.8 1798.83
5.462e+06 3.29008e+06 -225339 1405.53
5.39543e+06 3.39608e+06 -225209 1257.43
5.46433e+06 3.29148e+06 -121380 2132.2
5.39783e+06 3.3976e+06 -121310 1754.23
5.32769e+06 3.50137e+06 -225031 997.787
5.2589e+06 3.60593e+06 -224808 726.315
5.3297e+06 3.50269e+06 -121205 1394.37
5.26103e+06 3.60741e+06 -121082 1109.13
5.46525e+06 3.29203e+06 -17382.4 2167.63
5.39908e+06 3.39839e+06 -17363.3 1797.48
5.46437e+06 3.2915e+06 86627 1613.3
5.39882e+06 3.39825e+06 86596.8 1579.52
5.33096e+06 3.50352e+06 -17343.3 1443.14
5.26218e+06 3.6082e+06 -17331.9 1199.2
5.33103e+06 3.50357e+06 86523.5 1475.61
5.26193e+06 3.60802e+06 86423.8 1275.3
5.70294e+06 2.85116e+06 190195 805.107
5.64603e+06 2.96268e+06 190413 1214.22
5.69951e+06 2.84944e+06 293876 -232.127
5.64263e+06 2.96089e+06 294219 616.995
5.58703e+06 3.07311e+06 190560 1708.92
5.52594e+06 3.1824e+06 190640 1662.42
5.58364e+06 3.07123e+06 294452 1816.32
5.52272e+06 3.18054e+06 294582 1938.37
5.69446e+06 2.84691e+06 397472 -648.443
5.63754e+06 2.95821e+06 397934 414.795
5.68789e+06 2.84363e+06 500960 -887.228
5.63093e+06 2.95473e+06 501537 320.209
5.57851e+06 3.0684e+06 398245 1803.45
5.51737e+06 3.17744e+06 398406 2177.29
5.57187e+06 3.06473e+06 501927 1543.03
5.51068e+06 3.17357e+06 502124 2176.93
5.46236e+06 3.29028e+06 190625 1298.77
5.39666e+06 3.39688e+06 190531 1316.76
5.45909e+06 3.28828e+06 294564 1675.93
5.39316e+06 3.39465e+06 294416 1377.1
5.32905e+06 3.50226e+06 190375 1241.98
5.25983e+06 3.60657e+06 190161 1076.01
5.32574e+06 3.50007e+06 294187 1211.95
5.2567e+06 3.60442e+06 293871 1302.56
5.45381e+06 3.28508e+06 398387 2064.18
5.3882e+06 3.39151e+06 398217 1456.44
5.44712e+06 3.28104e+06 502103 2163.44
5.38161e+06 3.38734e+06 501899 1794.72
5.32103e+06 3.49695e+06 397929 1422.84
5.25169e+06 3.60098e+06 397468 1391.18
5.31443e+06 3.49259e+06 501535 1662.49
5.2447e+06 3.59616e+06 500930 1668.48
