31.0624 -9.49719 3.72851e-05 -6.19296e-05 2.42639e-07
32.1875 -9.49356 5.42916e-05 -6.82677e-05 5.47728e-05
31.0626 -8.56305 0.000111109 -0.000132517 0.000188603
32.1875 -8.55976 -1.81936e-05 8.34499e-05 0.000195099
33.3125 -9.48624 -2.33058e-05 9.76749e-05 0.000177877
34.4376 -9.47536 0.000218713 -0.000355458 -0.00011742
33.3126 -8.55323 9.56955e-05 -0.000141545 3.61409e-05
34.4376 -8.54337 0.000205262 -0.000306148 -5.04268e-05
31.0626 -7.62894 7.07364e-05 -0.000146959 -0.000113158
32.1876 -7.62596 0.000210076 -0.000414725 -0.000362641
31.0628 -6.69473 -4.42998e-05 4.22636e-05 -0.000126785
32.1876 -6.69211 -2.71848e-05 3.07014e-05 -5.57738e-05
33.3126 -7.62005 7.96455e-05 -0.000102188 8.26394e-05
34.4375 -7.61127 -3.29124e-05 2.22405e-05 -0.000113405
33.3126 -6.68691 4.44874e-05 -7.14737e-05 -1.4414e-05
34.4375 -6.67912 7.27826e-05 -0.000110952 -2.7931e-05
