26.5626 1.70863 3.87273e-05 -0.000170372 0.00146886
27.6877 1.71054 0.00029388 -0.000612752 0.000885444
26.5625 2.64056 0.000124239 -0.000329342 0.000773053
27.6876 2.64356 0.00057155 -0.00113993 0.000451499
28.8127 1.71178 0.000114458 -0.00023285 0.000406886
29.9378 1.71239 5.14694e-06 -1.07219e-05 4.36861e-05
28.8126 2.64554 0.000515751 -0.000937122 -6.35022e-05
29.9377 2.64649 8.20893e-05 -9.17278e-05 -0.000502738
26.5625 3.57246 0.000184455 -0.000423808 0.000385059
27.6875 3.57656 0.00073363 -0.00143362 0.000230156
26.5625 4.50436 0.000219142 -0.000453105 8.32114e-05
27.6874 4.50956 0.000804313 -0.00154047 4.45608e-05
28.8125 3.57926 0.00080088 -0.00147785 0.00011912
29.9376 3.58059 0.00040951 -0.000685276 -0.000213631
28.8124 4.51302 0.000956226 -0.0017641 0.000124956
29.9374 4.51474 0.000563761 -0.000978483 -6.62909e-06
