26.5626 -5.74768 -0.000155853 7.57166e-05 -0.0010555
27.6878 -5.75423 -0.000349957 0.000495632 -0.000809669
26.5626 -4.81554 -0.000135614 9.92032e-05 -0.000915642
27.6879 -4.82103 -0.000321005 0.000544182 -0.000385301
28.8129 -5.75858 -0.000564728 0.000909702 -0.000550962
29.938 -5.7607 -0.000399332 0.000628785 -0.0003851
28.813 -4.82466 -0.000470508 0.000860317 2.28276e-05
29.9381 -4.82643 -0.000399211 0.000686488 -0.000105646
26.5627 -3.88335 -8.45886e-05 5.47126e-05 -0.000750604
27.688 -3.88776 -0.000376855 0.000709407 -0.000140198
26.5627 -2.95118 -4.87155e-05 2.01795e-05 -0.000668064
27.6881 -2.95459 -0.000390357 0.000712633 -0.000501113
28.8131 -3.89068 -0.000513742 0.000971175 0.000252708
29.9382 -3.89213 -0.000349475 0.000602081 -7.07309e-05
28.8133 -2.95682 -0.000369213 0.000665019 -0.000148447
29.9383 -2.9579 -0.000112092 0.000117667 -0.00056681
