26.5624 -9.47563 -0.000158628 0.000206142 -0.000305389
27.6874 -9.4864 5.74415e-05 -0.000104697 1.07183e-05
26.5625 -8.54376 -8.37629e-05 -2.35737e-06 -0.000529136
27.6874 -8.55349 -0.000227862 0.000218101 -0.000704341
28.8124 -9.49362 3.06692e-05 -8.01402e-05 -7.00183e-05
29.9374 -9.49722 -2.60262e-05 8.54042e-06 -0.000110815
28.8125 -8.55988 -0.000206408 0.000295073 -0.000258856
29.9375 -8.5631 -5.1014e-05 6.10096e-05 -8.82491e-05
26.5625 -7.61174 -0.000212064 0.000126135 -0.000963987
27.6876 -7.62042 -0.00024723 0.000262133 -0.000738089
26.5625 -6.67974 -0.000113545 -4.41622e-05 -0.00105548
27.6877 -6.68735 -0.00039651 0.000485425 -0.00107792
28.8127 -7.62618 -0.00035585 0.000460155 -0.00073927
29.9376 -7.629 -0.000250127 0.000358539 -0.000263301
28.8128 -6.69241 -0.000364212 0.000494567 -0.00072128
29.9378 -6.69485 -0.000265224 0.000366396 -0.000397321
