31.0628 1.71227 -2.53282e-05 4.07128e-05 2.33332e-05
32.188 1.71144 -0.000136897 0.000220052 -2.52685e-05
31.0627 2.64638 -0.00024095 0.000436396 -0.000457003
32.1878 2.64521 -0.000166929 0.000280678 -0.000159104
33.313 1.71 -2.41425e-05 3.45167e-05 4.11318e-05
34.4377 1.7079 1.20325e-05 -1.65039e-05 -2.44757e-05
33.3129 2.64301 3.49193e-05 -4.57845e-05 -8.99476e-05
34.4376 2.63984 2.3664e-05 -2.49246e-05 -0.000143042
31.0625 3.58049 -0.00014675 0.000306421 -0.000490718
32.1876 3.579 -0.00016167 0.00029495 -0.00029157
31.0624 4.5147 -7.48795e-06 4.66442e-05 -0.000217463
32.1874 4.51291 -0.000305912 0.000525532 -0.000229644
33.3127 3.57611 -2.66541e-06 2.69818e-05 -0.000199427
34.4376 3.57175 -0.000117121 0.000253948 -0.000609059
33.3125 4.50934 -4.33015e-05 0.000121167 -0.000331262
34.4375 4.50404 4.58819e-05 3.86288e-06 -0.000458004
