26.5628 -2.01914 2.4535e-05 -0.000124405 -0.000930813
27.6881 -2.02153 -0.000242635 0.000379274 -0.00114948
26.5627 -1.08723 3.98862e-05 -0.000103136 -0.000500785
27.688 -1.08859 -0.000147953 0.000257502 -0.000661845
28.8133 -2.02314 -0.000473473 0.000792939 -0.00142794
29.9383 -2.02397 -0.000313748 0.000417014 -0.00171239
28.8131 -1.0896 -0.000358236 0.000657918 -0.00111511
29.9382 -1.09011 -0.000447146 0.000755607 -0.00113531
26.5627 -0.155302 5.16018e-05 -0.000104047 3.255e-05
27.6879 -0.155617 -8.92119e-05 0.000171198 -2.09024e-05
26.5626 0.776652 5.05818e-05 -0.000139614 0.00111772
27.6877 0.77743 5.18731e-05 -0.000132028 0.00086741
28.8131 -0.155849 -0.000108967 0.000202323 0.000166875
29.9379 -0.156046 -0.000375451 0.000652413 -0.00029673
28.8128 0.7779 -0.000249071 0.000432498 0.000612031
29.9379 0.778066 -8.73573e-05 0.000126375 0.000482697
