31.063 -2.02397 -0.000293864 0.000393393 -0.00139724
32.1878 -2.02315 -0.000101849 0.000104091 -0.000783768
31.063 -1.09009 -0.00034898 0.000540897 -0.000987651
32.1878 -1.08962 -0.000220746 0.000320947 -0.000587757
33.313 -2.02156 -0.000213699 0.000294924 -0.000612559
34.4377 -2.0192 -6.56403e-05 7.77443e-05 -0.000318215
33.313 -1.08876 -0.000360972 0.000547188 -0.000481153
34.4379 -1.08742 -2.29124e-05 2.81849e-05 -0.000211879
31.0629 -0.156099 -0.000266741 0.000441 8.55771e-05
32.1879 -0.155941 -0.000410465 0.000639343 -0.000146048
31.0629 0.778016 -0.000114928 0.000181654 0.000255901
32.188 0.777724 -0.000135415 0.000206064 0.000285644
33.313 -0.155772 -0.000267105 0.000406161 -1.4656e-05
34.4378 -0.155639 -0.000287681 0.000430713 -0.000375473
33.313 0.77707 -0.000103032 0.000153618 0.000111905
34.4378 0.776072 9.36532e-06 -2.98429e-06 -0.000377339
