31.0628 -5.76061 -0.000223791 0.000343475 -0.000134309
32.1877 -5.75829 -4.18799e-06 7.21095e-07 -3.1191e-05
31.0629 -4.82634 -0.000149641 0.000221068 -0.000162121
32.1878 -4.8244 -2.80147e-05 2.75202e-05 -0.000106745
33.3127 -5.75376 4.45516e-05 -7.45126e-05 -3.39633e-05
34.4375 -5.747 2.48772e-05 -3.59932e-05 9.89349e-07
33.3127 -4.8206 3.07811e-05 -6.14634e-05 -9.56903e-05
34.4376 -4.81493 7.50113e-05 -0.000126523 -0.000102755
31.063 -3.8921 -0.00017381 0.000271841 -0.000114538
32.1879 -3.89061 -4.93553e-05 7.48944e-05 -2.82029e-05
31.063 -2.95794 -0.000228913 0.000294228 -0.000761421
32.1878 -2.95687 -8.24033e-05 9.23819e-05 -0.000438708
33.3128 -3.88757 3.53478e-05 -5.95844e-05 -4.67135e-05
34.4377 -3.88298 -1.32931e-05 2.29062e-05 2.43815e-05
33.3129 -2.95457 1.02717e-05 -4.58571e-05 -0.000359192
34.4377 -2.95108 1.59946e-05 -4.72792e-05 -0.000260971
