26.5626 1.70863 -1.34415e-05 2.40164e-05 4.77334e-05
27.6877 1.71054 -8.88296e-06 1.63086e-05 1.15637e-05
26.5625 2.64056 -1.90282e-05 3.75133e-05 6.77135e-06
27.6876 2.64356 -1.58948e-05 2.73251e-05 3.03546e-05
28.8127 1.71178 -3.71611e-05 5.99717e-05 0.00014479
29.9378 1.71239 6.07874e-05 -0.000111999 0.00014763
28.8126 2.64554 8.90849e-05 -0.000153783 -9.24692e-05
29.9377 2.64649 -2.42819e-05 7.2685e-05 -0.000285048
26.5625 3.57246 -1.87031e-05 3.75364e-05 -4.49775e-07
27.6875 3.57656 -1.40528e-05 2.21479e-05 3.42627e-05
26.5625 4.50436 -1.56317e-05 3.93781e-05 -4.58642e-05
27.6874 4.50956 -9.05752e-06 2.04094e-05 -1.81672e-05
28.8125 3.57926 0.000208699 -0.000397099 0.000119224
29.9376 3.58059 0.000177513 -0.000289722 -0.00014685
28.8124 4.51302 0.000305095 -0.000579684 0.00013975
29.9374 4.51474 0.000270854 -0.000475348 2.88229e-05
