31.0624 -9.49719 3.09945e-06 1.30442e-07 1.58002e-05
32.1875 -9.49356 -1.27407e-05 3.86039e-05 5.76275e-05
31.0626 -8.56305 0.000108447 -0.00010779 0.000256592
32.1875 -8.55976 -8.5691e-05 0.000196347 0.000223506
33.3125 -9.48624 -9.92454e-05 0.000220551 0.000193941
34.4376 -9.47536 0.000218318 -0.000360038 -0.000132592
33.3126 -8.55323 3.43365e-05 -4.76258e-05 2.53243e-05
34.4376 -8.54337 0.000195431 -0.000296264 -6.78606e-05
31.0626 -7.62894 0.000101367 -0.000185854 -5.91647e-05
32.1876 -7.62596 0.000182122 -0.000380603 -0.00040481
31.0628 -6.69473 3.75628e-05 -7.23499e-05 -4.11363e-05
32.1876 -6.69211 -5.5482e-05 7.773e-05 -4.74964e-05
33.3126 -7.62005 1.95587e-05 -1.34981e-05 6.75172e-05
34.4375 -7.61127 -7.32516e-05 7.33006e-05 -0.00014693
33.3126 -6.68691 -1.29613e-05 1.31717e-05 -3.08671e-05
34.4375 -6.67912 4.52011e-05 -7.49313e-05 -4.58798e-05
