26.5628 -2.01914 3.88494e-05 -0.000159237 -0.001006
27.6881 -2.02153 -0.000163909 0.000229431 -0.00111544
26.5627 -1.08723 4.35689e-05 -0.000124311 -0.000804316
27.688 -1.08859 -0.000116236 0.000188308 -0.000853026
28.8133 -2.02314 -0.000360642 0.00060427 -0.00108394
29.9383 -2.02397 -0.000204642 0.000272353 -0.0011114
28.8131 -1.0896 -0.000281165 0.000514296 -0.00112292
29.9382 -1.09011 -0.000329665 0.000555325 -0.000992061
26.5627 -0.155302 4.47799e-05 -9.29342e-05 -0.000488988
27.6879 -0.155617 -8.49161e-05 0.000161842 -0.000375757
26.5626 0.776652 4.16693e-05 -8.26422e-05 -3.66126e-05
27.6877 0.77743 -1.87788e-05 3.26155e-05 8.75813e-05
28.8131 -0.155849 -4.87113e-05 8.90372e-05 -2.23815e-05
29.9379 -0.156046 -0.000281851 0.000486823 -0.000456569
28.8128 0.7779 -0.000216527 0.000388627 0.000250449
29.9379 0.778066 6.51431e-06 -2.38338e-05 0.000253139
