26.5626 -5.74768 -4.97673e-05 -3.81175e-05 -0.000616772
27.6878 -5.75423 -0.000127677 0.00015135 -0.000430134
26.5626 -4.81554 -4.57549e-05 -1.12615e-05 -0.00054564
27.6879 -4.82103 -0.000109968 0.00017731 -0.000181927
28.8129 -5.75858 -0.000137612 0.000213993 -0.000171016
29.938 -5.7607 2.67236e-05 -8.58674e-05 -0.000188842
28.813 -4.82466 -0.000102034 0.000158549 -0.000155382
29.9381 -4.82643 -1.24051e-05 -1.10459e-05 -0.000192432
26.5627 -3.88335 -3.36667e-05 -9.93354e-06 -0.000505478
27.688 -3.88776 -0.000168925 0.000324443 -2.40451e-05
26.5627 -2.95118 -2.32822e-05 -1.91615e-05 -0.000567653
27.6881 -2.95459 -0.000231798 0.000414767 -0.000378312
28.8131 -3.89068 -0.000244606 0.000462475 0.000120754
29.9382 -3.89213 -0.000139195 0.000241526 -1.66357e-05
28.8133 -2.95682 -0.000194937 0.00038061 0.00016293
29.9383 -2.9579 1.49842e-05 -7.26157e-06 0.000139779
