31.0628 1.71227 1.16694e-05 -2.72907e-05 0.00017518
32.188 1.71144 -7.37581e-05 0.000120086 -3.80858e-05
31.0627 2.64638 -0.000183633 0.000315912 -0.000174123
32.1878 2.64521 -5.98796e-05 9.82107e-05 -2.90227e-05
33.313 1.71 -1.38784e-05 1.92949e-05 3.37168e-05
34.4377 1.7079 5.62845e-06 -1.28761e-05 7.59844e-05
33.3129 2.64301 -2.20043e-05 2.61606e-05 8.82907e-05
34.4376 2.63984 -3.85281e-05 4.29195e-05 0.000200664
31.0625 3.58049 -0.000158715 0.000307619 -0.000351021
32.1876 3.579 -0.000111952 0.000184213 -4.18713e-05
31.0624 4.5147 -0.000143949 0.000255448 -0.000117444
32.1874 4.51291 -0.000362821 0.000582224 -1.32453e-05
33.3127 3.57611 -0.00010364 0.000145986 0.00011921
34.4376 3.57175 -0.000230294 0.00037149 -0.000259127
33.3125 4.50934 -0.000120186 0.000204089 -0.000119723
34.4375 4.50404 1.30228e-06 5.22699e-05 -0.000355288
