31.063 -2.02397 -9.30884e-05 0.000106754 -0.000719325
32.1878 -2.02315 0.00014111 -0.000231308 -0.000204565
31.063 -1.09009 -0.000196382 0.000296432 -0.00077463
32.1878 -1.08962 3.2155e-05 -5.74165e-05 -0.000238247
33.313 -2.02156 -8.20808e-05 0.00011769 -0.000167654
34.4377 -2.0192 -3.11362e-05 4.39626e-05 -3.24752e-05
33.313 -1.08876 -0.000139175 0.000211263 -0.000171415
34.4379 -1.08742 2.88672e-05 -4.22812e-05 4.05963e-05
31.0629 -0.156099 -0.000177639 0.000293132 -0.000111278
32.1879 -0.155941 -0.000246188 0.000378737 -0.000329292
31.0629 0.778016 -8.0476e-05 0.000136055 -3.31401e-05
32.188 0.777724 -7.11675e-05 0.000112602 7.87993e-06
33.313 -0.155772 -7.434e-05 0.000113152 -6.64081e-07
34.4378 -0.155639 -0.00025363 0.00038108 -0.000258952
33.313 0.77707 -1.63444e-05 2.48782e-05 2.48663e-07
34.4378 0.776072 3.50795e-05 -4.21618e-05 -0.000356925
