31.0628 -5.76061 -9.8112e-05 0.000148896 -6.76479e-05
32.1877 -5.75829 -7.40852e-06 9.68385e-06 -1.09675e-05
31.0629 -4.82634 -5.81065e-06 -3.60184e-06 -8.11578e-05
32.1878 -4.8244 -1.22529e-05 1.41572e-05 -3.34637e-05
33.3127 -5.75376 -6.78677e-06 3.5137e-06 -3.78221e-05
34.4375 -5.747 -5.73819e-06 7.97773e-06 -2.04289e-06
33.3127 -4.8206 -9.52329e-06 7.03541e-06 -4.87181e-05
34.4376 -4.81493 5.6415e-05 -9.48325e-05 -7.51716e-05
31.063 -3.8921 -3.55109e-05 8.19523e-05 0.000170439
32.1879 -3.89061 -6.40641e-06 3.35415e-05 0.000180585
31.063 -2.95794 -7.12988e-05 0.000116438 -6.10219e-06
32.1878 -2.95687 3.79839e-05 -5.88912e-05 7.04072e-06
33.3128 -3.88757 1.79063e-05 -1.45354e-05 0.000101313
34.4377 -3.88298 -3.01618e-05 6.38999e-05 0.000148875
33.3129 -2.95457 3.88227e-05 -6.4896e-05 -5.84241e-05
34.4377 -2.95108 2.58159e-05 -4.22542e-05 -4.35881e-05
