26.5624 -9.47563 -0.0001337 0.000209055 -0.000162702
27.6874 -9.4864 0.000135662 -0.000194702 0.000166128
26.5625 -8.54376 9.23313e-06 -2.60485e-05 -2.21748e-05
27.6874 -8.55349 -0.000105255 0.000120774 -0.000259555
28.8124 -9.49362 9.66145e-05 -0.000167466 2.57371e-05
29.9374 -9.49722 -1.00398e-05 -4.61656e-06 -6.63857e-05
28.8125 -8.55988 -8.48375e-05 0.000172031 4.79538e-05
29.9375 -8.5631 1.4175e-05 -1.20792e-05 4.03587e-05
26.5625 -7.61174 -7.14208e-05 0.000128807 -4.2073e-05
27.6876 -7.62042 -8.42738e-07 4.72403e-05 0.000158283
26.5625 -6.67974 1.02073e-05 -0.00010379 -0.000328307
27.6877 -6.68735 -0.000102637 0.00012121 -0.000296361
28.8127 -7.62618 -0.000103782 0.000134042 -0.000216193
29.9376 -7.629 -0.000133801 0.000209953 -6.92822e-05
28.8128 -6.69241 -1.19345e-05 -3.08363e-06 -0.000104395
29.9378 -6.69485 -1.55658e-05 6.24044e-06 -8.6897e-05
