# 1: Time step number
# 2: Time (years)
# 3: Number of mesh cells
# 4: Number of Stokes degrees of freedom
# 5: Number of temperature degrees of freedom
# 6: Iterations for temperature solver
# 7: Iterations for Stokes solver
# 8: Time step size (years)
# 9: Visualization file name
# 10: RMS velocity (m/year)
# 11: Max. velocity (m/year)
 0 0.0000e+00 128 4356 1377 0 70 0.0000e+00                              "" 0.00000000e+00 0.00000000e+00 
 0 0.0000e+00   0    0    0 0  0 0.0000e+00                              "" 0.00000000e+00 0.00000000e+00 
 0 0.0000e+00   0    0    0 0  0 0.0000e+00                              "" 0.00000000e+00 0.00000000e+00 
 0 0.0000e+00   0    0    0 0  0 0.0000e+00                              "" 0.00000000e+00 0.00000000e+00 
 0 0.0000e+00   0    0    0 0  0 0.0000e+00                              "" 0.00000000e+00 0.00000000e+00 
 0 0.0000e+00   0    0    0 0  0 0.0000e+00                              "" 0.00000000e+00 0.00000000e+00 
 0 0.0000e+00   0    0    0 0  0 0.0000e+00                              "" 0.00000000e+00 0.00000000e+00 
 0 0.0000e+00   0    0    0 0  0 0.0000e+00                              "" 0.00000000e+00 0.00000000e+00 
 0 0.0000e+00   0    0    0 0  0 0.0000e+00                              "" 0.00000000e+00 0.00000000e+00 
 0 0.0000e+00   0    0    0 0  0 0.0000e+00                              "" 0.00000000e+00 0.00000000e+00 
 0 0.0000e+00   0    0    0 0  0 0.0000e+00                              "" 0.00000000e+00 0.00000000e+00 
 0 0.0000e+00   0    0    0 0  0 0.0000e+00                              "" 0.00000000e+00 0.00000000e+00 
 0 0.0000e+00   0    0    0 0  0 0.0000e+00                              "" 0.00000000e+00 0.00000000e+00 
 0 0.0000e+00   0    0    0 0  0 0.0000e+00                              "" 0.00000000e+00 0.00000000e+00 
 1 1.0000e+02 128 4356 1377 1  0 1.0000e+02 africa_region_t2/solution-00000 1.00666919e-04 3.84589361e-04 
 0 0.0000e+00   0    0    0 0  0 0.0000e+00                              "" 0.00000000e+00 0.00000000e+00 
 0 0.0000e+00   0    0    0 0  0 0.0000e+00                              "" 0.00000000e+00 0.00000000e+00 
 0 0.0000e+00   0    0    0 0  0 0.0000e+00                              "" 0.00000000e+00 0.00000000e+00 
 0 0.0000e+00   0    0    0 0  0 0.0000e+00                              "" 0.00000000e+00 0.00000000e+00 
 0 0.0000e+00   0    0    0 0  0 0.0000e+00                              "" 0.00000000e+00 0.00000000e+00 
 0 0.0000e+00   0    0    0 0  0 0.0000e+00                              "" 0.00000000e+00 0.00000000e+00 
 0 0.0000e+00   0    0    0 0  0 0.0000e+00                              "" 0.00000000e+00 0.00000000e+00 
 0 0.0000e+00   0    0    0 0  0 0.0000e+00                              "" 0.00000000e+00 0.00000000e+00 
 0 0.0000e+00   0    0    0 0  0 0.0000e+00                              "" 0.00000000e+00 0.00000000e+00 
 0 0.0000e+00   0    0    0 0  0 0.0000e+00                              "" 0.00000000e+00 0.00000000e+00 
 0 0.0000e+00   0    0    0 0  0 0.0000e+00                              "" 0.00000000e+00 0.00000000e+00 
 0 0.0000e+00   0    0    0 0  0 0.0000e+00                              "" 0.00000000e+00 0.00000000e+00 
 0 0.0000e+00   0    0    0 0  0 0.0000e+00                              "" 0.00000000e+00 0.00000000e+00 
 0 0.0000e+00   0    0    0 0  0 0.0000e+00                              "" 0.00000000e+00 0.00000000e+00 
 2 2.0000e+02 128 4356 1377 0  0 1.0000e+02 africa_region_t2/solution-00001 1.00666919e-04 3.84589361e-04 
 0 0.0000e+00   0    0    0 0  0 0.0000e+00                              "" 0.00000000e+00 0.00000000e+00 
 0 0.0000e+00   0    0    0 0  0 0.0000e+00                              "" 0.00000000e+00 0.00000000e+00 
 0 0.0000e+00   0    0    0 0  0 0.0000e+00                              "" 0.00000000e+00 0.00000000e+00 
 0 0.0000e+00   0    0    0 0  0 0.0000e+00                              "" 0.00000000e+00 0.00000000e+00 
 0 0.0000e+00   0    0    0 0  0 0.0000e+00                              "" 0.00000000e+00 0.00000000e+00 
 0 0.0000e+00   0    0    0 0  0 0.0000e+00                              "" 0.00000000e+00 0.00000000e+00 
 0 0.0000e+00   0    0    0 0  0 0.0000e+00                              "" 0.00000000e+00 0.00000000e+00 
 0 0.0000e+00   0    0    0 0  0 0.0000e+00                              "" 0.00000000e+00 0.00000000e+00 
 0 0.0000e+00   0    0    0 0  0 0.0000e+00                              "" 0.00000000e+00 0.00000000e+00 
 0 0.0000e+00   0    0    0 0  0 0.0000e+00                              "" 0.00000000e+00 0.00000000e+00 
 0 0.0000e+00   0    0    0 0  0 0.0000e+00                              "" 0.00000000e+00 0.00000000e+00 
 0 0.0000e+00   0    0    0 0  0 0.0000e+00                              "" 0.00000000e+00 0.00000000e+00 
 0 0.0000e+00   0    0    0 0  0 0.0000e+00                              "" 0.00000000e+00 0.00000000e+00 
 0 0.0000e+00   0    0    0 0  0 0.0000e+00                              "" 0.00000000e+00 0.00000000e+00 
 3 3.0000e+02 128 4356 1377 0  0 1.0000e+02 africa_region_t2/solution-00002 1.00666919e-04 3.84589361e-04 
 0 0.0000e+00   0    0    0 0  0 0.0000e+00                              "" 0.00000000e+00 0.00000000e+00 
 0 0.0000e+00   0    0    0 0  0 0.0000e+00                              "" 0.00000000e+00 0.00000000e+00 
 0 0.0000e+00   0    0    0 0  0 0.0000e+00                              "" 0.00000000e+00 0.00000000e+00 
 0 0.0000e+00   0    0    0 0  0 0.0000e+00                              "" 0.00000000e+00 0.00000000e+00 
 0 0.0000e+00   0    0    0 0  0 0.0000e+00                              "" 0.00000000e+00 0.00000000e+00 
 0 0.0000e+00   0    0    0 0  0 0.0000e+00                              "" 0.00000000e+00 0.00000000e+00 
 0 0.0000e+00   0    0    0 0  0 0.0000e+00                              "" 0.00000000e+00 0.00000000e+00 
 0 0.0000e+00   0    0    0 0  0 0.0000e+00                              "" 0.00000000e+00 0.00000000e+00 
 0 0.0000e+00   0    0    0 0  0 0.0000e+00                              "" 0.00000000e+00 0.00000000e+00 
 0 0.0000e+00   0    0    0 0  0 0.0000e+00                              "" 0.00000000e+00 0.00000000e+00 
 0 0.0000e+00   0    0    0 0  0 0.0000e+00                              "" 0.00000000e+00 0.00000000e+00 
 0 0.0000e+00   0    0    0 0  0 0.0000e+00                              "" 0.00000000e+00 0.00000000e+00 
 0 0.0000e+00   0    0    0 0  0 0.0000e+00                              "" 0.00000000e+00 0.00000000e+00 
 0 0.0000e+00   0    0    0 0  0 0.0000e+00                              "" 0.00000000e+00 0.00000000e+00 
 4 4.0000e+02 128 4356 1377 0  0 1.0000e+02 africa_region_t2/solution-00003 1.00666919e-04 3.84589361e-04 
 0 0.0000e+00   0    0    0 0  0 0.0000e+00                              "" 0.00000000e+00 0.00000000e+00 
 0 0.0000e+00   0    0    0 0  0 0.0000e+00                              "" 0.00000000e+00 0.00000000e+00 
 0 0.0000e+00   0    0    0 0  0 0.0000e+00                              "" 0.00000000e+00 0.00000000e+00 
 0 0.0000e+00   0    0    0 0  0 0.0000e+00                              "" 0.00000000e+00 0.00000000e+00 
 0 0.0000e+00   0    0    0 0  0 0.0000e+00                              "" 0.00000000e+00 0.00000000e+00 
 0 0.0000e+00   0    0    0 0  0 0.0000e+00                              "" 0.00000000e+00 0.00000000e+00 
 0 0.0000e+00   0    0    0 0  0 0.0000e+00                              "" 0.00000000e+00 0.00000000e+00 
 0 0.0000e+00   0    0    0 0  0 0.0000e+00                              "" 0.00000000e+00 0.00000000e+00 
 0 0.0000e+00   0    0    0 0  0 0.0000e+00                              "" 0.00000000e+00 0.00000000e+00 
 0 0.0000e+00   0    0    0 0  0 0.0000e+00                              "" 0.00000000e+00 0.00000000e+00 
 0 0.0000e+00   0    0    0 0  0 0.0000e+00                              "" 0.00000000e+00 0.00000000e+00 
 0 0.0000e+00   0    0    0 0  0 0.0000e+00                              "" 0.00000000e+00 0.00000000e+00 
 0 0.0000e+00   0    0    0 0  0 0.0000e+00                              "" 0.00000000e+00 0.00000000e+00 
 0 0.0000e+00   0    0    0 0  0 0.0000e+00                              "" 0.00000000e+00 0.00000000e+00 
 5 5.0000e+02 128 4356 1377 0  0 1.0000e+02 africa_region_t2/solution-00004 1.00666919e-04 3.84589361e-04 
 0 0.0000e+00   0    0    0 0  0 0.0000e+00                              "" 0.00000000e+00 0.00000000e+00 
 0 0.0000e+00   0    0    0 0  0 0.0000e+00                              "" 0.00000000e+00 0.00000000e+00 
 0 0.0000e+00   0    0    0 0  0 0.0000e+00                              "" 0.00000000e+00 0.00000000e+00 
 0 0.0000e+00   0    0    0 0  0 0.0000e+00                              "" 0.00000000e+00 0.00000000e+00 
 0 0.0000e+00   0    0    0 0  0 0.0000e+00                              "" 0.00000000e+00 0.00000000e+00 
 0 0.0000e+00   0    0    0 0  0 0.0000e+00                              "" 0.00000000e+00 0.00000000e+00 
 0 0.0000e+00   0    0    0 0  0 0.0000e+00                              "" 0.00000000e+00 0.00000000e+00 
 0 0.0000e+00   0    0    0 0  0 0.0000e+00                              "" 0.00000000e+00 0.00000000e+00 
 0 0.0000e+00   0    0    0 0  0 0.0000e+00                              "" 0.00000000e+00 0.00000000e+00 
 0 0.0000e+00   0    0    0 0  0 0.0000e+00                              "" 0.00000000e+00 0.00000000e+00 
 0 0.0000e+00   0    0    0 0  0 0.0000e+00                              "" 0.00000000e+00 0.00000000e+00 
 0 0.0000e+00   0    0    0 0  0 0.0000e+00                              "" 0.00000000e+00 0.00000000e+00 
 0 0.0000e+00   0    0    0 0  0 0.0000e+00                              "" 0.00000000e+00 0.00000000e+00 
 0 0.0000e+00   0    0    0 0  0 0.0000e+00                              "" 0.00000000e+00 0.00000000e+00 
 6 6.0000e+02 128 4356 1377 0  0 1.0000e+02 africa_region_t2/solution-00005 1.00666919e-04 3.84589361e-04 
 0 0.0000e+00   0    0    0 0  0 0.0000e+00                              "" 0.00000000e+00 0.00000000e+00 
 0 0.0000e+00   0    0    0 0  0 0.0000e+00                              "" 0.00000000e+00 0.00000000e+00 
 0 0.0000e+00   0    0    0 0  0 0.0000e+00                              "" 0.00000000e+00 0.00000000e+00 
 0 0.0000e+00   0    0    0 0  0 0.0000e+00                              "" 0.00000000e+00 0.00000000e+00 
 0 0.0000e+00   0    0    0 0  0 0.0000e+00                              "" 0.00000000e+00 0.00000000e+00 
 0 0.0000e+00   0    0    0 0  0 0.0000e+00                              "" 0.00000000e+00 0.00000000e+00 
 0 0.0000e+00   0    0    0 0  0 0.0000e+00                              "" 0.00000000e+00 0.00000000e+00 
 0 0.0000e+00   0    0    0 0  0 0.0000e+00                              "" 0.00000000e+00 0.00000000e+00 
 0 0.0000e+00   0    0    0 0  0 0.0000e+00                              "" 0.00000000e+00 0.00000000e+00 
 0 0.0000e+00   0    0    0 0  0 0.0000e+00                              "" 0.00000000e+00 0.00000000e+00 
 0 0.0000e+00   0    0    0 0  0 0.0000e+00                              "" 0.00000000e+00 0.00000000e+00 
 0 0.0000e+00   0    0    0 0  0 0.0000e+00                              "" 0.00000000e+00 0.00000000e+00 
 0 0.0000e+00   0    0    0 0  0 0.0000e+00                              "" 0.00000000e+00 0.00000000e+00 
 0 0.0000e+00   0    0    0 0  0 0.0000e+00                              "" 0.00000000e+00 0.00000000e+00 
 7 7.0000e+02 128 4356 1377 0  0 1.0000e+02 africa_region_t2/solution-00006 1.00666919e-04 3.84589361e-04 
 0 0.0000e+00   0    0    0 0  0 0.0000e+00                              "" 0.00000000e+00 0.00000000e+00 
 0 0.0000e+00   0    0    0 0  0 0.0000e+00                              "" 0.00000000e+00 0.00000000e+00 
 0 0.0000e+00   0    0    0 0  0 0.0000e+00                              "" 0.00000000e+00 0.00000000e+00 
 0 0.0000e+00   0    0    0 0  0 0.0000e+00                              "" 0.00000000e+00 0.00000000e+00 
 0 0.0000e+00   0    0    0 0  0 0.0000e+00                              "" 0.00000000e+00 0.00000000e+00 
 0 0.0000e+00   0    0    0 0  0 0.0000e+00                              "" 0.00000000e+00 0.00000000e+00 
 0 0.0000e+00   0    0    0 0  0 0.0000e+00                              "" 0.00000000e+00 0.00000000e+00 
 0 0.0000e+00   0    0    0 0  0 0.0000e+00                              "" 0.00000000e+00 0.00000000e+00 
 0 0.0000e+00   0    0    0 0  0 0.0000e+00                              "" 0.00000000e+00 0.00000000e+00 
 0 0.0000e+00   0    0    0 0  0 0.0000e+00                              "" 0.00000000e+00 0.00000000e+00 
 0 0.0000e+00   0    0    0 0  0 0.0000e+00                              "" 0.00000000e+00 0.00000000e+00 
 0 0.0000e+00   0    0    0 0  0 0.0000e+00                              "" 0.00000000e+00 0.00000000e+00 
 0 0.0000e+00   0    0    0 0  0 0.0000e+00                              "" 0.00000000e+00 0.00000000e+00 
 0 0.0000e+00   0    0    0 0  0 0.0000e+00                              "" 0.00000000e+00 0.00000000e+00 
 8 8.0000e+02 128 4356 1377 0  0 1.0000e+02 africa_region_t2/solution-00007 1.00666919e-04 3.84589361e-04 
 0 0.0000e+00   0    0    0 0  0 0.0000e+00                              "" 0.00000000e+00 0.00000000e+00 
 0 0.0000e+00   0    0    0 0  0 0.0000e+00                              "" 0.00000000e+00 0.00000000e+00 
 0 0.0000e+00   0    0    0 0  0 0.0000e+00                              "" 0.00000000e+00 0.00000000e+00 
 0 0.0000e+00   0    0    0 0  0 0.0000e+00                              "" 0.00000000e+00 0.00000000e+00 
 0 0.0000e+00   0    0    0 0  0 0.0000e+00                              "" 0.00000000e+00 0.00000000e+00 
 0 0.0000e+00   0    0    0 0  0 0.0000e+00                              "" 0.00000000e+00 0.00000000e+00 
 0 0.0000e+00   0    0    0 0  0 0.0000e+00                              "" 0.00000000e+00 0.00000000e+00 
 0 0.0000e+00   0    0    0 0  0 0.0000e+00                              "" 0.00000000e+00 0.00000000e+00 
 0 0.0000e+00   0    0    0 0  0 0.0000e+00                              "" 0.00000000e+00 0.00000000e+00 
 0 0.0000e+00   0    0    0 0  0 0.0000e+00                              "" 0.00000000e+00 0.00000000e+00 
 0 0.0000e+00   0    0    0 0  0 0.0000e+00                              "" 0.00000000e+00 0.00000000e+00 
 0 0.0000e+00   0    0    0 0  0 0.0000e+00                              "" 0.00000000e+00 0.00000000e+00 
 0 0.0000e+00   0    0    0 0  0 0.0000e+00                              "" 0.00000000e+00 0.00000000e+00 
 0 0.0000e+00   0    0    0 0  0 0.0000e+00                              "" 0.00000000e+00 0.00000000e+00 
 9 9.0000e+02 128 4356 1377 0  0 1.0000e+02 africa_region_t2/solution-00008 1.00666919e-04 3.84589361e-04 
 0 0.0000e+00   0    0    0 0  0 0.0000e+00                              "" 0.00000000e+00 0.00000000e+00 
 0 0.0000e+00   0    0    0 0  0 0.0000e+00                              "" 0.00000000e+00 0.00000000e+00 
 0 0.0000e+00   0    0    0 0  0 0.0000e+00                              "" 0.00000000e+00 0.00000000e+00 
 0 0.0000e+00   0    0    0 0  0 0.0000e+00                              "" 0.00000000e+00 0.00000000e+00 
 0 0.0000e+00   0    0    0 0  0 0.0000e+00                              "" 0.00000000e+00 0.00000000e+00 
 0 0.0000e+00   0    0    0 0  0 0.0000e+00                              "" 0.00000000e+00 0.00000000e+00 
 0 0.0000e+00   0    0    0 0  0 0.0000e+00                              "" 0.00000000e+00 0.00000000e+00 
 0 0.0000e+00   0    0    0 0  0 0.0000e+00                              "" 0.00000000e+00 0.00000000e+00 
 0 0.0000e+00   0    0    0 0  0 0.0000e+00                              "" 0.00000000e+00 0.00000000e+00 
 0 0.0000e+00   0    0    0 0  0 0.0000e+00                              "" 0.00000000e+00 0.00000000e+00 
 0 0.0000e+00   0    0    0 0  0 0.0000e+00                              "" 0.00000000e+00 0.00000000e+00 
 0 0.0000e+00   0    0    0 0  0 0.0000e+00                              "" 0.00000000e+00 0.00000000e+00 
 0 0.0000e+00   0    0    0 0  0 0.0000e+00                              "" 0.00000000e+00 0.00000000e+00 
 0 0.0000e+00   0    0    0 0  0 0.0000e+00                              "" 0.00000000e+00 0.00000000e+00 
10 1.0000e+03 128 4356 1377 0  0 1.0000e+02 africa_region_t2/solution-00009 1.00666919e-04 3.84589361e-04 
 0 0.0000e+00   0    0    0 0  0 0.0000e+00                              "" 0.00000000e+00 0.00000000e+00 
 0 0.0000e+00   0    0    0 0  0 0.0000e+00                              "" 0.00000000e+00 0.00000000e+00 
 0 0.0000e+00   0    0    0 0  0 0.0000e+00                              "" 0.00000000e+00 0.00000000e+00 
 0 0.0000e+00   0    0    0 0  0 0.0000e+00                              "" 0.00000000e+00 0.00000000e+00 
 0 0.0000e+00   0    0    0 0  0 0.0000e+00                              "" 0.00000000e+00 0.00000000e+00 
 0 0.0000e+00   0    0    0 0  0 0.0000e+00                              "" 0.00000000e+00 0.00000000e+00 
 0 0.0000e+00   0    0    0 0  0 0.0000e+00                              "" 0.00000000e+00 0.00000000e+00 
 0 0.0000e+00   0    0    0 0  0 0.0000e+00                              "" 0.00000000e+00 0.00000000e+00 
 0 0.0000e+00   0    0    0 0  0 0.0000e+00                              "" 0.00000000e+00 0.00000000e+00 
 0 0.0000e+00   0    0    0 0  0 0.0000e+00                              "" 0.00000000e+00 0.00000000e+00 
 0 0.0000e+00   0    0    0 0  0 0.0000e+00                              "" 0.00000000e+00 0.00000000e+00 
 0 0.0000e+00   0    0    0 0  0 0.0000e+00                              "" 0.00000000e+00 0.00000000e+00 
 0 0.0000e+00   0    0    0 0  0 0.0000e+00                              "" 0.00000000e+00 0.00000000e+00 
 0 0.0000e+00   0    0    0 0  0 0.0000e+00                              "" 0.00000000e+00 0.00000000e+00 
11 1.1000e+03 128 4356 1377 0  0 1.0000e+02 africa_region_t2/solution-00010 1.00666919e-04 3.84589361e-04 
 0 0.0000e+00   0    0    0 0  0 0.0000e+00                              "" 0.00000000e+00 0.00000000e+00 
 0 0.0000e+00   0    0    0 0  0 0.0000e+00                              "" 0.00000000e+00 0.00000000e+00 
 0 0.0000e+00   0    0    0 0  0 0.0000e+00                              "" 0.00000000e+00 0.00000000e+00 
 0 0.0000e+00   0    0    0 0  0 0.0000e+00                              "" 0.00000000e+00 0.00000000e+00 
 0 0.0000e+00   0    0    0 0  0 0.0000e+00                              "" 0.00000000e+00 0.00000000e+00 
 0 0.0000e+00   0    0    0 0  0 0.0000e+00                              "" 0.00000000e+00 0.00000000e+00 
 0 0.0000e+00   0    0    0 0  0 0.0000e+00                              "" 0.00000000e+00 0.00000000e+00 
 0 0.0000e+00   0    0    0 0  0 0.0000e+00                              "" 0.00000000e+00 0.00000000e+00 
 0 0.0000e+00   0    0    0 0  0 0.0000e+00                              "" 0.00000000e+00 0.00000000e+00 
 0 0.0000e+00   0    0    0 0  0 0.0000e+00                              "" 0.00000000e+00 0.00000000e+00 
 0 0.0000e+00   0    0    0 0  0 0.0000e+00                              "" 0.00000000e+00 0.00000000e+00 
 0 0.0000e+00   0    0    0 0  0 0.0000e+00                              "" 0.00000000e+00 0.00000000e+00 
 0 0.0000e+00   0    0    0 0  0 0.0000e+00                              "" 0.00000000e+00 0.00000000e+00 
 0 0.0000e+00   0    0    0 0  0 0.0000e+00                              "" 0.00000000e+00 0.00000000e+00 
12 1.2000e+03 128 4356 1377 0  0 1.0000e+02 africa_region_t2/solution-00011 1.00666919e-04 3.84589361e-04 
 0 0.0000e+00   0    0    0 0  0 0.0000e+00                              "" 0.00000000e+00 0.00000000e+00 
 0 0.0000e+00   0    0    0 0  0 0.0000e+00                              "" 0.00000000e+00 0.00000000e+00 
 0 0.0000e+00   0    0    0 0  0 0.0000e+00                              "" 0.00000000e+00 0.00000000e+00 
 0 0.0000e+00   0    0    0 0  0 0.0000e+00                              "" 0.00000000e+00 0.00000000e+00 
 0 0.0000e+00   0    0    0 0  0 0.0000e+00                              "" 0.00000000e+00 0.00000000e+00 
 0 0.0000e+00   0    0    0 0  0 0.0000e+00                              "" 0.00000000e+00 0.00000000e+00 
 0 0.0000e+00   0    0    0 0  0 0.0000e+00                              "" 0.00000000e+00 0.00000000e+00 
 0 0.0000e+00   0    0    0 0  0 0.0000e+00                              "" 0.00000000e+00 0.00000000e+00 
 0 0.0000e+00   0    0    0 0  0 0.0000e+00                              "" 0.00000000e+00 0.00000000e+00 
 0 0.0000e+00   0    0    0 0  0 0.0000e+00                              "" 0.00000000e+00 0.00000000e+00 
 0 0.0000e+00   0    0    0 0  0 0.0000e+00                              "" 0.00000000e+00 0.00000000e+00 
 0 0.0000e+00   0    0    0 0  0 0.0000e+00                              "" 0.00000000e+00 0.00000000e+00 
 0 0.0000e+00   0    0    0 0  0 0.0000e+00                              "" 0.00000000e+00 0.00000000e+00 
 0 0.0000e+00   0    0    0 0  0 0.0000e+00                              "" 0.00000000e+00 0.00000000e+00 
13 1.3000e+03 128 4356 1377 0  0 1.0000e+02 africa_region_t2/solution-00012 1.00666919e-04 3.84589361e-04 
 0 0.0000e+00   0    0    0 0  0 0.0000e+00                              "" 0.00000000e+00 0.00000000e+00 
 0 0.0000e+00   0    0    0 0  0 0.0000e+00                              "" 0.00000000e+00 0.00000000e+00 
 0 0.0000e+00   0    0    0 0  0 0.0000e+00                              "" 0.00000000e+00 0.00000000e+00 
 0 0.0000e+00   0    0    0 0  0 0.0000e+00                              "" 0.00000000e+00 0.00000000e+00 
 0 0.0000e+00   0    0    0 0  0 0.0000e+00                              "" 0.00000000e+00 0.00000000e+00 
 0 0.0000e+00   0    0    0 0  0 0.0000e+00                              "" 0.00000000e+00 0.00000000e+00 
 0 0.0000e+00   0    0    0 0  0 0.0000e+00                              "" 0.00000000e+00 0.00000000e+00 
 0 0.0000e+00   0    0    0 0  0 0.0000e+00                              "" 0.00000000e+00 0.00000000e+00 
 0 0.0000e+00   0    0    0 0  0 0.0000e+00                              "" 0.00000000e+00 0.00000000e+00 
 0 0.0000e+00   0    0    0 0  0 0.0000e+00                              "" 0.00000000e+00 0.00000000e+00 
 0 0.0000e+00   0    0    0 0  0 0.0000e+00                              "" 0.00000000e+00 0.00000000e+00 
 0 0.0000e+00   0    0    0 0  0 0.0000e+00                              "" 0.00000000e+00 0.00000000e+00 
 0 0.0000e+00   0    0    0 0  0 0.0000e+00                              "" 0.00000000e+00 0.00000000e+00 
 0 0.0000e+00   0    0    0 0  0 0.0000e+00                              "" 0.00000000e+00 0.00000000e+00 
14 1.4000e+03 128 4356 1377 0  0 1.0000e+02 africa_region_t2/solution-00013 1.00666919e-04 3.84589361e-04 
 0 0.0000e+00   0    0    0 0  0 0.0000e+00                              "" 0.00000000e+00 0.00000000e+00 
 0 0.0000e+00   0    0    0 0  0 0.0000e+00                              "" 0.00000000e+00 0.00000000e+00 
 0 0.0000e+00   0    0    0 0  0 0.0000e+00                              "" 0.00000000e+00 0.00000000e+00 
 0 0.0000e+00   0    0    0 0  0 0.0000e+00                              "" 0.00000000e+00 0.00000000e+00 
 0 0.0000e+00   0    0    0 0  0 0.0000e+00                              "" 0.00000000e+00 0.00000000e+00 
 0 0.0000e+00   0    0    0 0  0 0.0000e+00                              "" 0.00000000e+00 0.00000000e+00 
 0 0.0000e+00   0    0    0 0  0 0.0000e+00                              "" 0.00000000e+00 0.00000000e+00 
 0 0.0000e+00   0    0    0 0  0 0.0000e+00                              "" 0.00000000e+00 0.00000000e+00 
 0 0.0000e+00   0    0    0 0  0 0.0000e+00                              "" 0.00000000e+00 0.00000000e+00 
 0 0.0000e+00   0    0    0 0  0 0.0000e+00                              "" 0.00000000e+00 0.00000000e+00 
 0 0.0000e+00   0    0    0 0  0 0.0000e+00                              "" 0.00000000e+00 0.00000000e+00 
 0 0.0000e+00   0    0    0 0  0 0.0000e+00                              "" 0.00000000e+00 0.00000000e+00 
 0 0.0000e+00   0    0    0 0  0 0.0000e+00                              "" 0.00000000e+00 0.00000000e+00 
 0 0.0000e+00   0    0    0 0  0 0.0000e+00                              "" 0.00000000e+00 0.00000000e+00 
15 1.5000e+03 128 4356 1377 0  0 1.0000e+02 africa_region_t2/solution-00014 1.00666919e-04 3.84589361e-04 
 0 0.0000e+00   0    0    0 0  0 0.0000e+00                              "" 0.00000000e+00 0.00000000e+00 
 0 0.0000e+00   0    0    0 0  0 0.0000e+00                              "" 0.00000000e+00 0.00000000e+00 
 0 0.0000e+00   0    0    0 0  0 0.0000e+00                              "" 0.00000000e+00 0.00000000e+00 
 0 0.0000e+00   0    0    0 0  0 0.0000e+00                              "" 0.00000000e+00 0.00000000e+00 
 0 0.0000e+00   0    0    0 0  0 0.0000e+00                              "" 0.00000000e+00 0.00000000e+00 
 0 0.0000e+00   0    0    0 0  0 0.0000e+00                              "" 0.00000000e+00 0.00000000e+00 
 0 0.0000e+00   0    0    0 0  0 0.0000e+00                              "" 0.00000000e+00 0.00000000e+00 
 0 0.0000e+00   0    0    0 0  0 0.0000e+00                              "" 0.00000000e+00 0.00000000e+00 
 0 0.0000e+00   0    0    0 0  0 0.0000e+00                              "" 0.00000000e+00 0.00000000e+00 
 0 0.0000e+00   0    0    0 0  0 0.0000e+00                              "" 0.00000000e+00 0.00000000e+00 
 0 0.0000e+00   0    0    0 0  0 0.0000e+00                              "" 0.00000000e+00 0.00000000e+00 
 0 0.0000e+00   0    0    0 0  0 0.0000e+00                              "" 0.00000000e+00 0.00000000e+00 
 0 0.0000e+00   0    0    0 0  0 0.0000e+00                              "" 0.00000000e+00 0.00000000e+00 
 0 0.0000e+00   0    0    0 0  0 0.0000e+00                              "" 0.00000000e+00 0.00000000e+00 
16 1.6000e+03 128 4356 1377 0  0 1.0000e+02 africa_region_t2/solution-00015 1.00666919e-04 3.84589361e-04 
 0 0.0000e+00   0    0    0 0  0 0.0000e+00                              "" 0.00000000e+00 0.00000000e+00 
 0 0.0000e+00   0    0    0 0  0 0.0000e+00                              "" 0.00000000e+00 0.00000000e+00 
 0 0.0000e+00   0    0    0 0  0 0.0000e+00                              "" 0.00000000e+00 0.00000000e+00 
 0 0.0000e+00   0    0    0 0  0 0.0000e+00                              "" 0.00000000e+00 0.00000000e+00 
 0 0.0000e+00   0    0    0 0  0 0.0000e+00                              "" 0.00000000e+00 0.00000000e+00 
 0 0.0000e+00   0    0    0 0  0 0.0000e+00                              "" 0.00000000e+00 0.00000000e+00 
 0 0.0000e+00   0    0    0 0  0 0.0000e+00                              "" 0.00000000e+00 0.00000000e+00 
 0 0.0000e+00   0    0    0 0  0 0.0000e+00                              "" 0.00000000e+00 0.00000000e+00 
 0 0.0000e+00   0    0    0 0  0 0.0000e+00                              "" 0.00000000e+00 0.00000000e+00 
 0 0.0000e+00   0    0    0 0  0 0.0000e+00                              "" 0.00000000e+00 0.00000000e+00 
 0 0.0000e+00   0    0    0 0  0 0.0000e+00                              "" 0.00000000e+00 0.00000000e+00 
 0 0.0000e+00   0    0    0 0  0 0.0000e+00                              "" 0.00000000e+00 0.00000000e+00 
 0 0.0000e+00   0    0    0 0  0 0.0000e+00                              "" 0.00000000e+00 0.00000000e+00 
 0 0.0000e+00   0    0    0 0  0 0.0000e+00                              "" 0.00000000e+00 0.00000000e+00 
17 1.7000e+03 128 4356 1377 0  0 1.0000e+02 africa_region_t2/solution-00016 1.00666919e-04 3.84589361e-04 
 0 0.0000e+00   0    0    0 0  0 0.0000e+00                              "" 0.00000000e+00 0.00000000e+00 
 0 0.0000e+00   0    0    0 0  0 0.0000e+00                              "" 0.00000000e+00 0.00000000e+00 
 0 0.0000e+00   0    0    0 0  0 0.0000e+00                              "" 0.00000000e+00 0.00000000e+00 
 0 0.0000e+00   0    0    0 0  0 0.0000e+00                              "" 0.00000000e+00 0.00000000e+00 
 0 0.0000e+00   0    0    0 0  0 0.0000e+00                              "" 0.00000000e+00 0.00000000e+00 
 0 0.0000e+00   0    0    0 0  0 0.0000e+00                              "" 0.00000000e+00 0.00000000e+00 
 0 0.0000e+00   0    0    0 0  0 0.0000e+00                              "" 0.00000000e+00 0.00000000e+00 
 0 0.0000e+00   0    0    0 0  0 0.0000e+00                              "" 0.00000000e+00 0.00000000e+00 
 0 0.0000e+00   0    0    0 0  0 0.0000e+00                              "" 0.00000000e+00 0.00000000e+00 
 0 0.0000e+00   0    0    0 0  0 0.0000e+00                              "" 0.00000000e+00 0.00000000e+00 
 0 0.0000e+00   0    0    0 0  0 0.0000e+00                              "" 0.00000000e+00 0.00000000e+00 
 0 0.0000e+00   0    0    0 0  0 0.0000e+00                              "" 0.00000000e+00 0.00000000e+00 
 0 0.0000e+00   0    0    0 0  0 0.0000e+00                              "" 0.00000000e+00 0.00000000e+00 
 0 0.0000e+00   0    0    0 0  0 0.0000e+00                              "" 0.00000000e+00 0.00000000e+00 
18 1.8000e+03 128 4356 1377 0  0 1.0000e+02 africa_region_t2/solution-00017 1.00666919e-04 3.84589361e-04 
 0 0.0000e+00   0    0    0 0  0 0.0000e+00                              "" 0.00000000e+00 0.00000000e+00 
 0 0.0000e+00   0    0    0 0  0 0.0000e+00                              "" 0.00000000e+00 0.00000000e+00 
 0 0.0000e+00   0    0    0 0  0 0.0000e+00                              "" 0.00000000e+00 0.00000000e+00 
 0 0.0000e+00   0    0    0 0  0 0.0000e+00                              "" 0.00000000e+00 0.00000000e+00 
 0 0.0000e+00   0    0    0 0  0 0.0000e+00                              "" 0.00000000e+00 0.00000000e+00 
 0 0.0000e+00   0    0    0 0  0 0.0000e+00                              "" 0.00000000e+00 0.00000000e+00 
 0 0.0000e+00   0    0    0 0  0 0.0000e+00                              "" 0.00000000e+00 0.00000000e+00 
 0 0.0000e+00   0    0    0 0  0 0.0000e+00                              "" 0.00000000e+00 0.00000000e+00 
 0 0.0000e+00   0    0    0 0  0 0.0000e+00                              "" 0.00000000e+00 0.00000000e+00 
 0 0.0000e+00   0    0    0 0  0 0.0000e+00                              "" 0.00000000e+00 0.00000000e+00 
 0 0.0000e+00   0    0    0 0  0 0.0000e+00                              "" 0.00000000e+00 0.00000000e+00 
 0 0.0000e+00   0    0    0 0  0 0.0000e+00                              "" 0.00000000e+00 0.00000000e+00 
 0 0.0000e+00   0    0    0 0  0 0.0000e+00                              "" 0.00000000e+00 0.00000000e+00 
 0 0.0000e+00   0    0    0 0  0 0.0000e+00                              "" 0.00000000e+00 0.00000000e+00 
19 1.9000e+03 128 4356 1377 0  0 1.0000e+02 africa_region_t2/solution-00018 1.00666919e-04 3.84589361e-04 
 0 0.0000e+00   0    0    0 0  0 0.0000e+00                              "" 0.00000000e+00 0.00000000e+00 
 0 0.0000e+00   0    0    0 0  0 0.0000e+00                              "" 0.00000000e+00 0.00000000e+00 
 0 0.0000e+00   0    0    0 0  0 0.0000e+00                              "" 0.00000000e+00 0.00000000e+00 
 0 0.0000e+00   0    0    0 0  0 0.0000e+00                              "" 0.00000000e+00 0.00000000e+00 
 0 0.0000e+00   0    0    0 0  0 0.0000e+00                              "" 0.00000000e+00 0.00000000e+00 
 0 0.0000e+00   0    0    0 0  0 0.0000e+00                              "" 0.00000000e+00 0.00000000e+00 
 0 0.0000e+00   0    0    0 0  0 0.0000e+00                              "" 0.00000000e+00 0.00000000e+00 
 0 0.0000e+00   0    0    0 0  0 0.0000e+00                              "" 0.00000000e+00 0.00000000e+00 
 0 0.0000e+00   0    0    0 0  0 0.0000e+00                              "" 0.00000000e+00 0.00000000e+00 
 0 0.0000e+00   0    0    0 0  0 0.0000e+00                              "" 0.00000000e+00 0.00000000e+00 
 0 0.0000e+00   0    0    0 0  0 0.0000e+00                              "" 0.00000000e+00 0.00000000e+00 
 0 0.0000e+00   0    0    0 0  0 0.0000e+00                              "" 0.00000000e+00 0.00000000e+00 
 0 0.0000e+00   0    0    0 0  0 0.0000e+00                              "" 0.00000000e+00 0.00000000e+00 
 0 0.0000e+00   0    0    0 0  0 0.0000e+00                              "" 0.00000000e+00 0.00000000e+00 
20 2.0000e+03 128 4356 1377 0  0 1.0000e+02 africa_region_t2/solution-00019 1.00666919e-04 3.84589361e-04 
 0 0.0000e+00   0    0    0 0  0 0.0000e+00                              "" 0.00000000e+00 0.00000000e+00 
 0 0.0000e+00   0    0    0 0  0 0.0000e+00                              "" 0.00000000e+00 0.00000000e+00 
 0 0.0000e+00   0    0    0 0  0 0.0000e+00                              "" 0.00000000e+00 0.00000000e+00 
 0 0.0000e+00   0    0    0 0  0 0.0000e+00                              "" 0.00000000e+00 0.00000000e+00 
 0 0.0000e+00   0    0    0 0  0 0.0000e+00                              "" 0.00000000e+00 0.00000000e+00 
 0 0.0000e+00   0    0    0 0  0 0.0000e+00                              "" 0.00000000e+00 0.00000000e+00 
 0 0.0000e+00   0    0    0 0  0 0.0000e+00                              "" 0.00000000e+00 0.00000000e+00 
 0 0.0000e+00   0    0    0 0  0 0.0000e+00                              "" 0.00000000e+00 0.00000000e+00 
 0 0.0000e+00   0    0    0 0  0 0.0000e+00                              "" 0.00000000e+00 0.00000000e+00 
 0 0.0000e+00   0    0    0 0  0 0.0000e+00                              "" 0.00000000e+00 0.00000000e+00 
 0 0.0000e+00   0    0    0 0  0 0.0000e+00                              "" 0.00000000e+00 0.00000000e+00 
 0 0.0000e+00   0    0    0 0  0 0.0000e+00                              "" 0.00000000e+00 0.00000000e+00 
 0 0.0000e+00   0    0    0 0  0 0.0000e+00                              "" 0.00000000e+00 0.00000000e+00 
 0 0.0000e+00   0    0    0 0  0 0.0000e+00                              "" 0.00000000e+00 0.00000000e+00 
21 2.1000e+03 128 4356 1377 0  0 1.0000e+02 africa_region_t2/solution-00020 1.00666919e-04 3.84589361e-04 
 0 0.0000e+00   0    0    0 0  0 0.0000e+00                              "" 0.00000000e+00 0.00000000e+00 
 0 0.0000e+00   0    0    0 0  0 0.0000e+00                              "" 0.00000000e+00 0.00000000e+00 
 0 0.0000e+00   0    0    0 0  0 0.0000e+00                              "" 0.00000000e+00 0.00000000e+00 
 0 0.0000e+00   0    0    0 0  0 0.0000e+00                              "" 0.00000000e+00 0.00000000e+00 
 0 0.0000e+00   0    0    0 0  0 0.0000e+00                              "" 0.00000000e+00 0.00000000e+00 
 0 0.0000e+00   0    0    0 0  0 0.0000e+00                              "" 0.00000000e+00 0.00000000e+00 
 0 0.0000e+00   0    0    0 0  0 0.0000e+00                              "" 0.00000000e+00 0.00000000e+00 
 0 0.0000e+00   0    0    0 0  0 0.0000e+00                              "" 0.00000000e+00 0.00000000e+00 
 0 0.0000e+00   0    0    0 0  0 0.0000e+00                              "" 0.00000000e+00 0.00000000e+00 
 0 0.0000e+00   0    0    0 0  0 0.0000e+00                              "" 0.00000000e+00 0.00000000e+00 
 0 0.0000e+00   0    0    0 0  0 0.0000e+00                              "" 0.00000000e+00 0.00000000e+00 
 0 0.0000e+00   0    0    0 0  0 0.0000e+00                              "" 0.00000000e+00 0.00000000e+00 
 0 0.0000e+00   0    0    0 0  0 0.0000e+00                              "" 0.00000000e+00 0.00000000e+00 
 0 0.0000e+00   0    0    0 0  0 0.0000e+00                              "" 0.00000000e+00 0.00000000e+00 
 0 0.0000e+00   0    0    0 0  0 1.0000e+02 africa_region_t2/solution-00021 1.00666919e-04 3.84589361e-04 
