27.125 -9.01527 7.79655e-10 -2.26934e-09 -2.14779e-09
29.375 -9.0289 2.67254e-09 -5.5658e-09 -2.52501e-09
27.125 -7.15015 1.71239e-10 -1.69888e-09 -4.9597e-09
29.3752 -7.16093 2.93418e-09 -6.99055e-09 -6.94173e-09
31.625 -9.02886 4.75501e-09 -9.1275e-09 -4.63926e-09
33.8751 -9.01502 2.67386e-09 -5.75804e-09 -6.23664e-09
31.6252 -7.16074 4.6229e-09 -1.02077e-08 -1.1272e-08
33.875 -7.14969 1.91288e-09 -5.87133e-09 -1.34283e-08
27.1252 -5.28489 2.52262e-10 -2.36771e-09 -9.24327e-09
29.3755 -5.29285 3.50297e-09 -8.68893e-09 -1.3057e-08
27.1255 -3.41937 5.74861e-10 -2.85619e-09 -1.32321e-08
29.3756 -3.42455 4.10605e-09 -9.52762e-09 -1.83071e-08
31.6253 -5.29267 4.88989e-09 -1.10085e-08 -1.73656e-08
33.8751 -5.2843 2.3069e-09 -6.3879e-09 -1.77878e-08
31.6255 -3.42456 6.32122e-09 -1.27163e-08 -2.14816e-08
33.8753 -3.41924 2.24314e-09 -5.94995e-09 -2.43366e-08
27.1254 -1.5542 1.64852e-09 -4.16557e-09 -1.59235e-08
29.3757 -1.55676 6.04785e-09 -1.17832e-08 -1.87589e-08
27.1252 0.310799 3.22592e-09 -6.1003e-09 -1.6545e-08
29.3755 0.311001 9.34526e-09 -1.64229e-08 -1.61679e-08
31.6254 -1.55679 7.05239e-09 -1.26018e-08 -2.21816e-08
33.8754 -1.55428 4.63073e-09 -7.92814e-09 -2.11683e-08
31.6255 0.310937 9.6574e-09 -1.5475e-08 -2.0024e-08
33.8754 0.310449 5.5404e-09 -7.99903e-09 -2.60884e-08
27.1251 2.17593 4.18193e-09 -7.02819e-09 -1.3622e-08
29.3753 2.17917 9.70274e-09 -1.61715e-08 -1.37345e-08
27.125 4.04093 4.25271e-09 -7.43343e-09 -5.60298e-09
29.375 4.04708 9.77216e-09 -1.63999e-08 -6.65998e-09
31.6252 2.17894 9.84985e-09 -1.48813e-08 -1.53472e-08
33.8753 2.17529 5.22899e-09 -6.50989e-09 -1.87671e-08
31.625 4.04696 1.12765e-08 -1.74666e-08 -6.26413e-09
33.875 4.04047 4.19786e-09 -5.52446e-09 -5.7486e-09
