# x y z topography
5.64363e+06 2.76975e+06 -1.08814e+06 1858.75
5.62973e+06 2.79729e+06 -1.08849e+06 1922.28
5.6474e+06 2.7716e+06 -1.06256e+06 1937.29
5.63402e+06 2.79943e+06 -1.063e+06 2073.93
5.61545e+06 2.82464e+06 -1.08876e+06 2074.47
5.60134e+06 2.85208e+06 -1.08907e+06 2178.81
5.61966e+06 2.82676e+06 -1.06325e+06 2140.62
5.6053e+06 2.8541e+06 -1.0635e+06 2249.58
5.65077e+06 2.77326e+06 -1.03691e+06 2010.33
5.63777e+06 2.8013e+06 -1.03741e+06 2161.13
5.6541e+06 2.77489e+06 -1.01124e+06 2117.39
5.64092e+06 2.80286e+06 -1.0117e+06 2148.41
5.62378e+06 2.82884e+06 -1.03772e+06 2255.78
5.60929e+06 2.85614e+06 -1.03794e+06 2356.85
5.62756e+06 2.83075e+06 -1.01212e+06 2167.95
5.61358e+06 2.85832e+06 -1.01243e+06 2527.87
5.58727e+06 2.87954e+06 -1.08939e+06 2233.31
5.57365e+06 2.90724e+06 -1.08979e+06 2153.94
5.59121e+06 2.88158e+06 -1.06381e+06 2215.86
5.57764e+06 2.90932e+06 -1.06422e+06 2296.16
5.5597e+06 2.93476e+06 -1.09014e+06 2325.46
5.54464e+06 2.9617e+06 -1.09026e+06 2214.47
5.5636e+06 2.93682e+06 -1.06453e+06 2371.95
5.54848e+06 2.96376e+06 -1.06464e+06 2322.83
5.59504e+06 2.88355e+06 -1.03821e+06 2285.97
5.58141e+06 2.91129e+06 -1.0386e+06 2279.37
5.59907e+06 2.88563e+06 -1.01265e+06 2360.18
5.58513e+06 2.91323e+06 -1.01297e+06 2391.37
5.56749e+06 2.93888e+06 -1.03893e+06 2354.04
5.55237e+06 2.96584e+06 -1.03904e+06 2478.99
5.57129e+06 2.94089e+06 -1.01332e+06 2421.02
5.55623e+06 2.9679e+06 -1.01343e+06 2552.71
5.65754e+06 2.77658e+06 -985601 2266.21
5.64402e+06 2.80441e+06 -985990 2277.21
5.66128e+06 2.77841e+06 -960011 2363.23
5.6474e+06 2.80608e+06 -960330 2362.67
5.63097e+06 2.83247e+06 -986461 2148.78
5.61763e+06 2.86039e+06 -986881 2539.18
5.6341e+06 2.83405e+06 -960750 2204.03
5.62101e+06 2.86212e+06 -961203 2432.7
5.66485e+06 2.78016e+06 -934393 2327.08
5.65082e+06 2.80778e+06 -934679 2435.27
5.66812e+06 2.78177e+06 -908723 2388.59
5.65421e+06 2.80947e+06 -909022 2485.87
5.63714e+06 2.83558e+06 -935025 2365.64
5.624e+06 2.86364e+06 -935461 2429.27
5.64029e+06 2.83716e+06 -909318 2584.98
5.62669e+06 2.86501e+06 -909669 2481.34
5.60326e+06 2.88779e+06 -987117 2523.41
5.58882e+06 2.91516e+06 -987344 2411.3
5.60706e+06 2.88976e+06 -961510 2422.08
5.59247e+06 2.91707e+06 -961703 2622.89
5.57464e+06 2.94266e+06 -987616 2398.98
5.55979e+06 2.96981e+06 -987766 2566.43
5.5779e+06 2.94439e+06 -961901 2483.02
5.56309e+06 2.97158e+06 -962057 2505.85
5.61033e+06 2.89145e+06 -935807 2610.64
5.59593e+06 2.91888e+06 -936027 2580.73
5.61314e+06 2.8929e+06 -910026 2491.68
5.5992e+06 2.92059e+06 -910318 2597.44
5.58128e+06 2.94618e+06 -936207 2614.52
5.56638e+06 2.97334e+06 -936345 2430.67
5.58453e+06 2.9479e+06 -910490 2550
5.56956e+06 2.97505e+06 -910616 2161.47
5.52954e+06 2.98862e+06 -1.09037e+06 2166.72
5.51483e+06 3.01575e+06 -1.09056e+06 2019.81
5.53341e+06 2.99072e+06 -1.06476e+06 2241.3
5.51866e+06 3.01784e+06 -1.06494e+06 2155.02
5.50027e+06 3.04296e+06 -1.09078e+06 2031.96
5.48542e+06 3.07e+06 -1.09095e+06 2007.98
5.50413e+06 3.04509e+06 -1.06517e+06 2086.15
5.4893e+06 3.07218e+06 -1.06533e+06 2096.99
5.53722e+06 2.99278e+06 -1.03914e+06 2373.96
5.52242e+06 3.01991e+06 -1.03931e+06 2297.56
5.54094e+06 2.9948e+06 -1.01351e+06 2501.66
5.52609e+06 3.02191e+06 -1.01366e+06 2393.88
5.50775e+06 3.0471e+06 -1.03951e+06 2231.08
5.49287e+06 3.07418e+06 -1.03966e+06 2134.75
5.51125e+06 3.04904e+06 -1.01382e+06 2323.38
5.49627e+06 3.07608e+06 -1.01395e+06 2090.69
5.4703e+06 3.0969e+06 -1.09106e+06 1903.22
5.45521e+06 3.12382e+06 -1.09117e+06 1744.74
5.47403e+06 3.09902e+06 -1.06541e+06 1956.31
5.45887e+06 3.12592e+06 -1.06551e+06 1662.56
5.43995e+06 3.15064e+06 -1.09125e+06 1456.91
5.42444e+06 3.17732e+06 -1.09128e+06 1084.41
5.44367e+06 3.1528e+06 -1.0656e+06 1330.69
5.42829e+06 3.17957e+06 -1.06566e+06 947.596
5.47772e+06 3.10111e+06 -1.03976e+06 1931.57
5.46261e+06 3.12806e+06 -1.03987e+06 1599.68
5.48121e+06 3.10309e+06 -1.01407e+06 1778.88
5.46613e+06 3.13009e+06 -1.01419e+06 1360.9
5.44737e+06 3.15495e+06 -1.03995e+06 1187.68
5.43191e+06 3.1817e+06 -1.04e+06 891.679
5.45091e+06 3.157e+06 -1.01427e+06 1054.26
5.43548e+06 3.1838e+06 -1.01432e+06 732.449
5.54473e+06 2.99685e+06 -987881 2514.81
5.52982e+06 3.02395e+06 -988023 2432.63
5.54834e+06 2.9988e+06 -962222 2367.87
5.53343e+06 3.02593e+06 -962362 2315.15
5.51478e+06 3.051e+06 -988144 2217.89
5.49982e+06 3.07808e+06 -988276 1923.2
5.51826e+06 3.05293e+06 -962456 1873.11
5.50341e+06 3.08009e+06 -962604 1578.55
5.5517e+06 3.00063e+06 -936521 2085.5
5.53682e+06 3.02779e+06 -936661 1907.43
5.55491e+06 3.00236e+06 -910792 1837.9
5.54003e+06 3.02956e+06 -910932 1462.27
5.52173e+06 3.05485e+06 -936767 1471.26
5.50695e+06 3.08208e+06 -936925 1154.72
5.52509e+06 3.05672e+06 -911061 1134.9
5.5105e+06 3.08407e+06 -911247 774.062
5.48466e+06 3.10505e+06 -988374 1529.8
5.46936e+06 3.13194e+06 -988448 1190.36
5.48819e+06 3.10705e+06 -962690 1283.58
5.47273e+06 3.13387e+06 -962735 1001.05
5.45408e+06 3.15884e+06 -988524 859.141
5.43878e+06 3.18573e+06 -988597 620.857
5.45738e+06 3.16075e+06 -962801 739.657
5.44189e+06 3.18756e+06 -962841 501.054
5.49172e+06 3.10905e+06 -937007 1012.9
5.47615e+06 3.13583e+06 -937033 747.022
5.49547e+06 3.11117e+06 -911361 753.668
5.47984e+06 3.13794e+06 -911375 453.007
5.4608e+06 3.16273e+06 -937097 498.182
5.44501e+06 3.18938e+06 -937084 284.049
5.46422e+06 3.16472e+06 -911393 137.66
5.44835e+06 3.19135e+06 -911369 -135.843
5.67143e+06 2.78339e+06 -883057 2537.16
5.6576e+06 2.81115e+06 -883361 2608.69
5.67478e+06 2.78504e+06 -857396 2631.36
5.661e+06 2.81284e+06 -857701 2737.41
5.64365e+06 2.83885e+06 -883645 2748.89
5.62958e+06 2.86649e+06 -883912 2794.64
5.64694e+06 2.8405e+06 -857962 2840.57
5.63276e+06 2.86811e+06 -858206 2912.01
5.67792e+06 2.78658e+06 -831704 2748.62
5.66411e+06 2.81439e+06 -831997 2772.43
5.68096e+06 2.78807e+06 -805997 2942.14
5.66706e+06 2.81585e+06 -806268 2992.75
5.65004e+06 2.84206e+06 -832249 2956.6
5.63589e+06 2.8697e+06 -832490 3037.45
5.6532e+06 2.84366e+06 -806545 3227.83
5.63903e+06 2.8713e+06 -806777 3231.67
5.6158e+06 2.89427e+06 -884224 2694.66
5.60207e+06 2.92209e+06 -884546 2532.75
5.61876e+06 2.8958e+06 -858476 2837.59
5.60468e+06 2.92346e+06 -858735 2502.28
5.58747e+06 2.94946e+06 -884728 2384.64
5.57256e+06 2.97665e+06 -884859 1927.65
5.59024e+06 2.95092e+06 -858937 2121.1
5.57562e+06 2.97829e+06 -859111 1650.37
5.6218e+06 2.89737e+06 -832741 2954.7
5.6075e+06 2.92493e+06 -832960 2523.3
5.62473e+06 2.89888e+06 -806989 3055.32
5.61041e+06 2.92645e+06 -807199 2584.77
5.59309e+06 2.95243e+06 -833161 2016.32
5.57859e+06 2.97988e+06 -833349 1586.02
5.59597e+06 2.95395e+06 -807392 2059.46
5.58146e+06 2.98142e+06 -807573 1740.62
5.684e+06 2.78956e+06 -780291 3094.92
5.66995e+06 2.81729e+06 -780533 3112.34
5.68675e+06 2.79091e+06 -754545 3165.04
5.67265e+06 2.81863e+06 -754772 3264.31
5.65612e+06 2.84513e+06 -780806 3247.22
5.64193e+06 2.87278e+06 -781029 3278.72
5.65869e+06 2.84642e+06 -755019 3367.74
5.64458e+06 2.87413e+06 -755244 3409.1
5.6894e+06 2.79221e+06 -728783 3279.11
5.67535e+06 2.81997e+06 -729010 3366.53
5.69198e+06 2.79348e+06 -703013 3318.25
5.67801e+06 2.8213e+06 -703243 3414.98
5.66134e+06 2.84775e+06 -729242 3483
5.64724e+06 2.87549e+06 -729463 3545.38
5.66396e+06 2.84907e+06 -703463 3528.62
5.64984e+06 2.87681e+06 -703674 3613.65
5.62757e+06 2.90035e+06 -781226 3237.2
5.61325e+06 2.92793e+06 -781430 2701.09
5.63037e+06 2.90179e+06 -755457 3348
5.61607e+06 2.92941e+06 -755658 2884.06
5.59878e+06 2.95544e+06 -781612 2252.2
5.58433e+06 2.98296e+06 -781799 1962
5.60162e+06 2.95694e+06 -755839 2490.22
5.58717e+06 2.98447e+06 -756018 2190.5
5.63314e+06 2.90322e+06 -729683 3487.93
5.61888e+06 2.93088e+06 -729884 3089.62
5.63575e+06 2.90457e+06 -703889 3567.18
5.6215e+06 2.93225e+06 -704085 3311.25
5.60442e+06 2.95842e+06 -730058 2628.21
5.58991e+06 2.98594e+06 -730225 2402.41
5.60702e+06 2.9598e+06 -704251 2798.31
5.59253e+06 2.98735e+06 -704415 2506.89
5.55797e+06 3.00402e+06 -885041 1487.29
5.54324e+06 3.03132e+06 -885201 1115.28
5.56115e+06 3.00574e+06 -859307 1301.86
5.54663e+06 3.03318e+06 -859498 863.706
5.52834e+06 3.05852e+06 -885334 833.821
5.51377e+06 3.0859e+06 -885521 271.526
5.53176e+06 3.06042e+06 -859633 540.819
5.51697e+06 3.0877e+06 -859782 -83.5988
5.56409e+06 3.00734e+06 -833539 1175.12
5.54977e+06 3.0349e+06 -833754 622.912
5.56692e+06 3.00887e+06 -807752 1273.08
5.55259e+06 3.03645e+06 -807960 364.183
5.53512e+06 3.06228e+06 -833920 -22.7568
5.52011e+06 3.08946e+06 -834031 -671.867
5.53813e+06 3.06395e+06 -808149 -440.726
5.52298e+06 3.09107e+06 -808237 -915.846
5.49911e+06 3.11324e+06 -885694 197.265
5.48361e+06 3.1401e+06 -885728 22.3584
5.50232e+06 3.11506e+06 -859951 -504.32
5.48718e+06 3.14216e+06 -860044 -666.653
5.46757e+06 3.16666e+06 -885678 -317.053
5.45149e+06 3.19319e+06 -885620 -636.663
5.47092e+06 3.1686e+06 -859959 -636.985
5.45439e+06 3.19489e+06 -859833 -986.992
5.50515e+06 3.11667e+06 -834151 -1143.86
5.49038e+06 3.14399e+06 -834297 -1270.44
5.50774e+06 3.11814e+06 -808311 -1397.99
5.49313e+06 3.14558e+06 -808479 -1606.85
5.47413e+06 3.17046e+06 -834217 -870.856
5.45729e+06 3.19659e+06 -834049 -1259.34
5.477e+06 3.17213e+06 -808421 -1154.6
5.46015e+06 3.19827e+06 -808256 -1336.48
5.56982e+06 3.01045e+06 -781976 1446.17
5.55532e+06 3.03794e+06 -782155 390.804
5.57259e+06 3.01195e+06 -756182 1776
5.55801e+06 3.03942e+06 -756346 762.572
5.54096e+06 3.06552e+06 -782353 -543.87
5.52578e+06 3.09264e+06 -782434 -928.826
5.54364e+06 3.067e+06 -756538 -374.842
5.52849e+06 3.09416e+06 -756622 -688.121
5.57535e+06 3.01344e+06 -730386 2118.75
5.56066e+06 3.04087e+06 -730531 1496.3
5.57804e+06 3.0149e+06 -704580 2356.78
5.56328e+06 3.0423e+06 -704711 2150.25
5.54607e+06 3.06835e+06 -730689 394.659
5.53107e+06 3.09561e+06 -730792 27.3063
5.5485e+06 3.0697e+06 -704840 1524.12
5.53335e+06 3.09689e+06 -704922 1031.5
5.51039e+06 3.11965e+06 -782488 -1363.31
5.49529e+06 3.14682e+06 -782583 -1695.88
5.51283e+06 3.12103e+06 -756637 -1098.21
5.49714e+06 3.14788e+06 -756647 -1385.31
5.4792e+06 3.17341e+06 -782533 -1523.78
5.46296e+06 3.19992e+06 -782458 -1364.29
5.48133e+06 3.17466e+06 -756637 -1307.41
5.46574e+06 3.20156e+06 -756657 -1227.42
5.51524e+06 3.1224e+06 -730783 -414.007
5.4995e+06 3.14924e+06 -730783 -558.569
5.51763e+06 3.12376e+06 -704929 570.112
5.50251e+06 3.15097e+06 -705009 398.934
5.4841e+06 3.17627e+06 -730830 -694.715
5.46869e+06 3.20329e+06 -730877 -649.955
5.48729e+06 3.17812e+06 -705080 363.519
5.47161e+06 3.20501e+06 -705094 191.206
5.40872e+06 3.20387e+06 -1.09127e+06 750.66
5.39282e+06 3.23032e+06 -1.09122e+06 603.622
5.41262e+06 3.20619e+06 -1.06566e+06 719.049
5.39674e+06 3.23267e+06 -1.06562e+06 565.222
5.37679e+06 3.25669e+06 -1.09115e+06 508.986
5.36067e+06 3.283e+06 -1.09105e+06 427.929
5.38079e+06 3.25911e+06 -1.06556e+06 467.72
5.3646e+06 3.28541e+06 -1.06546e+06 263.377
5.4162e+06 3.20831e+06 -1.03999e+06 708.846
5.40045e+06 3.2349e+06 -1.03998e+06 434.544
5.41967e+06 3.21037e+06 -1.0143e+06 616.586
5.40387e+06 3.23695e+06 -1.01428e+06 172.741
5.38463e+06 3.26145e+06 -1.03995e+06 244.332
5.36844e+06 3.28777e+06 -1.03985e+06 -188.553
5.38821e+06 3.26362e+06 -1.01428e+06 -216.449
5.3722e+06 3.29007e+06 -1.01422e+06 -570.404
5.34443e+06 3.30924e+06 -1.09093e+06 315.754
5.32817e+06 3.33547e+06 -1.09081e+06 228.15
5.34831e+06 3.31165e+06 -1.06534e+06 16.5769
5.33194e+06 3.33783e+06 -1.0652e+06 -111.042
5.31177e+06 3.36161e+06 -1.09066e+06 253.919
5.29524e+06 3.38767e+06 -1.09048e+06 330.462
5.31543e+06 3.36392e+06 -1.06503e+06 -86.6188
5.29896e+06 3.39005e+06 -1.06487e+06 130.942
5.35216e+06 3.31403e+06 -1.03973e+06 -529.072
5.33571e+06 3.34019e+06 -1.03958e+06 -658.575
5.3559e+06 3.31635e+06 -1.01411e+06 -791.9
5.33942e+06 3.34252e+06 -1.01396e+06 -879.209
5.31914e+06 3.36627e+06 -1.03941e+06 -667.56
5.30276e+06 3.39248e+06 -1.03928e+06 -326.6
5.32293e+06 3.36867e+06 -1.01381e+06 -896.317
5.3064e+06 3.39481e+06 -1.01365e+06 -513.979
5.42323e+06 3.21248e+06 -988624 491.722
5.40736e+06 3.23905e+06 -988594 -51.5821
5.42629e+06 3.2143e+06 -962861 40.8358
5.41039e+06 3.24087e+06 -962826 -290.655
5.39165e+06 3.26571e+06 -988592 -505.274
5.37585e+06 3.29231e+06 -988572 -665.429
5.39474e+06 3.26758e+06 -962834 -849.305
5.37927e+06 3.29441e+06 -962874 -663.888
5.42906e+06 3.21594e+06 -937043 -250.968
5.41317e+06 3.24254e+06 -937012 -557.557
5.43233e+06 3.21789e+06 -911319 -536.098
5.41665e+06 3.24463e+06 -911325 -710.161
5.39779e+06 3.26944e+06 -937071 -734.698
5.38262e+06 3.29647e+06 -937165 -510.235
5.4014e+06 3.27163e+06 -911405 -524.072
5.386e+06 3.29854e+06 -911462 -280.254
5.35954e+06 3.31861e+06 -988459 -723.612
5.343e+06 3.34476e+06 -988305 -675.921
5.36306e+06 3.32079e+06 -962784 -501.792
5.34642e+06 3.3469e+06 -962618 -413.333
5.32629e+06 3.3708e+06 -988120 -661.18
5.30965e+06 3.39689e+06 -987946 -514.996
5.32947e+06 3.37281e+06 -962395 -240.105
5.31268e+06 3.39883e+06 -962202 20.8821
5.36647e+06 3.3229e+06 -937091 -152.432
5.34952e+06 3.34884e+06 -936878 197.186
5.36996e+06 3.32506e+06 -911409 350.171
5.35266e+06 3.3508e+06 -911141 600.402
5.33247e+06 3.37471e+06 -936645 174.845
5.31562e+06 3.40071e+06 -936445 505.762
5.33528e+06 3.37649e+06 -910860 745.018
5.31875e+06 3.40271e+06 -910723 704.354
5.27841e+06 3.41353e+06 -1.09024e+06 474.125
5.26188e+06 3.43959e+06 -1.09007e+06 404.413
5.28234e+06 3.41607e+06 -1.06468e+06 412.745
5.26549e+06 3.44196e+06 -1.06444e+06 505.072
5.24519e+06 3.46554e+06 -1.08985e+06 586.733
5.22729e+06 3.4907e+06 -1.08939e+06 538.09
5.24837e+06 3.46765e+06 -1.06415e+06 624.972
5.23067e+06 3.49296e+06 -1.06373e+06 471.546
5.28621e+06 3.41858e+06 -1.03911e+06 269.254
5.26939e+06 3.44451e+06 -1.03888e+06 340.734
5.28978e+06 3.42089e+06 -1.01347e+06 90.9096
5.27321e+06 3.44701e+06 -1.0133e+06 446.836
5.25214e+06 3.47015e+06 -1.03857e+06 625.312
5.23441e+06 3.49546e+06 -1.03816e+06 360.644
5.25628e+06 3.47289e+06 -1.01306e+06 447.485
5.23924e+06 3.4987e+06 -1.0128e+06 277.554
5.20945e+06 3.51589e+06 -1.08893e+06 525.414
5.19254e+06 3.5417e+06 -1.08867e+06 424.255
5.21327e+06 3.51848e+06 -1.06338e+06 426.893
5.19708e+06 3.5448e+06 -1.06328e+06 638.52
5.17595e+06 3.56774e+06 -1.08849e+06 924.686
5.15865e+06 3.59329e+06 -1.08815e+06 1061.71
5.18057e+06 3.57092e+06 -1.06312e+06 938.581
5.16282e+06 3.59619e+06 -1.0627e+06 1213.2
5.21763e+06 3.52142e+06 -1.03794e+06 390.961
5.20156e+06 3.54785e+06 -1.03787e+06 636.666
5.22239e+06 3.52463e+06 -1.01258e+06 352.299
5.20518e+06 3.55032e+06 -1.01229e+06 673.529
5.18454e+06 3.57365e+06 -1.03762e+06 1046.57
5.15089e+06 3.60669e+06 -1.0357e+06 1378.78
5.18763e+06 3.57578e+06 -1.01194e+06 1162.12
5.15424e+06 3.60904e+06 -1.01012e+06 1549.33
5.29324e+06 3.42313e+06 -987815 189.423
5.27677e+06 3.44934e+06 -987675 322.715
5.29615e+06 3.42501e+06 -962057 375.591
5.27954e+06 3.45115e+06 -961898 360.287
5.25989e+06 3.47528e+06 -987457 410.775
5.24294e+06 3.50117e+06 -987228 237.918
5.26284e+06 3.47723e+06 -961720 492.661
5.24543e+06 3.50283e+06 -961413 231.614
5.29889e+06 3.42679e+06 -936268 533.509
5.28236e+06 3.453e+06 -936128 535.587
5.30229e+06 3.42899e+06 -910599 755.74
5.28576e+06 3.45522e+06 -910463 658.829
5.26589e+06 3.47924e+06 -935998 477.47
5.24862e+06 3.50496e+06 -935726 464.123
5.269e+06 3.4813e+06 -910289 523.002
5.25184e+06 3.50711e+06 -910042 546.533
5.22554e+06 3.52675e+06 -986908 295.408
5.20778e+06 3.55209e+06 -986519 742.598
5.22777e+06 3.52826e+06 -961057 388.755
5.21047e+06 3.55393e+06 -960764 758.662
5.19041e+06 3.5777e+06 -986205 1252.44
5.17291e+06 3.60322e+06 -985867 1676.39
5.1933e+06 3.5797e+06 -960497 1338.89
5.17605e+06 3.60541e+06 -960213 1742.75
5.23093e+06 3.53039e+06 -935375 523.161
5.21354e+06 3.55603e+06 -935079 819.333
5.23429e+06 3.53267e+06 -909729 567.526
5.21675e+06 3.55822e+06 -909417 848.883
5.19627e+06 3.58174e+06 -934802 1395.05
5.16399e+06 3.61587e+06 -933333 1838.36
5.19928e+06 3.58382e+06 -909117 1356.56
5.16699e+06 3.61797e+06 -907691 1772.38
5.4355e+06 3.21977e+06 -885578 -834.161
5.42025e+06 3.24679e+06 -885658 -907.739
5.43862e+06 3.22162e+06 -859828 -1088.18
5.42355e+06 3.24877e+06 -859938 -919.152
5.40509e+06 3.27386e+06 -885754 -444.842
5.38924e+06 3.30053e+06 -885738 -61.8686
5.40832e+06 3.27582e+06 -860022 -506.028
5.39187e+06 3.30214e+06 -859914 301.1
5.44178e+06 3.2235e+06 -834085 -1241.56
5.42658e+06 3.25059e+06 -834173 -936.627
5.44473e+06 3.22525e+06 -808306 -1341.59
5.42942e+06 3.25229e+06 -808375 -944.761
5.41106e+06 3.27748e+06 -834211 -433.89
5.39426e+06 3.3036e+06 -834049 344.098
5.41344e+06 3.27892e+06 -808342 -220.837
5.39676e+06 3.30513e+06 -808204 434.437
5.37274e+06 3.32679e+06 -885613 652.129
5.35542e+06 3.35253e+06 -885347 736.171
5.37475e+06 3.32803e+06 -859692 613.487
5.35803e+06 3.35418e+06 -859530 915.026
5.33849e+06 3.37853e+06 -885146 952.742
5.32208e+06 3.40485e+06 -885035 871.94
5.3419e+06 3.38069e+06 -859466 1042.67
5.32546e+06 3.40701e+06 -859354 1010.65
5.37731e+06 3.32963e+06 -833862 832.726
5.36132e+06 3.35624e+06 -833823 979.822
5.38034e+06 3.3315e+06 -808103 908.609
5.3643e+06 3.35811e+06 -808061 981.876
5.34521e+06 3.38279e+06 -833766 1111.73
5.32858e+06 3.40901e+06 -833628 1067.45
5.34791e+06 3.3845e+06 -807967 1045.12
5.33121e+06 3.41069e+06 -807824 1060.25
5.44752e+06 3.2269e+06 -782503 -1269.99
5.43195e+06 3.2538e+06 -782533 -800.473
5.45024e+06 3.22851e+06 -756692 -995.549
5.43441e+06 3.25528e+06 -756686 -527.637
5.41572e+06 3.2803e+06 -782466 -154.341
5.39961e+06 3.30688e+06 -782414 512.416
5.41827e+06 3.28185e+06 -756633 138.003
5.40254e+06 3.30868e+06 -756638 529.799
5.45303e+06 3.23017e+06 -730891 -366.779
5.43712e+06 3.2569e+06 -730873 -53.8378
5.45583e+06 3.23183e+06 -705092 196.7
5.43979e+06 3.2585e+06 -705059 242.853
5.42105e+06 3.28354e+06 -730835 374.309
5.40508e+06 3.31023e+06 -730809 513.406
5.42372e+06 3.28515e+06 -705022 432.879
5.4076e+06 3.31178e+06 -704977 604.989
5.38355e+06 3.33349e+06 -782371 931.915
5.36702e+06 3.35982e+06 -782262 1033.74
5.38646e+06 3.33529e+06 -756596 938.199
5.36976e+06 3.36153e+06 -756465 969.853
5.35042e+06 3.38609e+06 -782141 1081.52
5.33379e+06 3.41235e+06 -782015 1066.07
5.35314e+06 3.38782e+06 -756347 1054.22
5.33649e+06 3.41408e+06 -756224 1050.19
5.3889e+06 3.3368e+06 -730754 787.958
5.37231e+06 3.36313e+06 -730645 935.108
5.39131e+06 3.3383e+06 -704911 742.051
5.37477e+06 3.36466e+06 -704811 897.168
5.35573e+06 3.38945e+06 -730535 969.922
5.33905e+06 3.41572e+06 -730413 956.237
5.35816e+06 3.39099e+06 -704702 904.628
5.34147e+06 3.41726e+06 -704582 898.24
5.30568e+06 3.43118e+06 -884926 822.978
5.28906e+06 3.45737e+06 -884780 780.245
5.30882e+06 3.43321e+06 -859210 888.785
5.29211e+06 3.45937e+06 -859057 851.728
5.27208e+06 3.48333e+06 -884575 653.578
5.25506e+06 3.50927e+06 -884363 646.807
5.27521e+06 3.4854e+06 -858871 833.411
5.25813e+06 3.51131e+06 -858656 758.692
5.31172e+06 3.43508e+06 -833455 1037.29
5.29489e+06 3.46118e+06 -833288 937.733
5.31441e+06 3.43683e+06 -807668 1036.37
5.29758e+06 3.46294e+06 -807506 1033.7
5.27808e+06 3.4873e+06 -833125 890.649
5.26093e+06 3.51318e+06 -832907 934.16
5.28065e+06 3.48899e+06 -807331 1025.91
5.26351e+06 3.51491e+06 -807122 1053.06
5.23771e+06 3.53497e+06 -884093 665.348
5.21997e+06 3.56042e+06 -883758 917.427
5.24073e+06 3.53701e+06 -858390 812.677
5.22311e+06 3.56256e+06 -858086 957.569
5.20223e+06 3.58586e+06 -883423 1372.53
5.18479e+06 3.6115e+06 -883140 1770.64
5.20524e+06 3.58793e+06 -857739 1240.61
5.18737e+06 3.61329e+06 -857396 1630.52
5.24343e+06 3.53883e+06 -832633 897.007
5.22596e+06 3.5645e+06 -832365 986.675
5.24612e+06 3.54065e+06 -806874 1086.7
5.2286e+06 3.5663e+06 -806606 1124.14
5.20823e+06 3.58999e+06 -832052 1261.1
5.19026e+06 3.61531e+06 -831702 1512.18
5.21098e+06 3.59188e+06 -806324 1195.69
5.1932e+06 3.61735e+06 -806015 1299.12
5.31704e+06 3.43853e+06 -781872 1058
5.30022e+06 3.46467e+06 -781717 1066.74
5.3197e+06 3.44025e+06 -756080 1029.65
5.30281e+06 3.46636e+06 -755921 1044.95
5.28324e+06 3.49071e+06 -781541 1074.4
5.26612e+06 3.51665e+06 -781341 1125.58
5.28583e+06 3.49242e+06 -755751 1092.63
5.26879e+06 3.51843e+06 -755571 1141.88
5.32225e+06 3.4419e+06 -730273 950.897
5.30534e+06 3.46802e+06 -730119 991.148
5.32467e+06 3.44347e+06 -704449 887.798
5.30779e+06 3.46962e+06 -704303 914.089
5.2884e+06 3.49412e+06 -729960 1029.52
5.27142e+06 3.52019e+06 -729795 1072.3
5.29088e+06 3.49575e+06 -704154 975.649
5.27389e+06 3.52184e+06 -703996 1015.22
5.24877e+06 3.54244e+06 -781110 1157.92
5.23124e+06 3.5681e+06 -780850 1181.6
5.25147e+06 3.54426e+06 -755352 1214.48
5.2339e+06 3.56991e+06 -755095 1211.27
5.2136e+06 3.59369e+06 -780574 1196.98
5.19583e+06 3.61919e+06 -780278 1208.33
5.21631e+06 3.59555e+06 -754836 1186.47
5.1985e+06 3.62105e+06 -754546 1155.26
5.25409e+06 3.54602e+06 -729582 1137.41
5.23648e+06 3.57167e+06 -729329 1103.8
5.25654e+06 3.54768e+06 -703788 1085.86
5.23893e+06 3.57334e+06 -703544 1069.99
5.21886e+06 3.59731e+06 -729075 1073.98
5.20103e+06 3.62281e+06 -728792 1044.3
5.22121e+06 3.59893e+06 -703287 1000.87
5.20338e+06 3.62445e+06 -703015 911.222
5.69443e+06 2.79468e+06 -677227 3388.1
5.68056e+06 2.82256e+06 -677461 3467.59
5.69678e+06 2.79584e+06 -651428 3461.35
5.68294e+06 2.82375e+06 -651657 3529.27
5.66647e+06 2.85034e+06 -677669 3570.61
5.65234e+06 2.87809e+06 -677872 3666.12
5.66887e+06 2.85155e+06 -651860 3660.22
5.65476e+06 2.87932e+06 -652057 3736.41
5.69906e+06 2.79696e+06 -625622 3550.83
5.6853e+06 2.82492e+06 -625850 3598.97
5.70128e+06 2.79805e+06 -599809 3585.28
5.68756e+06 2.82605e+06 -600033 3618.05
5.67129e+06 2.85276e+06 -626052 3708.82
5.65722e+06 2.88058e+06 -626247 3764.83
5.67358e+06 2.85392e+06 -600230 3782.64
5.65948e+06 2.88173e+06 -600415 3765.6
5.63817e+06 2.90582e+06 -678069 3679.01
5.62388e+06 2.93349e+06 -678254 3559.56
5.64057e+06 2.90706e+06 -652246 3782.61
5.62628e+06 2.93475e+06 -652424 3726.3
5.60948e+06 2.9611e+06 -678424 3123.14
5.595e+06 2.98867e+06 -678585 2670.5
5.6119e+06 2.96238e+06 -652590 3459
5.59739e+06 2.98995e+06 -652742 2970.59
5.64303e+06 2.90833e+06 -626429 3828.62
5.62866e+06 2.93599e+06 -626591 3825.75
5.64528e+06 2.90949e+06 -600588 3849.41
5.63103e+06 2.93723e+06 -600757 3828.18
5.61426e+06 2.96363e+06 -626750 3711.86
5.59969e+06 2.99118e+06 -626890 3388.4
5.61677e+06 2.96496e+06 -600923 3815.44
5.60204e+06 2.99244e+06 -601041 3685.61
5.70339e+06 2.79908e+06 -573983 3625.15
5.68962e+06 2.82707e+06 -574194 3659.02
5.70543e+06 2.80008e+06 -548151 3637.71
5.69162e+06 2.82806e+06 -548348 3676.91
5.67566e+06 2.85497e+06 -574385 3774.72
5.66157e+06 2.8828e+06 -574563 3805.47
5.67767e+06 2.85598e+06 -548533 3793.07
5.66364e+06 2.88385e+06 -548708 3821.79
5.70736e+06 2.80103e+06 -522307 3627.55
5.69353e+06 2.82902e+06 -522494 3697
5.70918e+06 2.80192e+06 -496454 3608.81
5.6954e+06 2.82995e+06 -496637 3673.43
5.67957e+06 2.85694e+06 -522669 3767.3
5.66556e+06 2.88483e+06 -522839 3781.99
5.68144e+06 2.85788e+06 -496803 3684.71
5.66742e+06 2.88578e+06 -496964 3605.25
5.64742e+06 2.91059e+06 -574734 3867.83
5.6333e+06 2.93841e+06 -574910 3812.74
5.64952e+06 2.91168e+06 -548876 3824.69
5.63525e+06 2.93943e+06 -549029 3705.28
5.619e+06 2.96614e+06 -575068 3791.11
5.60427e+06 2.99363e+06 -575179 3629.69
5.62086e+06 2.96712e+06 -549171 3449.17
5.60627e+06 2.9947e+06 -549292 3232.63
5.65138e+06 2.91264e+06 -522993 3638.58
5.63711e+06 2.94041e+06 -523140 3348.68
5.65321e+06 2.91359e+06 -497109 3356.9
5.63888e+06 2.94133e+06 -497244 2904.69
5.62278e+06 2.96814e+06 -523280 3028.3
5.60809e+06 2.99568e+06 -523388 2810.49
5.6245e+06 2.96905e+06 -497373 2660.51
5.60982e+06 2.99661e+06 -497475 2564.9
5.58042e+06 3.01619e+06 -678734 2492.33
5.56577e+06 3.04367e+06 -678873 2383.14
5.58277e+06 3.01746e+06 -652881 2665.14
5.56822e+06 3.04501e+06 -653028 2454.31
5.55087e+06 3.07101e+06 -678982 2327.42
5.53544e+06 3.09807e+06 -679027 1910.26
5.55325e+06 3.07233e+06 -653125 2530.35
5.53773e+06 3.09935e+06 -653158 2302.67
5.58515e+06 3.01875e+06 -627033 2970.68
5.57056e+06 3.0463e+06 -627171 2730.03
5.58743e+06 3.01999e+06 -601171 3371.68
5.57274e+06 3.04749e+06 -601293 3049.34
5.55558e+06 3.07363e+06 -627264 2578.56
5.54013e+06 3.1007e+06 -627302 2460.49
5.55785e+06 3.07489e+06 -601393 2894.84
5.54249e+06 3.10202e+06 -601441 2958.68
5.51992e+06 3.12507e+06 -679060 1587.27
5.50504e+06 3.15243e+06 -679175 1250.69
5.5223e+06 3.12641e+06 -653202 2080.3
5.50696e+06 3.15352e+06 -653257 1665.87
5.48989e+06 3.17963e+06 -679253 871.477
5.47435e+06 3.20661e+06 -679281 704.514
5.49176e+06 3.18072e+06 -653328 1254.68
5.4767e+06 3.208e+06 -653414 827.152
5.52458e+06 3.12771e+06 -627331 2213.68
5.50943e+06 3.15494e+06 -627404 2013.21
5.52678e+06 3.12896e+06 -601451 2579.31
5.51176e+06 3.15628e+06 -601537 2155.16
5.49423e+06 3.18215e+06 -627472 1735.3
5.47882e+06 3.20924e+06 -627518 1056.3
5.49667e+06 3.18357e+06 -601616 1839.23
5.48103e+06 3.21054e+06 -601634 1431.62
5.5895e+06 3.02111e+06 -575287 3532.26
5.5747e+06 3.04857e+06 -575392 3284.02
5.59134e+06 3.02211e+06 -549381 3170.85
5.57664e+06 3.04963e+06 -549491 2958.79
5.56007e+06 3.07612e+06 -575515 3223.07
5.54473e+06 3.10328e+06 -575565 3127.08
5.56192e+06 3.07714e+06 -549599 3296
5.54648e+06 3.10426e+06 -549637 2939.71
5.59319e+06 3.02311e+06 -523475 2700.47
5.57874e+06 3.05079e+06 -523605 2388.16
5.59526e+06 3.02423e+06 -497589 2288.22
5.58079e+06 3.05191e+06 -497711 2237.29
5.56388e+06 3.07823e+06 -523695 2874.38
5.54826e+06 3.10526e+06 -523713 2657.6
5.56567e+06 3.07923e+06 -497775 2159.82
5.55009e+06 3.10629e+06 -497796 2247.15
5.52888e+06 3.13015e+06 -575560 3012.19
5.51366e+06 3.15738e+06 -575622 2353.95
5.53092e+06 3.13131e+06 -549661 3036.38
5.51567e+06 3.15853e+06 -549718 2502.45
5.4985e+06 3.18463e+06 -575690 1824.16
5.4829e+06 3.21164e+06 -575712 1448.65
5.50036e+06 3.18571e+06 -549769 2061.55
5.48473e+06 3.21271e+06 -549787 1584.43
5.53294e+06 3.13245e+06 -523760 2744.41
5.51779e+06 3.15975e+06 -523824 2500.8
5.53473e+06 3.13347e+06 -497838 2288.82
5.51973e+06 3.16086e+06 -497911 2320.23
5.50242e+06 3.18691e+06 -523866 2140.98
5.48677e+06 3.21391e+06 -523882 1616.06
5.50447e+06 3.1881e+06 -497962 2130.92
5.4887e+06 3.21504e+06 -497966 1682.28
5.71093e+06 2.80278e+06 -470595 3475.45
5.69717e+06 2.83083e+06 -470770 3476.43
5.7127e+06 2.80365e+06 -444736 3093.13
5.69896e+06 2.83172e+06 -444904 3084.34
5.68325e+06 2.85879e+06 -470931 3423.12
5.66922e+06 2.8867e+06 -471084 3274.62
5.68498e+06 2.85967e+06 -445053 3039.36
5.67102e+06 2.88762e+06 -445202 2948.03
5.71431e+06 2.80444e+06 -418865 2763.07
5.70057e+06 2.83252e+06 -419024 2808.9
5.71575e+06 2.80515e+06 -392981 2674.2
5.70199e+06 2.83322e+06 -393129 2746.33
5.68662e+06 2.86049e+06 -419166 2862.02
5.67261e+06 2.88843e+06 -419304 2859.37
5.68819e+06 2.86128e+06 -393273 2836.74
5.67406e+06 2.88917e+06 -393395 2845.46
5.65504e+06 2.91454e+06 -471224 2950.95
5.64065e+06 2.94226e+06 -471345 2727.68
5.65677e+06 2.91543e+06 -445329 2834.29
5.64242e+06 2.94319e+06 -445447 2540.48
5.62618e+06 2.96994e+06 -471460 2562.5
5.61156e+06 2.99754e+06 -471562 2426.47
5.62798e+06 2.9709e+06 -445557 2464.17
5.61356e+06 2.99862e+06 -445668 2088.08
5.65836e+06 2.91625e+06 -419424 2792.21
5.64401e+06 2.94402e+06 -419535 2546.74
5.65984e+06 2.91702e+06 -393510 2690.49
5.64554e+06 2.94482e+06 -393618 2355.59
5.62976e+06 2.97185e+06 -419654 2071.78
5.61569e+06 2.99976e+06 -419785 1559.59
5.6311e+06 2.97256e+06 -393718 1649.28
5.61713e+06 3.00054e+06 -393851 925.87
5.71714e+06 2.80583e+06 -367095 2613.21
5.70335e+06 2.8339e+06 -367231 2701.6
5.7184e+06 2.80645e+06 -341201 2518.18
5.7046e+06 2.83452e+06 -341327 2638.48
5.68952e+06 2.86195e+06 -367365 2793.5
5.67537e+06 2.88984e+06 -367477 2826.1
5.69066e+06 2.86253e+06 -341445 2727.38
5.67656e+06 2.89045e+06 -341553 2748.85
5.7196e+06 2.80704e+06 -315303 2378.02
5.70584e+06 2.83514e+06 -315422 2484.58
5.72073e+06 2.8076e+06 -289400 2263.28
5.70702e+06 2.83573e+06 -289513 2341.52
5.6919e+06 2.86315e+06 -315531 2642.29
5.67776e+06 2.89106e+06 -315629 2676.88
5.69308e+06 2.86375e+06 -289614 2582.45
5.67887e+06 2.89163e+06 -289702 2593.22
5.66126e+06 2.91775e+06 -367592 2568.04
5.64712e+06 2.94565e+06 -367705 2112.47
5.66256e+06 2.91842e+06 -341667 2381.96
5.64842e+06 2.94633e+06 -341774 1821.36
5.63254e+06 2.97332e+06 -367789 1592.04
5.61825e+06 3.00113e+06 -367894 663.094
5.634e+06 2.97409e+06 -341864 1376.68
5.61955e+06 3.00183e+06 -341951 1076.09
5.6636e+06 2.91897e+06 -315728 2355.21
5.64933e+06 2.94681e+06 -315820 1752.67
5.66466e+06 2.91951e+06 -289789 2391.73
5.65033e+06 2.94733e+06 -289870 1846.78
5.63493e+06 2.97459e+06 -315904 1292.06
5.62078e+06 3.00249e+06 -316002 1031.23
5.63605e+06 2.97518e+06 -289954 1388.88
5.62188e+06 3.00309e+06 -290044 1162.32
5.59729e+06 3.02534e+06 -471694 1906.43
5.58327e+06 3.05327e+06 -471847 2037.98
5.59941e+06 3.02649e+06 -445802 1535.98
5.58552e+06 3.05451e+06 -445961 1193.75
5.56773e+06 3.08037e+06 -471872 1925.87
5.55168e+06 3.10718e+06 -471856 1921.46
5.56985e+06 3.08154e+06 -445975 1612.19
5.55334e+06 3.10812e+06 -445922 1517.72
5.60149e+06 3.02761e+06 -419909 803.483
5.58725e+06 3.05545e+06 -420031 146.955
5.603e+06 3.02843e+06 -393971 37.4078
5.58878e+06 3.05629e+06 -394088 -813.239
5.57164e+06 3.08253e+06 -420048 747.436
5.55568e+06 3.10943e+06 -420039 517.435
5.57363e+06 3.08364e+06 -394136 -244.38
5.55776e+06 3.11059e+06 -394136 -551.143
5.53664e+06 3.13456e+06 -471923 1783.87
5.5217e+06 3.16199e+06 -471999 2128.15
5.53875e+06 3.13576e+06 -446023 1342.3
5.52396e+06 3.16329e+06 -446107 2001.48
5.50629e+06 3.18915e+06 -472035 1888.23
5.49042e+06 3.21605e+06 -472031 1509.38
5.50798e+06 3.19014e+06 -446096 1791.36
5.49201e+06 3.21699e+06 -446085 1290.69
5.54113e+06 3.13711e+06 -420139 1073.33
5.52596e+06 3.16444e+06 -420192 1453.37
5.54281e+06 3.13806e+06 -394201 343.114
5.52743e+06 3.16528e+06 -394234 794.256
5.50979e+06 3.19119e+06 -420167 1647.65
5.49369e+06 3.21797e+06 -420146 1044.53
5.51139e+06 3.19212e+06 -394220 1094.42
5.49531e+06 3.21893e+06 -394203 724.248
5.60435e+06 3.02917e+06 -368023 -378.611
5.59058e+06 3.05728e+06 -368158 -1318.43
5.60566e+06 3.02988e+06 -342072 -517.561
5.59226e+06 3.05821e+06 -342221 -1727.32
5.57527e+06 3.08455e+06 -368194 -811.428
5.55864e+06 3.11109e+06 -368143 -1065.73
5.57639e+06 3.08518e+06 -342218 -971.925
5.55964e+06 3.11166e+06 -342160 -1217.19
5.60671e+06 3.03045e+06 -316105 -312.576
5.59272e+06 3.05847e+06 -316212 -1551.93
5.60755e+06 3.03091e+06 -290126 254.694
5.59318e+06 3.05872e+06 -290205 -801.265
5.57704e+06 3.08554e+06 -316219 -1291.29
5.56132e+06 3.11261e+06 -316222 -1205.73
5.57809e+06 3.08614e+06 -290244 -1173.23
5.5632e+06 3.11367e+06 -290294 -1024.89
5.54357e+06 3.1385e+06 -368196 -627.597
5.52863e+06 3.16597e+06 -368257 80.3322
5.54486e+06 3.13923e+06 -342227 -945.511
5.52978e+06 3.16664e+06 -342277 -393.213
5.51276e+06 3.19292e+06 -368256 513.523
5.49686e+06 3.21984e+06 -368252 415.094
5.51401e+06 3.19364e+06 -342284 177.602
5.49819e+06 3.22062e+06 -342287 43.2188
5.54657e+06 3.1402e+06 -316285 -794.47
5.5308e+06 3.16722e+06 -316294 -309.6
5.54799e+06 3.141e+06 -290328 -383.962
5.53173e+06 3.16775e+06 -290310 257.111
5.51514e+06 3.1943e+06 -316307 28.0381
5.49938e+06 3.22133e+06 -316314 96.4013
5.51606e+06 3.19483e+06 -290322 229.059
5.50051e+06 3.22199e+06 -290339 275.894
5.45858e+06 3.23346e+06 -679282 574.43
5.44232e+06 3.26002e+06 -679222 476.386
5.46104e+06 3.23492e+06 -653429 726.292
5.44474e+06 3.26147e+06 -653366 558.985
5.4262e+06 3.28666e+06 -679179 456.566
5.40998e+06 3.31324e+06 -679125 587.244
5.42847e+06 3.28804e+06 -653309 505.577
5.41222e+06 3.31462e+06 -653253 572.709
5.46321e+06 3.23621e+06 -627539 789.046
5.44702e+06 3.26284e+06 -627493 652.557
5.46518e+06 3.23738e+06 -601628 887.194
5.44913e+06 3.26411e+06 -601599 662.661
5.43066e+06 3.28937e+06 -627427 572.093
5.41442e+06 3.31597e+06 -627375 580.119
5.43287e+06 3.29071e+06 -601548 596.285
5.41657e+06 3.31729e+06 -601493 580.598
5.39361e+06 3.33973e+06 -679052 716.288
5.37713e+06 3.36615e+06 -678963 859.031
5.39587e+06 3.34113e+06 -653185 735.054
5.37941e+06 3.36758e+06 -653103 855.02
5.36052e+06 3.39249e+06 -678858 897.381
5.34383e+06 3.41878e+06 -678744 882.819
5.36282e+06 3.39394e+06 -653005 916.299
5.34614e+06 3.42026e+06 -652897 917.702
5.3981e+06 3.34251e+06 -627314 725.271
5.38164e+06 3.36898e+06 -627236 858.983
5.40025e+06 3.34385e+06 -601434 723.761
5.38378e+06 3.37032e+06 -601360 863.18
5.36505e+06 3.39536e+06 -627144 957.161
5.34838e+06 3.42169e+06 -627041 982.569
5.36721e+06 3.39673e+06 -601273 999.409
5.35052e+06 3.42306e+06 -601174 1059.71
5.46698e+06 3.23845e+06 -575699 1011
5.45104e+06 3.26526e+06 -575685 663.466
5.46889e+06 3.23959e+06 -549784 1134.96
5.45293e+06 3.2664e+06 -549769 708.24
5.4349e+06 3.29195e+06 -575650 538.652
5.41863e+06 3.31855e+06 -575599 570.785
5.43681e+06 3.2931e+06 -549737 538.188
5.42059e+06 3.31976e+06 -549696 534.954
5.47089e+06 3.24078e+06 -523876 1166.34
5.4549e+06 3.26758e+06 -523860 712.237
5.47275e+06 3.24188e+06 -497955 1050.87
5.45679e+06 3.26871e+06 -497942 617.193
5.43876e+06 3.29429e+06 -523829 533.227
5.42246e+06 3.3209e+06 -523782 478.801
5.44062e+06 3.29542e+06 -497911 440.82
5.42425e+06 3.322e+06 -497861 405.25
5.40229e+06 3.34512e+06 -575542 689.612
5.38583e+06 3.3716e+06 -575472 868.457
5.40426e+06 3.34634e+06 -549643 671.972
5.3878e+06 3.37284e+06 -549577 865.213
5.36927e+06 3.39803e+06 -575392 1037.12
5.35258e+06 3.42438e+06 -575297 1141.72
5.37124e+06 3.39929e+06 -549501 1051.87
5.35456e+06 3.42565e+06 -549412 1207.3
5.40612e+06 3.3475e+06 -523732 598.843
5.38966e+06 3.37401e+06 -523670 811.754
5.4079e+06 3.3486e+06 -497814 523.042
5.39146e+06 3.37514e+06 -497757 736.333
5.37314e+06 3.40049e+06 -523602 1039.25
5.35644e+06 3.42685e+06 -523516 1233.66
5.37492e+06 3.40162e+06 -497691 956.976
5.35819e+06 3.42798e+06 -497608 1178.12
5.32704e+06 3.445e+06 -678616 877.237
5.31017e+06 3.47118e+06 -678479 914.737
5.32936e+06 3.4465e+06 -652777 936.949
5.31251e+06 3.47271e+06 -652647 973.917
5.29326e+06 3.49733e+06 -678336 960.514
5.27628e+06 3.52343e+06 -678186 1012.44
5.29556e+06 3.49884e+06 -652506 1054.05
5.27848e+06 3.52491e+06 -652351 1078.66
5.33165e+06 3.44798e+06 -626932 1027.23
5.31474e+06 3.47417e+06 -626803 1083.54
5.33376e+06 3.44935e+06 -601067 1119.44
5.3168e+06 3.47552e+06 -600937 1199.34
5.29767e+06 3.50024e+06 -626654 1132.94
5.28051e+06 3.52626e+06 -626494 1182.43
5.29968e+06 3.50157e+06 -600789 1289.05
5.28249e+06 3.52759e+06 -600633 1339.17
5.259e+06 3.54933e+06 -677994 1075.51
5.24137e+06 3.57501e+06 -677759 1038.42
5.26119e+06 3.55082e+06 -652167 1074.36
5.24362e+06 3.57654e+06 -651947 1094.39
5.22363e+06 3.6006e+06 -677509 980.563
5.20565e+06 3.62603e+06 -677227 853.544
5.22593e+06 3.60219e+06 -651713 995.967
5.20792e+06 3.62761e+06 -651438 915.18
5.26316e+06 3.55215e+06 -626311 1194.23
5.24569e+06 3.57796e+06 -626114 1170.72
5.26512e+06 3.55347e+06 -600456 1338.7
5.24766e+06 3.5793e+06 -600268 1279.62
5.22812e+06 3.6037e+06 -625904 1104.9
5.21026e+06 3.62924e+06 -625658 1072.94
5.2302e+06 3.60514e+06 -600081 1235.03
5.21248e+06 3.63079e+06 -599862 1261.52
5.33575e+06 3.45064e+06 -575188 1226.18
5.3188e+06 3.47682e+06 -575065 1353.84
5.33773e+06 3.45192e+06 -549308 1328.77
5.32077e+06 3.47811e+06 -549191 1415.95
5.3017e+06 3.50291e+06 -574926 1396.64
5.28439e+06 3.52885e+06 -574765 1433.75
5.30362e+06 3.50418e+06 -549054 1475.59
5.28621e+06 3.53007e+06 -548891 1510.55
5.33957e+06 3.45311e+06 -523414 1339.15
5.32262e+06 3.47932e+06 -523304 1455.8
5.34131e+06 3.45424e+06 -497511 1340.64
5.32435e+06 3.48045e+06 -497405 1445.21
5.30547e+06 3.5054e+06 -523175 1503.75
5.28805e+06 3.5313e+06 -523018 1525.13
5.30722e+06 3.50656e+06 -497285 1501.32
5.28982e+06 3.53248e+06 -497139 1532.96
5.26695e+06 3.55471e+06 -574588 1376
5.24955e+06 3.58059e+06 -574416 1386.26
5.26875e+06 3.55593e+06 -548721 1466.44
5.25146e+06 3.5819e+06 -548568 1420.11
5.23221e+06 3.60652e+06 -574250 1379.48
5.21459e+06 3.63226e+06 -574054 1441.36
5.23416e+06 3.60787e+06 -548415 1394.79
5.21647e+06 3.63357e+06 -548221 1494.16
5.27058e+06 3.55717e+06 -522857 1459.74
5.25335e+06 3.58319e+06 -522718 1444.34
5.27233e+06 3.55835e+06 -496984 1422.81
5.25512e+06 3.5844e+06 -496855 1345.92
5.23601e+06 3.60915e+06 -522569 1386.04
5.21834e+06 3.63487e+06 -522386 1511.05
5.23779e+06 3.61037e+06 -496715 1266.95
5.20465e+06 3.64433e+06 -495868 1338.21
5.47444e+06 3.24289e+06 -472019 905.336
5.45849e+06 3.26973e+06 -472008 497.516
5.47611e+06 3.24388e+06 -446081 737.071
5.46012e+06 3.27071e+06 -446069 322.739
5.44231e+06 3.29645e+06 -471979 324.671
5.42596e+06 3.32305e+06 -471935 265.909
5.44393e+06 3.29743e+06 -446042 89.2206
5.42759e+06 3.32405e+06 -446001 -51.9294
5.47775e+06 3.24486e+06 -420141 572.189
5.46166e+06 3.27164e+06 -420123 41.9707
5.47927e+06 3.24576e+06 -394190 254.719
5.46317e+06 3.27255e+06 -394175 -317.594
5.44541e+06 3.29833e+06 -420094 -366.583
5.42914e+06 3.325e+06 -420062 -583.038
5.44692e+06 3.29924e+06 -394147 -809.433
5.43065e+06 3.32592e+06 -394120 -892.24
5.40966e+06 3.34969e+06 -471894 350.526
5.39322e+06 3.37625e+06 -471842 571.045
5.41129e+06 3.3507e+06 -445965 -51.9978
5.39487e+06 3.37728e+06 -445918 154.344
5.37661e+06 3.40269e+06 -471774 815.909
5.35987e+06 3.42905e+06 -471695 1056.91
5.37824e+06 3.40372e+06 -445855 418.13
5.36148e+06 3.43009e+06 -445780 695.446
5.41283e+06 3.35165e+06 -420028 -514.962
5.39637e+06 3.37822e+06 -419983 -348.099
5.4143e+06 3.35256e+06 -394086 -830.467
5.39779e+06 3.3791e+06 -394040 -622.44
5.37975e+06 3.40468e+06 -419924 -109.889
5.36298e+06 3.43105e+06 -419854 102.175
5.38114e+06 3.40556e+06 -393985 -423.516
5.36436e+06 3.43193e+06 -393920 -259.02
5.48085e+06 3.2467e+06 -368243 -123.319
5.46468e+06 3.27345e+06 -368225 -746.03
5.48216e+06 3.24748e+06 -342279 -399.982
5.46595e+06 3.27421e+06 -342258 -924.501
5.4484e+06 3.30014e+06 -368199 -1078.69
5.43208e+06 3.3268e+06 -368169 -1054.27
5.44966e+06 3.3009e+06 -342234 -1171.32
5.43337e+06 3.32759e+06 -342209 -1114.73
5.48332e+06 3.24816e+06 -316303 -266.692
5.46713e+06 3.27492e+06 -316287 -871.242
5.48453e+06 3.24888e+06 -290334 66.17
5.46823e+06 3.27558e+06 -290312 -486.418
5.45091e+06 3.30166e+06 -316268 -1078.63
5.43461e+06 3.32835e+06 -316244 -1047.27
5.45199e+06 3.30231e+06 -290293 -930.157
5.43567e+06 3.32899e+06 -290270 -836.133
5.41562e+06 3.35338e+06 -368131 -974.99
5.39915e+06 3.37996e+06 -368093 -749.824
5.41689e+06 3.35417e+06 -342172 -973.72
5.40047e+06 3.38078e+06 -342140 -825.86
5.3825e+06 3.40642e+06 -368042 -506.378
5.36566e+06 3.43276e+06 -367978 -478.807
5.38382e+06 3.40725e+06 -342094 -476.949
5.36658e+06 3.43335e+06 -342011 -439.395
5.41809e+06 3.35491e+06 -316209 -983.245
5.40162e+06 3.3815e+06 -316176 -841.314
5.41877e+06 3.35532e+06 -290216 -883.195
5.40221e+06 3.38187e+06 -290181 -999.85
5.38498e+06 3.40799e+06 -316134 -494.195
5.36775e+06 3.4341e+06 -316054 -171.083
5.3859e+06 3.40857e+06 -290158 -553.786
5.36876e+06 3.43475e+06 -290091 -227.767
5.343e+06 3.45533e+06 -471605 1261.81
5.32599e+06 3.48153e+06 -471501 1390.98
5.34457e+06 3.45635e+06 -445691 938.09
5.32748e+06 3.48251e+06 -445587 1099.41
5.30884e+06 3.50763e+06 -471386 1441.98
5.29147e+06 3.53359e+06 -471250 1453.72
5.31029e+06 3.5086e+06 -445475 1226.88
5.29297e+06 3.5346e+06 -445350 1323.76
5.34604e+06 3.45731e+06 -419770 301.661
5.32895e+06 3.48347e+06 -419671 557.902
5.34741e+06 3.4582e+06 -393840 -148.35
5.3304e+06 3.48442e+06 -393753 -56.6523
5.31175e+06 3.50956e+06 -419564 716.742
5.29444e+06 3.53558e+06 -419448 969.193
5.31324e+06 3.51055e+06 -393656 52.1529
5.29592e+06 3.53657e+06 -393547 369.38
5.27396e+06 3.55945e+06 -471102 1396.11
5.25673e+06 3.5855e+06 -470980 1333.16
5.2755e+06 3.5605e+06 -445214 1350.46
5.2581e+06 3.58644e+06 -445084 1164.58
5.23943e+06 3.61151e+06 -470850 1168.04
5.20632e+06 3.64551e+06 -470051 1132.99
5.24062e+06 3.61233e+06 -444947 934.231
5.20766e+06 3.64644e+06 -444203 827.873
5.27701e+06 3.56152e+06 -419323 1190.26
5.25946e+06 3.58737e+06 -419188 1214.64
5.27849e+06 3.56252e+06 -393429 832.186
5.26101e+06 3.58843e+06 -393307 1098.9
5.2418e+06 3.61315e+06 -419044 1082.55
5.2241e+06 3.63888e+06 -418896 850.252
5.24348e+06 3.6143e+06 -393182 1124.51
5.22586e+06 3.64011e+06 -393049 1136.91
5.34876e+06 3.45907e+06 -367908 -412.809
5.33174e+06 3.4853e+06 -367826 -339.961
5.34968e+06 3.45967e+06 -341946 -572.386
5.33297e+06 3.48611e+06 -341888 -442.672
5.31459e+06 3.51144e+06 -367735 -360.994
5.29735e+06 3.53753e+06 -367639 -176.064
5.31584e+06 3.51228e+06 -341805 -422.033
5.29863e+06 3.53839e+06 -341718 -455.826
5.35079e+06 3.46039e+06 -315992 -394.802
5.33408e+06 3.48684e+06 -315942 -432.974
5.35185e+06 3.46108e+06 -290035 -399.433
5.3348e+06 3.48731e+06 -289972 -297.768
5.31695e+06 3.51301e+06 -315866 -445.466
5.29969e+06 3.5391e+06 -315782 -308.933
5.31759e+06 3.51345e+06 -289900 -435.527
5.30066e+06 3.53975e+06 -289841 14.8516
5.27995e+06 3.5635e+06 -367531 346.966
5.26249e+06 3.58944e+06 -367420 882.234
5.28125e+06 3.56439e+06 -341620 19.3389
5.2638e+06 3.59033e+06 -341517 743.979
5.24507e+06 3.6154e+06 -367312 992.62
5.21219e+06 3.64962e+06 -366705 852.391
5.24634e+06 3.61627e+06 -341415 943.307
5.21326e+06 3.65036e+06 -340840 818.998
5.28237e+06 3.56515e+06 -315695 149.551
5.26495e+06 3.59112e+06 -315604 821.546
5.28336e+06 3.56582e+06 -289763 614.184
5.26594e+06 3.5918e+06 -289680 941.628
5.24747e+06 3.61706e+06 -315508 955.305
5.21437e+06 3.65114e+06 -314977 846.275
5.24846e+06 3.61774e+06 -289592 920.637
5.21545e+06 3.6519e+06 -289113 754.837
5.72176e+06 2.8081e+06 -263497 2205.32
5.70798e+06 2.83621e+06 -263597 2243.83
5.72266e+06 2.80854e+06 -237591 2251.07
5.70881e+06 2.83662e+06 -237679 2231.1
5.69404e+06 2.86423e+06 -263689 2491.94
5.67987e+06 2.89214e+06 -263771 2695.72
5.69491e+06 2.86467e+06 -237764 2505.71
5.68099e+06 2.89271e+06 -237847 2705.62
5.72349e+06 2.80895e+06 -211681 2312.97
5.70984e+06 2.83713e+06 -211767 2296.71
5.72421e+06 2.8093e+06 -185768 2375.02
5.71061e+06 2.83751e+06 -185846 2353.86
5.696e+06 2.86521e+06 -211846 2583.79
5.68195e+06 2.89319e+06 -211918 2826.08
5.69675e+06 2.86559e+06 -185916 2617.72
5.68251e+06 2.89348e+06 -185973 2851.56
5.66567e+06 2.92003e+06 -263851 2519.81
5.65133e+06 2.94785e+06 -263924 1922.66
5.66685e+06 2.92064e+06 -237922 2704.58
5.65252e+06 2.94847e+06 -237990 2278.24
5.63713e+06 2.97575e+06 -264006 1315.74
5.62285e+06 3.0036e+06 -264082 1239.37
5.63824e+06 2.97633e+06 -238060 1559.07
5.62382e+06 3.00411e+06 -238125 1354.12
5.66794e+06 2.9212e+06 -211992 2759.07
5.65374e+06 2.9491e+06 -212057 2474.21
5.66846e+06 2.92147e+06 -186037 2871.33
5.65431e+06 2.9494e+06 -186097 2775.45
5.63931e+06 2.97689e+06 -212114 1933.18
5.62468e+06 3.00457e+06 -212163 1588.89
5.6397e+06 2.97709e+06 -186141 2462.74
5.62512e+06 3.0048e+06 -186187 2081.37
5.72483e+06 2.80961e+06 -159851 2429.73
5.71108e+06 2.83775e+06 -159915 2476.81
5.72538e+06 2.80988e+06 -133933 2495.21
5.71159e+06 2.83799e+06 -133986 2596.04
5.69715e+06 2.86579e+06 -159974 2699.39
5.68306e+06 2.89376e+06 -160027 2951.96
5.69769e+06 2.86606e+06 -134036 2821.77
5.68361e+06 2.89404e+06 -134082 2958.26
5.72581e+06 2.81009e+06 -108011 2567.99
5.71198e+06 2.83819e+06 -108054 2671.03
5.72616e+06 2.81026e+06 -82088.6 2611.1
5.71238e+06 2.83839e+06 -82122.8 2731.18
5.69809e+06 2.86626e+06 -108096 2824.84
5.68402e+06 2.89424e+06 -108134 2951.79
5.69847e+06 2.86645e+06 -82155.1 2893.08
5.68443e+06 2.89445e+06 -82185.6 3043.1
5.66895e+06 2.92171e+06 -160081 3048.4
5.6546e+06 2.94954e+06 -160128 3015.26
5.66938e+06 2.92193e+06 -134125 3046.16
5.65498e+06 2.94974e+06 -134164 3095.91
5.63995e+06 2.97722e+06 -160166 2938.11
5.62543e+06 3.00496e+06 -160208 2710.21
5.64048e+06 2.97749e+06 -134200 3069.63
5.62594e+06 3.00523e+06 -134236 3064.46
5.66977e+06 2.92213e+06 -108169 3050.69
5.65543e+06 2.94997e+06 -108202 3106.87
5.67024e+06 2.92237e+06 -82214.2 3124.96
5.65593e+06 2.95023e+06 -82240.8 3130.61
5.64097e+06 2.97775e+06 -108233 3086.96
5.6264e+06 3.00547e+06 -108262 3044.61
5.64152e+06 2.97804e+06 -82266.1 3140.92
5.62691e+06 3.00574e+06 -82288.6 3119.65
5.6085e+06 3.03143e+06 -264156 497.301
5.59412e+06 3.05924e+06 -264228 -125.113
5.60933e+06 3.03187e+06 -238186 892.613
5.59507e+06 3.05975e+06 -238256 545.779
5.57909e+06 3.0867e+06 -264270 -790.111
5.56431e+06 3.11429e+06 -264325 -661.347
5.58001e+06 3.0872e+06 -238293 437.367
5.5647e+06 3.1145e+06 -238321 420.995
5.61014e+06 3.0323e+06 -212216 1428.17
5.59622e+06 3.06038e+06 -212293 1158.34
5.61092e+06 3.03272e+06 -186245 1934.46
5.59696e+06 3.06078e+06 -186313 1672.35
5.58116e+06 3.08782e+06 -212326 1362.62
5.56555e+06 3.11497e+06 -212336 1570.62
5.5818e+06 3.08818e+06 -186338 1962.42
5.56665e+06 3.11558e+06 -186364 1733.76
5.54898e+06 3.14156e+06 -264351 308.652
5.53275e+06 3.16833e+06 -264334 1009.78
5.54952e+06 3.14187e+06 -238353 1020.02
5.53372e+06 3.16888e+06 -238356 1622.27
5.51692e+06 3.19533e+06 -264337 888.933
5.50131e+06 3.22246e+06 -264351 750.638
5.51788e+06 3.19588e+06 -238359 1600.49
5.50208e+06 3.22291e+06 -238365 1481.92
5.55031e+06 3.14231e+06 -212363 1903.29
5.5347e+06 3.16945e+06 -212376 1914.18
5.55141e+06 3.14292e+06 -186387 1982.34
5.53568e+06 3.17e+06 -186395 2026.4
5.51906e+06 3.19656e+06 -212387 2041.99
5.50308e+06 3.22348e+06 -212387 1948.66
5.52011e+06 3.19716e+06 -186408 2128.7
5.50382e+06 3.22392e+06 -186398 2076
5.61133e+06 3.03294e+06 -160262 2483.67
5.59722e+06 3.06092e+06 -160317 2409.03
5.6116e+06 3.03308e+06 -134278 2884.01
5.59758e+06 3.0611e+06 -134327 2763.72
5.58236e+06 3.08848e+06 -160350 2424.88
5.56718e+06 3.11587e+06 -160376 2140.56
5.58289e+06 3.08877e+06 -134362 2749.68
5.56712e+06 3.11583e+06 -134372 2629.22
5.61201e+06 3.03329e+06 -108296 3004.22
5.59794e+06 3.06129e+06 -108337 2818.16
5.61244e+06 3.03352e+06 -82314.4 3055.18
5.5982e+06 3.06143e+06 -82343.4 3047.62
5.58314e+06 3.0889e+06 -108364 2888.46
5.56716e+06 3.11584e+06 -108367 2955.56
5.58336e+06 3.08901e+06 -82363.2 2980.75
5.56745e+06 3.116e+06 -82367 2950.91
5.55192e+06 3.14321e+06 -160396 2046.17
5.53656e+06 3.1705e+06 -160411 2084.6
5.55197e+06 3.14324e+06 -134393 2202.41
5.53714e+06 3.17083e+06 -134417 2144.11
5.52064e+06 3.19746e+06 -160412 2180.03
5.50422e+06 3.22414e+06 -160398 2211.2
5.521e+06 3.19767e+06 -134411 2312.33
5.50464e+06 3.22439e+06 -134399 2392.68
5.55173e+06 3.1431e+06 -108380 2364.04
5.5369e+06 3.17069e+06 -108403 2041.37
5.5516e+06 3.14302e+06 -82371.1 2464.02
5.5366e+06 3.17052e+06 -82387.4 1873.73
5.5212e+06 3.19779e+06 -108406 1959.56
5.5051e+06 3.22465e+06 -108401 2290.08
5.52135e+06 3.19788e+06 -82399.2 1888.59
5.50552e+06 3.2249e+06 -82401.9 2194.43
5.72644e+06 2.8104e+06 -56164.6 2660.43
5.71264e+06 2.83852e+06 -56189.5 2776.34
5.72658e+06 2.81046e+06 -30239 2714.21
5.71276e+06 2.83857e+06 -30253.9 2828.55
5.69875e+06 2.86659e+06 -56213.3 2916.87
5.68475e+06 2.89461e+06 -56235.8 3023.82
5.69885e+06 2.86664e+06 -30268.3 2987.22
5.68489e+06 2.89468e+06 -30282.4 3078.13
5.72662e+06 2.81048e+06 -4312.86 2756.95
5.71286e+06 2.83862e+06 -4318.24 2874.39
5.72665e+06 2.8105e+06 21613.4 2798.53
5.71288e+06 2.83863e+06 21617.9 2937.57
5.69899e+06 2.86671e+06 -4323.58 3054.52
5.68499e+06 2.89473e+06 -4329.03 3120.92
5.69897e+06 2.8667e+06 21621.6 3064.18
5.68494e+06 2.8947e+06 21625 3135.55
5.6706e+06 2.92255e+06 -56256.9 3076.17
5.65629e+06 2.95041e+06 -56276.9 3120.94
5.67076e+06 2.92263e+06 -30295.9 3153
5.65633e+06 2.95043e+06 -30308 3169.77
5.64183e+06 2.97819e+06 -56295.4 3111.7
5.6272e+06 3.00589e+06 -56311.7 3107.46
5.64176e+06 2.97815e+06 -30318.9 3190.74
5.62715e+06 3.00586e+06 -30329.5 3109.53
5.67081e+06 2.92265e+06 -4334.1 3189.43
5.65632e+06 2.95042e+06 -4338.75 3199.36
5.67074e+06 2.92261e+06 21627.7 3174.6
5.65629e+06 2.9504e+06 21629.8 3214.54
5.64173e+06 2.97813e+06 -4343.51 3194.51
5.62712e+06 3.00584e+06 -4348.2 3161.31
5.64169e+06 2.97811e+06 21631.3 3186.84
5.62711e+06 3.00583e+06 21632.8 3147.57
5.72654e+06 2.81044e+06 47539.2 2820.93
5.71269e+06 2.83854e+06 47552.8 2939.94
5.72625e+06 2.8103e+06 73463.6 2789.97
5.71239e+06 2.83838e+06 73487 2913.6
5.69879e+06 2.8666e+06 47566.2 3065.89
5.68478e+06 2.89461e+06 47578.7 3145.12
5.69853e+06 2.86647e+06 73510.2 3005.42
5.6845e+06 2.89447e+06 73531.2 3076.42
5.72592e+06 2.81014e+06 99387.4 2633.64
5.71212e+06 2.83825e+06 99421.5 2691.52
5.72556e+06 2.80996e+06 125311 2336.32
5.71175e+06 2.83806e+06 125355 2425.8
5.69825e+06 2.86632e+06 99454.4 2785.45
5.68411e+06 2.89427e+06 99482.5 2874.46
5.69778e+06 2.86609e+06 125395 2477.23
5.68365e+06 2.89403e+06 125432 2500.33
5.67056e+06 2.92252e+06 47589.3 3180.87
5.65613e+06 2.95031e+06 47598.1 3192.15
5.67023e+06 2.92234e+06 73548.9 3102.82
5.6558e+06 2.95013e+06 73564.7 3141.34
5.64152e+06 2.97801e+06 47605.3 3161.16
5.62695e+06 3.00574e+06 47612.9 3109.88
5.64125e+06 2.97787e+06 73579.3 3110.84
5.62668e+06 3.00559e+06 73593.3 3051.36
5.66978e+06 2.92211e+06 99507.1 2883.32
5.6554e+06 2.94992e+06 99531.2 2876.8
5.66938e+06 2.9219e+06 125466 2495.47
5.65508e+06 2.94975e+06 125499 2494.83
5.64093e+06 2.9777e+06 99553.3 2904.92
5.62638e+06 3.00542e+06 99573.7 2812.36
5.64054e+06 2.97748e+06 125527 2531.16
5.62585e+06 3.00513e+06 125551 2447.59
5.61254e+06 3.03357e+06 -56327.9 3097.74
5.59816e+06 3.0614e+06 -56347.3 2992.76
5.61264e+06 3.03362e+06 -30340.3 3119.01
5.59803e+06 3.06132e+06 -30350.9 3148.27
5.58369e+06 3.08919e+06 -56363.4 2982.77
5.56788e+06 3.11624e+06 -56364.7 3106.64
5.58367e+06 3.08918e+06 -30361.5 2888.25
5.56892e+06 3.11682e+06 -30366.1 2908.23
5.61258e+06 3.03358e+06 -4352.85 3085.99
5.59791e+06 3.06126e+06 -4356.6 3157.73
5.61246e+06 3.03351e+06 21634 3045.76
5.59776e+06 3.06117e+06 21634.8 3076.21
5.58328e+06 3.08896e+06 -4361.36 2880.97
5.56907e+06 3.1169e+06 -4367.63 2580.08
5.58297e+06 3.08878e+06 21634.7 2865.64
5.56823e+06 3.11642e+06 21633.9 2802.45
5.55175e+06 3.1431e+06 -56366.4 2414.82
5.53653e+06 3.17047e+06 -56379.9 1857.26
5.55264e+06 3.14359e+06 -30367.4 2488.64
5.53644e+06 3.17041e+06 -30374.5 1967.89
5.52135e+06 3.19788e+06 -56392.2 1807.93
5.50583e+06 3.22508e+06 -56398.7 1949.51
5.52105e+06 3.19769e+06 -30383.3 1697.74
5.50573e+06 3.22502e+06 -30390.9 1867.03
5.55312e+06 3.14386e+06 -4369.39 2489.29
5.5366e+06 3.1705e+06 -4368.51 1906.66
5.55259e+06 3.14356e+06 21632.6 2145.76
5.53784e+06 3.17122e+06 21640.2 1058.54
5.52073e+06 3.1975e+06 -4373.53 1451.26
5.50514e+06 3.22466e+06 -4382.16 1405.88
5.52197e+06 3.19821e+06 21637.2 1019.97
5.50508e+06 3.22462e+06 21623.3 1140.74
5.6123e+06 3.03342e+06 47619.6 3020.81
5.59766e+06 3.06111e+06 47626.6 2889.89
5.61202e+06 3.03326e+06 73605.9 2871.92
5.59731e+06 3.06091e+06 73617.1 2749.87
5.58271e+06 3.08863e+06 47630.4 2726.78
5.56753e+06 3.11603e+06 47631.8 2557.78
5.58221e+06 3.08835e+06 73623.5 2657.04
5.56694e+06 3.11569e+06 73628 2362.06
5.61171e+06 3.03309e+06 99592.1 2726.93
5.59679e+06 3.06062e+06 99606.3 2586.57
5.61119e+06 3.0328e+06 125576 2397.55
5.59635e+06 3.06038e+06 125597 2367.49
5.58169e+06 3.08806e+06 99617.3 2460.02
5.56656e+06 3.11547e+06 99627.4 2210.24
5.58131e+06 3.08784e+06 125613 2322.97
5.56616e+06 3.11524e+06 125627 2157.43
5.55201e+06 3.14323e+06 47629.8 1966.05
5.53797e+06 3.17128e+06 47637.7 315.36
5.55162e+06 3.143e+06 73630.8 1711.14
5.53645e+06 3.1704e+06 73632.9 301.374
5.52268e+06 3.19861e+06 47640.1 362.66
5.50554e+06 3.22488e+06 47630.6 461.879
5.52121e+06 3.19777e+06 73637.7 -63.6645
5.50545e+06 3.22483e+06 73640.4 -216.551
5.55135e+06 3.14284e+06 99636.4 1442.57
5.53597e+06 3.17012e+06 99643.2 557.398
5.55087e+06 3.14256e+06 125638 1524.09
5.53564e+06 3.16993e+06 125650 617.055
5.52025e+06 3.19721e+06 99642.1 -181.988
5.50446e+06 3.22425e+06 99638.1 -327.565
5.52015e+06 3.19714e+06 125657 450.792
5.50389e+06 3.22391e+06 125645 347.359
5.48538e+06 3.24939e+06 -264349 547.554
5.46914e+06 3.27613e+06 -264330 92.6054
5.4861e+06 3.24981e+06 -238361 1286.58
5.47008e+06 3.27669e+06 -238353 741.137
5.45285e+06 3.30283e+06 -264309 -514.168
5.43657e+06 3.32955e+06 -264290 -413.16
5.45383e+06 3.30342e+06 -238335 256.17
5.4374e+06 3.33005e+06 -238311 202.775
5.48692e+06 3.25029e+06 -212377 1846.35
5.47086e+06 3.27716e+06 -212369 1464.14
5.48758e+06 3.25068e+06 -186387 2099.31
5.47158e+06 3.27758e+06 -186381 2033.58
5.45468e+06 3.30394e+06 -212356 1030.68
5.43813e+06 3.3305e+06 -212328 963.248
5.45537e+06 3.30436e+06 -186369 1822.85
5.43889e+06 3.33097e+06 -186347 1725.61
5.41945e+06 3.35574e+06 -264229 -234.226
5.40247e+06 3.38203e+06 -264177 -554.922
5.4203e+06 3.35627e+06 -238257 154.27
5.40303e+06 3.38238e+06 -238196 145.529
5.38613e+06 3.40871e+06 -264155 -430.135
5.36902e+06 3.43492e+06 -264093 -206.324
5.38636e+06 3.40886e+06 -238161 111.581
5.36956e+06 3.43527e+06 -238120 277.579
5.42101e+06 3.35671e+06 -212278 781.471
5.40382e+06 3.38287e+06 -212227 755.285
5.42178e+06 3.35718e+06 -186303 1616.54
5.40451e+06 3.3833e+06 -186255 1297.77
5.38714e+06 3.40936e+06 -212195 626.409
5.37034e+06 3.43577e+06 -212159 563.815
5.38783e+06 3.4098e+06 -186227 940.558
5.37103e+06 3.43621e+06 -186195 791.904
5.48812e+06 3.251e+06 -160391 2276.68
5.47223e+06 3.27797e+06 -160391 2279.28
5.48868e+06 3.25133e+06 -134397 2538.3
5.47266e+06 3.27823e+06 -134394 2562.77
5.456e+06 3.30473e+06 -160380 2261.73
5.43948e+06 3.33133e+06 -160360 2106.74
5.45636e+06 3.30495e+06 -134383 2429.71
5.43991e+06 3.33159e+06 -134368 2264.51
5.4891e+06 3.25157e+06 -108399 2578.75
5.47301e+06 3.27843e+06 -108394 2740.75
5.48947e+06 3.25179e+06 -82400 2650.39
5.47334e+06 3.27863e+06 -82395.5 2784.05
5.45674e+06 3.30518e+06 -108386 2667.34
5.44032e+06 3.33184e+06 -108374 2423
5.45712e+06 3.30541e+06 -82389.4 2758.96
5.44072e+06 3.33208e+06 -82380.4 2538.2
5.42238e+06 3.35755e+06 -160323 2140.45
5.40511e+06 3.38368e+06 -160280 1902.33
5.42282e+06 3.35783e+06 -134336 2444.5
5.40562e+06 3.384e+06 -134302 2203.5
5.38843e+06 3.41018e+06 -160256 1495.85
5.37163e+06 3.43659e+06 -160227 1078.24
5.38894e+06 3.4105e+06 -134281 2065.89
5.37213e+06 3.43692e+06 -134257 1558.85
5.42323e+06 3.35808e+06 -108349 2399.84
5.40604e+06 3.38427e+06 -108322 2308.02
5.42358e+06 3.3583e+06 -82360.2 2464.89
5.40637e+06 3.38447e+06 -82339 2401.44
5.38936e+06 3.41077e+06 -108305 2332.29
5.37255e+06 3.43719e+06 -108285 2021.4
5.38969e+06 3.41098e+06 -82325.7 2397.06
5.37288e+06 3.4374e+06 -82310.4 2269.11
5.35212e+06 3.46125e+06 -264043 -193.597
5.33506e+06 3.48749e+06 -263985 -120.487
5.35299e+06 3.46182e+06 -238088 426.842
5.33593e+06 3.48806e+06 -238036 460.861
5.31786e+06 3.51363e+06 -263920 -177.484
5.30123e+06 3.54014e+06 -263883 603.1
5.3187e+06 3.51419e+06 -237976 842.485
5.30215e+06 3.54076e+06 -237945 1094.3
5.35377e+06 3.46232e+06 -212132 336.557
5.33671e+06 3.48857e+06 -212085 357.599
5.35409e+06 3.46254e+06 -186157 571.83
5.33703e+06 3.48878e+06 -186116 601.499
5.31982e+06 3.51493e+06 -212044 796.567
5.30332e+06 3.54154e+06 -212020 1432.72
5.32019e+06 3.51517e+06 -186083 757.519
5.30359e+06 3.54172e+06 -186057 1392.11
5.28418e+06 3.56637e+06 -263825 1111.01
5.26673e+06 3.59234e+06 -263748 1090.85
5.28506e+06 3.56697e+06 -237892 1460.21
5.26749e+06 3.59286e+06 -237817 1249.83
5.24921e+06 3.61826e+06 -263667 912.523
5.2163e+06 3.65249e+06 -263237 739.057
5.24993e+06 3.61875e+06 -237742 1081.99
5.21703e+06 3.65301e+06 -237357 935.904
5.28596e+06 3.56757e+06 -211960 1614.13
5.26836e+06 3.59345e+06 -211891 1396.38
5.28652e+06 3.56795e+06 -186014 1606.02
5.26899e+06 3.59388e+06 -185956 1438.86
5.25082e+06 3.61937e+06 -211825 1232.68
5.21776e+06 3.65351e+06 -211477 1072.08
5.25146e+06 3.61981e+06 -185898 1257.58
5.21832e+06 3.65391e+06 -185589 1140.1
5.35469e+06 3.46292e+06 -160195 754.133
5.33762e+06 3.48917e+06 -160159 758.64
5.3552e+06 3.46325e+06 -134230 996.581
5.33813e+06 3.4895e+06 -134201 782.18
5.32043e+06 3.51533e+06 -160120 1125.86
5.30379e+06 3.54186e+06 -160098 1506.64
5.32094e+06 3.51566e+06 -134169 1222.97
5.30396e+06 3.54197e+06 -134143 1549.16
5.35561e+06 3.46352e+06 -108263 1384.82
5.33855e+06 3.48977e+06 -108239 977.995
5.35594e+06 3.46374e+06 -82293.3 1753.44
5.33887e+06 3.48999e+06 -82274.5 1291.16
5.32135e+06 3.51594e+06 -108213 1266.72
5.30403e+06 3.54202e+06 -108184 1799.98
5.32168e+06 3.51615e+06 -82253.7 1503.44
5.30435e+06 3.54223e+06 -82230.9 1928.41
5.28699e+06 3.56828e+06 -160069 1747.87
5.26955e+06 3.59427e+06 -160019 1597.66
5.28719e+06 3.56842e+06 -134120 1664.81
5.27014e+06 3.59468e+06 -134086 1588.31
5.25216e+06 3.62029e+06 -159971 1500.51
5.21886e+06 3.65429e+06 -159701 1347.49
5.25286e+06 3.62078e+06 -134047 1460.85
5.21956e+06 3.65478e+06 -133818 1456.11
5.28693e+06 3.56824e+06 -108159 1626.45
5.27014e+06 3.59468e+06 -108138 1597.21
5.28745e+06 3.5686e+06 -82212.7 1949.64
5.27065e+06 3.59504e+06 -82197 1878.88
5.2532e+06 3.62102e+06 -108112 1536.26
5.22022e+06 3.65524e+06 -107934 1484.52
5.25345e+06 3.62119e+06 -82176.4 1471.06
5.22071e+06 3.65558e+06 -82046.7 1398.48
5.48985e+06 3.25201e+06 -56398.6 2415.59
5.4736e+06 3.27878e+06 -56393.5 2764.28
5.48997e+06 3.25208e+06 -30392.3 2067.91
5.47376e+06 3.27887e+06 -30388.2 2577.57
5.45736e+06 3.30555e+06 -56388.3 2809.3
5.44103e+06 3.33227e+06 -56382.3 2577.66
5.45752e+06 3.30565e+06 -30384.4 2755.78
5.44118e+06 3.33237e+06 -30380 2592.36
5.4898e+06 3.25197e+06 -4384.8 1622.28
5.47376e+06 3.27887e+06 -4382.29 2264.23
5.48973e+06 3.25193e+06 21622.3 1109.89
5.47373e+06 3.27886e+06 21624.2 1831.5
5.45756e+06 3.30568e+06 -4379.72 2521.54
5.44122e+06 3.33239e+06 -4377.1 2513.12
5.45751e+06 3.30565e+06 21625.1 2187.56
5.44118e+06 3.33237e+06 21625.6 2284.87
5.42419e+06 3.35868e+06 -56370.1 2589.84
5.40693e+06 3.38482e+06 -56354.2 2351.9
5.42466e+06 3.35898e+06 -30374.2 2579.72
5.40739e+06 3.38511e+06 -30363.7 2446.05
5.38993e+06 3.41113e+06 -56341.7 2373.04
5.37312e+06 3.43755e+06 -56330.4 2331.64
5.39008e+06 3.41123e+06 -30353 2405.62
5.37327e+06 3.43765e+06 -30345.1 2268.7
5.42472e+06 3.35901e+06 -4373.55 2441.26
5.40779e+06 3.38537e+06 -4368.11 2425.65
5.4247e+06 3.35901e+06 21626.1 2284.23
5.40812e+06 3.38559e+06 21626.8 2229.24
5.39078e+06 3.41167e+06 -4363.12 2400.58
5.37364e+06 3.43789e+06 -4359.99 2322.73
5.39143e+06 3.41209e+06 21626.5 2299.41
5.37426e+06 3.43829e+06 21624.5 2273.52
5.48969e+06 3.2519e+06 47631.1 598.487
5.47367e+06 3.27882e+06 47631.8 1382.08
5.48948e+06 3.25178e+06 73640 254.577
5.47344e+06 3.27868e+06 73639.1 960.73
5.45749e+06 3.30564e+06 47631.3 1872.9
5.44113e+06 3.33235e+06 47629 2075.75
5.45734e+06 3.30555e+06 73637.4 1564.37
5.44092e+06 3.33222e+06 73631.1 1867.75
5.48878e+06 3.25136e+06 99640.4 192.708
5.47296e+06 3.27839e+06 99642.8 817.677
5.48801e+06 3.25091e+06 125642 381.023
5.47244e+06 3.27808e+06 125648 822.28
5.45685e+06 3.30525e+06 99639.2 1294.54
5.44045e+06 3.33193e+06 99630.1 1650.72
5.45628e+06 3.30491e+06 125640 1229.93
5.43995e+06 3.33163e+06 125628 1525.91
5.42462e+06 3.35896e+06 47625.2 2151.59
5.40803e+06 3.38553e+06 47620.5 2173.88
5.42447e+06 3.35887e+06 73624.5 1963.65
5.40785e+06 3.38542e+06 73615.1 2110.97
5.39131e+06 3.41202e+06 47614.9 2093.73
5.37446e+06 3.43842e+06 47608.2 2056.74
5.391e+06 3.41182e+06 73602.3 2063.31
5.37417e+06 3.43824e+06 73590.1 2027.81
5.42404e+06 3.35861e+06 99620.2 1806.05
5.40745e+06 3.38517e+06 99606.7 1913.89
5.42348e+06 3.35827e+06 125613 1708.5
5.40691e+06 3.38484e+06 125596 1786.13
5.39063e+06 3.41159e+06 99589.1 1936.36
5.37379e+06 3.438e+06 99570.9 1912.82
5.39024e+06 3.41135e+06 125575 1805.2
5.3734e+06 3.43775e+06 125551 1801.37
5.35618e+06 3.46389e+06 -56318.2 2010.27
5.33911e+06 3.49014e+06 -56305.1 1598.03
5.35633e+06 3.46399e+06 -30337.9 2109.51
5.33926e+06 3.49024e+06 -30331.3 1964.83
5.32191e+06 3.51631e+06 -56290.6 1776.26
5.30459e+06 3.54239e+06 -56274.7 1991.31
5.32206e+06 3.51641e+06 -30324.1 1957.69
5.30474e+06 3.54249e+06 -30316 1966.8
5.35669e+06 3.46423e+06 -4358.59 2116.99
5.33993e+06 3.49068e+06 -4358.9 2172.63
5.35734e+06 3.46465e+06 21620.4 2286.8
5.34026e+06 3.49089e+06 21611.4 2008.95
5.32243e+06 3.51665e+06 -4359.31 2160.59
5.3048e+06 3.54253e+06 -4358.81 2017.95
5.32271e+06 3.51683e+06 21603.4 2051.99
5.3054e+06 3.54293e+06 21598.2 2093.93
5.28768e+06 3.56876e+06 -56265 1678.76
5.27051e+06 3.59494e+06 -56252.4 1556.81
5.28761e+06 3.5687e+06 -30309.1 1823.35
5.27035e+06 3.59483e+06 -30302.1 1919.53
5.25311e+06 3.62096e+06 -56235.5 1427.02
5.22071e+06 3.65558e+06 -56153.7 1346.23
5.25271e+06 3.62068e+06 -30295.6 1339.42
5.22028e+06 3.65528e+06 -30256.3 1206.69
5.28799e+06 3.56896e+06 -4359.66 1848
5.27114e+06 3.59536e+06 -4361.67 1820.15
5.28833e+06 3.56919e+06 21590.7 1847.62
5.27119e+06 3.59539e+06 21581.7 1540.33
5.25329e+06 3.62108e+06 -4361.07 1792.8
5.22051e+06 3.65544e+06 -4360.07 1609.35
5.25373e+06 3.62138e+06 21572.8 1392.5
5.22102e+06 3.6558e+06 21534.2 1278.45
5.35752e+06 3.46476e+06 47598.9 2027.44
5.34015e+06 3.49082e+06 47585 2087.27
5.35719e+06 3.46455e+06 73574.7 1973.67
5.34016e+06 3.49083e+06 73557.4 2011.3
5.3229e+06 3.51696e+06 47570.7 2044.25
5.30587e+06 3.54324e+06 47556.5 1915.85
5.32298e+06 3.51701e+06 73537.3 1985.55
5.30562e+06 3.54307e+06 73514 1878.5
5.35684e+06 3.46433e+06 99549.8 1902.45
5.33982e+06 3.49061e+06 99526.1 1903.08
5.35645e+06 3.46407e+06 125524 1779.65
5.3394e+06 3.49034e+06 125494 1811.89
5.32262e+06 3.51678e+06 99499.2 1889.17
5.30531e+06 3.54287e+06 99470.2 1868.68
5.32219e+06 3.51649e+06 125461 1825.36
5.30488e+06 3.54258e+06 125425 1776.68
5.28848e+06 3.56928e+06 47540.4 1799.95
5.27102e+06 3.59527e+06 47524.4 1610.49
5.2882e+06 3.56909e+06 73490.2 1776.32
5.27085e+06 3.59516e+06 73468.2 1614.88
5.25352e+06 3.62124e+06 47507.8 1436.06
5.22086e+06 3.65569e+06 47426.9 1268.38
5.2535e+06 3.62122e+06 73445.7 1633.12
5.22049e+06 3.65542e+06 73319.5 1622.37
5.28792e+06 3.5689e+06 99440.4 1760.29
5.27097e+06 3.59524e+06 99420.4 1612.1
5.2875e+06 3.56862e+06 125388 1746.04
5.27107e+06 3.59531e+06 125375 1313.35
5.25406e+06 3.6216e+06 99400.1 1649.01
5.22023e+06 3.65525e+06 99214.1 1885.66
5.25435e+06 3.6218e+06 125353 916.227
5.21996e+06 3.65506e+06 125108 1536.16
5.72508e+06 2.80973e+06 151232 1914.3
5.71121e+06 2.83779e+06 151284 1969.06
5.72444e+06 2.80941e+06 177149 1248.67
5.71056e+06 2.83747e+06 177211 1325.18
5.69719e+06 2.86579e+06 151333 2028.24
5.68315e+06 2.89377e+06 151380 2042.14
5.69657e+06 2.86547e+06 177268 1358.84
5.6825e+06 2.89344e+06 177324 1398.23
5.72367e+06 2.80903e+06 203061 564.328
5.70984e+06 2.83711e+06 203134 598.558
5.72295e+06 2.80868e+06 228975 124.907
5.70913e+06 2.83676e+06 229058 165.045
5.69585e+06 2.86511e+06 203201 667.464
5.68175e+06 2.89306e+06 203264 707.629
5.69513e+06 2.86475e+06 229133 254.033
5.68105e+06 2.8927e+06 229205 300.147
5.66891e+06 2.92165e+06 151423 2059.64
5.65454e+06 2.94947e+06 151461 2030.39
5.66825e+06 2.92131e+06 177374 1404.82
5.65387e+06 2.94912e+06 177420 1445.29
5.64007e+06 2.97723e+06 151498 2015.17
5.6254e+06 3.00489e+06 151529 2015.76
5.63947e+06 2.97691e+06 177465 1515.95
5.62493e+06 3.00464e+06 177506 1672.72
5.66762e+06 2.92099e+06 203326 781.807
5.6534e+06 2.94887e+06 203385 863.224
5.667e+06 2.92067e+06 229279 462.82
5.65276e+06 2.94853e+06 229344 630.631
5.63891e+06 2.97662e+06 203434 1037.83
5.6243e+06 3.0043e+06 203478 1299.53
5.63822e+06 2.97625e+06 229397 876.781
5.62359e+06 3.00391e+06 229447 1203.71
5.72224e+06 2.80833e+06 254889 37.7376
5.70842e+06 2.8364e+06 254981 66.8441
5.7213e+06 2.80787e+06 280794 96.3297
5.70748e+06 2.83594e+06 280896 114.489
5.69432e+06 2.86434e+06 255061 125.585
5.68025e+06 2.89229e+06 255142 225.254
5.69345e+06 2.8639e+06 280987 176.208
5.67936e+06 2.89183e+06 281076 271.237
5.7202e+06 2.80733e+06 306691 201.363
5.70639e+06 2.83539e+06 306803 221.241
5.71905e+06 2.80676e+06 332585 296.327
5.70523e+06 2.83482e+06 332706 303.193
5.69245e+06 2.8634e+06 306908 264.233
5.67833e+06 2.89131e+06 307003 358.389
5.69127e+06 2.8628e+06 332819 333.465
5.67714e+06 2.8907e+06 332921 399.039
5.66618e+06 2.92024e+06 255223 386.726
5.65181e+06 2.94804e+06 255291 629.142
5.6652e+06 2.91973e+06 281160 460.08
5.65083e+06 2.94752e+06 281235 742.728
5.63731e+06 2.97577e+06 255352 938.624
5.62268e+06 3.00343e+06 255407 1322.52
5.63632e+06 2.97524e+06 281303 1129.75
5.62169e+06 3.0029e+06 281364 1558.39
5.66411e+06 2.91917e+06 307092 537.876
5.64974e+06 2.94696e+06 307174 864.083
5.66291e+06 2.91855e+06 333018 567.922
5.64855e+06 2.94633e+06 333107 865.28
5.63524e+06 2.97467e+06 307248 1299.06
5.62063e+06 3.00233e+06 307317 1759.05
5.63403e+06 2.97403e+06 333187 1325.2
5.61942e+06 3.00168e+06 333261 1806.62
5.61071e+06 3.03254e+06 151559 2116.53
5.5959e+06 3.06013e+06 151586 2236.62
5.61024e+06 3.03228e+06 177542 1914.94
5.59536e+06 3.05983e+06 177572 2127.8
5.58086e+06 3.08759e+06 151607 2263.57
5.56568e+06 3.11497e+06 151624 2150.07
5.58031e+06 3.08728e+06 177596 2229.55
5.56514e+06 3.11466e+06 177617 2174.48
5.60966e+06 3.03197e+06 203522 1692.13
5.59477e+06 3.0595e+06 203557 2087.08
5.6089e+06 3.03155e+06 229495 1663.06
5.59402e+06 3.05909e+06 229535 2087.62
5.57966e+06 3.08692e+06 203583 2206.79
5.5645e+06 3.1143e+06 203608 2242.12
5.57892e+06 3.08651e+06 229566 2287.32
5.56375e+06 3.11388e+06 229594 2287.76
5.55035e+06 3.14227e+06 151637 1826.65
5.53494e+06 3.16953e+06 151648 1175.75
5.54983e+06 3.14197e+06 177634 1999.37
5.53442e+06 3.16923e+06 177649 1648.93
5.51974e+06 3.1969e+06 151665 855.327
5.50363e+06 3.22375e+06 151658 897.122
5.51914e+06 3.19655e+06 177668 1299.4
5.50346e+06 3.22365e+06 177676 1382.95
5.54928e+06 3.14166e+06 203631 2103.37
5.53391e+06 3.16893e+06 203649 1935.09
5.5486e+06 3.14127e+06 229623 2219.42
5.53318e+06 3.16851e+06 229641 2112.5
5.51864e+06 3.19627e+06 203672 1572.72
5.50337e+06 3.2236e+06 203694 1411.4
5.51783e+06 3.19579e+06 229662 1872.18
5.50255e+06 3.22311e+06 229686 1698.13
5.60792e+06 3.03102e+06 255457 1760.46
5.59302e+06 3.05854e+06 255501 2149.84
5.60692e+06 3.03048e+06 281418 1945.63
5.59201e+06 3.05799e+06 281467 2259.01
5.57803e+06 3.08601e+06 255541 2383.22
5.56291e+06 3.11341e+06 255575 2436.47
5.577e+06 3.08544e+06 281509 2467.18
5.56191e+06 3.11285e+06 281548 2561.03
5.60586e+06 3.02991e+06 307377 2069.8
5.59096e+06 3.05741e+06 307429 2307.67
5.60467e+06 3.02925e+06 333327 2109.55
5.58975e+06 3.05674e+06 333383 2342.02
5.57589e+06 3.08482e+06 307472 2543.92
5.56078e+06 3.11221e+06 307514 2692.13
5.57473e+06 3.08418e+06 333433 2590.52
5.55962e+06 3.11156e+06 333478 2776.83
5.54773e+06 3.14078e+06 255606 2321.35
5.53235e+06 3.16803e+06 255628 2249.46
5.54675e+06 3.14022e+06 281583 2491.65
5.53143e+06 3.1675e+06 281609 2393.62
5.5169e+06 3.19525e+06 255646 2072.38
5.50148e+06 3.22249e+06 255665 1899.02
5.51591e+06 3.19467e+06 281625 2299.86
5.50029e+06 3.22178e+06 281636 2131.78
5.54561e+06 3.13957e+06 307551 2661.78
5.53026e+06 3.16683e+06 307578 2563.73
5.54435e+06 3.13886e+06 333512 2794.57
5.52892e+06 3.16606e+06 333537 2734.42
5.51472e+06 3.19398e+06 307594 2417.15
5.49902e+06 3.22103e+06 307602 2320.71
5.51336e+06 3.19319e+06 333554 2653.54
5.49772e+06 3.22027e+06 333567 2529.43
5.7178e+06 2.80615e+06 358473 340.103
5.70396e+06 2.83419e+06 358602 336.565
5.71642e+06 2.80547e+06 384353 339.974
5.70257e+06 2.8335e+06 384491 325.508
5.68997e+06 2.86215e+06 358722 342.301
5.67587e+06 2.89006e+06 358835 378.362
5.68859e+06 2.86145e+06 384620 314.91
5.67449e+06 2.88935e+06 384741 314.857
5.71493e+06 2.80474e+06 410225 303.591
5.7011e+06 2.83277e+06 410374 291.371
5.71338e+06 2.80398e+06 436092 264.157
5.69956e+06 2.832e+06 436251 242.593
5.68713e+06 2.86072e+06 410511 254.298
5.67302e+06 2.8886e+06 410640 229.874
5.68559e+06 2.85994e+06 436398 197.73
5.67149e+06 2.88782e+06 436535 158.081
5.66164e+06 2.9179e+06 358939 482.068
5.64727e+06 2.94566e+06 359034 732.638
5.66029e+06 2.91719e+06 384854 362.513
5.64592e+06 2.94495e+06 384956 523.166
5.63274e+06 2.97335e+06 359120 1134.6
5.6181e+06 3.00097e+06 359198 1647.59
5.63138e+06 2.97263e+06 385047 845.71
5.61672e+06 3.00023e+06 385129 1335.21
5.6588e+06 2.91643e+06 410760 223.013
5.64444e+06 2.94418e+06 410870 288.882
5.65726e+06 2.91563e+06 436661 104.513
5.64289e+06 2.94337e+06 436777 136.532
5.62992e+06 2.97185e+06 410968 510.958
5.61525e+06 2.99945e+06 411055 971.272
5.62839e+06 2.97104e+06 436883 275.194
5.61374e+06 2.99863e+06 436977 680.1
5.71175e+06 2.80318e+06 461954 234.982
5.69793e+06 2.83119e+06 462121 220.086
5.71002e+06 2.80233e+06 487807 213.649
5.69618e+06 2.83032e+06 487983 194.736
5.68396e+06 2.85912e+06 462277 172.686
5.66986e+06 2.88699e+06 462422 121.29
5.68221e+06 2.85824e+06 488147 162.369
5.66813e+06 2.8861e+06 488301 91.7406
5.7082e+06 2.80144e+06 513653 207.355
5.69436e+06 2.82941e+06 513838 199.4
5.70627e+06 2.80049e+06 539488 207.479
5.69243e+06 2.82845e+06 539683 189.895
5.68038e+06 2.85732e+06 514010 161.352
5.6663e+06 2.88517e+06 514172 113.681
5.67846e+06 2.85635e+06 539864 175.224
5.66436e+06 2.88418e+06 540033 116.558
5.65563e+06 2.91479e+06 462556 51.8923
5.64127e+06 2.94253e+06 462680 38.5797
5.6539e+06 2.9139e+06 488444 45.7218
5.63957e+06 2.94163e+06 488576 9.66576
5.62677e+06 2.97019e+06 462792 147.84
5.61213e+06 2.99778e+06 462893 509.821
5.62508e+06 2.96929e+06 488695 108.786
5.6104e+06 2.99685e+06 488798 443.508
5.65208e+06 2.91296e+06 514323 46.189
5.63774e+06 2.94068e+06 514462 24.6036
5.65017e+06 2.91197e+06 540193 65.1142
5.63581e+06 2.93967e+06 540338 37.5827
5.62323e+06 2.96831e+06 514585 110.931
5.60851e+06 2.99584e+06 514690 419.83
5.62125e+06 2.96726e+06 540462 124.826
5.60654e+06 2.99478e+06 540573 415.436
5.60335e+06 3.02854e+06 359269 2030.92
5.58844e+06 3.05603e+06 359330 2307.85
5.60194e+06 3.02778e+06 385203 1875.42
5.58703e+06 3.05525e+06 385268 2262.79
5.57344e+06 3.08346e+06 359385 2593.96
5.5583e+06 3.11082e+06 359430 2831.13
5.572e+06 3.08266e+06 385325 2575.06
5.55683e+06 3.10999e+06 385372 2843.72
5.60048e+06 3.02699e+06 411135 1622.08
5.58557e+06 3.05445e+06 411204 2150.08
5.59897e+06 3.02617e+06 437062 1371.18
5.58407e+06 3.05362e+06 437136 2025.22
5.57052e+06 3.08184e+06 411263 2538.99
5.55537e+06 3.10917e+06 411314 2832.71
5.56902e+06 3.081e+06 437199 2463.94
5.55386e+06 3.10832e+06 437253 2762.41
5.543e+06 3.13809e+06 359466 2876.82
5.52756e+06 3.16528e+06 359493 2880.53
5.54155e+06 3.13726e+06 385411 2959.12
5.52615e+06 3.16446e+06 385442 2980.6
5.51206e+06 3.19243e+06 359515 2793.28
5.49651e+06 3.21955e+06 359534 2715.93
5.51067e+06 3.19162e+06 385467 2937.18
5.49519e+06 3.21878e+06 385493 2859.28
5.54007e+06 3.13642e+06 411355 2966.54
5.52465e+06 3.1636e+06 411386 3020.38
5.53856e+06 3.13556e+06 437296 2948.32
5.52316e+06 3.16274e+06 437331 3026.33
5.50916e+06 3.19074e+06 411412 3011.93
5.49367e+06 3.21789e+06 411438 2931.43
5.50764e+06 3.18986e+06 437356 3039.24
5.492e+06 3.2169e+06 437371 3021.02
5.59737e+06 3.0253e+06 462983 1187.06
5.58246e+06 3.05274e+06 463061 1887.66
5.59561e+06 3.02435e+06 488891 1081.87
5.58075e+06 3.05181e+06 488978 1795.6
5.56742e+06 3.08012e+06 463129 2360.17
5.55227e+06 3.10743e+06 463186 2640.89
5.56572e+06 3.07917e+06 489049 2243.25
5.55055e+06 3.10646e+06 489109 2494.55
5.59371e+06 3.02331e+06 514786 1016.54
5.57888e+06 3.05078e+06 514880 1674.8
5.59175e+06 3.02225e+06 540675 974.572
5.57688e+06 3.04968e+06 540771 1595.19
5.56386e+06 3.07814e+06 514957 2107.51
5.54872e+06 3.10544e+06 515023 2336.72
5.56188e+06 3.07704e+06 540853 2020.48
5.54678e+06 3.10435e+06 540925 2206.5
5.537e+06 3.13467e+06 463234 2884.15
5.52162e+06 3.16186e+06 463273 3005.23
5.53533e+06 3.13372e+06 489164 2771.85
5.51996e+06 3.1609e+06 489206 2964.05
5.50604e+06 3.18893e+06 463295 3048.54
5.49027e+06 3.21588e+06 463300 3050.87
5.50432e+06 3.18793e+06 489223 3039.21
5.48851e+06 3.21485e+06 489225 3062.55
5.53352e+06 3.13269e+06 515082 2651.5
5.51809e+06 3.15983e+06 515120 2904.4
5.53153e+06 3.13156e+06 540983 2495.36
5.51606e+06 3.15866e+06 541019 2824.55
5.50248e+06 3.18685e+06 515141 3032.58
5.48669e+06 3.21378e+06 515146 3036.64
5.5005e+06 3.18571e+06 541046 3000.14
5.48475e+06 3.21264e+06 541055 3010.3
5.48731e+06 3.25049e+06 151643 798.5
5.47169e+06 3.27763e+06 151645 932.853
5.48694e+06 3.25026e+06 177652 1355.43
5.47065e+06 3.277e+06 177630 1169.26
5.45577e+06 3.3046e+06 151641 1268.08
5.43948e+06 3.33134e+06 151627 1551.09
5.45492e+06 3.30407e+06 177629 1300.95
5.43887e+06 3.33096e+06 177620 1581.79
5.48734e+06 3.25049e+06 203687 1813.12
5.47042e+06 3.27685e+06 203643 1701.21
5.48705e+06 3.25031e+06 229699 1574.91
5.4705e+06 3.27689e+06 229668 2052.95
5.45381e+06 3.3034e+06 203608 1575.95
5.43783e+06 3.33031e+06 203597 1563.11
5.45324e+06 3.30304e+06 229605 1911.31
5.43676e+06 3.32966e+06 229572 1747.39
5.42297e+06 3.35795e+06 151606 1675.46
5.40642e+06 3.38453e+06 151585 1720.04
5.42244e+06 3.35761e+06 177598 1704.13
5.40586e+06 3.38417e+06 177573 1731.47
5.38975e+06 3.41103e+06 151560 1728.45
5.37291e+06 3.43744e+06 151531 1704.37
5.38915e+06 3.41065e+06 177543 1707.6
5.37232e+06 3.43705e+06 177509 1667.98
5.42166e+06 3.35713e+06 203582 1709.68
5.40522e+06 3.38377e+06 203559 1740.55
5.42067e+06 3.35651e+06 229559 1703.63
5.40436e+06 3.38323e+06 229537 1757.25
5.38851e+06 3.41024e+06 203524 1729.07
5.37168e+06 3.43664e+06 203485 1670.41
5.38775e+06 3.40975e+06 229502 1707.79
5.37095e+06 3.43616e+06 229459 1661.11
5.4859e+06 3.24963e+06 255675 1787.51
5.46969e+06 3.2764e+06 255656 1890.43
5.48467e+06 3.2489e+06 281646 2030.93
5.46841e+06 3.27563e+06 281622 2069.89
5.45268e+06 3.30269e+06 255599 1970.04
5.43594e+06 3.32915e+06 255555 1869.65
5.45154e+06 3.302e+06 281567 1995.39
5.43508e+06 3.32861e+06 281535 1881.99
5.48337e+06 3.24812e+06 307612 2214.48
5.46713e+06 3.27486e+06 307588 2294.39
5.48209e+06 3.24736e+06 333578 2423.89
5.46591e+06 3.27413e+06 333556 2445.47
5.45035e+06 3.30127e+06 307533 2115.03
5.43409e+06 3.328e+06 307508 1901.98
5.44923e+06 3.30059e+06 333502 2248.39
5.43297e+06 3.32731e+06 333475 1959.54
5.41973e+06 3.35592e+06 255535 1790.56
5.40341e+06 3.38263e+06 255510 1761.27
5.41886e+06 3.35537e+06 281513 1889.99
5.40253e+06 3.38207e+06 281485 1784.43
5.38687e+06 3.40919e+06 255474 1731.32
5.37012e+06 3.43563e+06 255428 1644.13
5.38599e+06 3.40863e+06 281446 1763.46
5.36921e+06 3.43504e+06 281394 1650.28
5.41799e+06 3.35483e+06 307492 1870.35
5.40157e+06 3.38146e+06 307456 1798.95
5.4169e+06 3.35414e+06 333458 1850.36
5.4004e+06 3.38072e+06 333415 1805.4
5.38496e+06 3.40797e+06 307409 1731.4
5.36815e+06 3.43435e+06 307351 1603.55
5.38368e+06 3.40715e+06 333358 1747.17
5.36689e+06 3.43354e+06 333297 1597.42
5.35594e+06 3.46375e+06 151498 1707.11
5.33889e+06 3.49e+06 151462 1722.09
5.35538e+06 3.46337e+06 177471 1675.11
5.33832e+06 3.48962e+06 177430 1691.45
5.32172e+06 3.51618e+06 151423 1755.61
5.30444e+06 3.54228e+06 151381 1725.44
5.32118e+06 3.51581e+06 177386 1729.85
5.3039e+06 3.54192e+06 177337 1713.29
5.35474e+06 3.46296e+06 203442 1634.16
5.33769e+06 3.48921e+06 203396 1654.61
5.35402e+06 3.46248e+06 229411 1575.11
5.337e+06 3.48875e+06 229360 1467.98
5.32055e+06 3.5154e+06 203346 1657.88
5.30323e+06 3.54147e+06 203288 1688.67
5.31984e+06 3.51493e+06 229302 1454.61
5.30249e+06 3.54097e+06 229237 1541.17
5.28702e+06 3.56829e+06 151334 1730.46
5.27009e+06 3.59464e+06 151299 1198.26
5.28642e+06 3.56789e+06 177281 1675.58
5.26884e+06 3.59378e+06 177219 1532.14
5.25284e+06 3.62076e+06 151256 1097.34
5.21917e+06 3.6545e+06 150988 1330.58
5.2515e+06 3.61984e+06 177168 1399.79
5.23383e+06 3.64567e+06 177107 1377.59
5.28575e+06 3.56743e+06 203225 1658.49
5.26821e+06 3.59335e+06 203159 1610.69
5.28506e+06 3.56696e+06 229168 1549.42
5.26756e+06 3.5929e+06 229096 1651.66
5.25093e+06 3.61944e+06 203102 1410.97
5.23324e+06 3.64526e+06 203030 1433.05
5.25008e+06 3.61885e+06 229024 1452.14
5.21691e+06 3.65292e+06 228638 1471.25
5.3532e+06 3.46195e+06 255375 1446.24
5.33616e+06 3.4882e+06 255317 1061.37
5.35226e+06 3.46134e+06 281334 1260.03
5.33521e+06 3.48757e+06 281270 586.183
5.31899e+06 3.51436e+06 255253 915.969
5.30167e+06 3.54042e+06 255182 1070.06
5.31821e+06 3.51384e+06 281209 246.497
5.30098e+06 3.53996e+06 281135 366.688
5.35121e+06 3.46065e+06 307287 1148.1
5.33419e+06 3.4869e+06 307219 336.754
5.35006e+06 3.4599e+06 333234 1156.86
5.33313e+06 3.48621e+06 333166 309.388
5.31723e+06 3.51319e+06 307154 -284.514
5.30005e+06 3.53934e+06 307076 -333.384
5.31602e+06 3.51239e+06 333085 -245.861
5.29881e+06 3.53851e+06 332998 -484.484
5.28427e+06 3.56643e+06 255107 1222.74
5.2668e+06 3.59238e+06 255028 1382.67
5.28342e+06 3.56585e+06 281044 554.143
5.26591e+06 3.59177e+06 280955 944.321
5.24934e+06 3.61835e+06 254950 1474.61
5.21608e+06 3.65234e+06 254514 1516.59
5.24846e+06 3.61773e+06 280869 1332.34
5.23053e+06 3.64336e+06 280756 1622.84
5.28252e+06 3.56525e+06 306978 -180.084
5.26499e+06 3.59115e+06 306880 347.086
5.28152e+06 3.56457e+06 332906 -446.15
5.26407e+06 3.59052e+06 332804 83.3146
5.24736e+06 3.61698e+06 306776 1055.14
5.2292e+06 3.64244e+06 306641 1606.79
5.24614e+06 3.61614e+06 332672 956.606
5.2284e+06 3.64188e+06 332553 1864.11
5.48083e+06 3.24661e+06 359544 2639.2
5.46468e+06 3.27339e+06 359522 2587.31
5.47952e+06 3.24583e+06 385505 2803.58
5.46339e+06 3.27261e+06 385482 2747.92
5.4481e+06 3.2999e+06 359471 2375.3
5.43168e+06 3.32651e+06 359429 2037.48
5.44691e+06 3.29918e+06 385435 2507.88
5.43042e+06 3.32573e+06 385387 2191.12
5.478e+06 3.24492e+06 411449 2939.77
5.46192e+06 3.27172e+06 411431 2849.76
5.47622e+06 3.24387e+06 437375 2975.25
5.46028e+06 3.27074e+06 437367 2974.58
5.44554e+06 3.29834e+06 411388 2622.65
5.42919e+06 3.32498e+06 411348 2267.66
5.444e+06 3.2974e+06 437330 2778.18
5.42756e+06 3.32397e+06 437280 2416.41
5.4154e+06 3.35321e+06 359398 1878.33
5.39892e+06 3.37979e+06 359354 1754.63
5.41396e+06 3.35231e+06 385342 2014.06
5.39742e+06 3.37884e+06 385290 1850.69
5.38229e+06 3.40627e+06 359300 1730.21
5.36562e+06 3.43272e+06 359244 1613.29
5.38087e+06 3.40536e+06 385238 1741.45
5.36437e+06 3.43192e+06 385191 1648.13
5.41271e+06 3.35154e+06 411299 2203.65
5.39603e+06 3.37797e+06 411235 1962.92
5.41114e+06 3.35056e+06 437233 2088.72
5.39464e+06 3.37709e+06 437180 2075.83
5.37946e+06 3.40447e+06 411178 1830.33
5.36302e+06 3.43105e+06 411131 1530.97
5.37815e+06 3.40363e+06 437126 1872.52
5.36156e+06 3.43011e+06 437065 1591.37
5.47443e+06 3.24281e+06 463299 3044.41
5.45859e+06 3.26972e+06 463298 3008.18
5.47269e+06 3.24177e+06 489226 3049.21
5.45682e+06 3.26865e+06 489223 3044.91
5.44233e+06 3.29639e+06 463262 2890.09
5.42576e+06 3.32287e+06 463199 2563.75
5.44054e+06 3.2953e+06 489183 2983.19
5.42405e+06 3.32182e+06 489124 2738.25
5.47087e+06 3.24069e+06 515147 3035.98
5.45501e+06 3.26757e+06 515145 3042.64
5.46889e+06 3.23951e+06 541051 3038.85
5.45299e+06 3.26635e+06 541044 3016.98
5.43871e+06 3.29419e+06 515100 3028.26
5.4222e+06 3.32068e+06 515035 2877.39
5.43673e+06 3.29299e+06 541002 3039.78
5.42027e+06 3.31949e+06 540940 2964.16
5.40944e+06 3.3495e+06 463157 2252.38
5.39314e+06 3.37614e+06 463116 2057.21
5.4078e+06 3.34848e+06 489087 2435
5.3914e+06 3.37505e+06 489034 2233.92
5.37672e+06 3.40272e+06 463066 1919.34
5.3599e+06 3.42904e+06 462981 1682.46
5.37479e+06 3.40149e+06 488963 1945.07
5.35794e+06 3.42778e+06 488870 1800.79
5.40593e+06 3.34731e+06 514993 2665.06
5.38947e+06 3.37384e+06 514933 2486.3
5.4039e+06 3.34606e+06 540886 2871.5
5.38744e+06 3.37256e+06 540823 2744.18
5.37272e+06 3.40018e+06 514846 2244.76
5.35605e+06 3.42656e+06 514765 2020.32
5.37082e+06 3.39897e+06 540744 2604.71
5.35417e+06 3.42536e+06 540662 2471.4
5.34884e+06 3.45911e+06 359179 1234.99
5.33193e+06 3.48542e+06 359105 441.948
5.3476e+06 3.4583e+06 385123 1465.93
5.33057e+06 3.48452e+06 385035 930.571
5.31505e+06 3.51174e+06 359034 5.38493
5.29787e+06 3.53787e+06 358942 -147.556
5.31392e+06 3.51099e+06 384975 365.544
5.29685e+06 3.53719e+06 384885 461.792
5.34638e+06 3.45751e+06 411070 1422.77
5.32924e+06 3.48365e+06 410968 1232.17
5.34476e+06 3.45645e+06 436984 1600.65
5.32762e+06 3.48258e+06 436875 1268.83
5.31226e+06 3.50989e+06 410877 1024.52
5.29525e+06 3.53611e+06 410786 1005.22
5.3105e+06 3.50872e+06 436769 1542.66
5.29355e+06 3.53497e+06 436676 1507.64
5.28045e+06 3.56384e+06 358833 -161.661
5.26288e+06 3.5897e+06 358713 354.211
5.27936e+06 3.5631e+06 384763 517.154
5.26162e+06 3.58884e+06 384621 1105.29
5.24473e+06 3.61516e+06 358553 1140.92
5.22712e+06 3.64099e+06 358429 1769.8
5.24328e+06 3.61415e+06 384433 1606.16
5.22528e+06 3.6397e+06 384270 1977.38
5.27802e+06 3.56218e+06 410675 1370.88
5.2602e+06 3.58786e+06 410517 1598.44
5.27625e+06 3.56098e+06 436552 1731.82
5.25839e+06 3.58662e+06 436383 1897.14
5.24178e+06 3.61312e+06 410311 1939.67
5.22379e+06 3.63866e+06 410139 2159.09
5.24025e+06 3.61205e+06 436190 2235.76
5.22221e+06 3.63756e+06 436005 2251.76
5.34277e+06 3.45516e+06 462867 1373.75
5.32584e+06 3.48141e+06 462771 1589.98
5.34093e+06 3.45396e+06 488762 1666.82
5.32408e+06 3.48026e+06 488668 1593.57
5.30931e+06 3.50793e+06 462710 1760.76
5.29231e+06 3.53414e+06 462607 2003.39
5.30757e+06 3.50677e+06 488604 1683.69
5.29049e+06 3.53291e+06 488488 1842.76
5.33921e+06 3.45285e+06 514669 1973.16
5.32219e+06 3.47901e+06 514553 1944.36
5.33733e+06 3.45162e+06 540560 2374.2
5.32029e+06 3.47776e+06 540438 2379.44
5.30522e+06 3.50521e+06 514442 1979.08
5.2881e+06 3.53131e+06 514318 2039.96
5.30323e+06 3.50389e+06 540314 2392.1
5.28603e+06 3.52992e+06 540175 2405.77
5.27436e+06 3.5597e+06 462419 1990.22
5.25647e+06 3.5853e+06 462238 2048.32
5.27251e+06 3.55845e+06 488290 2070.26
5.2546e+06 3.58403e+06 488099 2264.17
5.2386e+06 3.61092e+06 462060 2183.16
5.22062e+06 3.63645e+06 461871 2401.12
5.2368e+06 3.60968e+06 487918 2358.96
5.21897e+06 3.63531e+06 487735 2501.17
5.27059e+06 3.55715e+06 514155 2225.1
5.25283e+06 3.58281e+06 513969 2371.76
5.2686e+06 3.5558e+06 540013 2484.15
5.25097e+06 3.58155e+06 539832 2532.13
5.23506e+06 3.60848e+06 513783 2504.65
5.21726e+06 3.63411e+06 513592 2603.48
5.23325e+06 3.60723e+06 539640 2624.36
5.21547e+06 3.63287e+06 539443 2750.35
