30.6409 -6.11126 -0.00195791 0.00249739 -0.00283741
30.9221 -6.11109 -0.00176604 0.00232519 -0.00265047
30.641 -5.8777 -0.00205847 0.00284283 -0.00282753
30.9222 -5.87753 -0.00194788 0.00261317 -0.00273018
31.2034 -6.11077 -0.00164334 0.00217703 -0.00256574
31.4846 -6.11031 -0.0015555 0.0020117 -0.00256012
31.2034 -5.87722 -0.00174206 0.00236556 -0.002722
31.4846 -5.87677 -0.00164424 0.00215645 -0.00272415
30.641 -5.64413 -0.00214827 0.00307401 -0.0028928
30.9222 -5.64396 -0.00207999 0.00278688 -0.00282604
30.641 -5.41055 -0.00225856 0.00335218 -0.00286354
30.9222 -5.41039 -0.0021061 0.00298745 -0.00288056
31.2034 -5.64366 -0.00187972 0.00253048 -0.00280664
31.4846 -5.64323 -0.001736 0.0022906 -0.00283618
31.2035 -5.4101 -0.00197453 0.00267172 -0.00287173
31.4847 -5.40969 -0.00180241 0.00241827 -0.0029527
31.7658 -6.1097 -0.0014865 0.00187934 -0.00263378
32.047 -6.10894 -0.00146276 0.00178834 -0.002684
31.7658 -5.87618 -0.00156603 0.00199854 -0.00277494
32.0471 -5.87545 -0.00151657 0.00186373 -0.0028628
32.3283 -6.10803 -0.00141262 0.00167739 -0.00277243
32.6095 -6.10697 -0.00133805 0.00152717 -0.00284627
32.3283 -5.87457 -0.00145982 0.0017371 -0.00295779
32.6095 -5.87355 -0.00138022 0.0015734 -0.00305133
31.7659 -5.64266 -0.00164127 0.00209605 -0.0029155
32.0471 -5.64195 -0.00156715 0.00193179 -0.00300862
31.7659 -5.40914 -0.00169031 0.00218518 -0.00300792
32.0471 -5.40847 -0.00160282 0.0020068 -0.00313063
32.3283 -5.64111 -0.00149969 0.00178478 -0.00312055
32.6096 -5.64014 -0.00141825 0.00162127 -0.00323316
32.3284 -5.40766 -0.00153545 0.00184501 -0.00325985
32.6096 -5.40672 -0.00143824 0.0016556 -0.00338001
30.6411 -5.17697 -0.00237512 0.00353396 -0.00289836
30.9223 -5.17682 -0.00219925 0.00320466 -0.00294138
30.6411 -4.94338 -0.00245629 0.00365185 -0.00290034
30.9223 -4.94324 -0.00228836 0.00331977 -0.00293837
31.2035 -5.17655 -0.00203439 0.00282147 -0.00296539
31.4847 -5.17615 -0.00187162 0.00253736 -0.00302056
31.2035 -4.94299 -0.00209947 0.00296765 -0.00300088
31.4847 -4.9426 -0.00192452 0.00264021 -0.00307936
30.6411 -4.7098 -0.00256199 0.00378753 -0.00278881
30.9223 -4.70966 -0.00235432 0.00343795 -0.00293191
30.6411 -4.47621 -0.002583 0.00389573 -0.00279003
30.9224 -4.47609 -0.00236489 0.0035575 -0.00289543
31.2035 -4.70942 -0.0022025 0.0030573 -0.0030041
31.4848 -4.70906 -0.0019814 0.00275434 -0.00311277
31.2036 -4.47586 -0.00223892 0.0031744 -0.00301411
31.4848 -4.47552 -0.00203965 0.00285845 -0.00311696
31.7659 -5.17562 -0.00174338 0.00227171 -0.00311311
32.0472 -5.17498 -0.00164247 0.00207366 -0.00322966
31.766 -4.94211 -0.00179356 0.00236845 -0.0031738
32.0472 -4.94149 -0.00168371 0.00215234 -0.00328833
32.3284 -5.17421 -0.00155737 0.00189091 -0.00335067
32.6096 -5.17331 -0.0014747 0.00171051 -0.00348073
32.3284 -4.94075 -0.00159131 0.00196308 -0.00341381
32.6096 -4.9399 -0.00150891 0.00178587 -0.00353101
31.766 -4.70859 -0.00183011 0.00246234 -0.00321359
32.0472 -4.708 -0.00171797 0.0022395 -0.00332201
31.766 -4.47507 -0.00189304 0.00257203 -0.00322171
32.0472 -4.47451 -0.00178095 0.00234881 -0.00331215
32.3284 -4.7073 -0.00163373 0.00207022 -0.00342097
32.6096 -4.70649 -0.00155152 0.00185188 -0.00357199
32.3284 -4.47385 -0.00167245 0.00216151 -0.00343317
32.6096 -4.47308 -0.00160666 0.00200271 -0.00354985
32.8908 -6.10577 -0.00122734 0.00132466 -0.0029213
33.172 -6.10443 -0.00109795 0.00109868 -0.00299403
32.8908 -5.8724 -0.00127198 0.00135796 -0.0031499
33.172 -5.8711 -0.00113698 0.00111988 -0.0032318
33.4533 -6.10293 -0.000966021 0.000886086 -0.00304193
33.7345 -6.1013 -0.00085338 0.000677572 -0.00313193
33.4533 -5.86967 -0.00100278 0.000899339 -0.0033113
33.7345 -5.8681 -0.000860911 0.000719919 -0.00338518
32.8908 -5.63903 -0.00129811 0.00139082 -0.00334989
33.172 -5.63778 -0.00116186 0.00115281 -0.00344143
32.8908 -5.40566 -0.00130777 0.00145575 -0.0034945
33.1721 -5.40446 -0.00118965 0.0012046 -0.00361944
33.4533 -5.6364 -0.00101345 0.000956253 -0.00354385
33.7345 -5.63489 -0.00089874 0.000743842 -0.00362848
33.4533 -5.40313 -0.00106049 0.000973258 -0.0036994
33.7345 -5.40167 -0.000933267 0.000768466 -0.00381675
34.0157 -6.09951 -0.000785459 0.00050727 -0.00314533
34.2969 -6.09757 -0.000657743 0.000313136 -0.00320518
34.0157 -5.86638 -0.000737921 0.000532399 -0.00346199
34.2969 -5.8645 -0.00065434 0.000341987 -0.00352722
34.5781 -6.09548 -0.000534183 0.000128574 -0.00323465
34.8594 -6.09325 -0.000355906 -6.28762e-05 -0.00325976
34.5782 -5.86249 -0.000548047 0.000144842 -0.00356709
34.8594 -5.86033 -0.000442814 -8.65442e-05 -0.00358511
34.0157 -5.63323 -0.000786756 0.000544128 -0.00371698
34.297 -5.63143 -0.000678425 0.000346514 -0.00378715
34.0158 -5.40008 -0.000814806 0.000582118 -0.00386568
34.297 -5.39836 -0.00066794 0.000363947 -0.00400538
34.5782 -5.62949 -0.000565709 0.000116571 -0.00386632
34.8594 -5.62742 -0.000435529 -0.000115232 -0.00391095
34.5782 -5.39651 -0.000539884 0.00012433 -0.00409208
34.8594 -5.39452 -0.000429904 -0.000122752 -0.00416218
32.8908 -5.17229 -0.00135845 0.00148667 -0.00360739
33.1721 -5.17114 -0.00123177 0.00126115 -0.00371593
32.8908 -4.93892 -0.00139586 0.00156831 -0.00367154
33.1721 -4.93783 -0.00127806 0.00134397 -0.00378895
33.4533 -5.16987 -0.00111301 0.00103802 -0.00383191
33.7345 -5.16848 -0.000954947 0.00082937 -0.00393186
33.4533 -4.93662 -0.00114017 0.00111296 -0.00390793
33.7346 -4.93529 -0.00103934 0.000908881 -0.00403534
32.8909 -4.70556 -0.00142915 0.00167344 -0.00369333
33.1721 -4.70452 -0.00132987 0.00146313 -0.00381989
32.8909 -4.4722 -0.00152279 0.00182156 -0.00366955
33.1721 -4.47121 -0.00141026 0.00162677 -0.00381024
33.4533 -4.70337 -0.00122202 0.00122735 -0.00396167
33.7346 -4.7021 -0.00110676 0.00100001 -0.00411501
33.4533 -4.47012 -0.00129661 0.00140279 -0.00398308
33.7346 -4.46891 -0.00117433 0.00113708 -0.00414517
34.0158 -5.16695 -0.000816387 0.000619241 -0.00406473
34.297 -5.1653 -0.000702246 0.000380263 -0.00416239
34.0158 -4.93384 -0.000886598 0.000669718 -0.00416407
34.297 -4.93226 -0.000740453 0.000422812 -0.00427665
34.5782 -5.16353 -0.000571521 0.000114989 -0.00425729
34.8594 -5.16163 -0.00041534 -0.000144692 -0.00432157
34.5782 -4.93056 -0.000533978 0.00011312 -0.00434911
34.8594 -4.92876 -0.000372985 -8.95094e-05 -0.0044382
34.0158 -4.70072 -0.000940202 0.000767274 -0.00425264
34.297 -4.69922 -0.000771982 0.000477225 -0.00437033
34.0158 -4.4676 -0.00101601 0.000895565 -0.0043404
34.2971 -4.46618 -0.000805397 0.000594268 -0.00449244
34.5782 -4.6976 -0.000591162 0.000189398 -0.00443484
34.8594 -4.69587 -0.000432312 -0.000129834 -0.00445818
34.5782 -4.46465 -0.000641914 0.000290484 -0.00453708
34.8594 -4.46301 -0.000401978 -4.7576e-05 -0.00456766
30.6412 -4.24263 -0.00260333 0.00396533 -0.00276432
30.9224 -4.24252 -0.00242155 0.00365649 -0.0029062
30.6412 -4.00906 -0.00261468 0.00395638 -0.00277647
30.9224 -4.00896 -0.00244174 0.00370799 -0.00290865
31.2036 -4.24231 -0.00229193 0.00326614 -0.0030081
31.4848 -4.24199 -0.00208994 0.0029711 -0.00311094
31.2036 -4.00877 -0.00232936 0.00336951 -0.00298832
31.4848 -4.00847 -0.00213774 0.00308311 -0.00308815
30.6412 -3.77549 -0.00262598 0.00402937 -0.00278293
30.9224 -3.77541 -0.00251229 0.00376157 -0.00289344
30.6412 -3.54193 -0.0025956 0.00404884 -0.00286289
30.9224 -3.54186 -0.00258105 0.0038093 -0.00303504
31.2036 -3.77523 -0.00235515 0.00348624 -0.00304378
31.4848 -3.77496 -0.00218683 0.00316336 -0.0031914
31.2036 -3.5417 -0.00238369 0.00349194 -0.0032045
31.4848 -3.54145 -0.0022396 0.00320372 -0.00341759
31.766 -4.24157 -0.0019518 0.00269832 -0.00319249
32.0472 -4.24105 -0.00184523 0.00246911 -0.00328598
31.766 -4.00809 -0.00199551 0.00282818 -0.00319277
32.0472 -4.0076 -0.00191945 0.00263526 -0.00330716
32.3285 -4.24042 -0.00177121 0.00230784 -0.00339015
32.6097 -4.2397 -0.00170185 0.00217445 -0.00349403
32.3285 -4.00702 -0.00186797 0.00248299 -0.00338544
32.6097 -4.00634 -0.00182149 0.00240052 -0.00345745
31.766 -3.77461 -0.00206405 0.00291782 -0.00334078
32.0472 -3.77416 -0.00199385 0.00276837 -0.00344635
31.766 -3.54113 -0.0021123 0.00300281 -0.00357488
32.0472 -3.54071 -0.00208955 0.0028705 -0.00370074
32.3285 -3.77362 -0.00196618 0.00268457 -0.00353917
32.6097 -3.77299 -0.00195774 0.00261995 -0.00357425
32.3285 -3.54021 -0.00205645 0.00282642 -0.0037851
32.6097 -3.53963 -0.00206799 0.00278114 -0.00387228
30.6413 -3.30837 -0.00265987 0.00402386 -0.00310737
30.9224 -3.30831 -0.00260287 0.00380047 -0.00326171
30.6413 -3.07483 -0.00260789 0.00411022 -0.00350241
30.9224 -3.07477 -0.00260168 0.00388069 -0.00364346
31.2036 -3.30817 -0.00237189 0.00352501 -0.00348212
31.4848 -3.30794 -0.00228157 0.00324311 -0.00364992
31.2036 -3.07463 -0.00239528 0.00358915 -0.00379092
31.4848 -3.07442 -0.00231942 0.00333473 -0.00392044
30.6413 -2.84129 -0.0027341 0.00407377 -0.00397497
30.9224 -2.84123 -0.00267063 0.00391439 -0.00403477
30.6413 -2.60776 -0.00274855 0.0041464 -0.00447233
30.9225 -2.60771 -0.00272427 0.00408919 -0.00448166
31.2036 -2.84111 -0.0024904 0.00366254 -0.00410644
31.4848 -2.84091 -0.00239294 0.00340928 -0.00419774
31.2036 -2.60759 -0.00250461 0.00384096 -0.00444012
31.4848 -2.6074 -0.00242582 0.00357041 -0.00453126
31.766 -3.30764 -0.00215501 0.00309044 -0.00381329
32.0472 -3.30726 -0.00212653 0.00296621 -0.00394475
31.766 -3.07414 -0.00224971 0.00317277 -0.00403404
32.0472 -3.07379 -0.00218187 0.00308005 -0.00416277
32.3285 -3.3068 -0.00216068 0.00292553 -0.00406384
32.6097 -3.30627 -0.00216199 0.00291548 -0.00413025
32.3284 -3.07337 -0.00222016 0.00297776 -0.00428489
32.6097 -3.07289 -0.00217565 0.00301523 -0.00442601
31.766 -2.84065 -0.00231017 0.00329875 -0.00427165
32.0472 -2.84033 -0.00219216 0.00320697 -0.00438383
31.766 -2.60716 -0.00235216 0.00345392 -0.00451998
32.0472 -2.60685 -0.00208307 0.00345043 -0.00465318
32.3284 -2.83993 -0.00224211 0.00309889 -0.00448653
32.6097 -2.83946 -0.00247089 0.00297634 -0.00456885
32.3284 -2.60647 -0.00223926 0.00320122 -0.00475197
32.6097 -2.60604 -0.00220077 0.0031645 -0.00483823
32.8909 -4.23887 -0.00162893 0.00201243 -0.00360718
33.1721 -4.23793 -0.00153454 0.00185012 -0.00374563
32.8909 -4.00556 -0.00178137 0.00228638 -0.00354906
33.1721 -4.00467 -0.00167331 0.00212537 -0.00364666
33.4534 -4.23689 -0.00141535 0.0016135 -0.00393396
33.7346 -4.23575 -0.00127393 0.00133806 -0.00414871
33.4534 -4.00368 -0.00153353 0.00189258 -0.00381595
33.7346 -4.0026 -0.00138454 0.00158004 -0.00408241
32.8909 -3.77225 -0.00192576 0.00252215 -0.00360555
33.1722 -3.77141 -0.00186935 0.00236986 -0.00364667
32.8909 -3.53894 -0.00204439 0.0027322 -0.00389877
33.1722 -3.53815 -0.00198777 0.00261086 -0.00388159
33.4534 -3.77047 -0.00175106 0.00214028 -0.00374907
33.7347 -3.76945 -0.00153148 0.00178224 -0.00398984
33.4534 -3.53727 -0.00187262 0.00237567 -0.00392244
33.7347 -3.53631 -0.00166843 0.00200928 -0.00402865
34.0158 -4.2345 -0.00110265 0.00105327 -0.00440159
34.2971 -4.23316 -0.000847389 0.000700343 -0.00457426
34.0159 -4.00142 -0.00121775 0.00123463 -0.00440664
34.2971 -4.00015 -0.000948136 0.000955605 -0.00469529
34.5783 -4.23171 -0.000699751 0.000407547 -0.00469261
34.8594 -4.23016 -0.000437838 3.45557e-06 -0.00470169
34.5783 -3.99878 -0.000612353 0.000560988 -0.00486413
34.8594 -3.99731 -0.00033399 0.000155088 -0.00488309
34.0159 -3.76833 -0.00132365 0.00141889 -0.00435792
34.2971 -3.76712 -0.00111464 0.00103469 -0.00470814
34.0159 -3.53526 -0.00142173 0.00157804 -0.00433488
34.2971 -3.53412 -0.0012005 0.00116115 -0.00472041
34.5783 -3.76583 -0.000853016 0.000607269 -0.00494501
34.8594 -3.76444 -0.000422708 0.000106967 -0.00503506
34.5783 -3.5329 -0.000943973 0.000638706 -0.00495666
34.8594 -3.53159 -0.000728566 6.68659e-05 -0.00513739
32.891 -3.30562 -0.00214765 0.0028472 -0.00418154
33.1722 -3.30487 -0.00211427 0.00274788 -0.00421952
32.891 -3.07229 -0.0020199 0.00314166 -0.004527
33.1723 -3.07158 -0.00214751 0.0028448 -0.0045332
33.4535 -3.30405 -0.00198013 0.00254145 -0.00425273
33.7347 -3.30314 -0.0017774 0.00215421 -0.00430389
33.4535 -3.07081 -0.00203565 0.00265169 -0.00462644
33.7347 -3.06997 -0.00181194 0.00228148 -0.00466073
32.891 -2.83891 -0.00228377 0.00300885 -0.00456311
33.1723 -2.83828 -0.00220631 0.0029327 -0.00483597
32.891 -2.60554 -0.00208876 0.00327747 -0.00499858
33.1723 -2.60497 -0.00210528 0.00291844 -0.00505415
33.4535 -2.83758 -0.00201165 0.00262721 -0.00491808
33.7348 -2.8368 -0.0017893 0.00227409 -0.00509596
33.4536 -2.60433 -0.00180916 0.00276257 -0.00522605
33.7348 -2.60362 -0.00170811 0.00215341 -0.00533753
34.0159 -3.30216 -0.00150064 0.00168411 -0.00446101
34.2971 -3.30111 -0.00123172 0.00127143 -0.00476887
34.016 -3.06906 -0.00150662 0.00177518 -0.00476268
34.2971 -3.06808 -0.00124892 0.00136131 -0.0049016
34.5783 -3.29998 -0.000928841 0.0008034 -0.00500308
34.8594 -3.29877 -0.000461905 0.000187735 -0.00506547
34.5783 -3.06704 -0.000922597 0.000891952 -0.00498658
34.8594 -3.06592 -0.000475911 0.000238655 -0.00502766
34.016 -2.83596 -0.00151055 0.00180836 -0.00511215
34.2971 -2.83506 -0.00125534 0.00138602 -0.00504389
34.016 -2.60285 -0.00143752 0.00175514 -0.00532027
34.2972 -2.60203 -0.00119019 0.00140269 -0.00509774
34.5783 -2.83409 -0.000932404 0.000916141 -0.0049862
34.8594 -2.83306 -0.000481803 0.0002277 -0.00494044
34.5783 -2.60115 -0.000848166 0.000905186 -0.00496057
34.8594 -2.6002 -0.000404124 0.000238076 -0.00492919
