30.641 1.36205 -0.0017236 0.00317991 -0.00167019
30.9223 1.36196 -0.00158398 0.00287631 -0.00155745
30.6409 1.59566 -0.00204667 0.00316813 -0.0019663
30.9222 1.59554 -0.00170582 0.00310239 -0.00191225
31.2036 1.36187 -0.00158273 0.00271972 -0.00166922
31.4849 1.36174 -0.00159524 0.00263991 -0.00179878
31.2035 1.59541 -0.00155738 0.00287588 -0.00184037
31.4848 1.59525 -0.00162366 0.0027884 -0.0020035
30.6409 1.82922 -0.00197491 0.00309332 -0.00191321
30.9221 1.82913 -0.0019979 0.00293578 -0.00195557
30.6408 2.06274 -0.00175668 0.0033008 -0.00211077
30.9221 2.06266 -0.00208452 0.00313584 -0.00225454
31.2035 1.82897 -0.0017165 0.00310657 -0.00216711
31.4848 1.82877 -0.00159637 0.00291538 -0.00214086
31.2034 2.06251 -0.00198904 0.0031293 -0.00225495
31.4847 2.0623 -0.00173347 0.00307629 -0.00241416
31.7661 1.36158 -0.00156373 0.00260914 -0.00195266
32.0474 1.36139 -0.00152839 0.00254342 -0.00211784
31.7661 1.59506 -0.00161966 0.00270573 -0.00214712
32.0474 1.59484 -0.001567 0.00261221 -0.0023039
32.3287 1.36117 -0.00146306 0.00242247 -0.00231107
32.6099 1.36091 -0.00137879 0.00226432 -0.00246322
32.3286 1.59458 -0.00149028 0.0024841 -0.0024584
32.6099 1.59429 -0.00138147 0.00228971 -0.00256719
31.766 1.82855 -0.00161445 0.00286293 -0.00232284
32.0473 1.8283 -0.00160096 0.00270155 -0.00247137
31.766 2.06205 -0.00163949 0.0029365 -0.00246088
32.0473 2.06176 -0.00160053 0.00280835 -0.00261126
32.3286 1.828 -0.00152387 0.00253593 -0.00256513
32.6099 1.82766 -0.00141314 0.00236123 -0.00267466
32.3286 2.06143 -0.00153446 0.00263552 -0.00272339
32.6098 2.06104 -0.00143136 0.00242412 -0.00277194
30.6408 2.29626 -0.00173839 0.00325416 -0.00230836
30.922 2.29616 -0.00185321 0.00316258 -0.00230867
30.6408 2.52978 -0.00162928 0.00312057 -0.00239532
30.922 2.52968 -0.00189037 0.00319664 -0.00246241
31.2033 2.29601 -0.00195396 0.00315812 -0.00243118
31.4846 2.29581 -0.00179438 0.0031336 -0.00249199
31.2033 2.52953 -0.00185863 0.00321359 -0.00254903
31.4846 2.52932 -0.0018126 0.00321359 -0.00264032
30.6407 2.76332 -0.00155062 0.00301115 -0.00252479
30.922 2.76322 -0.00183877 0.00312275 -0.00260586
30.6407 2.99687 -0.00147192 0.00282156 -0.0025018
30.922 2.99677 -0.00176526 0.00306111 -0.00259787
31.2033 2.76306 -0.00189685 0.00326505 -0.00264522
31.4846 2.76283 -0.00181135 0.00333491 -0.00278754
31.2032 2.99658 -0.00189262 0.00327061 -0.00271251
31.4845 2.99633 -0.00181007 0.0033728 -0.00275621
31.766 2.29555 -0.00170798 0.00304391 -0.00265539
32.0472 2.29523 -0.00164778 0.00287528 -0.00273493
31.7659 2.52904 -0.00176657 0.00310235 -0.00275821
32.0472 2.52869 -0.00168387 0.00295928 -0.00286159
32.3285 2.29485 -0.00157069 0.0027103 -0.00283914
32.6098 2.29442 -0.00148167 0.00253365 -0.0028862
32.3285 2.52828 -0.00161739 0.00278967 -0.00293578
32.6097 2.5278 -0.00152633 0.00262259 -0.00298773
31.7658 2.76252 -0.00180158 0.00317451 -0.00284547
32.0471 2.76214 -0.00171389 0.00301712 -0.00295823
31.7658 2.996 -0.00180205 0.00327481 -0.00292807
32.0471 2.9956 -0.00175366 0.00311357 -0.00301322
32.3284 2.76169 -0.00161202 0.00286326 -0.00304146
32.6097 2.76118 -0.00156001 0.00272594 -0.0031062
32.3283 2.99512 -0.00161771 0.0029277 -0.0031549
32.6096 2.99457 -0.00155168 0.00280298 -0.00325792
32.8912 1.36062 -0.00125076 0.00205349 -0.00260633
33.1724 1.3603 -0.00111203 0.00182741 -0.00273162
32.8911 1.59395 -0.00125589 0.00207586 -0.00266124
33.1724 1.59358 -0.00110208 0.00182592 -0.00272734
33.4536 1.35994 -0.000963363 0.00158284 -0.002861
33.7348 1.35956 -0.000819379 0.00134044 -0.00300003
33.4536 1.59317 -0.000948124 0.00158185 -0.0027972
33.7348 1.59272 -0.00077744 0.00132218 -0.00295221
32.8911 1.82728 -0.00127567 0.00212448 -0.00270517
33.1723 1.82686 -0.00111748 0.00186855 -0.00270234
32.8911 2.06061 -0.00132104 0.00221808 -0.00275735
33.1723 2.06014 -0.00114846 0.00193191 -0.00265198
33.4536 1.82639 -0.000942783 0.00158603 -0.00273096
33.7348 1.82588 -0.000764977 0.00130866 -0.00285625
33.4535 2.05961 -0.000953173 0.00160314 -0.00260962
33.7348 2.05903 -0.000751215 0.00129278 -0.00270589
34.0161 1.35913 -0.000628921 0.00106643 -0.00317003
34.2972 1.35864 -0.000223393 0.000929888 -0.00338956
34.016 1.59222 -0.000600336 0.00105972 -0.00310868
34.2972 1.59167 -0.000421096 0.000794682 -0.00332035
34.5783 1.35815 2.93076e-05 0.000645442 -0.00326567
34.8594 1.35764 0.0001271 0.00031214 -0.00338686
34.5783 1.5911 -0.000304123 0.000488041 -0.00334203
34.8594 1.5905 -5.31036e-05 9.95107e-05 -0.00338636
34.016 1.82532 -0.000594455 0.00104907 -0.00303667
34.2972 1.82471 -0.000400558 0.000758898 -0.00327419
34.016 2.05841 -0.000562244 0.00101507 -0.00291877
34.2972 2.05774 -0.000363074 0.00071415 -0.0032184
34.5783 1.82406 -0.000139217 0.000540202 -0.00347857
34.8594 1.82337 -3.59414e-05 0.000359243 -0.0035796
34.5783 2.05701 -0.000190039 0.000471425 -0.00353193
34.8594 2.05624 -3.66713e-05 0.000191415 -0.00370229
32.891 2.29394 -0.00137226 0.00233015 -0.00282052
33.1723 2.29341 -0.00121827 0.00208865 -0.00265644
32.891 2.52727 -0.00146326 0.00250515 -0.0029525
33.1722 2.5267 -0.00130421 0.0022242 -0.00285077
33.4535 2.29283 -0.000970711 0.00167041 -0.00255817
33.7348 2.2922 -0.000747188 0.0013071 -0.00257954
33.4535 2.52606 -0.00105902 0.00179111 -0.00269621
33.7347 2.52537 -0.000820128 0.00132489 -0.00269946
32.8909 2.76061 -0.00150271 0.00263177 -0.00316232
33.1722 2.75998 -0.00136508 0.00238036 -0.00315676
32.8909 2.99396 -0.00150371 0.00270655 -0.00338813
33.1722 2.99327 -0.00139987 0.00245677 -0.00347509
33.4535 2.75928 -0.00102672 0.00197389 -0.00312886
33.7347 2.75852 -0.000794918 0.00150962 -0.00308277
33.4535 2.99251 -0.00111357 0.00201796 -0.00358102
33.7347 2.99168 -0.000842436 0.00163316 -0.00362919
34.016 2.2915 -0.000541051 0.00100395 -0.00279422
34.2972 2.29076 -0.000322562 0.000702665 -0.00312509
34.016 2.5246 -0.000564343 0.00103098 -0.00280793
34.2971 2.52378 -0.000292074 0.000673814 -0.00311705
34.5783 2.28995 -0.000134545 0.000447802 -0.00351354
34.8594 2.28908 0.000101839 0.00018067 -0.0037725
34.5783 2.52289 -7.86199e-05 0.00039749 -0.00353873
34.8594 2.52194 -1.33331e-05 0.000417336 -0.00374346
34.0159 2.75769 -0.00057346 0.00109533 -0.00315982
34.2971 2.7568 -0.000289199 0.000677639 -0.00335314
34.0159 2.99077 -0.000577401 0.00119577 -0.00369839
34.2971 2.9898 -0.000263384 0.000692246 -0.00379487
34.5783 2.75583 6.57044e-06 0.000369008 -0.00366594
34.8594 2.75481 0.000154993 0.000198965 -0.00388767
34.5783 2.98875 4.90234e-06 0.000362869 -0.00384757
34.8594 2.98765 -2.96742e-05 0.000136341 -0.0038855
30.6407 3.23041 -0.00140417 0.00268463 -0.00239322
30.9219 3.2303 -0.00172583 0.00303296 -0.00254093
30.6407 3.46394 -0.00135878 0.00256495 -0.00219548
30.9219 3.46383 -0.0016684 0.00297853 -0.00234426
31.2032 3.23011 -0.00190604 0.00329468 -0.00271891
31.4845 3.22983 -0.00189139 0.00345574 -0.00284181
31.2032 3.46362 -0.0018945 0.0033163 -0.002544
31.4844 3.46334 -0.00198874 0.00347789 -0.0027523
30.6406 3.69747 -0.00129247 0.00248082 -0.00191215
30.9219 3.69736 -0.00164217 0.00298124 -0.00212979
30.6406 3.93101 -0.00126253 0.0024059 -0.00160672
30.9218 3.9309 -0.00162117 0.00297787 -0.00178675
31.2031 3.69715 -0.00190246 0.00334965 -0.00229751
31.4844 3.69685 -0.00199632 0.00358908 -0.00257781
31.2031 3.93069 -0.00192431 0.00336557 -0.00202541
31.4844 3.93038 -0.00198 0.00361737 -0.00235811
31.7657 3.22948 -0.00180033 0.00339502 -0.00298501
32.047 3.22905 -0.00174004 0.00320199 -0.00310079
31.7657 3.46297 -0.00194437 0.00342722 -0.00288946
32.047 3.46252 -0.00181785 0.00325283 -0.00307941
32.3283 3.22855 -0.00167052 0.0030392 -0.00313801
32.6096 3.22798 -0.00157496 0.00282389 -0.00336565
32.3283 3.462 -0.00167384 0.00310913 -0.00321212
32.6095 3.46139 -0.00155049 0.00287319 -0.00333732
31.7657 3.69647 -0.00199163 0.00345149 -0.00273385
32.047 3.69601 -0.00188882 0.00336478 -0.00301005
31.7656 3.92998 -0.00204056 0.00369103 -0.00261811
32.0469 3.92949 -0.00198873 0.00353411 -0.00283411
32.3282 3.69545 -0.0017483 0.0031801 -0.00315892
32.6095 3.6948 -0.00161388 0.00301503 -0.00328002
32.3282 3.92891 -0.00183773 0.00328893 -0.00302833
32.6095 3.92822 -0.00157439 0.00293662 -0.0033526
30.6406 4.16457 -0.00125717 0.00232433 -0.00122583
30.9218 4.16446 -0.00160259 0.00293411 -0.00142471
30.6405 4.39814 -0.00124717 0.00225739 -0.000877451
30.9218 4.39802 -0.00161174 0.00288644 -0.00102366
31.203 4.16424 -0.00198004 0.00337786 -0.00165834
31.4843 4.16392 -0.00215552 0.00374389 -0.00190302
31.203 4.3978 -0.00199998 0.00337098 -0.00121358
31.4843 4.39747 -0.0021871 0.00378186 -0.00150006
30.6405 4.6317 -0.00125333 0.0022286 -0.000504327
30.9217 4.63159 -0.00165853 0.00287177 -0.000560151
30.6405 4.86528 -0.00126122 0.00217487 -0.000184111
30.9217 4.86516 -0.00164708 0.0028133 -0.00023641
31.203 4.63136 -0.00202803 0.00333255 -0.000761317
31.4842 4.63101 -0.0022343 0.00379107 -0.000996009
31.203 4.86492 -0.00202729 0.00328957 -0.000272905
31.4842 4.86457 -0.00226431 0.00372341 -0.000326279
31.7656 4.1635 -0.0021533 0.00387259 -0.00224573
32.0469 4.16298 -0.00208704 0.00372686 -0.00250774
31.7656 4.39703 -0.00224336 0.00398072 -0.00178307
32.0468 4.39648 -0.00225735 0.00389846 -0.00208147
32.3282 4.16236 -0.0019247 0.00350108 -0.00275168
32.6094 4.16163 -0.00176725 0.00311012 -0.0029442
32.3281 4.39582 -0.00203212 0.003702 -0.00232851
32.6094 4.39506 -0.00183916 0.00324543 -0.00252535
31.7655 4.63056 -0.00230594 0.00403322 -0.0012175
32.0468 4.62999 -0.00237597 0.00398031 -0.0014337
31.7655 4.8641 -0.00240777 0.00398284 -0.000427513
32.0467 4.8635 -0.00243927 0.00398511 -0.000537155
32.3281 4.62931 -0.00222521 0.00376434 -0.00162335
32.6093 4.62852 -0.00195483 0.00335986 -0.00180083
32.328 4.8628 -0.00233229 0.00378531 -0.000611395
32.6093 4.86197 -0.0020496 0.00337932 -0.000685263
32.8909 3.22732 -0.00149872 0.00271547 -0.00350427
33.1721 3.22657 -0.00133335 0.00250214 -0.00378352
32.8908 3.46069 -0.00150339 0.0027019 -0.00360124
33.1721 3.45989 -0.00131307 0.00246653 -0.00394885
33.4534 3.22576 -0.00114432 0.00209163 -0.00393957
33.7347 3.22486 -0.000919967 0.00160127 -0.00410899
33.4534 3.45902 -0.000984033 0.00214746 -0.00421879
33.7346 3.45806 -0.000815384 0.0016364 -0.00441798
32.8908 3.69406 -0.00150087 0.00269992 -0.00360159
33.172 3.69321 -0.00129521 0.00234418 -0.00382669
32.8907 3.92743 -0.00132317 0.00264613 -0.00339391
33.172 3.92652 -0.00116863 0.00234403 -0.00363866
33.4533 3.69227 -0.000807308 0.00200262 -0.00426183
33.7346 3.69125 -0.000608071 0.0015846 -0.00433898
33.4533 3.92554 -0.000912333 0.00195716 -0.00387783
33.7345 3.92446 -0.000644789 0.0015125 -0.00400656
34.0159 3.22388 -0.000562725 0.00122758 -0.0042048
34.2971 3.22281 -0.000170666 0.000732741 -0.00420767
34.0158 3.45701 -0.00051547 0.00121432 -0.00447398
34.297 3.45586 -0.000216093 0.000674949 -0.00433438
34.5783 3.22166 9.58264e-05 0.000391096 -0.00407759
34.8594 3.22043 0.00034695 0.000243408 -0.00394876
34.5782 3.45461 6.07987e-05 0.00033395 -0.00398945
34.8594 3.45328 0.000151488 0.000227835 -0.00378843
34.0158 3.69014 -0.000355632 0.00114847 -0.00444823
34.297 3.68891 -0.00015272 0.00075217 -0.00395764
34.0157 3.92327 -0.000274961 0.00103704 -0.00390867
34.2969 3.92199 -5.9687e-05 0.000631473 -0.00362933
34.5782 3.68759 8.38369e-05 0.000398335 -0.00378762
34.8594 3.68619 0.000171852 0.000204314 -0.00349498
34.5781 3.92061 -6.55922e-05 0.000457641 -0.00328488
34.8594 3.91914 0.000154356 0.000182948 -0.00310197
32.8907 4.1608 -0.00153457 0.00285861 -0.00310607
33.172 4.15987 -0.00129334 0.00247536 -0.0033039
32.8906 4.39419 -0.0015433 0.0028039 -0.0026725
33.1719 4.39321 -0.00118098 0.00230293 -0.00278261
33.4532 4.15883 -0.000964708 0.00181887 -0.00340299
33.7345 4.15769 -0.000685915 0.00126339 -0.00338646
33.4532 4.39211 -0.000680299 0.00181249 -0.00286123
33.7344 4.39091 -0.000442139 0.00122605 -0.00276908
32.8906 4.62761 -0.00168981 0.00284467 -0.0017916
33.1719 4.62658 -0.0012522 0.00224304 -0.00199383
32.8905 4.86103 -0.00174205 0.00280275 -0.000784625
33.1718 4.85996 -0.00136096 0.00221506 -0.000754904
33.4531 4.62544 -0.000870036 0.00168449 -0.00197215
33.7344 4.62418 -0.000506922 0.00110119 -0.00191109
33.4531 4.85878 -0.000949096 0.00157048 -0.000742629
33.7343 4.85748 -0.000580374 0.00098872 -0.000700274
34.0157 4.15643 -0.000318203 0.00090765 -0.00317518
34.2969 4.15508 -3.64164e-05 0.000557704 -0.00306501
34.0157 4.38962 -0.000267871 0.000772082 -0.00258362
34.2969 4.38822 6.57636e-05 0.000235428 -0.00231151
34.5781 4.15365 0.000132284 0.00024008 -0.00277025
34.8594 4.15211 0.000143505 0.000134927 -0.0025676
34.5781 4.38672 0.000107436 0.000137465 -0.00208406
34.8594 4.38511 0.00012335 9.22951e-05 -0.00194938
34.0156 4.62283 -0.000219748 0.000592306 -0.00171241
34.2969 4.62138 -1.90208e-05 0.000250094 -0.00149638
34.0156 4.85607 -0.000292049 0.00053393 -0.000625223
34.2968 4.85454 -6.21646e-05 0.000172575 -0.000524378
34.5781 4.61981 9.00015e-05 6.65099e-05 -0.00133803
34.8594 4.61812 9.76576e-05 4.04712e-05 -0.00124953
34.5781 4.8529 4.28359e-05 7.73482e-06 -0.000458437
34.8594 4.85114 5.78935e-05 -1.61578e-05 -0.000446646
