26.1406 -6.09401 -0.00056271 -3.14757e-05 -0.00495425
26.4219 -6.09618 -0.000814719 0.000436189 -0.0049062
26.1406 -5.86111 -0.000495249 7.66396e-06 -0.00451631
26.4219 -5.8632 -0.0007238 0.000465763 -0.00446351
26.7032 -6.09822 -0.00106066 0.000961819 -0.00482547
26.9845 -6.1001 -0.00137682 0.00159317 -0.00472811
26.7032 -5.86515 -0.0010228 0.00102999 -0.00437493
26.9845 -5.86696 -0.00133473 0.00165252 -0.00427106
26.1406 -5.6282 -0.000475044 7.07458e-05 -0.00398435
26.4219 -5.63021 -0.000739116 0.000553683 -0.00393505
26.1407 -5.39529 -0.000407896 0.000101986 -0.0034943
26.422 -5.39722 -0.000659813 0.000645067 -0.00344858
26.7033 -5.63208 -0.00102203 0.00108158 -0.0038827
26.9846 -5.63382 -0.0013328 0.00174792 -0.00372964
26.7033 -5.39902 -0.000941345 0.00117682 -0.00331861
26.9846 -5.40069 -0.00127371 0.0019106 -0.00326568
27.2658 -6.10184 -0.00171915 0.00230034 -0.00466873
27.5471 -6.10344 -0.00206465 0.0029718 -0.00460177
27.2659 -5.86863 -0.00168106 0.00229917 -0.00418681
27.5472 -5.87016 -0.00206039 0.00300633 -0.00416467
27.8284 -6.10488 -0.00231335 0.00341359 -0.00448231
28.1097 -6.10618 -0.00241218 0.00364887 -0.00418888
27.8285 -5.87156 -0.00233584 0.00351028 -0.00411112
28.1097 -5.87281 -0.00249463 0.00382808 -0.004007
27.2659 -5.63542 -0.00167142 0.00235032 -0.00363942
27.5472 -5.6369 -0.00195704 0.00300216 -0.00361309
27.2659 -5.40222 -0.00161284 0.00251053 -0.00313508
27.5472 -5.40362 -0.00197684 0.00319677 -0.00299095
27.8285 -5.63823 -0.0023119 0.00362819 -0.00369021
28.1098 -5.63943 -0.00250463 0.00394194 -0.00362884
27.8285 -5.4049 -0.00231372 0.00364442 -0.00301562
28.1098 -5.40606 -0.00258033 0.00402841 -0.00301858
26.1407 -5.16238 -0.000368281 0.000151983 -0.00294193
26.422 -5.16423 -0.000643955 0.00072429 -0.00289724
26.1407 -4.92946 -0.000329032 0.000197941 -0.0024063
26.422 -4.93122 -0.000633979 0.000835188 -0.00235457
26.7033 -5.16595 -0.000960578 0.00133703 -0.00281442
26.9846 -5.16754 -0.00131634 0.00205031 -0.0026506
26.7033 -4.93287 -0.000976006 0.001525 -0.00224164
26.9846 -4.93439 -0.00134621 0.00226784 -0.0021149
26.1407 -4.69654 -0.000292857 0.000262063 -0.00187329
26.422 -4.69822 -0.000635154 0.000941509 -0.00181106
26.1407 -4.46362 -0.000268995 0.000312003 -0.00135539
26.422 -4.46521 -0.000653068 0.00108897 -0.00127521
26.7033 -4.69978 -0.00101093 0.00172239 -0.00167995
26.9846 -4.70123 -0.00140784 0.00249178 -0.00169871
26.7033 -4.4667 -0.00105666 0.00187657 -0.00120664
26.9846 -4.46808 -0.00147563 0.00275547 -0.00109049
27.2659 -5.16901 -0.00168307 0.00273405 -0.0025027
27.5472 -5.17036 -0.00194162 0.00339317 -0.00242608
27.2659 -4.93579 -0.00170663 0.00298705 -0.00200555
27.5472 -4.93709 -0.00204556 0.00360443 -0.00190064
27.8285 -5.17159 -0.0022058 0.00378903 -0.00236267
28.1098 -5.17269 -0.00250015 0.0041739 -0.00238989
27.8285 -4.93825 -0.00229621 0.00407726 -0.00186654
28.1098 -4.9393 -0.00253954 0.00437218 -0.00182298
27.2659 -4.70257 -0.00179281 0.00323463 -0.00138979
27.5473 -4.7038 -0.00211509 0.00390616 -0.00135092
27.266 -4.46936 -0.00189943 0.00346466 -0.00103938
27.5473 -4.47052 -0.00220878 0.00413876 -0.00114951
27.8286 -4.70492 -0.00237573 0.00429025 -0.00141526
28.1099 -4.70592 -0.00258162 0.00453835 -0.00149015
27.8286 -4.47158 -0.00246415 0.0044875 -0.00130573
28.1099 -4.47253 -0.00265193 0.00466655 -0.00153737
28.391 -6.10734 -0.00237923 0.00366486 -0.00389967
28.6723 -6.10834 -0.00238284 0.00366397 -0.00364491
28.391 -5.87391 -0.00255797 0.00390771 -0.00377882
28.6723 -5.87488 -0.00251392 0.00397417 -0.00352131
28.9535 -6.1092 -0.00242694 0.00364868 -0.00354547
29.2348 -6.10991 -0.00243648 0.00354051 -0.00347086
28.9535 -5.8757 -0.00263602 0.00383143 -0.00333861
29.2348 -5.87639 -0.00261066 0.00380044 -0.00337054
28.3911 -5.6405 -0.00257901 0.00417208 -0.00363081
28.6723 -5.64143 -0.00265489 0.0042482 -0.00341621
28.3911 -5.40708 -0.00257808 0.00433495 -0.00315935
28.6723 -5.40797 -0.0027667 0.00435583 -0.00316374
28.9536 -5.64223 -0.0026928 0.00416506 -0.0034625
29.2348 -5.64287 -0.00272879 0.00398048 -0.00340113
28.9536 -5.40873 -0.00271928 0.00439459 -0.00316389
29.2349 -5.40936 -0.00297605 0.00434463 -0.00289645
29.5161 -6.11048 -0.00233017 0.00335326 -0.00348611
29.7973 -6.11093 -0.0019174 0.00314581 -0.00338395
29.5161 -5.87694 -0.00250319 0.00372093 -0.00333057
29.7973 -5.87735 -0.00240336 0.00360857 -0.0032739
30.0785 -6.11119 -0.00208863 0.00303333 -0.00329833
30.3597 -6.11129 -0.0020196 0.00288566 -0.00290182
30.0786 -5.87762 -0.00220687 0.00340262 -0.00313265
30.3598 -5.87773 -0.00205922 0.00319783 -0.00292738
29.5161 -5.64339 -0.00262682 0.00399109 -0.00321285
29.7974 -5.64377 -0.00257684 0.00391798 -0.00310065
29.5161 -5.40985 -0.00272112 0.00420073 -0.00312987
29.7974 -5.41022 -0.0025041 0.00417065 -0.00298833
30.0786 -5.64402 -0.00252423 0.00366384 -0.00292373
30.3598 -5.64415 -0.00227977 0.00340543 -0.00299052
30.0786 -5.41046 -0.00250614 0.00382786 -0.00298436
30.3598 -5.41057 -0.00246967 0.00365432 -0.00295424
28.3911 -5.17366 -0.00256378 0.00438169 -0.00251972
28.6724 -5.17451 -0.0026664 0.00446863 -0.00267306
28.3911 -4.94023 -0.00264829 0.00450294 -0.00189758
28.6724 -4.94103 -0.00262563 0.00465771 -0.00195407
28.9537 -5.17523 -0.00263129 0.00457596 -0.00271146
29.2349 -5.17583 -0.00287791 0.00420752 -0.00272209
28.9537 -4.94174 -0.00264656 0.00445001 -0.00226011
29.2349 -4.94231 -0.00273662 0.004361 -0.00237936
28.3912 -4.7068 -0.00267666 0.00464371 -0.00165976
28.6725 -4.70757 -0.00254887 0.00473309 -0.00180179
28.3912 -4.47337 -0.00270629 0.00489529 -0.00165499
28.6725 -4.47411 -0.00279992 0.00491302 -0.00190939
28.9537 -4.70824 -0.00281355 0.00449013 -0.00171808
29.2349 -4.70877 -0.0027379 0.00440164 -0.00195258
28.9537 -4.47474 -0.00280656 0.00465725 -0.00174399
29.235 -4.47525 -0.00269919 0.00444648 -0.00187954
29.5162 -5.17631 -0.00275831 0.00434896 -0.00282595
29.7974 -5.17666 -0.00262411 0.00426315 -0.0028402
29.5162 -4.94275 -0.00274264 0.00442628 -0.00242946
29.7975 -4.94309 -0.00266108 0.00427359 -0.00262909
30.0787 -5.17689 -0.00251814 0.00405509 -0.00290046
30.3599 -5.177 -0.00247985 0.00377413 -0.0028518
30.0787 -4.94331 -0.00266518 0.0041679 -0.00274747
30.3599 -4.9434 -0.0026191 0.00393327 -0.00281797
29.5162 -4.7092 -0.00267153 0.00444546 -0.00210099
29.7975 -4.70952 -0.00270203 0.00437556 -0.0024371
29.5163 -4.47565 -0.00261759 0.0044297 -0.00196647
29.7975 -4.47596 -0.00257814 0.0044158 -0.00226039
30.0787 -4.70972 -0.00271754 0.00424841 -0.00261069
30.3599 -4.70981 -0.00264463 0.00404686 -0.00274923
30.0787 -4.47614 -0.00275501 0.0042916 -0.00243535
30.3599 -4.47623 -0.00268327 0.00411353 -0.00265822
26.1407 -4.23069 -0.000260764 0.000395954 -0.000840574
26.422 -4.23221 -0.000654359 0.00119029 -0.000823474
26.1407 -3.99776 -0.000250906 0.000418611 -0.00058189
26.422 -3.99919 -0.000672053 0.00122786 -0.000622569
26.7033 -4.23362 -0.0010882 0.00203592 -0.000801586
26.9847 -4.23493 -0.00153578 0.00292972 -0.000746218
26.7033 -4.00053 -0.00112921 0.00215127 -0.000686937
26.9847 -4.00177 -0.00159314 0.0030497 -0.000760471
26.1407 -3.76484 -0.000252622 0.000440105 -0.000660373
26.422 -3.76619 -0.000679336 0.00125972 -0.000728812
26.1407 -3.53191 -0.000258039 0.000408226 -0.000817488
26.422 -3.53318 -0.000697376 0.00129291 -0.000869896
26.7034 -3.76745 -0.00115305 0.00220617 -0.000817151
26.9847 -3.76862 -0.00164811 0.00313673 -0.000896383
26.7034 -3.53436 -0.00118696 0.00225589 -0.00100033
26.9847 -3.53546 -0.00173635 0.00317908 -0.00104928
27.266 -4.23613 -0.00198512 0.00369126 -0.000921237
27.5473 -4.23723 -0.00231352 0.00424789 -0.0010517
27.266 -4.00291 -0.00206417 0.00381176 -0.000831339
27.5473 -4.00393 -0.00236667 0.00445972 -0.00117534
27.8286 -4.23822 -0.00253324 0.00462536 -0.00129456
28.1099 -4.23912 -0.002726 0.00484415 -0.00159548
27.8287 -4.00487 -0.00266061 0.00475733 -0.00142089
28.11 -4.00569 -0.0027524 0.00503934 -0.00166233
27.266 -3.76969 -0.00214045 0.00398055 -0.00107841
27.5474 -3.77066 -0.00250758 0.0046963 -0.0011645
27.2661 -3.53646 -0.00219433 0.00422631 -0.00121978
27.5474 -3.53738 -0.0027093 0.00492717 -0.00134011
27.8287 -3.77153 -0.00275817 0.00522011 -0.0012822
28.11 -3.77232 -0.00287623 0.00543386 -0.00170734
27.8288 -3.53822 -0.00286931 0.00546446 -0.00160721
28.1101 -3.53897 -0.00284032 0.0056419 -0.00203277
26.1407 -3.29899 -0.00025432 0.000397497 -0.00097501
26.422 -3.30018 -0.000707282 0.00130856 -0.00104742
26.1407 -3.06607 -0.000259682 0.000388334 -0.00117239
26.422 -3.06717 -0.000697358 0.00125834 -0.0012541
26.7034 -3.30128 -0.00118651 0.00229464 -0.00109384
26.9847 -3.3023 -0.00178921 0.00329181 -0.00137482
26.7034 -3.0682 -0.00121104 0.00225347 -0.00142147
26.9848 -3.06916 -0.00179445 0.0033254 -0.00158075
26.1407 -2.83314 -0.000257511 0.000366228 -0.00143676
26.4221 -2.83417 -0.00067556 0.00118754 -0.00151509
26.1407 -2.60022 -0.000250296 0.000322161 -0.00176825
26.4221 -2.60117 -0.000646614 0.00111891 -0.00188327
26.7034 -2.83512 -0.00118081 0.00214313 -0.00176714
26.9848 -2.83601 -0.00176496 0.00324348 -0.00197663
26.7034 -2.60205 -0.00112614 0.0020124 -0.00189903
26.9848 -2.60287 -0.00170924 0.00309592 -0.00235966
27.2661 -3.30325 -0.00227095 0.00443102 -0.00143851
27.5475 -3.30411 -0.00280851 0.00512764 -0.00161364
27.2661 -3.07004 -0.00232493 0.00452222 -0.00183099
27.5475 -3.07086 -0.00285115 0.00525733 -0.00215198
27.8288 -3.3049 -0.00314878 0.00556275 -0.00207824
28.1101 -3.30561 -0.00302722 0.005781 -0.00249782
27.8288 -3.0716 -0.00300191 0.00557642 -0.00252102
28.1101 -3.07227 -0.00328474 0.00586055 -0.00309626
27.2661 -2.83684 -0.00232624 0.00441992 -0.00231992
27.5475 -2.8376 -0.00280788 0.00517911 -0.00265345
27.2662 -2.60362 -0.00231382 0.00423201 -0.00275677
27.5475 -2.60432 -0.00279045 0.00499665 -0.00317544
27.8288 -2.83828 -0.00302035 0.00561339 -0.00306613
28.1101 -2.8389 -0.0030907 0.00580578 -0.00346545
27.8288 -2.60495 -0.00300283 0.00550922 -0.0034737
28.1101 -2.60553 -0.00308322 0.00563869 -0.00386042
28.3912 -4.23991 -0.00264941 0.00508226 -0.00178361
28.6725 -4.2406 -0.00271767 0.00482005 -0.00173072
28.3913 -4.00645 -0.00284961 0.00519652 -0.00183332
28.6725 -4.00712 -0.00250503 0.00488785 -0.00177676
28.9537 -4.24119 -0.00301257 0.00437109 -0.00154568
29.235 -4.2417 -0.00267118 0.00446554 -0.00197854
28.9537 -4.00768 -0.0029458 0.00408524 -0.00198789
29.235 -4.00816 -0.00258379 0.00433356 -0.00175732
28.3913 -3.77303 -0.00291791 0.00529035 -0.00196255
28.6726 -3.77366 -0.00265266 0.00493092 -0.00192815
28.3913 -3.53963 -0.00302672 0.00547171 -0.00228818
28.6726 -3.54022 -0.00263574 0.00504527 -0.00240399
28.9537 -3.77419 -0.00299599 0.00423209 -0.00201959
29.2351 -3.77461 -0.00253518 0.00421191 -0.00184185
28.9538 -3.54072 -0.00286981 0.00428129 -0.00232322
29.2351 -3.54113 -0.00244113 0.0041309 -0.00223278
29.5163 -4.24209 -0.00254949 0.00433988 -0.00187967
29.7976 -4.24238 -0.00259459 0.00429513 -0.0020427
29.5164 -4.00853 -0.00227879 0.00421849 -0.00201241
29.7976 -4.00881 -0.00265611 0.00413361 -0.0021079
30.0787 -4.24257 -0.00265493 0.00422205 -0.0023329
30.36 -4.24265 -0.00270752 0.00419245 -0.00259231
30.0788 -4.00898 -0.00275112 0.00416209 -0.00229237
30.36 -4.00907 -0.00267017 0.00422609 -0.00250364
29.5164 -3.77498 -0.00237924 0.00406921 -0.00206083
29.7976 -3.77525 -0.00251838 0.00391503 -0.00206022
29.5164 -3.54147 -0.00216415 0.00397103 -0.00218689
29.7976 -3.54171 -0.00242838 0.00379743 -0.00223052
30.0788 -3.77542 -0.0026665 0.00400643 -0.00232957
30.36 -3.77549 -0.00266722 0.00411763 -0.00255153
30.0788 -3.54186 -0.00256606 0.00402008 -0.00245077
30.36 -3.54193 -0.00267917 0.00406348 -0.00272449
28.3914 -3.30624 -0.0030042 0.00567595 -0.00286743
28.6726 -3.30676 -0.00280127 0.00508681 -0.00288832
28.3914 -3.07285 -0.00293434 0.00591751 -0.00330131
28.6727 -3.07334 -0.00269382 0.00524798 -0.00334809
28.9538 -3.30724 -0.00299514 0.00434221 -0.00273923
29.2351 -3.30761 -0.00258227 0.00407703 -0.00279583
28.9539 -3.07375 -0.00319685 0.00433267 -0.00306754
29.2352 -3.07408 -0.00257311 0.00415642 -0.00330532
28.3914 -2.83945 -0.00313685 0.00584719 -0.00372744
28.6728 -2.83992 -0.00260105 0.00534303 -0.00373305
28.3915 -2.60603 -0.00310512 0.00568614 -0.00416132
28.6728 -2.60647 -0.00292608 0.00526579 -0.00421652
28.9539 -2.84029 -0.00307149 0.00440624 -0.00369892
29.2352 -2.84058 -0.00243899 0.00418145 -0.00388419
28.954 -2.60683 -0.00297831 0.00447521 -0.00427463
29.2353 -2.60712 -0.00239771 0.00404707 -0.00438074
29.5164 -3.30792 -0.00205817 0.00394486 -0.0026101
29.7976 -3.30816 -0.00237199 0.00369567 -0.00262642
29.5164 -3.07437 -0.00220891 0.00381614 -0.00325605
29.7976 -3.0746 -0.00237066 0.00368667 -0.00321692
30.0788 -3.3083 -0.00248709 0.00396553 -0.00278055
30.3601 -3.30837 -0.00265557 0.00400748 -0.00291373
30.0789 -3.07475 -0.00245091 0.00390766 -0.003292
30.3601 -3.07482 -0.00260563 0.0040495 -0.00340671
29.5164 -2.84084 -0.00251124 0.00374783 -0.00384671
29.7977 -2.84107 -0.0024005 0.0037594 -0.00390556
29.5165 -2.60737 -0.00254179 0.00369148 -0.00452513
29.7977 -2.60757 -0.00250992 0.00384614 -0.00452537
30.0789 -2.84121 -0.00244491 0.00394087 -0.00387114
30.3601 -2.84128 -0.00268662 0.00401986 -0.00393536
30.0789 -2.60771 -0.002444 0.0040287 -0.00445207
30.3602 -2.60776 -0.00259943 0.00410637 -0.00448258
