30.6405 -9.84792 -0.00191566 0.00318088 -9.13986e-05
30.9218 -9.84769 -0.00184408 0.00300337 -9.04346e-05
30.6405 -9.61439 -0.001937 0.00316541 -0.000243468
30.9218 -9.61415 -0.00187386 0.00301914 -0.000269792
31.203 -9.84722 -0.00179138 0.00290631 -0.00010487
31.4843 -9.84651 -0.00176934 0.00283309 -8.29729e-05
31.2031 -9.61369 -0.00184213 0.0029453 -0.00028325
31.4843 -9.61299 -0.00186054 0.00287071 -0.000271662
30.6406 -9.38086 -0.00196181 0.00312472 -0.000443481
30.9218 -9.38063 -0.0019106 0.00310559 -0.000504453
30.6406 -9.14733 -0.00197128 0.00307156 -0.000584031
30.9219 -9.14711 -0.00190801 0.00308611 -0.000683641
31.2031 -9.38018 -0.00191835 0.00299791 -0.000503212
31.4843 -9.37949 -0.00193159 0.00292325 -0.000528053
31.2031 -9.14667 -0.00192985 0.00301113 -0.000748844
31.4844 -9.146 -0.00189584 0.00279129 -0.000851495
31.7656 -9.84557 -0.00173485 0.00276826 -7.84671e-05
32.0468 -9.84441 -0.00165063 0.00263847 -6.19508e-05
31.7656 -9.61208 -0.0017816 0.00280695 -0.000244276
32.0468 -9.61094 -0.00169971 0.00261278 -0.000173571
32.3281 -9.84301 -0.0015395 0.00240347 -4.49878e-05
32.6094 -9.84137 -0.00140355 0.00219688 -5.44713e-05
32.3281 -9.60957 -0.00154878 0.00239511 -0.000165752
32.6094 -9.60797 -0.00138692 0.0021387 -0.000191147
31.7656 -9.37859 -0.00181052 0.00276119 -0.000526761
32.0468 -9.37748 -0.00175058 0.00256063 -0.000525935
31.7656 -9.14512 -0.00184004 0.00264097 -0.000943754
32.0469 -9.14402 -0.00175507 0.00243946 -0.000959727
32.3281 -9.37614 -0.00156701 0.00234026 -0.000453355
32.6094 -9.37458 -0.00135115 0.00202887 -0.000425792
32.3281 -9.14271 -0.00158906 0.00222816 -0.000913038
32.6094 -9.1412 -0.0013805 0.00193555 -0.000750005
30.6406 -8.9138 -0.00197712 0.00310306 -0.000680281
30.9219 -8.91358 -0.00196538 0.00298928 -0.000850316
30.6407 -8.68027 -0.0018596 0.00300289 -0.000819038
30.9219 -8.68005 -0.00193162 0.00296735 -0.000943234
31.2032 -8.91315 -0.00184038 0.00287919 -0.00100541
31.4844 -8.9125 -0.00183109 0.00263268 -0.00117266
31.2032 -8.6796 -0.001663 0.00263858 -0.00127395
31.4845 -8.67896 -0.0016659 0.0023859 -0.00142481
30.6407 -8.44668 -0.00183422 0.00283471 -0.00093314
30.922 -8.44646 -0.00175454 0.002575 -0.00118598
30.6407 -8.21311 -0.00173876 0.00257956 -0.00104111
30.922 -8.2129 -0.00161755 0.00239762 -0.00126455
31.2033 -8.44604 -0.00152037 0.00235266 -0.00145494
31.4845 -8.44544 -0.00152097 0.00211979 -0.00160754
31.2033 -8.2125 -0.00145664 0.00205052 -0.00154409
31.4845 -8.21192 -0.00138572 0.00183635 -0.00172797
31.7656 -8.91163 -0.00177046 0.00242004 -0.0012775
32.0469 -8.91057 -0.00170016 0.00229188 -0.00132051
31.7656 -8.67812 -0.00168858 0.00218092 -0.00157069
32.0469 -8.67708 -0.001634 0.00206661 -0.00164057
32.3281 -8.90929 -0.00155258 0.00207488 -0.00132823
32.6094 -8.90779 -0.00136804 0.00185156 -0.00118774
32.3281 -8.67584 -0.00161377 0.00196963 -0.00149379
32.6094 -8.6744 -0.00133989 0.00177588 -0.00147863
31.7657 -8.44462 -0.0015629 0.00193257 -0.00178522
32.0469 -8.44363 -0.00149924 0.00182781 -0.00185121
31.7657 -8.21112 -0.00141773 0.00167846 -0.00188498
32.0469 -8.21013 -0.00147325 0.00156161 -0.00168929
32.3281 -8.4424 -0.0013978 0.00176507 -0.00179983
32.6094 -8.44098 -0.00135019 0.00170391 -0.00153222
32.3281 -8.20895 -0.00136698 0.0016834 -0.00178992
32.6094 -8.20756 -0.00130564 0.00161948 -0.00157205
32.8906 -9.83949 -0.00132833 0.00194888 -8.4292e-05
33.1719 -9.83738 -0.00111371 0.0018258 -9.32139e-05
32.8906 -9.60613 -0.00128871 0.00191201 -0.000202808
33.1719 -9.60404 -0.001189 0.00174174 -0.000221601
33.4531 -9.83504 -0.00102734 0.00147774 -4.63283e-05
33.7343 -9.83243 -0.000882462 0.00117248 -7.85582e-05
33.4531 -9.60173 -0.00102668 0.00146116 -0.000144547
33.7344 -9.59916 -0.000834219 0.00112471 -0.000101869
32.8907 -9.37278 -0.00124094 0.00177596 -0.000411612
33.172 -9.37072 -0.00119527 0.00170953 -0.000377171
32.8907 -9.13944 -0.00122355 0.00172153 -0.000703968
33.172 -9.13745 -0.00113352 0.00159908 -0.000563622
33.4532 -9.36845 -0.00108249 0.00143297 -0.000353013
33.7344 -9.36591 -0.000839801 0.00108613 -0.000307511
33.4533 -9.13523 -0.00111045 0.00149634 -0.000391464
33.7345 -9.13277 -0.000832381 0.00108532 -0.00039516
34.0157 -9.8296 -0.000557937 0.000797215 -6.27855e-05
34.2969 -9.82653 -0.000309597 0.000485115 -1.29443e-05
34.0157 -9.59638 -0.000576061 0.000845794 -0.000121262
34.297 -9.59343 -0.00024687 0.000261909 -0.00037642
34.5782 -9.82329 -0.000100651 0.000100233 -0.000133295
34.8594 -9.81979 8.27179e-06 -6.41899e-05 -0.000162084
34.5781 -9.59025 -7.565e-05 -2.54309e-06 -0.00029573
34.8594 -9.58684 -5.46372e-05 -5.09543e-05 -0.000353181
34.0157 -9.36322 -0.000472196 0.00056653 -0.000540333
34.2969 -9.36038 -0.000256669 0.000248852 -0.000403025
34.0157 -9.13018 -0.00054663 0.000661432 -0.000401032
34.2968 -9.12739 -0.000223585 0.000195801 -0.000554741
34.5781 -9.35729 -9.9013e-05 9.05771e-06 -0.000466979
34.8594 -9.35395 -7.32484e-05 -3.22224e-05 -0.000506937
34.5781 -9.12433 -8.02751e-05 -1.05156e-05 -0.00055672
34.8594 -9.12105 -7.60111e-05 -6.31884e-05 -0.000651211
32.8907 -8.90609 -0.00123053 0.00167953 -0.00093735
33.172 -8.90418 -0.00116943 0.0016421 -0.000674155
32.8907 -8.67275 -0.00120192 0.00165839 -0.0011263
33.172 -8.67089 -0.00108312 0.00153698 -0.00097099
33.4533 -8.90206 -0.000978835 0.0013037 -0.000658565
33.7345 -8.89975 -0.000709948 0.00103521 -0.000482447
33.4533 -8.66883 -0.000957027 0.0012741 -0.000741805
33.7345 -8.66655 -0.000802014 0.000933699 -0.000725818
32.8907 -8.43936 -0.00124826 0.00159279 -0.00129096
33.172 -8.43755 -0.0011197 0.00144124 -0.00115159
32.8907 -8.20599 -0.00123991 0.00153587 -0.00144919
33.172 -8.20422 -0.00111296 0.00136393 -0.00132131
33.4533 -8.43554 -0.0009573 0.00125381 -0.00097371
33.7345 -8.43332 -0.000856976 0.000956978 -0.000963817
33.4533 -8.20225 -0.000979017 0.00118037 -0.00120893
33.7345 -8.20009 -0.000818843 0.000872147 -0.00116749
34.0156 -8.89718 -0.000544537 0.000694664 -0.000545812
34.2969 -8.89438 -0.000237655 0.000242206 -0.000532471
34.0157 -8.66405 -0.00053364 0.000597226 -0.000718377
34.2969 -8.66132 -0.000242361 0.000191374 -0.00066888
34.5781 -8.89136 -7.73789e-05 -4.81477e-05 -0.00068168
34.8594 -8.88815 -8.33068e-05 -5.45974e-05 -0.000709641
34.5781 -8.65839 -9.02668e-05 -5.18909e-05 -0.000742207
34.8594 -8.65525 -5.3475e-05 -0.000130999 -0.000748403
34.0157 -8.43089 -0.000551477 0.000578517 -0.000866321
34.2969 -8.42824 -0.000268318 0.000171036 -0.000849662
34.0157 -8.19771 -0.000605274 0.000553478 -0.00109695
34.297 -8.19515 -0.000313609 0.000182234 -0.0010057
34.5782 -8.4254 -8.47844e-05 -8.54202e-05 -0.000839834
34.8594 -8.42235 -9.18243e-05 -9.786e-05 -0.000898963
34.5782 -8.19239 -0.000122119 -6.97145e-05 -0.000968744
34.8594 -8.18945 -6.96812e-05 -0.000110111 -0.000905284
30.6408 -7.97957 -0.00161813 0.00238179 -0.00119385
30.9221 -7.97937 -0.00138369 0.00215141 -0.00140678
30.6408 -7.74602 -0.00152266 0.00224649 -0.00128558
30.9221 -7.74585 -0.00126174 0.00192829 -0.00150431
31.2033 -7.979 -0.00137203 0.00183866 -0.00153037
31.4845 -7.97844 -0.00128031 0.00165745 -0.00176822
31.2033 -7.74549 -0.00123118 0.00163887 -0.00162415
31.4845 -7.74496 -0.00118477 0.00149608 -0.00175992
30.6408 -7.51247 -0.00139478 0.0020659 -0.00148255
30.9221 -7.51231 -0.00124473 0.0018009 -0.0015579
30.6408 -7.27891 -0.0013382 0.00195169 -0.00171497
30.9221 -7.27875 -0.00121141 0.00167646 -0.0017402
31.2033 -7.51196 -0.00112267 0.00149836 -0.00173391
31.4845 -7.51141 -0.00123344 0.00142083 -0.00169154
31.2033 -7.2784 -0.00110221 0.00142504 -0.00177958
31.4845 -7.27785 -0.00112522 0.00135803 -0.00192302
31.7657 -7.97768 -0.00122903 0.0015655 -0.00182501
32.0469 -7.97668 -0.0012454 0.00150254 -0.0019649
31.7657 -7.7442 -0.00121246 0.00149161 -0.00189269
32.0469 -7.74322 -0.00126677 0.00154383 -0.00184067
32.3282 -7.9755 -0.00131318 0.00161906 -0.00172699
32.6094 -7.97415 -0.00126593 0.00151251 -0.00172958
32.3282 -7.74208 -0.00124065 0.00146708 -0.00186469
32.6094 -7.74075 -0.00123532 0.00140555 -0.00173956
31.7657 -7.51067 -0.00120587 0.00147281 -0.00185994
32.047 -7.50975 -0.0012212 0.00149069 -0.00191323
31.7658 -7.27714 -0.00119303 0.00147207 -0.00195882
32.047 -7.27626 -0.0011803 0.00148082 -0.00201208
32.3282 -7.50865 -0.00121887 0.00143266 -0.00192212
32.6095 -7.50737 -0.00119769 0.00139847 -0.00190815
32.3282 -7.2752 -0.00118442 0.00147234 -0.00200923
32.6095 -7.27397 -0.00115293 0.00137812 -0.00200615
30.6409 -7.04536 -0.00131108 0.001854 -0.00195768
30.9221 -7.0452 -0.00121469 0.00163393 -0.0019385
30.6409 -6.81182 -0.0013776 0.0018569 -0.00225999
30.9221 -6.81165 -0.00129906 0.00162964 -0.00218121
31.2033 -7.04484 -0.00114893 0.00143752 -0.00197242
31.4845 -7.0443 -0.00120936 0.00147828 -0.00194139
31.2033 -6.81131 -0.00123502 0.00153412 -0.0021316
31.4846 -6.8108 -0.00118738 0.00159117 -0.0021339
30.6409 -6.57829 -0.00152895 0.00192543 -0.0025897
30.9221 -6.57812 -0.0014338 0.00180384 -0.00240747
30.6409 -6.34479 -0.00173676 0.00223231 -0.00267456
30.9221 -6.34462 -0.00157345 0.00205873 -0.00256683
31.2033 -6.57779 -0.00137456 0.00169572 -0.00229562
31.4846 -6.57731 -0.00133201 0.00173314 -0.00230221
31.2033 -6.3443 -0.00151091 0.00194559 -0.00244581
31.4846 -6.34382 -0.00142998 0.00184725 -0.00241817
31.7658 -7.04362 -0.00126724 0.00143961 -0.00200471
32.047 -7.04277 -0.00126193 0.00148938 -0.00205143
31.7658 -6.81014 -0.00126337 0.00153983 -0.00217243
32.047 -6.80931 -0.00128049 0.0015249 -0.00218985
32.3283 -7.04175 -0.00123563 0.00146217 -0.00210529
32.6095 -7.04056 -0.00118609 0.00136801 -0.00211517
32.3283 -6.80832 -0.00127159 0.00150674 -0.00222578
32.6095 -6.80716 -0.00121241 0.00137476 -0.00225289
31.7658 -6.57666 -0.00135215 0.00166465 -0.00225742
32.047 -6.57586 -0.00133744 0.00161802 -0.0023464
31.7658 -6.34319 -0.00141703 0.0017742 -0.0024522
32.047 -6.34241 -0.00139715 0.0017024 -0.00250984
32.3283 -6.57489 -0.00130112 0.00155616 -0.0023783
32.6095 -6.57377 -0.0012352 0.00142764 -0.00242799
32.3283 -6.34147 -0.00135669 0.00161786 -0.00256939
32.6095 -6.34038 -0.00128762 0.00147886 -0.00262955
32.8907 -7.97262 -0.00118571 0.00145989 -0.0015899
33.172 -7.9709 -0.00110444 0.00127927 -0.00149426
32.8907 -7.73926 -0.00114522 0.00136856 -0.00174731
33.172 -7.73759 -0.0010666 0.00122499 -0.00167189
33.4533 -7.96899 -0.000967841 0.00110842 -0.00142529
33.7345 -7.96688 -0.000782303 0.000833507 -0.00135399
33.4533 -7.73573 -0.000942992 0.00100159 -0.00162339
33.7345 -7.73369 -0.000774012 0.000756388 -0.00154294
32.8907 -7.50591 -0.00110429 0.00127854 -0.00179984
33.172 -7.50429 -0.00101039 0.00115886 -0.00180115
32.8907 -7.27256 -0.00109467 0.00125289 -0.00199064
33.172 -7.27098 -0.000996494 0.00108699 -0.00198022
33.4533 -7.50249 -0.000881029 0.000984175 -0.00178482
33.7345 -7.50051 -0.000757986 0.000734677 -0.00177613
33.4532 -7.26923 -0.000874575 0.000888727 -0.00197725
33.7345 -7.26731 -0.000754846 0.000702989 -0.00195143
34.0157 -7.96458 -0.000600888 0.000511623 -0.00128445
34.297 -7.96209 -0.000349366 0.000189189 -0.00119161
34.0157 -7.73147 -0.000591901 0.000515413 -0.00155297
34.2969 -7.72904 -0.000415174 0.000232193 -0.00140155
34.5782 -7.95941 -0.000101139 -0.000108197 -0.00108043
34.8594 -7.95656 -0.000126755 -4.59715e-05 -0.00108263
34.5782 -7.72644 -0.000222797 -2.09555e-05 -0.00128824
34.8594 -7.72367 -0.000106436 -0.000109605 -0.00122339
34.0157 -7.49834 -0.000601188 0.000494409 -0.0017233
34.2969 -7.496 -0.000414906 0.000258364 -0.00164671
34.0157 -7.2652 -0.000622568 0.000475692 -0.00194041
34.2969 -7.26293 -0.000482607 0.000282715 -0.00188162
34.5782 -7.49347 -0.000265576 2.65657e-05 -0.00150815
34.8594 -7.49076 -0.000202593 -9.14125e-05 -0.0014357
34.5782 -7.26048 -0.000321612 6.82791e-05 -0.00177254
34.8594 -7.25785 -0.000215331 -6.78621e-05 -0.001701
32.8907 -7.0392 -0.0010988 0.00122642 -0.00212466
33.172 -7.03767 -0.000989141 0.00105953 -0.00213928
32.8907 -6.80584 -0.00112053 0.00122467 -0.0022798
33.172 -6.80436 -0.00100886 0.0010363 -0.00231506
33.4532 -7.03597 -0.000877514 0.000871357 -0.00215854
33.7345 -7.0341 -0.000759024 0.000669883 -0.0021463
33.4533 -6.8027 -0.000894767 0.000847059 -0.00232378
33.7345 -6.80089 -0.000787614 0.000654254 -0.00233336
32.8907 -6.57249 -0.00114085 0.00125424 -0.00246392
33.172 -6.57105 -0.00103331 0.00106719 -0.00249427
32.8908 -6.33914 -0.00118346 0.00128729 -0.00268156
33.172 -6.33774 -0.00106047 0.00107407 -0.0027323
33.4533 -6.56945 -0.000905838 0.000852492 -0.00253587
33.7345 -6.56769 -0.000797018 0.000666331 -0.00256348
33.4533 -6.33619 -0.000936521 0.000866986 -0.00278288
33.7345 -6.33449 -0.000831286 0.000683765 -0.00283237
34.0157 -7.03206 -0.000641585 0.000470339 -0.00215418
34.2969 -7.02985 -0.0005155 0.000299096 -0.00210541
34.0157 -6.79891 -0.00068603 0.00045725 -0.002365
34.2969 -6.79677 -0.000561844 0.000277888 -0.00237152
34.5781 -7.02748 -0.000381034 0.000115809 -0.00204725
34.8594 -7.02493 -0.000263447 -5.29084e-05 -0.00200836
34.5781 -6.79447 -0.000465433 0.000134105 -0.00228767
34.8594 -6.792 -0.000307167 -8.45025e-05 -0.00228023
34.0157 -6.56578 -0.000684856 0.000475209 -0.0025587
34.2969 -6.5637 -0.000565382 0.000298302 -0.00262337
34.0157 -6.33264 -0.000726662 0.000473103 -0.00288669
34.2969 -6.33063 -0.000624279 0.000316813 -0.00286961
34.5781 -6.56147 -0.000450789 0.000164438 -0.0026196
34.8594 -6.55908 -0.000304052 -5.26192e-05 -0.00258667
34.5781 -6.32848 -0.000505459 0.000137701 -0.00289585
34.8594 -6.32617 -0.000349404 -8.07107e-05 -0.00289144
