30.6413 -2.37428 -0.00274972 0.00424814 -0.00492136
30.9225 -2.37421 -0.00277947 0.00417232 -0.00481017
30.6413 -2.14082 -0.00275628 0.00425069 -0.00508173
30.9224 -2.14075 -0.00277907 0.0042911 -0.00507759
31.2036 -2.37409 -0.00266499 0.00400019 -0.0047898
31.4848 -2.37392 -0.00250864 0.00371695 -0.00485612
31.2036 -2.14063 -0.00285393 0.00409401 -0.0050956
31.4848 -2.14047 -0.00255641 0.00388547 -0.00516924
30.6413 -1.90734 -0.00281244 0.00421055 -0.00499749
30.9224 -1.90729 -0.00268036 0.00430438 -0.00519952
30.6413 -1.67387 -0.00266374 0.0042034 -0.00486547
30.9224 -1.67381 -0.00269277 0.00427782 -0.00501619
31.2036 -1.90718 -0.00280535 0.0042026 -0.00530246
31.4848 -1.90703 -0.00271 0.00402263 -0.00540318
31.2036 -1.67372 -0.00285689 0.00419265 -0.0052112
31.4848 -1.67358 -0.00273264 0.0041353 -0.00536028
31.766 -2.37369 -0.00268864 0.00343429 -0.00475903
32.0472 -2.37341 -0.00221012 0.00359237 -0.0050469
31.7659 -2.14026 -0.00264318 0.00353239 -0.00518133
32.0472 -2.14 -0.00250693 0.0036299 -0.005285
32.3284 -2.37308 -0.00214903 0.00355494 -0.00506301
32.6097 -2.37266 -0.00230389 0.00330062 -0.00517966
32.3285 -2.13969 -0.0024396 0.00347989 -0.00533064
32.6098 -2.13932 -0.00237852 0.00334627 -0.00532395
31.7659 -1.90683 -0.00277219 0.00368049 -0.00544241
32.0472 -1.9066 -0.00261353 0.00382838 -0.00549687
31.7659 -1.67341 -0.00301689 0.0039927 -0.00554796
32.0472 -1.6732 -0.00270376 0.00400391 -0.00568321
32.3285 -1.90631 -0.00253328 0.00365761 -0.00550985
32.6098 -1.90599 -0.00244684 0.0034815 -0.00552103
32.3285 -1.67295 -0.00262369 0.00383119 -0.00572027
32.6098 -1.67266 -0.00248391 0.00357279 -0.00566579
30.6412 -1.44038 -0.00259848 0.00410294 -0.00443408
30.9224 -1.44034 -0.0025608 0.00418843 -0.00469363
30.6412 -1.20689 -0.00242896 0.00394059 -0.00393893
30.9224 -1.20686 -0.00250118 0.00405299 -0.0041838
31.2036 -1.44026 -0.00277119 0.00418442 -0.00492512
31.4848 -1.44015 -0.00269629 0.00423368 -0.00513195
31.2036 -1.20679 -0.00261144 0.00410607 -0.00451456
31.4848 -1.2067 -0.0026742 0.00418604 -0.00472798
30.6412 -0.973403 -0.00231575 0.00378006 -0.00324821
30.9224 -0.973372 -0.0023924 0.00386347 -0.00360229
30.6411 -0.739918 -0.00222315 0.00361821 -0.00245203
30.9223 -0.739891 -0.00223867 0.00364808 -0.00285254
31.2035 -0.973316 -0.0025446 0.00396951 -0.00391396
31.4847 -0.973237 -0.00260816 0.00407468 -0.0042225
31.2035 -0.739846 -0.00237386 0.00381838 -0.00326895
31.4847 -0.73978 -0.00250141 0.00392368 -0.00363511
31.7659 -1.44 -0.00299015 0.00409171 -0.00561317
32.0472 -1.4398 -0.00273832 0.00410761 -0.00559046
31.7659 -1.20657 -0.00281316 0.0039062 -0.00497799
32.0472 -1.20641 -0.00264721 0.00401739 -0.00530463
32.3285 -1.43958 -0.00267191 0.00394773 -0.00579521
32.6098 -1.43933 -0.0025237 0.00367332 -0.00578196
32.3285 -1.20622 -0.00263755 0.00394577 -0.00559652
32.6098 -1.206 -0.0025143 0.003705 -0.00572552
31.7659 -0.973133 -0.0028213 0.0039716 -0.00447674
32.0472 -0.973001 -0.00254236 0.00390418 -0.00487006
31.7659 -0.739697 -0.00268032 0.00378125 -0.00412503
32.0472 -0.739596 -0.0024196 0.0037589 -0.00433538
32.3285 -0.972847 -0.00251538 0.00380936 -0.00516778
32.6098 -0.97267 -0.00243196 0.00362842 -0.00543133
32.3285 -0.739477 -0.00236124 0.00361727 -0.00468115
32.6098 -0.739339 -0.00229322 0.00346449 -0.00497624
32.891 -2.37219 -0.00205457 0.00326918 -0.00522724
33.1723 -2.37167 -0.00209542 0.00293553 -0.00534933
32.8911 -2.13889 -0.00237636 0.00318398 -0.00531316
33.1723 -2.13842 -0.00224567 0.00258114 -0.00532891
33.4536 -2.37109 -0.00170104 0.00259394 -0.00546482
33.7348 -2.37046 -0.00141836 0.00217085 -0.0054891
33.4536 -2.1379 -0.00187264 0.00228381 -0.00562709
33.7348 -2.13732 -0.00166372 0.0018893 -0.0054061
32.8911 -1.90562 -0.00200528 0.00328564 -0.00546406
33.1724 -1.90519 -0.00190153 0.00273565 -0.00553411
32.8911 -1.67232 -0.00225237 0.00318091 -0.00558632
33.1724 -1.67195 -0.00187245 0.00256877 -0.00550868
33.4536 -1.90472 -0.00155188 0.00222718 -0.00551011
33.7349 -1.90421 -0.0013735 0.00180664 -0.00533858
33.4537 -1.67154 -0.00134704 0.00219144 -0.00543589
33.7349 -1.67109 -0.00111909 0.00184845 -0.00530697
34.016 -2.36977 -0.00137801 0.00172119 -0.00534837
34.2972 -2.36902 -0.00112157 0.00134855 -0.00512487
34.016 -2.1367 -0.00137612 0.00156116 -0.00527024
34.2972 -2.13603 -0.00107817 0.00127442 -0.00510713
34.5783 -2.36822 -0.000787946 0.000888458 -0.00495918
34.8594 -2.36736 -0.000361688 0.000261783 -0.00494221
34.5783 -2.1353 -0.000765813 0.000787256 -0.00503913
34.8594 -2.13452 -0.000374937 0.000205446 -0.00498272
34.016 -1.90365 -0.00125868 0.001512 -0.00520455
34.2972 -1.90304 -0.0010612 0.00116619 -0.00507924
34.016 -1.67059 -0.00113634 0.00152884 -0.00509162
34.2972 -1.67005 -0.000875137 0.00116093 -0.00500682
34.5783 -1.90238 -0.000760889 0.000711698 -0.00498678
34.8594 -1.90169 -0.000384651 0.000172194 -0.00499381
34.5783 -1.66947 -0.000606453 0.000774602 -0.00496088
34.8594 -1.66885 -0.000256167 0.000247395 -0.0049448
32.8911 -1.43904 -0.00223232 0.00318837 -0.00565682
33.1724 -1.43872 -0.0018261 0.00254087 -0.00546729
32.8911 -1.20576 -0.00222966 0.0032275 -0.0056596
33.1724 -1.20549 -0.00179505 0.00253407 -0.00547406
33.4537 -1.43836 -0.00145799 0.00196161 -0.00534402
33.7349 -1.43798 -0.00120013 0.00177285 -0.00494309
33.4536 -1.2052 -0.00137992 0.00188673 -0.00525793
33.7349 -1.2049 -0.00103144 0.00173689 -0.00517057
32.8911 -0.972474 -0.00219313 0.00321784 -0.00550443
33.1724 -0.972261 -0.0017615 0.00252613 -0.00539813
32.8911 -0.739186 -0.0020979 0.00312002 -0.00518201
33.1724 -0.739017 -0.00170805 0.00248914 -0.00521545
33.4536 -0.972025 -0.0013465 0.00187587 -0.00521394
33.7349 -0.971765 -0.00113208 0.00154043 -0.00502694
33.4536 -0.73883 -0.00131392 0.00186879 -0.00508749
33.7349 -0.738625 -0.00110128 0.00153591 -0.00484435
34.0161 -1.43755 -0.0010997 0.00137339 -0.00502278
34.2972 -1.43706 -0.000976024 0.00113366 -0.0049666
34.0161 -1.20453 -0.00088563 0.00147108 -0.00489542
34.2973 -1.20411 -0.000825982 0.0010912 -0.00481941
34.5784 -1.43655 -0.000700423 0.000589367 -0.00490284
34.8594 -1.43601 -0.000356432 0.000138082 -0.00487438
34.5784 -1.20366 -0.000583979 0.000758611 -0.00471162
34.8595 -1.20319 -0.000270476 0.00014745 -0.00467891
34.0161 -0.971474 -0.000776028 0.00135749 -0.00485282
34.2973 -0.971139 -0.000665912 0.00121154 -0.0047529
34.0162 -0.738385 -0.00106223 0.00117716 -0.00450982
34.2973 -0.738135 -0.000976213 0.000961126 -0.00439064
34.5784 -0.970769 -0.000559061 0.000707049 -0.00457634
34.8595 -0.970382 -0.00028288 0.000208559 -0.00454899
34.5784 -0.73788 -0.000469537 0.00066315 -0.00438312
34.8595 -0.737592 -0.000188802 0.000226221 -0.00432692
30.6411 -0.506416 -0.00205218 0.00332233 -0.00174349
30.9223 -0.506391 -0.00206718 0.00336942 -0.00213491
30.6411 -0.272899 -0.00192285 0.00318053 -0.00112755
30.9223 -0.272872 -0.00187025 0.00309181 -0.00146052
31.2035 -0.506353 -0.00217087 0.00352586 -0.00258745
31.4847 -0.506302 -0.00233291 0.00372351 -0.00301962
31.2035 -0.27284 -0.00198816 0.00324229 -0.00192194
31.4848 -0.272804 -0.00213068 0.00346316 -0.00240868
30.6411 -0.0393736 -0.00175209 0.00297057 -0.000598561
30.9223 -0.0393511 -0.0016968 0.00283151 -0.000923393
30.6411 0.194161 -0.00164072 0.00279487 -0.000266445
30.9223 0.194177 -0.00156977 0.00260714 -0.000583131
31.2035 -0.0393283 -0.00180038 0.00296557 -0.00135635
31.4848 -0.0393052 -0.00193098 0.00313765 -0.00182372
31.2036 0.194187 -0.00163819 0.00269291 -0.00096222
31.4848 0.194193 -0.00173249 0.00283698 -0.00142531
31.7659 -0.506232 -0.00260015 0.00368438 -0.00341898
32.0472 -0.506155 -0.00239603 0.00338653 -0.00362848
31.766 -0.272757 -0.00216575 0.00342943 -0.00284126
32.0472 -0.272698 -0.00225063 0.00321781 -0.00321186
32.3285 -0.506072 -0.00222152 0.0034391 -0.00427766
32.6098 -0.505971 -0.0021194 0.00323932 -0.00445686
32.3286 -0.272634 -0.00205974 0.00322267 -0.00356448
32.6099 -0.272563 -0.00196546 0.00303711 -0.0038936
31.766 -0.0392739 -0.00198585 0.00317116 -0.00225615
32.0473 -0.0392277 -0.00206265 0.00295774 -0.0028752
31.7661 0.194199 -0.00178761 0.00287709 -0.00185967
32.0473 0.194206 -0.00180297 0.00289441 -0.00230572
32.3286 -0.0391852 -0.00206409 0.00293608 -0.00294409
32.6099 -0.0391594 -0.00186379 0.00258755 -0.00330877
32.3286 0.194204 -0.00174383 0.00273966 -0.00268837
32.6099 0.194199 -0.00178474 0.00249391 -0.00311312
30.641 0.427707 -0.0015644 0.00265561 -0.000300776
30.9223 0.427713 -0.00146773 0.00245096 -0.000504493
30.641 0.661264 -0.00157204 0.00263613 -0.000537038
30.9223 0.661257 -0.00142752 0.00242114 -0.000681792
31.2036 0.42771 -0.00152181 0.00251118 -0.00083296
31.4848 0.427694 -0.00159936 0.00258431 -0.00120971
31.2036 0.661234 -0.00144685 0.00241659 -0.000868809
31.4848 0.661194 -0.00152024 0.00246948 -0.00120998
30.641 0.89482 -0.00152905 0.00274184 -0.0010094
30.9223 0.894808 -0.00144887 0.00251066 -0.00101442
30.641 1.12843 -0.00157696 0.00291672 -0.00134866
30.9223 1.12839 -0.00155372 0.00264836 -0.00135902
31.2036 0.894767 -0.00144287 0.00243487 -0.00111731
31.4849 0.894704 -0.00149094 0.00245383 -0.00124553
31.2036 1.12832 -0.00151273 0.00254625 -0.00137578
31.4849 1.12822 -0.00150897 0.00252136 -0.0015362
31.7661 0.427666 -0.00164895 0.00266307 -0.00161872
32.0474 0.427628 -0.0016483 0.00265704 -0.00202349
31.7661 0.661138 -0.00153374 0.00255349 -0.00149687
32.0474 0.661061 -0.0015969 0.00250518 -0.00185284
32.3286 0.427579 -0.00162865 0.002616 -0.00239996
32.6099 0.427522 -0.00154467 0.00245048 -0.0027575
32.3287 0.660967 -0.00151093 0.0024659 -0.00222379
32.6099 0.660859 -0.00146461 0.00235664 -0.00252083
31.7661 0.894613 -0.00149388 0.00253977 -0.0015735
32.0474 0.894497 -0.00150924 0.00245513 -0.00189881
31.7662 1.1281 -0.00152597 0.00252511 -0.00173337
32.0474 1.12794 -0.0015071 0.00248835 -0.00196832
32.3287 0.894363 -0.00148482 0.00240867 -0.0021454
32.6099 0.894203 -0.0014108 0.00227596 -0.00241777
32.3287 1.12776 -0.00147157 0.00240276 -0.00218752
32.61 1.12755 -0.00139039 0.0022445 -0.00238705
32.8911 -0.505861 -0.00196474 0.00296109 -0.0047355
33.1724 -0.505743 -0.00162509 0.00240698 -0.0048664
32.8911 -0.272498 -0.00179033 0.00273157 -0.00421749
33.1724 -0.27244 -0.00152992 0.00230155 -0.00444361
33.4536 -0.505613 -0.00127706 0.00185513 -0.00482131
33.7349 -0.505471 -0.00108511 0.00155057 -0.00464805
33.4536 -0.272374 -0.00124731 0.0018494 -0.00444455
33.7349 -0.272302 -0.00105028 0.0015357 -0.00434876
32.8911 -0.0391469 -0.00174068 0.00263024 -0.00370212
33.1724 -0.0391474 -0.00161342 0.00206731 -0.00382104
32.8912 0.194161 -0.00154017 0.00232904 -0.00336348
33.1724 0.19408 -0.00126077 0.00198969 -0.00350942
33.4536 -0.0391534 -0.00127802 0.00163391 -0.0040096
33.7349 -0.0391512 -0.00100967 0.00150614 -0.00410392
33.4536 0.194021 -0.00118435 0.001816 -0.00392827
33.7349 0.193974 -0.00110669 0.00128013 -0.00382378
34.0161 -0.505331 -0.000710037 0.00152667 -0.00466112
34.2973 -0.505179 -0.000467609 0.00126898 -0.00432271
34.0161 -0.272223 -0.00101801 0.00131957 -0.00421485
34.2973 -0.272144 -0.00083483 0.000756345 -0.00404441
34.5785 -0.504998 -0.000299883 0.000766281 -0.00422267
34.8595 -0.504813 -8.83638e-05 0.000262176 -0.0040813
34.5784 -0.272082 -0.000451271 0.000659497 -0.00405504
34.8595 -0.272013 6.19295e-05 0.000246299 -0.0040247
34.0161 -0.039154 -0.000722301 0.00118836 -0.00419443
34.2973 -0.0391667 -0.000659879 0.000923852 -0.00391885
34.0161 0.193893 -0.000817055 0.00106427 -0.00383637
34.2973 0.193796 -0.000594508 0.00090786 -0.00388436
34.5784 -0.0391624 -0.000591027 0.00045668 -0.00394047
34.8595 -0.0391556 -0.000415994 8.38198e-05 -0.0038582
34.5784 0.193707 -0.000342176 0.000602941 -0.00385418
34.8595 0.193623 -0.000109076 0.000228125 -0.00382726
32.8912 0.427439 -0.00139885 0.00225111 -0.00303087
33.1724 0.427338 -0.00146601 0.00202069 -0.00332492
32.8912 0.660725 -0.00134227 0.00216125 -0.00281014
33.1724 0.660565 -0.00119515 0.00192631 -0.0030217
33.4537 0.427214 -0.00114038 0.00167839 -0.00343685
33.7349 0.427062 -0.000928282 0.00147166 -0.00363728
33.4536 0.660383 -0.0010792 0.0017104 -0.00321645
33.7349 0.660177 -0.000905479 0.00141974 -0.00340002
32.8912 0.894014 -0.00130116 0.00209085 -0.0026355
33.1724 0.893795 -0.00116798 0.00187643 -0.00285725
32.8912 1.12731 -0.00126477 0.0020612 -0.00258741
33.1724 1.12704 -0.00112868 0.0018421 -0.0027546
33.4536 0.893553 -0.00101391 0.00163125 -0.00303745
33.7349 0.893291 -0.000869403 0.00141238 -0.00319714
33.4536 1.12674 -0.000992488 0.0016073 -0.0029225
33.7348 1.12641 -0.000827455 0.00136629 -0.0030867
34.0161 0.426912 -0.000724636 0.00120419 -0.0036967
34.2972 0.426759 -0.000547359 0.000895877 -0.00374007
34.0161 0.65996 -0.000730776 0.00114264 -0.00352256
34.2972 0.659733 -0.000522248 0.000807666 -0.00362025
34.5784 0.426593 -0.000335293 0.000541837 -0.00380725
34.8595 0.42641 -5.90042e-05 0.00019772 -0.0038754
34.5784 0.659487 -0.000309055 0.000432087 -0.00375293
34.8595 0.659217 -7.74626e-05 0.000146996 -0.00384608
34.0161 0.893013 -0.000678546 0.00111489 -0.00334978
34.2973 0.892727 -0.000520645 0.000755897 -0.00341183
34.0161 1.12607 -0.000645197 0.00108617 -0.00324066
34.2973 1.1257 -0.000484968 0.000892189 -0.00325703
34.5784 0.89241 -0.000406562 0.00029524 -0.0036228
34.8594 0.892044 -0.000111704 2.34612e-05 -0.00360574
34.5783 1.1253 -0.000207909 0.000416478 -0.00339381
34.8594 1.12485 7.55288e-05 0.000100508 -0.00342198
