26.1407 -2.36733 -0.000245986 0.000305106 -0.00213045
26.4221 -2.3682 -0.000572715 0.000992869 -0.00220039
26.1407 -2.13448 -0.000234284 0.000276151 -0.00243526
26.4221 -2.13526 -0.000542356 0.00088164 -0.00251222
26.7034 -2.36901 -0.00101402 0.00183489 -0.00243182
26.9848 -2.36975 -0.00159664 0.00288485 -0.00278555
26.7034 -2.13599 -0.000959925 0.00168248 -0.00271822
26.9848 -2.13666 -0.0015125 0.00264908 -0.00297028
26.1407 -1.90162 -0.000226896 0.000256482 -0.00264672
26.4221 -1.90231 -0.000537199 0.000800911 -0.002696
26.1407 -1.66876 -0.000192432 0.00021529 -0.00280352
26.4221 -1.66938 -0.000392616 0.000722524 -0.00288752
26.7034 -1.90297 -0.000898318 0.00144432 -0.0028827
26.9848 -1.90359 -0.00127073 0.00237579 -0.00324566
26.7034 -1.66997 -0.000758259 0.00138909 -0.00306964
26.9847 -1.67051 -0.00118756 0.00215583 -0.00333293
27.2661 -2.37044 -0.00216697 0.00404159 -0.00311625
27.5475 -2.37107 -0.00267807 0.00482034 -0.00363754
27.2661 -2.13728 -0.00213631 0.00363048 -0.0035137
27.5475 -2.13786 -0.00264247 0.00456053 -0.00387121
27.8288 -2.37165 -0.00280015 0.00536525 -0.00398465
28.1101 -2.37218 -0.00302765 0.00532668 -0.00431641
27.8288 -2.13839 -0.00283394 0.00498253 -0.00428965
28.1101 -2.13887 -0.00294536 0.00513445 -0.00453367
27.2661 -1.90416 -0.0018015 0.0033685 -0.0036808
27.5474 -1.90467 -0.00236442 0.00423974 -0.00409456
27.2661 -1.67101 -0.00159075 0.00307187 -0.00355906
27.5474 -1.67148 -0.00206672 0.0038829 -0.00398906
27.8288 -1.90515 -0.00262029 0.00469737 -0.00458181
28.1101 -1.90557 -0.0027772 0.00490105 -0.00481013
27.8287 -1.6719 -0.00237725 0.0044132 -0.00448385
28.11 -1.67227 -0.00250022 0.00474333 -0.00489779
26.1407 -1.4359 -0.000171194 0.000187552 -0.00280892
26.422 -1.43644 -0.000402891 0.000659049 -0.00291176
26.1407 -1.20304 -0.000149136 0.000171957 -0.00273521
26.422 -1.2035 -0.000343774 0.000587936 -0.00276876
26.7034 -1.43695 -0.000680197 0.00120608 -0.0029795
26.9847 -1.43742 -0.00104244 0.00190986 -0.00310344
26.7034 -1.20393 -0.000636969 0.00111413 -0.00283245
26.9847 -1.20433 -0.00097247 0.00176616 -0.00289907
26.1407 -0.97018 -0.000118989 0.000152816 -0.00252604
26.422 -0.970557 -0.000309894 0.00053471 -0.00254223
26.1407 -0.737321 -0.000107462 0.000146044 -0.00223136
26.422 -0.737616 -0.00028579 0.000489275 -0.0022238
26.7034 -0.970912 -0.000549365 0.00105393 -0.00257751
26.9847 -0.971241 -0.000872736 0.00164368 -0.00264143
26.7034 -0.737894 -0.000523361 0.000935129 -0.00220522
26.9847 -0.738155 -0.000805186 0.0014797 -0.00224372
27.2661 -1.43786 -0.00149207 0.00276911 -0.0033538
27.5474 -1.43826 -0.00186822 0.00345852 -0.00377552
27.266 -1.2047 -0.00133126 0.00249105 -0.00313124
27.5474 -1.20505 -0.00171137 0.00312828 -0.00340759
27.8287 -1.43863 -0.00222122 0.00398499 -0.00417297
28.11 -1.43896 -0.00236036 0.00442926 -0.00451827
27.8287 -1.20537 -0.00203168 0.00367418 -0.0036505
28.11 -1.20566 -0.00226044 0.00407789 -0.00390388
27.266 -0.971548 -0.0012339 0.00229765 -0.00275981
27.5473 -0.971835 -0.00156239 0.00289436 -0.00289092
27.266 -0.7384 -0.0011306 0.00209786 -0.00230895
27.5473 -0.738625 -0.00146855 0.00271907 -0.00245105
27.8286 -0.9721 -0.00184044 0.00341997 -0.0030986
28.1099 -0.972342 -0.00211266 0.00389836 -0.00318705
27.8286 -0.738833 -0.00177741 0.00324037 -0.00248935
28.1099 -0.739026 -0.00207091 0.00370891 -0.00261361
28.3915 -2.37264 -0.00298009 0.00548477 -0.00447038
28.6728 -2.37305 -0.0029489 0.00512764 -0.00463357
28.3914 -2.1393 -0.0027925 0.00517743 -0.00479076
28.6728 -2.13966 -0.00275389 0.00495606 -0.00485239
28.9541 -2.3734 -0.00264124 0.00456591 -0.00470127
29.2353 -2.3737 -0.00223121 0.0041529 -0.00481859
28.954 -2.13998 -0.00295865 0.00437244 -0.00501237
29.2352 -2.14026 -0.0023599 0.00427806 -0.005116
28.3914 -1.90595 -0.00287638 0.00506052 -0.00500502
28.6728 -1.90628 -0.00264801 0.00488078 -0.00509708
28.3914 -1.67261 -0.00253168 0.00483973 -0.00512107
28.6727 -1.67291 -0.00247578 0.00492035 -0.00516957
28.9539 -1.90657 -0.00304951 0.00450705 -0.00519455
29.2352 -1.9068 -0.00266948 0.00442834 -0.0050893
28.9539 -1.67317 -0.00295843 0.00461849 -0.00507042
29.2352 -1.67337 -0.00252735 0.00472106 -0.00485029
29.5164 -2.37393 -0.00254266 0.00377286 -0.00492825
29.7976 -2.3741 -0.00262893 0.00392028 -0.0049536
29.5164 -2.14048 -0.0024483 0.00414086 -0.00523404
29.7976 -2.14064 -0.00264267 0.00410059 -0.00508485
30.0789 -2.37421 -0.00257804 0.00408277 -0.00491069
30.3601 -2.37428 -0.00259967 0.00419042 -0.00489932
30.0788 -2.14075 -0.00266278 0.00414301 -0.00503013
30.3601 -2.14082 -0.00268339 0.00420117 -0.00506786
29.5164 -1.907 -0.00284412 0.0042161 -0.00499708
29.7976 -1.90715 -0.00268242 0.00428433 -0.00489874
29.5163 -1.67355 -0.00295187 0.00439451 -0.00470288
29.7975 -1.67369 -0.00262357 0.00453277 -0.00466405
30.0788 -1.90726 -0.00282792 0.00417383 -0.00485566
30.3601 -1.90734 -0.00276918 0.00417663 -0.00491548
30.0788 -1.6738 -0.0027571 0.0042336 -0.00467147
30.36 -1.67386 -0.00266058 0.00424681 -0.00469749
28.3913 -1.43927 -0.00245524 0.00477742 -0.00467146
28.6727 -1.43954 -0.00249866 0.00471487 -0.00472679
28.3913 -1.20593 -0.00230694 0.00452472 -0.00405883
28.6726 -1.20617 -0.00246069 0.00478946 -0.00409041
28.9539 -1.43978 -0.00274656 0.00458212 -0.00456495
29.2351 -1.44 -0.00264207 0.00477987 -0.00445288
28.9538 -1.2064 -0.00273568 0.00471529 -0.00403391
29.235 -1.2066 -0.00281738 0.00478945 -0.0040232
28.3912 -0.972566 -0.00229879 0.00432296 -0.00346674
28.6725 -0.972785 -0.00237925 0.00465872 -0.00342884
28.3912 -0.73921 -0.00215559 0.00419577 -0.00270158
28.6725 -0.739376 -0.00228769 0.00440767 -0.00276892
28.9538 -0.972976 -0.00266349 0.0045963 -0.00340818
29.235 -0.973135 -0.00284393 0.004545 -0.00320034
28.9537 -0.739519 -0.00266315 0.00465824 -0.00275792
29.235 -0.739644 -0.00298948 0.00479984 -0.00266969
29.5163 -1.44016 -0.00277017 0.00475266 -0.00439138
29.7975 -1.44025 -0.00271609 0.00454632 -0.00415646
29.5163 -1.20674 -0.00247054 0.00493315 -0.00376107
29.7975 -1.20682 -0.00268316 0.00463666 -0.0035952
30.0787 -1.44034 -0.00276984 0.00427846 -0.00419744
30.36 -1.44038 -0.00258253 0.00412763 -0.00430406
30.0787 -1.20687 -0.00272537 0.00420214 -0.00353389
30.36 -1.20689 -0.00247295 0.00403417 -0.00368959
29.5163 -0.973263 -0.00252545 0.00494412 -0.00313782
29.7975 -0.973347 -0.0025494 0.00478713 -0.00293816
29.5163 -0.739746 -0.00276334 0.00494893 -0.00244487
29.7975 -0.739826 -0.00255233 0.00475674 -0.00227557
30.0787 -0.973389 -0.00257547 0.00424461 -0.00287347
30.36 -0.973406 -0.00237104 0.00387649 -0.00298341
30.0787 -0.739881 -0.00247433 0.00420591 -0.00230365
30.3599 -0.739915 -0.00225466 0.00373774 -0.00227773
26.1407 -0.504461 -8.26053e-05 0.000127704 -0.00188302
26.422 -0.504678 -0.000235152 0.000459267 -0.00187801
26.1407 -0.2716 -6.04343e-05 0.000115908 -0.00146579
26.422 -0.271732 -0.000211973 0.000412212 -0.00144167
26.7033 -0.504882 -0.000450558 0.00090073 -0.00187546
26.9847 -0.505072 -0.000716459 0.00141 -0.00188158
26.7033 -0.271857 -0.000426619 0.000833985 -0.00143439
26.9846 -0.271974 -0.000679369 0.0013382 -0.00138012
26.1407 -0.0387372 -5.43351e-05 0.000108008 -0.000960308
26.422 -0.0387848 -0.000188656 0.000378989 -0.000943315
26.1407 0.194126 -5.14732e-05 0.000104991 -0.000405675
26.422 0.194162 -0.000150795 0.000305553 -0.000423457
26.7033 -0.0388318 -0.00038308 0.000759221 -0.000903717
26.9846 -0.0388797 -0.000620543 0.00123869 -0.000902829
26.7033 0.194192 -0.000346884 0.000703372 -0.000384803
26.9846 0.194219 -0.000577793 0.00114643 -0.000329084
27.266 -0.50525 -0.00104004 0.00200073 -0.00187934
27.5473 -0.50542 -0.00133488 0.00255312 -0.00194925
27.2659 -0.272088 -0.000961579 0.00185902 -0.00140878
27.5472 -0.272198 -0.00125955 0.00241436 -0.00138962
27.8286 -0.505578 -0.00161916 0.00311043 -0.00198693
28.1098 -0.505719 -0.0018639 0.00352687 -0.0020401
27.8285 -0.272296 -0.00154184 0.0029234 -0.00140958
28.1098 -0.272388 -0.00178969 0.00339692 -0.00139362
27.2659 -0.0389246 -0.000892349 0.00173188 -0.000842628
27.5472 -0.0389669 -0.00119417 0.00225206 -0.000807678
27.2659 0.194241 -0.000824453 0.00161556 -0.00029329
27.5472 0.19426 -0.00110021 0.00208501 -0.000215921
27.8285 -0.0390099 -0.00145417 0.00278355 -0.000772025
28.1098 -0.0390515 -0.0017099 0.0032213 -0.000769767
27.8285 0.194275 -0.00136065 0.0025897 -0.0001719
28.1097 0.194286 -0.00163434 0.00310457 -0.000130903
26.1407 0.426985 -5.23401e-05 0.000104036 0.00013013
26.422 0.427106 -0.00014787 0.000290893 0.000166049
26.1407 0.659849 -2.86061e-05 3.5705e-05 0.000719354
26.422 0.660058 -0.000116476 0.000217372 0.000755837
26.7033 0.427219 -0.00030322 0.000610905 0.000200992
26.9846 0.42732 -0.000521623 0.00102367 0.000249862
26.7033 0.660249 -0.000283717 0.000555077 0.000766165
26.9845 0.660424 -0.000461199 0.000873339 0.000843994
26.1406 0.892715 -4.25999e-05 4.50161e-05 0.00127563
26.4219 0.89301 -0.000109293 0.00018375 0.00129715
26.1406 1.12558 -4.03083e-05 2.01947e-05 0.0016943
26.4219 1.12596 -8.7221e-05 0.000104133 0.00168835
26.7032 0.893285 -0.000221218 0.000410455 0.00134582
26.9845 0.893536 -0.000377996 0.000681759 0.00137765
26.7032 1.12632 -0.000204992 0.000298881 0.0017629
26.9845 1.12665 -0.000293004 0.000483073 0.00176996
27.2659 0.427411 -0.00074971 0.00145943 0.000315578
27.5471 0.427491 -0.00100273 0.00189463 0.000357778
27.2658 0.660583 -0.000665906 0.00125505 0.000870361
27.5471 0.660727 -0.000888736 0.00165337 0.000952483
27.8284 0.427561 -0.0012644 0.00238586 0.000415722
28.1097 0.42762 -0.00148843 0.00282775 0.000457393
27.8284 0.660857 -0.00112633 0.00212779 0.00101425
28.1097 0.66097 -0.00136013 0.0025603 0.00112367
27.2658 0.893767 -0.000554787 0.00102271 0.00142934
27.5471 0.893977 -0.000750757 0.00139771 0.00150561
27.2658 1.12695 -0.000422664 0.000757598 0.00186057
27.547 1.12723 -0.000564022 0.00103976 0.00187402
27.8284 0.894163 -0.000956768 0.00177169 0.00152708
28.1096 0.894324 -0.00120485 0.0022189 0.00157091
27.8283 1.12748 -0.00076306 0.00136292 0.00196371
28.1096 1.12769 -0.000958207 0.00170316 0.00186443
28.3911 -0.505849 -0.00211398 0.00401136 -0.00205014
28.6724 -0.505971 -0.00217429 0.00434878 -0.00212361
28.3911 -0.272469 -0.00199393 0.00381389 -0.00137774
28.6724 -0.272548 -0.00224246 0.00418708 -0.00138203
28.9537 -0.506059 -0.00252752 0.00465068 -0.00204729
29.2349 -0.506123 -0.0030766 0.00473763 -0.00198604
28.9537 -0.272607 -0.00227668 0.00464289 -0.0013012
29.2349 -0.272624 -0.00278182 0.00470001 -0.00128807
28.3911 -0.0390912 -0.00190407 0.00371034 -0.000767168
28.6723 -0.0391229 -0.00215913 0.00398634 -0.000724762
28.391 0.19429 -0.00184713 0.00346864 -6.92174e-05
28.6723 0.194289 -0.00203314 0.00383913 -0.000127305
28.9536 -0.0391623 -0.00229704 0.00450884 -0.000765189
29.2349 -0.0392115 -0.00238941 0.00481689 -0.000772379
28.9536 0.194277 -0.00224408 0.00414459 -9.88348e-05
29.2348 0.194252 -0.00238289 0.00454336 -0.000145155
29.5162 -0.506207 -0.00279829 0.00489607 -0.00174859
29.7975 -0.506304 -0.00256008 0.00472824 -0.00172261
29.5161 -0.272681 -0.00302612 0.00457634 -0.000994394
29.7974 -0.27278 -0.00260454 0.00460387 -0.00112614
30.0787 -0.506373 -0.0023294 0.00418667 -0.00165701
30.3599 -0.506409 -0.00216062 0.00368981 -0.00166818
30.0787 -0.272847 -0.00226222 0.00404613 -0.000926626
30.3599 -0.272893 -0.00199244 0.00361519 -0.00104249
29.5161 -0.0392314 -0.00312422 0.00459049 -0.000726279
29.7974 -0.0392308 -0.00254613 0.00454299 -0.000604242
29.5161 0.19425 -0.00285989 0.00455469 -0.000208767
29.7974 0.194292 -0.00202064 0.00453737 -5.23925e-05
30.0786 -0.0392775 -0.00246002 0.00399456 -0.000373733
30.3599 -0.0393538 -0.00183074 0.0034688 -0.000460762
30.0785 0.194274 -0.00253572 0.00343209 0.000254573
30.3598 0.194189 -0.00181724 0.003376 -6.69878e-05
28.391 0.427667 -0.00175736 0.00326536 0.000494077
28.6723 0.427705 -0.00191934 0.00366643 0.00050374
28.3909 0.661063 -0.001596 0.00298393 0.00106504
28.6722 0.661135 -0.00183443 0.00339515 0.000972103
28.9535 0.427728 -0.002222 0.00393256 0.000385834
29.2348 0.427737 -0.00234844 0.0042907 0.000249331
28.9535 0.661192 -0.00207515 0.00360433 0.000716283
29.2347 0.661238 -0.0022149 0.00401648 0.000478103
28.3909 0.894466 -0.00143313 0.00262349 0.00149323
28.6722 0.894587 -0.00166861 0.00297577 0.00132281
28.3909 1.12788 -0.00117894 0.00213097 0.00177005
28.6721 1.12805 -0.00141143 0.00252728 0.00146038
28.9535 0.894687 -0.00186308 0.00335569 0.000965099
29.2347 0.894762 -0.00211275 0.00380104 0.000535793
28.9534 1.12819 -0.0016763 0.00301173 0.00103067
29.2347 1.1283 -0.00196497 0.00351258 0.000383434
29.5161 0.427731 -0.00261462 0.00438619 -2.37849e-06
29.7974 0.42769 -0.00179877 0.00430729 0.000235871
29.516 0.661258 -0.0024335 0.00425065 0.000210542
29.7972 0.661238 -0.00224299 0.00419211 -5.79745e-05
30.0784 0.427685 -0.002563 0.00353383 -7.75404e-05
30.3597 0.427707 -0.0018506 0.00317372 2.21689e-05
30.0785 0.661235 -0.0020005 0.00345939 -5.11502e-06
30.3597 0.661259 -0.00180113 0.00308836 -0.000352755
29.5159 0.894818 -0.00228552 0.00409637 4.74651e-05
29.7972 0.894862 -0.00227888 0.00398916 -0.000501232
29.5159 1.12838 -0.00218916 0.00390537 -0.000259134
29.7972 1.12843 -0.00215142 0.00397138 -0.000866497
30.0785 0.894865 -0.00210048 0.00358025 -0.000723021
30.3597 0.894834 -0.00172711 0.00311046 -0.00091172
30.0784 1.12847 -0.00210157 0.00355927 -0.00134508
30.3597 1.12846 -0.00196025 0.00308938 -0.00125814
