26.1406 1.35845 -5.5207e-05 4.37932e-06 0.00190567
26.4219 1.35892 -7.38257e-05 3.03085e-05 0.00191474
26.1406 1.59131 -4.56667e-05 -3.78928e-05 0.00189304
26.4219 1.59187 -5.32283e-05 -1.57189e-05 0.00191923
26.7032 1.35935 -0.000128198 0.000157168 0.00195803
26.9845 1.35976 -0.000201784 0.000307385 0.00199367
26.7032 1.59239 -8.60553e-05 3.42899e-05 0.00194624
26.9845 1.59287 -0.000133222 0.000110739 0.0019724
26.1406 1.82418 -3.40143e-05 -5.77236e-05 0.00157626
26.4219 1.82482 -3.00415e-05 -6.24142e-05 0.0016059
26.1406 2.05704 -1.33949e-05 -3.87458e-05 0.00109274
26.4219 2.05777 1.73445e-05 -0.000103191 0.0011361
26.7032 1.82542 -2.74137e-05 -5.35951e-05 0.00162201
26.9845 1.82598 -2.55649e-05 -5.64089e-05 0.00162693
26.7032 2.05845 2.8396e-05 -0.000138634 0.00113182
26.9845 2.05908 5.34475e-05 -0.00018485 0.00114041
27.2658 1.36013 -0.000281245 0.000438262 0.00199164
27.547 1.36047 -0.000413983 0.000659393 0.0020065
27.2657 1.59331 -0.000155065 0.000162157 0.00192585
27.547 1.59371 -0.000181638 0.000244432 0.00191827
27.8283 1.36078 -0.000507808 0.000853906 0.0020033
28.1096 1.36106 -0.000620629 0.00111576 0.00195562
27.8283 1.59408 -0.000254946 0.000378732 0.00190756
28.1095 1.59441 -0.000335356 0.000522872 0.00178146
27.2657 1.82649 -3.83969e-06 -7.08874e-05 0.00158742
27.547 1.82696 3.06402e-06 -5.73174e-05 0.00159179
27.2657 2.05966 9.01789e-05 -0.00025797 0.00114369
27.547 2.06018 0.000131277 -0.000352973 0.00110853
27.8283 1.82738 -2.01252e-06 -6.59867e-05 0.00153627
28.1095 1.82775 -5.06959e-05 1.54768e-05 0.0014704
27.8283 2.06066 0.000168707 -0.000409655 0.00109529
28.1095 2.06109 0.000161242 -0.000387005 0.0010237
26.1406 2.2899 -4.21147e-07 -5.32712e-05 0.000694501
26.4219 2.29071 2.79744e-05 -0.000112104 0.000705656
26.1406 2.52275 4.83517e-06 -5.14488e-05 0.000393867
26.4219 2.52365 3.96731e-05 -0.000123936 0.000423158
26.7032 2.29147 6.15273e-05 -0.000179835 0.000735953
26.9845 2.29217 0.000111028 -0.000288887 0.000727394
26.7032 2.52449 9.87228e-05 -0.00023285 0.000459165
26.9844 2.52526 0.000157254 -0.000356292 0.000487801
26.1406 2.7556 5.33311e-06 -3.83594e-05 0.000251306
26.4219 2.75658 4.85955e-05 -0.000128096 0.000273291
26.1406 2.98845 5.43993e-06 -3.6414e-05 0.00021632
26.4219 2.98952 3.69311e-05 -0.000102543 0.000241402
26.7032 2.7575 9.62662e-05 -0.00022691 0.000325431
26.9844 2.75835 0.000174356 -0.000383492 0.000372841
26.7032 2.99052 9.18856e-05 -0.000216197 0.000277617
26.9844 2.99145 0.000166143 -0.000368717 0.000361963
27.2657 2.29281 0.00018718 -0.000431056 0.000751312
27.547 2.29341 0.000258131 -0.000561259 0.000738846
27.2657 2.52597 0.000246699 -0.000529111 0.000504957
27.547 2.52663 0.000348245 -0.000721103 0.000520627
27.8282 2.29394 0.000317289 -0.000664761 0.000708439
28.1095 2.29442 0.00032255 -0.000666563 0.000662243
27.8282 2.52722 0.000426961 -0.000859675 0.000497536
28.1095 2.52775 0.000446823 -0.000881724 0.000446281
27.2657 2.75914 0.000276074 -0.000586334 0.000427124
27.5469 2.75985 0.000402542 -0.000819967 0.000459145
27.2657 2.9923 0.000277432 -0.000592285 0.000426322
27.5469 2.99308 0.000412155 -0.000851141 0.000502962
27.8282 2.7605 0.00049792 -0.000998065 0.000459029
28.1094 2.76109 0.000527588 -0.00103181 0.000390215
27.8282 2.99379 0.000526712 -0.00106278 0.000531478
28.1094 2.99442 0.000580656 -0.00115456 0.000465474
28.3908 1.3613 -0.00082797 0.00149385 0.00175582
28.6721 1.3615 -0.00109607 0.00195748 0.00142643
28.3908 1.5947 -0.000496626 0.000847193 0.00159856
28.6721 1.59494 -0.00078421 0.00136992 0.00116782
28.9534 1.36168 -0.00143446 0.00255757 0.000862005
29.2346 1.36182 -0.00176656 0.00317098 0.000190324
28.9534 1.59515 -0.00114784 0.00205402 0.000558169
29.2346 1.59532 -0.00153033 0.00275164 -0.000136688
28.3908 1.82809 -0.000174733 0.000260531 0.00123832
28.6721 1.82838 -0.000451862 0.000781339 0.000797466
28.3908 2.06147 5.64339e-05 -0.000179677 0.000847608
28.672 2.0618 -0.000194404 0.000319096 0.000430603
28.9533 1.82862 -0.000846502 0.0015233 0.000160709
29.2346 1.82882 -0.00126232 0.00230685 -0.000508871
28.9533 2.06209 -0.000563079 0.00103112 -0.000235072
29.2346 2.06232 -0.00097047 0.0018167 -0.000818841
29.5159 1.36193 -0.00203436 0.00360775 -0.000560431
29.7971 1.36201 -0.00209429 0.00378447 -0.00111449
29.5159 1.59546 -0.00183265 0.0032876 -0.000783701
29.7971 1.59557 -0.00198456 0.00356037 -0.00133163
30.0784 1.36205 -0.00191149 0.00361112 -0.00142447
30.3596 1.36208 -0.00206869 0.00328425 -0.00169797
30.0784 1.59565 -0.00195914 0.00357908 -0.00161321
30.3596 1.59569 -0.00199896 0.00323209 -0.00171457
29.5159 1.82899 -0.00159338 0.00290692 -0.00102273
29.7971 1.82912 -0.00182358 0.00327745 -0.00148201
29.5158 2.06251 -0.00132578 0.00249301 -0.00132454
29.7971 2.06264 -0.00163288 0.00295722 -0.00166992
30.0784 1.8292 -0.00182426 0.0034576 -0.00177934
30.3596 1.82923 -0.0018603 0.00338002 -0.00192783
30.0784 2.06273 -0.00168518 0.00323138 -0.00192251
30.3596 2.06277 -0.00178513 0.00330172 -0.0020652
28.3908 2.29485 0.000238786 -0.000491307 0.000501765
28.672 2.29522 2.12815e-05 -4.86309e-05 9.72275e-05
28.3907 2.52823 0.000370556 -0.00071387 0.000288378
28.672 2.52864 0.000185484 -0.000331403 -0.000105485
28.9533 2.29554 -0.000316497 0.000621231 -0.000489386
29.2345 2.29581 -0.000711894 0.00137107 -0.00111645
28.9533 2.52899 -0.000103143 0.000257593 -0.000696916
29.2345 2.52928 -0.000460732 0.000962335 -0.00126342
28.3907 2.76161 0.000465075 -0.000886938 0.000215067
28.672 2.76206 0.000317334 -0.000561976 -0.000178756
28.3907 2.99499 0.000552971 -0.00104954 0.000228248
28.672 2.99548 0.000438337 -0.000785481 -0.000166199
28.9533 2.76244 8.17024e-05 -7.16144e-05 -0.000734607
29.2345 2.76276 -0.000245083 0.000578847 -0.0012821
28.9532 2.9959 0.000236535 -0.00035642 -0.000678181
29.2345 2.99625 -5.86621e-05 0.000233345 -0.00117846
29.5158 2.29601 -0.00107133 0.00206422 -0.00158358
29.7971 2.29617 -0.00139496 0.00256178 -0.00188861
29.5158 2.52951 -0.0008066 0.00162186 -0.00172789
29.7971 2.52968 -0.00112862 0.00217337 -0.00203981
30.0784 2.29626 -0.00155469 0.00295888 -0.00208901
30.3596 2.29629 -0.00166753 0.00315729 -0.0021902
30.0783 2.52978 -0.001378 0.00260416 -0.00224551
30.3595 2.52981 -0.00156553 0.0029514 -0.00234664
29.5158 2.76301 -0.000586677 0.00124327 -0.00172354
29.797 2.76319 -0.000894309 0.00181586 -0.00203877
29.5157 2.99652 -0.000377804 0.000849788 -0.00158821
29.797 2.99671 -0.000702183 0.00148164 -0.00197373
30.0783 2.7633 -0.00116309 0.00229455 -0.00228525
30.3595 2.76334 -0.0013819 0.00266202 -0.00241043
30.0782 2.99684 -0.00102831 0.00204088 -0.00221958
30.3595 2.9969 -0.00124904 0.00243264 -0.00239885
26.1406 3.2213 3.82971e-07 -2.84047e-05 0.000216358
26.4219 3.22246 2.99741e-05 -9.1889e-05 0.000239504
26.1406 3.45415 -5.2003e-06 -2.17587e-05 0.000229064
26.4219 3.45539 1.74297e-05 -6.92164e-05 0.000248385
26.7032 3.22353 7.08462e-05 -0.00017986 0.000302108
26.9844 3.22453 0.000141972 -0.000325956 0.000367604
26.7031 3.45655 4.96847e-05 -0.000139165 0.000296271
26.9844 3.45762 0.000105321 -0.000260016 0.000372887
26.1406 3.68699 -7.42116e-06 -1.78896e-05 0.00021991
26.4219 3.68832 6.61169e-06 -4.99412e-05 0.000248042
26.1406 3.91984 -9.27364e-06 -1.21654e-05 0.000202406
26.4219 3.92125 -3.81026e-06 -2.45418e-05 0.000210347
26.7031 3.68956 2.51827e-05 -9.15931e-05 0.000287212
26.9844 3.69071 7.40733e-05 -0.000194336 0.000341814
26.7031 3.92257 1.45612e-05 -6.59002e-05 0.000243113
26.9844 3.92379 4.92052e-05 -0.000140667 0.000286548
27.2657 3.22546 0.000246754 -0.000537294 0.000479
27.5469 3.2263 0.000383083 -0.000809587 0.000588682
27.2656 3.45861 0.000202221 -0.000458872 0.000476804
27.5469 3.45951 0.000332907 -0.000717625 0.000605706
27.8282 3.22707 0.000531192 -0.00108036 0.000639385
28.1094 3.22775 0.00060975 -0.00121909 0.000566112
27.8281 3.46034 0.000488128 -0.00101641 0.000679038
28.1094 3.46107 0.000626463 -0.00125736 0.000630257
27.2656 3.69176 0.000153384 -0.000361721 0.000434824
27.5469 3.69273 0.000276165 -0.000609558 0.000537092
27.2656 3.92492 0.000123359 -0.000290274 0.000346283
27.5469 3.92595 0.000231712 -0.000508727 0.000421387
27.8281 3.69361 0.000446038 -0.000928219 0.000618725
28.1094 3.6944 0.00061547 -0.00123784 0.000616014
27.8281 3.92689 0.000406564 -0.00084304 0.000494699
28.1094 3.92773 0.000601296 -0.00119994 0.000502419
26.1406 4.15269 -7.7587e-06 -1.15133e-05 0.000165023
26.4219 4.15419 -3.76198e-06 -2.09166e-05 0.000175499
26.1406 4.38553 -7.88425e-06 -5.94451e-06 0.000126787
26.4219 4.38712 1.11621e-06 -1.97784e-05 0.000100252
26.7031 4.15558 7.0088e-06 -4.33012e-05 0.000180504
26.9844 4.15688 4.30216e-05 -0.000119932 0.000222989
26.7031 4.3886 5.73334e-06 -3.36295e-05 0.000125676
26.9843 4.38997 3.36155e-05 -8.76479e-05 0.000126543
26.1406 4.61838 -5.71061e-06 2.25614e-07 6.26981e-05
26.4218 4.62005 -3.91506e-06 -5.76168e-06 7.71796e-05
26.1406 4.85123 6.01676e-06 -1.64431e-05 2.15246e-05
26.4218 4.85298 4.18249e-06 -1.08971e-05 1.25001e-05
26.7031 4.62161 7.62399e-06 -2.59745e-05 6.11355e-05
26.9843 4.62306 3.25117e-05 -7.70462e-05 7.36557e-05
26.7031 4.85463 1.42002e-05 -3.19015e-05 1.90721e-05
26.9843 4.85615 3.64559e-05 -7.47483e-05 1.55369e-05
27.2656 4.15807 9.84173e-05 -0.000230183 0.000239322
27.5468 4.15917 0.000210169 -0.000449799 0.000292563
27.2656 4.39123 9.0799e-05 -0.000201832 0.000147602
27.5468 4.39239 0.000200343 -0.000413527 0.000174903
27.8281 4.16016 0.000378031 -0.000768866 0.000337921
28.1093 4.16106 0.000587352 -0.00115808 0.000362742
27.8281 4.39345 0.00036215 -0.000721058 0.000202856
28.1093 4.39439 0.000581045 -0.00111834 0.00022911
27.2656 4.62439 8.82892e-05 -0.000185193 7.39158e-05
27.5468 4.62562 0.00019222 -0.000384202 8.05097e-05
27.2655 4.85756 9.04698e-05 -0.000179905 1.90367e-05
27.5468 4.85885 0.00019575 -0.000379046 2.32545e-05
27.828 4.62673 0.000354736 -0.000688375 9.99261e-05
28.1093 4.62773 0.000574397 -0.00108757 0.000124315
27.828 4.86002 0.000365829 -0.000692374 3.06733e-05
28.1093 4.86107 0.000561257 -0.00105468 3.28034e-05
28.3907 3.22836 0.000620321 -0.00118892 0.000312788
28.6719 3.22889 0.000549371 -0.000995258 -0.000104655
28.3906 3.46173 0.000678711 -0.00131237 0.00038357
28.6719 3.4623 0.000630602 -0.00115574 1.64219e-05
28.9532 3.22934 0.000381756 -0.000623009 -0.000573725
29.2345 3.22972 0.000102963 -5.02458e-05 -0.00101172
28.9532 3.46278 0.000492019 -0.000836348 -0.000425168
29.2344 3.46318 0.000239422 -0.000315676 -0.000841722
28.3906 3.6951 0.000717867 -0.0013911 0.000427173
28.6719 3.69571 0.000702598 -0.001298 0.0001077
28.3906 3.92847 0.000738816 -0.00142829 0.000391784
28.6719 3.92913 0.00075148 -0.00140139 0.00018523
28.9532 3.69623 0.00057488 -0.00100987 -0.000242319
29.2344 3.69666 0.000333778 -0.000520027 -0.000597665
28.9531 3.92968 0.000636095 -0.00113761 -0.000101207
29.2344 3.93014 0.000416842 -0.000694535 -0.000373042
29.5157 3.23001 -0.000212124 0.000564347 -0.00146044
29.797 3.23023 -0.000550467 0.00117385 -0.00177074
29.5157 3.4635 -8.23777e-05 0.000306453 -0.00120465
29.7969 3.46374 -0.00040792 0.000918777 -0.00152237
30.0782 3.23038 -0.000862477 0.00174604 -0.00205739
30.3595 3.23044 -0.00114767 0.00223188 -0.00221948
30.0782 3.46389 -0.0007404 0.00154725 -0.00179675
30.3594 3.46396 -0.0010484 0.00209808 -0.00202396
29.5157 3.697 3.0553e-05 7.12776e-05 -0.000926616
29.7969 3.69726 -0.000308088 0.00070637 -0.00122942
29.5156 3.93051 0.000122777 -0.000128924 -0.00064238
29.7969 3.93078 -0.00022221 0.000517028 -0.000931586
30.0782 3.69742 -0.000651646 0.00133765 -0.00149219
30.3594 3.69749 -0.000962889 0.00194632 -0.00172806
30.0781 3.93096 -0.000572427 0.00115572 -0.00116686
30.3594 3.93103 -0.000934547 0.00182001 -0.0013863
28.3906 4.16185 0.000753573 -0.00144579 0.00032293
28.6718 4.16255 0.000780272 -0.00145873 0.000198829
28.3906 4.39523 0.000748642 -0.00143586 0.000239824
28.6718 4.39597 0.000791566 -0.0014856 0.000194028
28.9531 4.16314 0.000677311 -0.00123213 3.86817e-05
29.2343 4.16363 0.000481893 -0.000837146 -0.000185787
28.9531 4.3966 0.000709602 -0.00129374 8.4314e-05
29.2343 4.39712 0.000530586 -0.000948986 -2.65694e-05
28.3905 4.62862 0.000742666 -0.00140478 0.000134589
28.6718 4.62939 0.00078973 -0.00148302 0.000128546
28.3905 4.86201 0.000738996 -0.0013734 4.25935e-05
28.6718 4.86283 0.000794883 -0.00147572 4.73132e-05
28.953 4.63006 0.00073481 -0.00133763 9.05564e-05
29.2343 4.63062 0.000562913 -0.00102418 3.21517e-05
28.953 4.86353 0.000743777 -0.00134794 2.64696e-05
29.2343 4.86412 0.00058546 -0.00106242 1.03961e-05
29.5156 4.16402 0.000199712 -0.000295116 -0.000414877
29.7968 4.16431 -0.000142907 0.000342875 -0.000646714
29.5156 4.39754 0.000265584 -0.000440992 -0.000209544
29.7968 4.39785 -7.86371e-05 0.000202764 -0.00041177
30.0781 4.1645 -0.000522154 0.00101969 -0.000849895
30.3593 4.16459 -0.000890176 0.00167851 -0.00106343
30.078 4.39805 -0.000469396 0.000892689 -0.000584781
30.3593 4.39815 -0.000869705 0.00159351 -0.000719643
29.5155 4.63106 0.000327277 -0.000570676 -6.24323e-05
29.7968 4.63139 -2.65455e-05 7.77873e-05 -0.000177251
29.5155 4.86458 0.000372853 -0.000652065 -2.1679e-05
29.7967 4.86493 -5.47749e-07 1.2534e-05 -6.28147e-05
30.078 4.63161 -0.000445816 0.000824276 -0.000341029
30.3593 4.63171 -0.000864463 0.00153063 -0.000422814
30.078 4.86517 -0.000435236 0.000774661 -0.000115026
30.3592 4.86528 -0.000875768 0.00150663 -0.000151431
