26.1406 -9.8199 -0.000119523 0.000116451 -0.000320161
26.4218 -9.82337 -0.000328243 0.000478015 -0.00034292
26.1406 -9.5871 -0.000217228 0.000139521 -0.000965153
26.4218 -9.59048 -0.000460988 0.000462356 -0.00109171
26.703 -9.82663 -0.00054316 0.000926012 -0.000343233
26.9842 -9.82967 -0.000779016 0.00139312 -0.00033807
26.703 -9.59364 -0.000662712 0.000858106 -0.000968074
26.9842 -9.59659 -0.000873532 0.00133993 -0.000917886
26.1406 -9.35427 -0.000318298 0.000111862 -0.00169662
26.4219 -9.3576 -0.000506252 0.000510595 -0.0016023
26.1406 -9.12142 -0.000400887 8.40309e-05 -0.00226588
26.4219 -9.12467 -0.000552821 0.000531214 -0.00221119
26.703 -9.36067 -0.000755714 0.000877432 -0.00147445
26.9843 -9.36352 -0.000973181 0.00129925 -0.00147533
26.7031 -9.12768 -0.00088536 0.00103766 -0.00213011
26.9843 -9.13047 -0.00116509 0.00138352 -0.00196305
27.2654 -9.83247 -0.00102324 0.00189311 -0.000299348
27.5467 -9.83505 -0.00121499 0.0024494 -0.000324542
27.2655 -9.59932 -0.00111099 0.00187835 -0.000884587
27.5467 -9.60184 -0.00128084 0.00238802 -0.000862163
27.8279 -9.8374 -0.00151606 0.00271446 -0.000243204
28.1092 -9.8395 -0.00174393 0.00293482 -0.000266262
27.8279 -9.60413 -0.0015763 0.00262097 -0.000731237
28.1092 -9.60618 -0.0017998 0.00288671 -0.000764235
27.2655 -9.36618 -0.00121032 0.00183785 -0.00140011
27.5468 -9.36864 -0.00132557 0.00235262 -0.0012871
27.2655 -9.13306 -0.00133118 0.00174447 -0.00186938
27.5468 -9.13546 -0.00137191 0.00229917 -0.00163356
27.828 -9.37087 -0.00165179 0.00261403 -0.00116485
28.1092 -9.37286 -0.00188842 0.0029385 -0.000930011
27.828 -9.13762 -0.00165991 0.0026324 -0.00151435
28.1093 -9.13955 -0.00194237 0.00287518 -0.00134147
26.1406 -8.88855 -0.000503043 3.0615e-05 -0.00282725
26.4219 -8.89173 -0.000655733 0.000445206 -0.00276482
26.1406 -8.65568 -0.000604308 -7.29225e-05 -0.00335975
26.4219 -8.65878 -0.000763344 0.000423659 -0.00333774
26.7032 -8.89468 -0.000856756 0.00100153 -0.00271461
26.9844 -8.89743 -0.00113246 0.00136343 -0.00253521
26.7032 -8.66168 -0.00096756 0.00106159 -0.00327045
26.9844 -8.66436 -0.00114389 0.00142142 -0.00307631
26.1406 -8.42283 -0.000605613 -3.86599e-05 -0.00396537
26.4219 -8.42583 -0.000826512 0.000368694 -0.00386764
26.1406 -8.18996 -0.000654544 -0.00011224 -0.00443372
26.4219 -8.19288 -0.000891079 0.000338033 -0.00441615
26.7032 -8.42865 -0.000999311 0.000931979 -0.003808
26.9844 -8.43128 -0.00117539 0.00158308 -0.00347268
26.7032 -8.19561 -0.00112126 0.000852946 -0.00428979
26.9844 -8.19815 -0.00123058 0.00154229 -0.00407306
27.2655 -8.89995 -0.00147431 0.00180429 -0.00237652
27.5468 -8.90226 -0.00159402 0.00232963 -0.00221365
27.2656 -8.66682 -0.00144942 0.00182082 -0.00281212
27.5468 -8.66906 -0.0016779 0.00229684 -0.00252823
27.828 -8.90436 -0.00166042 0.00266259 -0.00183847
28.1093 -8.90624 -0.00198935 0.00296674 -0.00161591
27.8281 -8.6711 -0.00185969 0.00278609 -0.00223819
28.1093 -8.67293 -0.00198438 0.00305788 -0.00174911
27.2656 -8.43368 -0.00150732 0.00187611 -0.00331067
27.5469 -8.43585 -0.00175336 0.00246296 -0.00292883
27.2657 -8.20049 -0.00149359 0.0020952 -0.00369231
27.5469 -8.20261 -0.00184222 0.00258892 -0.00335433
27.8281 -8.43782 -0.00199136 0.00282194 -0.00253407
28.1094 -8.4396 -0.00209521 0.00323868 -0.00202066
27.8282 -8.20453 -0.00213082 0.00298354 -0.00273361
28.1094 -8.20627 -0.00210097 0.00333106 -0.00220607
28.3905 -9.84137 -0.00180107 0.00322308 -0.00022514
28.6717 -9.84301 -0.00184629 0.00337045 -0.000193497
28.3905 -9.60801 -0.00183979 0.00317609 -0.000572089
28.6718 -9.60961 -0.00190498 0.00334698 -0.000501685
28.953 -9.84442 -0.00186173 0.00345772 -0.00014379
29.2343 -9.84559 -0.00199224 0.00346936 -0.000137576
28.953 -9.61099 -0.00188331 0.00345854 -0.000397549
29.2343 -9.61214 -0.00204395 0.00346849 -0.000322281
28.3905 -9.37464 -0.00188663 0.00315006 -0.000870911
28.6718 -9.3762 -0.00194219 0.00333511 -0.000706752
28.3905 -9.14128 -0.00193 0.00315014 -0.00107981
28.6718 -9.1428 -0.00198889 0.00336778 -0.000858969
28.9531 -9.37755 -0.00195457 0.0034637 -0.000597405
29.2343 -9.37867 -0.00207515 0.00356614 -0.000389588
28.9531 -9.14411 -0.00203139 0.00349887 -0.000631471
29.2343 -9.14519 -0.00206904 0.00356449 -0.00046459
29.5155 -9.84653 -0.00197398 0.00352179 -7.95403e-05
29.7968 -9.84724 -0.00203203 0.00357895 -7.8986e-05
29.5155 -9.61305 -0.00204723 0.0035438 -0.000223624
29.7968 -9.61373 -0.00203261 0.003567 -0.000181158
30.078 -9.8477 -0.00203684 0.00353133 -5.6355e-05
30.3593 -9.84793 -0.00201279 0.00340298 -4.46451e-05
30.078 -9.61418 -0.00202765 0.00352214 -0.000133644
30.3593 -9.6144 -0.0020022 0.00339172 -0.000194375
29.5156 -9.37956 -0.00206093 0.00358092 -0.000276369
29.7968 -9.38022 -0.0020598 0.00359561 -0.000265208
29.5156 -9.14606 -0.00208569 0.00363721 -0.000372918
29.7969 -9.14671 -0.00203801 0.00353742 -0.000341433
30.0781 -9.38066 -0.00205941 0.00349415 -0.000261235
30.3593 -9.38087 -0.00199552 0.00331377 -0.000363884
30.0781 -9.14714 -0.00200521 0.0034042 -0.000408872
30.3593 -9.14734 -0.00198809 0.00326881 -0.000479958
28.3906 -8.90791 -0.00199561 0.00326424 -0.00124354
28.6718 -8.90938 -0.00205614 0.00335035 -0.000888879
28.3906 -8.67455 -0.00199306 0.00335209 -0.00139626
28.6719 -8.67597 -0.0021957 0.00350096 -0.00111556
28.9531 -8.91065 -0.00207071 0.00355561 -0.00066264
29.2344 -8.91169 -0.00209357 0.00359809 -0.00052362
28.9532 -8.67718 -0.00209291 0.00358204 -0.000706219
29.2344 -8.6782 -0.00202969 0.00356557 -0.000553028
28.3907 -8.44118 -0.00211992 0.00348278 -0.00153505
28.6719 -8.44256 -0.00209272 0.00342995 -0.000976924
28.3907 -8.20782 -0.0021665 0.00353986 -0.00174189
28.672 -8.20916 -0.00217687 0.00358061 -0.00125353
28.9532 -8.44373 -0.00210808 0.00354122 -0.000829408
29.2344 -8.44471 -0.00194905 0.00346916 -0.000597929
28.9532 -8.21031 -0.00205768 0.00350481 -0.000930984
29.2345 -8.21125 -0.00186863 0.00333541 -0.000744801
29.5156 -8.91253 -0.00207978 0.00353044 -0.000401158
29.7969 -8.91317 -0.00204462 0.00346805 -0.000447934
29.5156 -8.67901 -0.00208916 0.00340617 -0.000493548
29.7969 -8.67963 -0.00197422 0.00331595 -0.000546708
30.0781 -8.9136 -0.00197388 0.00332338 -0.000535964
30.3594 -8.91381 -0.00191387 0.00316573 -0.000669575
30.0781 -8.68005 -0.00195284 0.00319937 -0.000631361
30.3594 -8.68027 -0.00192605 0.00311046 -0.000770795
29.5157 -8.4455 -0.0020461 0.00323964 -0.000585771
29.7969 -8.4461 -0.00191628 0.003204 -0.00062996
29.5157 -8.21201 -0.00198899 0.00316324 -0.000624021
29.7969 -8.21257 -0.00186568 0.00299951 -0.00059873
30.0782 -8.4465 -0.00188813 0.00306877 -0.000689486
30.3594 -8.4467 -0.00191785 0.00293262 -0.000764977
30.0782 -8.21296 -0.00183933 0.00291235 -0.000732689
30.3594 -8.21314 -0.00182252 0.00275115 -0.000849633
26.1406 -7.95707 -0.000724367 -0.000153074 -0.00497722
26.4219 -7.95991 -0.000956975 0.000289877 -0.00489474
26.1406 -7.72417 -0.000788074 -0.000158866 -0.00530247
26.4219 -7.72693 -0.00101371 0.000300789 -0.00526885
26.7031 -7.96255 -0.00121365 0.0008257 -0.00476906
26.9844 -7.96501 -0.0014552 0.00146735 -0.00453491
26.7031 -7.7295 -0.00126281 0.000892275 -0.00513171
26.9844 -7.7319 -0.001525 0.00148349 -0.00497976
26.1406 -7.49129 -0.000740626 -0.000101429 -0.00563982
26.4219 -7.49397 -0.000953146 0.000355145 -0.00561711
26.1406 -7.25841 -0.000829185 -0.000158462 -0.00590013
26.4219 -7.261 -0.00100237 0.00030372 -0.00579291
26.7032 -7.49646 -0.00124939 0.000861545 -0.00546811
26.9844 -7.49878 -0.0015628 0.0015355 -0.00523259
26.7032 -7.26342 -0.0013457 0.000856524 -0.00564804
26.9844 -7.26567 -0.00163878 0.00148658 -0.00545643
27.2657 -7.96729 -0.0016173 0.00216872 -0.0042062
27.547 -7.96938 -0.00186274 0.00281962 -0.00365866
27.2657 -7.7341 -0.0018124 0.00221987 -0.00459407
27.547 -7.73613 -0.00196948 0.00280342 -0.00394447
27.8282 -7.97126 -0.00220918 0.00314925 -0.00313164
28.1095 -7.97294 -0.00220338 0.00343979 -0.00247149
27.8282 -7.73796 -0.00216682 0.00314468 -0.00348809
28.1095 -7.7396 -0.00227117 0.00347172 -0.00282382
27.2657 -7.50092 -0.00186135 0.00225307 -0.00487875
27.547 -7.50288 -0.00216269 0.00289563 -0.00443173
27.2657 -7.26774 -0.00191994 0.00230326 -0.00521293
27.547 -7.26964 -0.00218163 0.00287654 -0.00477103
27.8283 -7.50466 -0.00225836 0.00326659 -0.00383436
28.1095 -7.50625 -0.00230818 0.00344254 -0.00331373
27.8283 -7.27136 -0.00229498 0.00322888 -0.00423591
28.1096 -7.27291 -0.00232559 0.00338312 -0.00374512
26.1406 -7.02554 -0.000772437 -0.000136073 -0.00594154
26.4219 -7.02805 -0.000950715 0.000341447 -0.00592071
26.1406 -6.79267 -0.000695866 -0.000100181 -0.00591263
26.4219 -6.79509 -0.000918053 0.000326445 -0.00582854
26.7032 -7.0304 -0.00116147 0.000910582 -0.00580974
26.9845 -7.03256 -0.00153571 0.00155399 -0.0056523
26.7032 -6.79736 -0.00119098 0.000899962 -0.00578449
26.9845 -6.79945 -0.00154395 0.00156969 -0.0055876
26.1406 -6.55979 -0.000688509 -9.63404e-05 -0.00564315
26.4219 -6.56213 -0.000909092 0.00034597 -0.00559177
26.1406 -6.3269 -0.000614317 -5.87044e-05 -0.00538215
26.4219 -6.32916 -0.0008563 0.000372736 -0.00529246
26.7032 -6.56431 -0.00116534 0.000896907 -0.00546964
26.9845 -6.56634 -0.00149574 0.00158108 -0.00538945
26.7032 -6.33127 -0.00111796 0.000917944 -0.00519606
26.9845 -6.33323 -0.00144017 0.00157126 -0.00510744
27.2658 -7.03456 -0.00193423 0.00231179 -0.00539351
27.547 -7.0364 -0.00219293 0.00289289 -0.00496049
27.2658 -6.80139 -0.00191975 0.0023165 -0.00535183
27.5471 -6.80316 -0.00221443 0.00288615 -0.00506992
27.8283 -7.03806 -0.00231532 0.00318283 -0.00456296
28.1096 -7.03956 -0.00232576 0.00337565 -0.00405286
27.8283 -6.80477 -0.00235644 0.00318813 -0.00467533
28.1096 -6.80622 -0.00232213 0.00332475 -0.00421935
27.2658 -6.56821 -0.00188542 0.00233433 -0.00523042
27.5471 -6.56992 -0.00222113 0.00291887 -0.00507092
27.2658 -6.33503 -0.00177466 0.00231711 -0.00502717
27.5471 -6.33669 -0.00213155 0.00293082 -0.00492507
27.8284 -6.57148 -0.0023172 0.00321237 -0.00474383
28.1097 -6.57287 -0.00232977 0.00332895 -0.00431084
27.8284 -6.33819 -0.00233613 0.00333472 -0.00465298
28.1097 -6.33954 -0.00234564 0.00342679 -0.00428769
28.3907 -7.97443 -0.00217865 0.00352598 -0.00190518
28.672 -7.97574 -0.00217545 0.00354342 -0.00143916
28.3908 -7.74105 -0.00223139 0.00354365 -0.00235941
28.6721 -7.74232 -0.00218125 0.0035228 -0.00177915
28.9533 -7.97686 -0.00209466 0.00346555 -0.00112845
29.2345 -7.97779 -0.00183658 0.00332475 -0.000869708
28.9533 -7.74341 -0.0021199 0.00339324 -0.00128072
29.2346 -7.74432 -0.00186058 0.003223 -0.000969288
28.3908 -7.50768 -0.00221292 0.00357324 -0.00265594
28.6721 -7.50891 -0.00215111 0.00360103 -0.00202332
28.3908 -7.27428 -0.00235797 0.00361874 -0.00299313
28.6721 -7.27547 -0.0021612 0.0036146 -0.00234755
28.9533 -7.50996 -0.00210503 0.0033842 -0.00146648
29.2346 -7.51084 -0.00192925 0.00316749 -0.00124237
28.9534 -7.2765 -0.00208603 0.00336359 -0.00187211
29.2346 -7.27734 -0.00197237 0.00301145 -0.001618
29.5157 -7.97853 -0.00182672 0.00307002 -0.000690183
29.7969 -7.97907 -0.00186717 0.0029072 -0.000714828
29.5158 -7.74504 -0.00177927 0.00303154 -0.000829532
29.797 -7.74555 -0.00173923 0.00276015 -0.000845249
30.0782 -7.97942 -0.00182937 0.0027658 -0.00081808
30.3594 -7.97959 -0.00172322 0.00263002 -0.000946904
30.0782 -7.74589 -0.00183118 0.00250014 -0.000969748
30.3595 -7.74604 -0.0016343 0.0024241 -0.00114735
29.5158 -7.51154 -0.00171396 0.00286986 -0.00114143
29.797 -7.51204 -0.00158466 0.00266783 -0.00114746
29.5159 -7.27801 -0.0017308 0.00276633 -0.00157158
29.7971 -7.27849 -0.00152064 0.0025453 -0.00155485
30.0782 -7.51236 -0.00184687 0.00236011 -0.00118803
30.3595 -7.51249 -0.00154058 0.00226623 -0.00135202
30.0782 -7.2788 -0.00181406 0.00223973 -0.0014617
30.3595 -7.27893 -0.00150897 0.00216683 -0.00160886
28.3909 -7.04089 -0.00234444 0.00348785 -0.00339312
28.6722 -7.04205 -0.0022348 0.00359593 -0.00277793
28.3909 -6.8075 -0.00234981 0.00342448 -0.00373182
28.6722 -6.80863 -0.00227874 0.00352101 -0.00328521
28.9534 -7.04304 -0.00206192 0.00331755 -0.00232999
29.2346 -7.04385 -0.00206417 0.00293816 -0.00216819
28.9534 -6.80959 -0.00209586 0.00334566 -0.00289704
29.2347 -6.81039 -0.00213201 0.0029191 -0.00275287
28.3909 -6.57412 -0.00233161 0.00338127 -0.00387978
28.6722 -6.57521 -0.0023144 0.00340607 -0.00360322
28.391 -6.34073 -0.00231528 0.00345222 -0.00390558
28.6722 -6.34178 -0.00238629 0.00347397 -0.00362961
28.9535 -6.57614 -0.00213431 0.00332675 -0.00344957
29.2347 -6.57692 -0.00213094 0.00296134 -0.00326507
28.9535 -6.34268 -0.00225955 0.00341386 -0.00361722
29.2347 -6.34343 -0.00223024 0.00315136 -0.00355905
29.5159 -7.0445 -0.00173637 0.00268749 -0.00209627
29.7971 -7.04499 -0.00156325 0.00246534 -0.00190912
29.5159 -6.81102 -0.00178913 0.00265156 -0.00255014
29.7972 -6.81147 -0.00172029 0.00239507 -0.00253878
30.0783 -7.04528 -0.00157143 0.00219384 -0.00198633
30.3596 -7.04539 -0.00148392 0.00206815 -0.00188984
30.0784 -6.81174 -0.00161528 0.00221829 -0.00237825
30.3596 -6.81185 -0.00151677 0.00203652 -0.00231404
29.516 -6.5775 -0.00203903 0.00268063 -0.00313412
29.7972 -6.57792 -0.00183306 0.0024853 -0.00306391
29.516 -6.344 -0.00210733 0.00294176 -0.00350994
29.7973 -6.3444 -0.00203703 0.00276757 -0.00332513
30.0784 -6.57819 -0.00174561 0.00233377 -0.00288779
30.3597 -6.57831 -0.00164964 0.00210387 -0.00275154
30.0785 -6.34467 -0.00205594 0.00248999 -0.00313353
30.3597 -6.34481 -0.00181178 0.00242664 -0.0029926
