# x y z topography
5.64363e+06 2.76975e+06 -1.08814e+06 1812.89
5.62973e+06 2.79729e+06 -1.08849e+06 1869.89
5.6474e+06 2.7716e+06 -1.06256e+06 1874.18
5.63402e+06 2.79943e+06 -1.063e+06 2018.66
5.61545e+06 2.82464e+06 -1.08876e+06 2022.06
5.60134e+06 2.85208e+06 -1.08907e+06 2128.28
5.61966e+06 2.82676e+06 -1.06325e+06 2093.43
5.6053e+06 2.8541e+06 -1.0635e+06 2202.7
5.65077e+06 2.77326e+06 -1.03691e+06 1949.92
5.63777e+06 2.8013e+06 -1.03741e+06 2113.07
5.6541e+06 2.77489e+06 -1.01124e+06 2058.85
5.64092e+06 2.80286e+06 -1.0117e+06 2084.37
5.62378e+06 2.82884e+06 -1.03772e+06 2223.8
5.60929e+06 2.85614e+06 -1.03794e+06 2295.63
5.62756e+06 2.83075e+06 -1.01212e+06 2118.2
5.61358e+06 2.85832e+06 -1.01243e+06 2497.82
5.58727e+06 2.87954e+06 -1.08939e+06 2192.58
5.57365e+06 2.90724e+06 -1.08979e+06 2055.5
5.59121e+06 2.88158e+06 -1.06381e+06 2171.95
5.57764e+06 2.90932e+06 -1.06422e+06 2219.74
5.5597e+06 2.93476e+06 -1.09014e+06 2289.75
5.54464e+06 2.9617e+06 -1.09026e+06 2173.28
5.5636e+06 2.93682e+06 -1.06453e+06 2329.09
5.54848e+06 2.96376e+06 -1.06464e+06 2277.9
5.59504e+06 2.88355e+06 -1.03821e+06 2241.14
5.58141e+06 2.91129e+06 -1.0386e+06 2202.1
5.59907e+06 2.88563e+06 -1.01265e+06 2325.44
5.58513e+06 2.91323e+06 -1.01297e+06 2329.03
5.56749e+06 2.93888e+06 -1.03893e+06 2317.18
5.55237e+06 2.96584e+06 -1.03904e+06 2434.93
5.57129e+06 2.94089e+06 -1.01332e+06 2376.22
5.55623e+06 2.9679e+06 -1.01343e+06 2524.97
5.65754e+06 2.77658e+06 -985601 2209.98
5.64402e+06 2.80441e+06 -985990 2229.9
5.66128e+06 2.77841e+06 -960011 2322.45
5.6474e+06 2.80608e+06 -960330 2315.11
5.63097e+06 2.83247e+06 -986461 2069.6
5.61763e+06 2.86039e+06 -986881 2480.12
5.6341e+06 2.83405e+06 -960750 2138.28
5.62101e+06 2.86212e+06 -961203 2374.09
5.66485e+06 2.78016e+06 -934393 2260.47
5.65082e+06 2.80778e+06 -934679 2383.8
5.66812e+06 2.78177e+06 -908723 2332.74
5.65421e+06 2.80947e+06 -909022 2426.88
5.63714e+06 2.83558e+06 -935025 2309.29
5.624e+06 2.86364e+06 -935461 2347.74
5.64029e+06 2.83716e+06 -909318 2542.33
5.62669e+06 2.86501e+06 -909669 2406.09
5.60326e+06 2.88779e+06 -987117 2495.03
5.58882e+06 2.91516e+06 -987344 2342.8
5.60706e+06 2.88976e+06 -961510 2374.52
5.59247e+06 2.91707e+06 -961703 2578.61
5.57464e+06 2.94266e+06 -987616 2325.52
5.55979e+06 2.96981e+06 -987766 2530.17
5.5779e+06 2.94439e+06 -961901 2424.45
5.56309e+06 2.97158e+06 -962057 2476.67
5.61033e+06 2.89145e+06 -935807 2588.93
5.59593e+06 2.91888e+06 -936027 2508.31
5.61314e+06 2.8929e+06 -910026 2434.96
5.5992e+06 2.92059e+06 -910318 2545.08
5.58128e+06 2.94618e+06 -936207 2584.98
5.56638e+06 2.97334e+06 -936345 2393.16
5.58453e+06 2.9479e+06 -910490 2525.32
5.56956e+06 2.97505e+06 -910616 2098.16
5.52954e+06 2.98862e+06 -1.09037e+06 2111.18
5.51483e+06 3.01575e+06 -1.09056e+06 1969.3
5.53341e+06 2.99072e+06 -1.06476e+06 2188.18
5.51866e+06 3.01784e+06 -1.06494e+06 2113.23
5.50027e+06 3.04296e+06 -1.09078e+06 1979.56
5.48542e+06 3.07e+06 -1.09095e+06 1973.12
5.50413e+06 3.04509e+06 -1.06517e+06 2026.14
5.4893e+06 3.07218e+06 -1.06533e+06 2070.08
5.53722e+06 2.99278e+06 -1.03914e+06 2317.94
5.52242e+06 3.01991e+06 -1.03931e+06 2253.63
5.54094e+06 2.9948e+06 -1.01351e+06 2443.35
5.52609e+06 3.02191e+06 -1.01366e+06 2345.07
5.50775e+06 3.0471e+06 -1.03951e+06 2182.53
5.49287e+06 3.07418e+06 -1.03966e+06 2098.89
5.51125e+06 3.04904e+06 -1.01382e+06 2279.62
5.49627e+06 3.07608e+06 -1.01395e+06 2048.61
5.4703e+06 3.0969e+06 -1.09106e+06 1849.1
5.45521e+06 3.12382e+06 -1.09117e+06 1702.76
5.47403e+06 3.09902e+06 -1.06541e+06 1913.83
5.45887e+06 3.12592e+06 -1.06551e+06 1615.97
5.43995e+06 3.15064e+06 -1.09125e+06 1413.87
5.42444e+06 3.17732e+06 -1.09128e+06 1044.15
5.44367e+06 3.1528e+06 -1.0656e+06 1290.02
5.42829e+06 3.17957e+06 -1.06566e+06 893.153
5.47772e+06 3.10111e+06 -1.03976e+06 1894.39
5.46261e+06 3.12806e+06 -1.03987e+06 1558.34
5.48121e+06 3.10309e+06 -1.01407e+06 1735.43
5.46613e+06 3.13009e+06 -1.01419e+06 1306.41
5.44737e+06 3.15495e+06 -1.03995e+06 1141.39
5.43191e+06 3.1817e+06 -1.04e+06 842.739
5.45091e+06 3.157e+06 -1.01427e+06 1009.2
5.43548e+06 3.1838e+06 -1.01432e+06 676.627
5.54473e+06 2.99685e+06 -987881 2457.47
5.52982e+06 3.02395e+06 -988023 2399.77
5.54834e+06 2.9988e+06 -962222 2290.1
5.53343e+06 3.02593e+06 -962362 2284.93
5.51478e+06 3.051e+06 -988144 2170.76
5.49982e+06 3.07808e+06 -988276 1882.2
5.51826e+06 3.05293e+06 -962456 1822.3
5.50341e+06 3.08009e+06 -962604 1518.75
5.5517e+06 3.00063e+06 -936521 2034.48
5.53682e+06 3.02779e+06 -936661 1868.27
5.55491e+06 3.00236e+06 -910792 1785.69
5.54003e+06 3.02956e+06 -910932 1411.2
5.52173e+06 3.05485e+06 -936767 1420.07
5.50695e+06 3.08208e+06 -936925 1080.4
5.52509e+06 3.05672e+06 -911061 1093.14
5.5105e+06 3.08407e+06 -911247 692.168
5.48466e+06 3.10505e+06 -988374 1481.69
5.46936e+06 3.13194e+06 -988448 1145.22
5.48819e+06 3.10705e+06 -962690 1253.12
5.47273e+06 3.13387e+06 -962735 943.709
5.45408e+06 3.15884e+06 -988524 811.407
5.43878e+06 3.18573e+06 -988597 568.221
5.45738e+06 3.16075e+06 -962801 691.804
5.44189e+06 3.18756e+06 -962841 471.451
5.49172e+06 3.10905e+06 -937007 1001.47
5.47615e+06 3.13583e+06 -937033 685.65
5.49547e+06 3.11117e+06 -911361 733.507
5.47984e+06 3.13794e+06 -911375 397.282
5.4608e+06 3.16273e+06 -937097 445.912
5.44501e+06 3.18938e+06 -937084 259.32
5.46422e+06 3.16472e+06 -911393 95.3942
5.44835e+06 3.19135e+06 -911369 -174.131
5.67143e+06 2.78339e+06 -883057 2485.27
5.6576e+06 2.81115e+06 -883361 2560.97
5.67478e+06 2.78504e+06 -857396 2588.12
5.661e+06 2.81284e+06 -857701 2704.86
5.64365e+06 2.83885e+06 -883645 2709.26
5.62958e+06 2.86649e+06 -883912 2759.93
5.64694e+06 2.8405e+06 -857962 2787.24
5.63276e+06 2.86811e+06 -858206 2863.84
5.67792e+06 2.78658e+06 -831704 2678.42
5.66411e+06 2.81439e+06 -831997 2705.73
5.68096e+06 2.78807e+06 -805997 2893.26
5.66706e+06 2.81585e+06 -806268 2953.4
5.65004e+06 2.84206e+06 -832249 2894.05
5.63589e+06 2.8697e+06 -832490 2981.3
5.6532e+06 2.84366e+06 -806545 3204.65
5.63903e+06 2.8713e+06 -806777 3199.92
5.6158e+06 2.89427e+06 -884224 2653.95
5.60207e+06 2.92209e+06 -884546 2468.29
5.61876e+06 2.8958e+06 -858476 2791.15
5.60468e+06 2.92346e+06 -858735 2448.17
5.58747e+06 2.94946e+06 -884728 2363.49
5.57256e+06 2.97665e+06 -884859 1868.63
5.59024e+06 2.95092e+06 -858937 2063.23
5.57562e+06 2.97829e+06 -859111 1593.62
5.6218e+06 2.89737e+06 -832741 2904.51
5.6075e+06 2.92493e+06 -832960 2475.15
5.62473e+06 2.89888e+06 -806989 3005.3
5.61041e+06 2.92645e+06 -807199 2533.57
5.59309e+06 2.95243e+06 -833161 1953.84
5.57859e+06 2.97988e+06 -833349 1531.17
5.59597e+06 2.95395e+06 -807392 1997.37
5.58146e+06 2.98142e+06 -807573 1691.7
5.684e+06 2.78956e+06 -780291 3040.38
5.66995e+06 2.81729e+06 -780533 3051.21
5.68675e+06 2.79091e+06 -754545 3096.05
5.67265e+06 2.81863e+06 -754772 3206.78
5.65612e+06 2.84513e+06 -780806 3175.71
5.64193e+06 2.87278e+06 -781029 3217.36
5.65869e+06 2.84642e+06 -755019 3325.65
5.64458e+06 2.87413e+06 -755244 3367.9
5.6894e+06 2.79221e+06 -728783 3234.65
5.67535e+06 2.81997e+06 -729010 3315.59
5.69198e+06 2.79348e+06 -703013 3264.3
5.67801e+06 2.8213e+06 -703243 3359.88
5.66134e+06 2.84775e+06 -729242 3438.76
5.64724e+06 2.87549e+06 -729463 3496.64
5.66396e+06 2.84907e+06 -703463 3477.73
5.64984e+06 2.87681e+06 -703674 3565.36
5.62757e+06 2.90035e+06 -781226 3192.32
5.61325e+06 2.92793e+06 -781430 2642.93
5.63037e+06 2.90179e+06 -755457 3304.23
5.61607e+06 2.92941e+06 -755658 2832.11
5.59878e+06 2.95544e+06 -781612 2197.16
5.58433e+06 2.98296e+06 -781799 1908.5
5.60162e+06 2.95694e+06 -755839 2449.98
5.58717e+06 2.98447e+06 -756018 2131.73
5.63314e+06 2.90322e+06 -729683 3444.08
5.61888e+06 2.93088e+06 -729884 3038.99
5.63575e+06 2.90457e+06 -703889 3513
5.6215e+06 2.93225e+06 -704085 3268.53
5.60442e+06 2.95842e+06 -730058 2564.34
5.58991e+06 2.98594e+06 -730225 2344.24
5.60702e+06 2.9598e+06 -704251 2733.89
5.59253e+06 2.98735e+06 -704415 2452.23
5.55797e+06 3.00402e+06 -885041 1428.87
5.54324e+06 3.03132e+06 -885201 1069.14
5.56115e+06 3.00574e+06 -859307 1248.25
5.54663e+06 3.03318e+06 -859498 815.627
5.52834e+06 3.05852e+06 -885334 789.555
5.51377e+06 3.0859e+06 -885521 186.694
5.53176e+06 3.06042e+06 -859633 519.65
5.51697e+06 3.0877e+06 -859782 -128.594
5.56409e+06 3.00734e+06 -833539 1124.6
5.54977e+06 3.0349e+06 -833754 575.215
5.56692e+06 3.00887e+06 -807752 1234.52
5.55259e+06 3.03645e+06 -807960 303.174
5.53512e+06 3.06228e+06 -833920 -64.7659
5.52011e+06 3.08946e+06 -834031 -746.404
5.53813e+06 3.06395e+06 -808149 -493.793
5.52298e+06 3.09107e+06 -808237 -934.809
5.49911e+06 3.11324e+06 -885694 158.79
5.48361e+06 3.1401e+06 -885728 -16.0475
5.50232e+06 3.11506e+06 -859951 -557.327
5.48718e+06 3.14216e+06 -860044 -720.449
5.46757e+06 3.16666e+06 -885678 -366.024
5.45149e+06 3.19319e+06 -885620 -672.473
5.47092e+06 3.1686e+06 -859959 -652.956
5.45439e+06 3.19489e+06 -859833 -1051.54
5.50515e+06 3.11667e+06 -834151 -1196.05
5.49038e+06 3.14399e+06 -834297 -1352.21
5.50774e+06 3.11814e+06 -808311 -1432.64
5.49313e+06 3.14558e+06 -808479 -1702.09
5.47413e+06 3.17046e+06 -834217 -855.557
5.45729e+06 3.19659e+06 -834049 -1323.8
5.477e+06 3.17213e+06 -808421 -1136.05
5.46015e+06 3.19827e+06 -808256 -1398.73
5.56982e+06 3.01045e+06 -781976 1410.34
5.55532e+06 3.03794e+06 -782155 332.733
5.57259e+06 3.01195e+06 -756182 1738.43
5.55801e+06 3.03942e+06 -756346 709.746
5.54096e+06 3.06552e+06 -782353 -614.021
5.52578e+06 3.09264e+06 -782434 -944.307
5.54364e+06 3.067e+06 -756538 -468.399
5.52849e+06 3.09416e+06 -756622 -720.244
5.57535e+06 3.01344e+06 -730386 2074.51
5.56066e+06 3.04087e+06 -730531 1464.95
5.57804e+06 3.0149e+06 -704580 2295.87
5.56328e+06 3.0423e+06 -704711 2125.05
5.54607e+06 3.06835e+06 -730689 305.484
5.53107e+06 3.09561e+06 -730792 -8.164
5.5485e+06 3.0697e+06 -704840 1468.24
5.53335e+06 3.09689e+06 -704922 989.93
5.51039e+06 3.11965e+06 -782488 -1412.21
5.49529e+06 3.14682e+06 -782583 -1766.87
5.51283e+06 3.12103e+06 -756637 -1167.27
5.49714e+06 3.14788e+06 -756647 -1429.65
5.4792e+06 3.17341e+06 -782533 -1583.06
5.46296e+06 3.19992e+06 -782458 -1415.06
5.48133e+06 3.17466e+06 -756637 -1351.43
5.46574e+06 3.20156e+06 -756657 -1279.36
5.51524e+06 3.1224e+06 -730783 -457.07
5.4995e+06 3.14924e+06 -730783 -620.301
5.51763e+06 3.12376e+06 -704929 523.797
5.50251e+06 3.15097e+06 -705009 356.218
5.4841e+06 3.17627e+06 -730830 -755.573
5.46869e+06 3.20329e+06 -730877 -687.309
5.48729e+06 3.17812e+06 -705080 372.502
5.47161e+06 3.20501e+06 -705094 133.638
5.40872e+06 3.20387e+06 -1.09127e+06 696.389
5.39282e+06 3.23032e+06 -1.09122e+06 557.795
5.41262e+06 3.20619e+06 -1.06566e+06 677.167
5.39674e+06 3.23267e+06 -1.06562e+06 521.838
5.37679e+06 3.25669e+06 -1.09115e+06 459.748
5.36067e+06 3.283e+06 -1.09105e+06 387.13
5.38079e+06 3.25911e+06 -1.06556e+06 422.154
5.3646e+06 3.28541e+06 -1.06546e+06 232.368
5.4162e+06 3.20831e+06 -1.03999e+06 670.261
5.40045e+06 3.2349e+06 -1.03998e+06 388.345
5.41967e+06 3.21037e+06 -1.0143e+06 578.161
5.40387e+06 3.23695e+06 -1.01428e+06 119.36
5.38463e+06 3.26145e+06 -1.03995e+06 217.291
5.36844e+06 3.28777e+06 -1.03985e+06 -230.194
5.38821e+06 3.26362e+06 -1.01428e+06 -258.735
5.3722e+06 3.29007e+06 -1.01422e+06 -612.105
5.34443e+06 3.30924e+06 -1.09093e+06 270.68
5.32817e+06 3.33547e+06 -1.09081e+06 181.525
5.34831e+06 3.31165e+06 -1.06534e+06 -30.2843
5.33194e+06 3.33783e+06 -1.0652e+06 -145.38
5.31177e+06 3.36161e+06 -1.09066e+06 220.312
5.29524e+06 3.38767e+06 -1.09048e+06 274.628
5.31543e+06 3.36392e+06 -1.06503e+06 -127.452
5.29896e+06 3.39005e+06 -1.06487e+06 92.1914
5.35216e+06 3.31403e+06 -1.03973e+06 -591.191
5.33571e+06 3.34019e+06 -1.03958e+06 -705.961
5.3559e+06 3.31635e+06 -1.01411e+06 -841.796
5.33942e+06 3.34252e+06 -1.01396e+06 -922.515
5.31914e+06 3.36627e+06 -1.03941e+06 -726.819
5.30276e+06 3.39248e+06 -1.03928e+06 -384.338
5.32293e+06 3.36867e+06 -1.01381e+06 -950.811
5.3064e+06 3.39481e+06 -1.01365e+06 -564.819
5.42323e+06 3.21248e+06 -988624 472.312
5.40736e+06 3.23905e+06 -988594 -84.7862
5.42629e+06 3.2143e+06 -962861 -24.594
5.41039e+06 3.24087e+06 -962826 -317.878
5.39165e+06 3.26571e+06 -988592 -577.646
5.37585e+06 3.29231e+06 -988572 -698.786
5.39474e+06 3.26758e+06 -962834 -951.197
5.37927e+06 3.29441e+06 -962874 -717.378
5.42906e+06 3.21594e+06 -937043 -308.114
5.41317e+06 3.24254e+06 -937012 -591.968
5.43233e+06 3.21789e+06 -911319 -582.421
5.41665e+06 3.24463e+06 -911325 -766.573
5.39779e+06 3.26944e+06 -937071 -806.842
5.38262e+06 3.29647e+06 -937165 -536.636
5.4014e+06 3.27163e+06 -911405 -558.811
5.386e+06 3.29854e+06 -911462 -333.077
5.35954e+06 3.31861e+06 -988459 -771.03
5.343e+06 3.34476e+06 -988305 -717.347
5.36306e+06 3.32079e+06 -962784 -544.56
5.34642e+06 3.3469e+06 -962618 -470.689
5.32629e+06 3.3708e+06 -988120 -719.057
5.30965e+06 3.39689e+06 -987946 -599.292
5.32947e+06 3.37281e+06 -962395 -250.529
5.31268e+06 3.39883e+06 -962202 -31.4774
5.36647e+06 3.3229e+06 -937091 -203.48
5.34952e+06 3.34884e+06 -936878 150.348
5.36996e+06 3.32506e+06 -911409 293.054
5.35266e+06 3.3508e+06 -911141 581.032
5.33247e+06 3.37471e+06 -936645 111.382
5.31562e+06 3.40071e+06 -936445 464.637
5.33528e+06 3.37649e+06 -910860 696.835
5.31875e+06 3.40271e+06 -910723 658.045
5.27841e+06 3.41353e+06 -1.09024e+06 445.534
5.26188e+06 3.43959e+06 -1.09007e+06 321.636
5.28234e+06 3.41607e+06 -1.06468e+06 372.281
5.26549e+06 3.44196e+06 -1.06444e+06 461.908
5.24519e+06 3.46554e+06 -1.08985e+06 545.34
5.22729e+06 3.4907e+06 -1.08939e+06 504.439
5.24837e+06 3.46765e+06 -1.06415e+06 609.019
5.23067e+06 3.49296e+06 -1.06373e+06 438.68
5.28621e+06 3.41858e+06 -1.03911e+06 236.213
5.26939e+06 3.44451e+06 -1.03888e+06 285.576
5.28978e+06 3.42089e+06 -1.01347e+06 52.3486
5.27321e+06 3.44701e+06 -1.0133e+06 406.685
5.25214e+06 3.47015e+06 -1.03857e+06 630.16
5.23441e+06 3.49546e+06 -1.03816e+06 304.975
5.25628e+06 3.47289e+06 -1.01306e+06 422.171
5.23924e+06 3.4987e+06 -1.0128e+06 211.158
5.20945e+06 3.51589e+06 -1.08893e+06 475.794
5.19254e+06 3.5417e+06 -1.08867e+06 343.02
5.21327e+06 3.51848e+06 -1.06338e+06 366.943
5.19708e+06 3.5448e+06 -1.06328e+06 615.301
5.17595e+06 3.56774e+06 -1.08849e+06 887.406
5.15865e+06 3.59329e+06 -1.08815e+06 1000.2
5.18057e+06 3.57092e+06 -1.06312e+06 896.508
5.16282e+06 3.59619e+06 -1.0627e+06 1164.66
5.21763e+06 3.52142e+06 -1.03794e+06 357.961
5.20156e+06 3.54785e+06 -1.03787e+06 605.271
5.22239e+06 3.52463e+06 -1.01258e+06 486.536
5.20518e+06 3.55032e+06 -1.01229e+06 751.098
5.18454e+06 3.57365e+06 -1.03762e+06 1022.96
5.15089e+06 3.60669e+06 -1.0357e+06 1332.22
5.18763e+06 3.57578e+06 -1.01194e+06 1112.44
5.15424e+06 3.60904e+06 -1.01012e+06 1504.18
5.29324e+06 3.42313e+06 -987815 158.324
5.27677e+06 3.44934e+06 -987675 275.746
5.29615e+06 3.42501e+06 -962057 330.7
5.27954e+06 3.45115e+06 -961898 285.249
5.25989e+06 3.47528e+06 -987457 354.823
5.24294e+06 3.50117e+06 -987228 321.478
5.26284e+06 3.47723e+06 -961720 434.245
5.24543e+06 3.50283e+06 -961413 181.617
5.29889e+06 3.42679e+06 -936268 488.315
5.28236e+06 3.453e+06 -936128 499.605
5.30229e+06 3.42899e+06 -910599 709.301
5.28576e+06 3.45522e+06 -910463 602.162
5.26589e+06 3.47924e+06 -935998 418.875
5.24862e+06 3.50496e+06 -935726 408.878
5.269e+06 3.4813e+06 -910289 478.375
5.25184e+06 3.50711e+06 -910042 507.379
5.22554e+06 3.52675e+06 -986908 316.592
5.20778e+06 3.55209e+06 -986519 727.023
5.22777e+06 3.52826e+06 -961057 339.682
5.21047e+06 3.55393e+06 -960764 701.632
5.19041e+06 3.5777e+06 -986205 1209.91
5.17291e+06 3.60322e+06 -985867 1631.2
5.1933e+06 3.5797e+06 -960497 1296.91
5.17605e+06 3.60541e+06 -960213 1702
5.23093e+06 3.53039e+06 -935375 467.389
5.21354e+06 3.55603e+06 -935079 764.598
5.23429e+06 3.53267e+06 -909729 519.923
5.21675e+06 3.55822e+06 -909417 795.038
5.19627e+06 3.58174e+06 -934802 1343.89
5.16399e+06 3.61587e+06 -933333 1801.87
5.19928e+06 3.58382e+06 -909117 1314.51
5.16699e+06 3.61797e+06 -907691 1732.83
5.4355e+06 3.21977e+06 -885578 -874.905
5.42025e+06 3.24679e+06 -885658 -994.102
5.43862e+06 3.22162e+06 -859828 -1129.14
5.42355e+06 3.24877e+06 -859938 -978.242
5.40509e+06 3.27386e+06 -885754 -479.444
5.38924e+06 3.30053e+06 -885738 -115.878
5.40832e+06 3.27582e+06 -860022 -559.337
5.39187e+06 3.30214e+06 -859914 263.571
5.44178e+06 3.2235e+06 -834085 -1293.92
5.42658e+06 3.25059e+06 -834173 -979.982
5.44473e+06 3.22525e+06 -808306 -1403.58
5.42942e+06 3.25229e+06 -808375 -992.61
5.41106e+06 3.27748e+06 -834211 -494.326
5.39426e+06 3.3036e+06 -834049 312.307
5.41344e+06 3.27892e+06 -808342 -259.312
5.39676e+06 3.30513e+06 -808204 386.354
5.37274e+06 3.32679e+06 -885613 614.429
5.35542e+06 3.35253e+06 -885347 662.445
5.37475e+06 3.32803e+06 -859692 549.321
5.35803e+06 3.35418e+06 -859530 873.783
5.33849e+06 3.37853e+06 -885146 894.429
5.32208e+06 3.40485e+06 -885035 831.244
5.3419e+06 3.38069e+06 -859466 1013.93
5.32546e+06 3.40701e+06 -859354 979.155
5.37731e+06 3.32963e+06 -833862 791.343
5.36132e+06 3.35624e+06 -833823 936.132
5.38034e+06 3.3315e+06 -808103 852.222
5.3643e+06 3.35811e+06 -808061 938.614
5.34521e+06 3.38279e+06 -833766 1076.57
5.32858e+06 3.40901e+06 -833628 1023.89
5.34791e+06 3.3845e+06 -807967 983.209
5.33121e+06 3.41069e+06 -807824 1008.58
5.44752e+06 3.2269e+06 -782503 -1332.11
5.43195e+06 3.2538e+06 -782533 -845.694
5.45024e+06 3.22851e+06 -756692 -1053.9
5.43441e+06 3.25528e+06 -756686 -572.508
5.41572e+06 3.2803e+06 -782466 -200.801
5.39961e+06 3.30688e+06 -782414 480.835
5.41827e+06 3.28185e+06 -756633 102.078
5.40254e+06 3.30868e+06 -756638 457.035
5.45303e+06 3.23017e+06 -730891 -392.639
5.43712e+06 3.2569e+06 -730873 -92.8231
5.45583e+06 3.23183e+06 -705092 168.483
5.43979e+06 3.2585e+06 -705059 187.875
5.42105e+06 3.28354e+06 -730835 346.036
5.40508e+06 3.31023e+06 -730809 455.693
5.42372e+06 3.28515e+06 -705022 390.12
5.4076e+06 3.31178e+06 -704977 554.952
5.38355e+06 3.33349e+06 -782371 886.513
5.36702e+06 3.35982e+06 -782262 986.352
5.38646e+06 3.33529e+06 -756596 889.052
5.36976e+06 3.36153e+06 -756465 921.45
5.35042e+06 3.38609e+06 -782141 1039.64
5.33379e+06 3.41235e+06 -782015 1021.06
5.35314e+06 3.38782e+06 -756347 1013.74
5.33649e+06 3.41408e+06 -756224 1007.02
5.3889e+06 3.3368e+06 -730754 747.419
5.37231e+06 3.36313e+06 -730645 889.006
5.39131e+06 3.3383e+06 -704911 696.453
5.37477e+06 3.36466e+06 -704811 852.632
5.35573e+06 3.38945e+06 -730535 920.484
5.33905e+06 3.41572e+06 -730413 905.482
5.35816e+06 3.39099e+06 -704702 857
5.34147e+06 3.41726e+06 -704582 850.194
5.30568e+06 3.43118e+06 -884926 767.314
5.28906e+06 3.45737e+06 -884780 758.036
5.30882e+06 3.43321e+06 -859210 834.878
5.29211e+06 3.45937e+06 -859057 814.994
5.27208e+06 3.48333e+06 -884575 601.592
5.25506e+06 3.50927e+06 -884363 597.95
5.27521e+06 3.4854e+06 -858871 794.243
5.25813e+06 3.51131e+06 -858656 707.612
5.31172e+06 3.43508e+06 -833455 985.342
5.29489e+06 3.46118e+06 -833288 890.264
5.31441e+06 3.43683e+06 -807668 985.013
5.29758e+06 3.46294e+06 -807506 982.762
5.27808e+06 3.4873e+06 -833125 833.149
5.26093e+06 3.51318e+06 -832907 882.836
5.28065e+06 3.48899e+06 -807331 975.688
5.26351e+06 3.51491e+06 -807122 1003.69
5.23771e+06 3.53497e+06 -884093 622.081
5.21997e+06 3.56042e+06 -883758 879.545
5.24073e+06 3.53701e+06 -858390 764.021
5.22311e+06 3.56256e+06 -858086 911.195
5.20223e+06 3.58586e+06 -883423 1322.59
5.18479e+06 3.6115e+06 -883140 1717.97
5.20524e+06 3.58793e+06 -857739 1184.59
5.18737e+06 3.61329e+06 -857396 1578.46
5.24343e+06 3.53883e+06 -832633 841.259
5.22596e+06 3.5645e+06 -832365 924.189
5.24612e+06 3.54065e+06 -806874 1036.87
5.2286e+06 3.5663e+06 -806606 1073.87
5.20823e+06 3.58999e+06 -832052 1208.56
5.19026e+06 3.61531e+06 -831702 1476.98
5.21098e+06 3.59188e+06 -806324 1142.63
5.1932e+06 3.61735e+06 -806015 1241.23
5.31704e+06 3.43853e+06 -781872 1009.89
5.30022e+06 3.46467e+06 -781717 1017.39
5.3197e+06 3.44025e+06 -756080 982.436
5.30281e+06 3.46636e+06 -755921 996.622
5.28324e+06 3.49071e+06 -781541 1024.52
5.26612e+06 3.51665e+06 -781341 1074.98
5.28583e+06 3.49242e+06 -755751 1047.08
5.26879e+06 3.51843e+06 -755571 1092.44
5.32225e+06 3.4419e+06 -730273 899.66
5.30534e+06 3.46802e+06 -730119 941.173
5.32467e+06 3.44347e+06 -704449 838.912
5.30779e+06 3.46962e+06 -704303 864.884
5.2884e+06 3.49412e+06 -729960 982.868
5.27142e+06 3.52019e+06 -729795 1015.71
5.29088e+06 3.49575e+06 -704154 925.342
5.27389e+06 3.52184e+06 -703996 960.524
5.24877e+06 3.54244e+06 -781110 1107.1
5.23124e+06 3.5681e+06 -780850 1129.36
5.25147e+06 3.54426e+06 -755352 1177.99
5.2339e+06 3.56991e+06 -755095 1162.67
5.2136e+06 3.59369e+06 -780574 1141.51
5.19583e+06 3.61919e+06 -780278 1152.48
5.21631e+06 3.59555e+06 -754836 1144.36
5.1985e+06 3.62105e+06 -754546 1109.22
5.25409e+06 3.54602e+06 -729582 1094.33
5.23648e+06 3.57167e+06 -729329 1052.23
5.25654e+06 3.54768e+06 -703788 1033.26
5.23893e+06 3.57334e+06 -703544 1019.71
5.21886e+06 3.59731e+06 -729075 1014.84
5.20103e+06 3.62281e+06 -728792 979.59
5.22121e+06 3.59893e+06 -703287 953.777
5.20338e+06 3.62445e+06 -703015 863.672
5.69443e+06 2.79468e+06 -677227 3337.96
5.68056e+06 2.82256e+06 -677461 3418.99
5.69678e+06 2.79584e+06 -651428 3405.81
5.68294e+06 2.82375e+06 -651657 3469.88
5.66647e+06 2.85034e+06 -677669 3517.89
5.65234e+06 2.87809e+06 -677872 3615.27
5.66887e+06 2.85155e+06 -651860 3604.73
5.65476e+06 2.87932e+06 -652057 3681.22
5.69906e+06 2.79696e+06 -625622 3498.57
5.6853e+06 2.82492e+06 -625850 3555.34
5.70128e+06 2.79805e+06 -599809 3530.37
5.68756e+06 2.82605e+06 -600033 3556.26
5.67129e+06 2.85276e+06 -626052 3667.56
5.65722e+06 2.88058e+06 -626247 3719.97
5.67358e+06 2.85392e+06 -600230 3731.53
5.65948e+06 2.88173e+06 -600415 3695.86
5.63817e+06 2.90582e+06 -678069 3627.49
5.62388e+06 2.93349e+06 -678254 3513.87
5.64057e+06 2.90706e+06 -652246 3731.99
5.62628e+06 2.93475e+06 -652424 3683.13
5.60948e+06 2.9611e+06 -678424 3068.76
5.595e+06 2.98867e+06 -678585 2603.02
5.6119e+06 2.96238e+06 -652590 3421.19
5.59739e+06 2.98995e+06 -652742 2910.14
5.64303e+06 2.90833e+06 -626429 3790.82
5.62866e+06 2.93599e+06 -626591 3769.63
5.64528e+06 2.90949e+06 -600588 3794.85
5.63103e+06 2.93723e+06 -600757 3774.75
5.61426e+06 2.96363e+06 -626750 3651.83
5.59969e+06 2.99118e+06 -626890 3350.15
5.61677e+06 2.96496e+06 -600923 3788.18
5.60204e+06 2.99244e+06 -601041 3668.02
5.70339e+06 2.79908e+06 -573983 3571.85
5.68962e+06 2.82707e+06 -574194 3607.63
5.70543e+06 2.80008e+06 -548151 3584.88
5.69162e+06 2.82806e+06 -548348 3623.7
5.67566e+06 2.85497e+06 -574385 3727.36
5.66157e+06 2.8828e+06 -574563 3755.49
5.67767e+06 2.85598e+06 -548533 3743.74
5.66364e+06 2.88385e+06 -548708 3764.42
5.70736e+06 2.80103e+06 -522307 3574.71
5.69353e+06 2.82902e+06 -522494 3649.68
5.70918e+06 2.80192e+06 -496454 3558.27
5.6954e+06 2.82995e+06 -496637 3629.51
5.67957e+06 2.85694e+06 -522669 3716.23
5.66556e+06 2.88483e+06 -522839 3727.01
5.68144e+06 2.85788e+06 -496803 3641.39
5.66742e+06 2.88578e+06 -496964 3557.96
5.64742e+06 2.91059e+06 -574734 3827.63
5.6333e+06 2.93841e+06 -574910 3743.35
5.64952e+06 2.91168e+06 -548876 3774.68
5.63525e+06 2.93943e+06 -549029 3659.34
5.619e+06 2.96614e+06 -575068 3746.86
5.60427e+06 2.99363e+06 -575179 3588.71
5.62086e+06 2.96712e+06 -549171 3401.89
5.60627e+06 2.9947e+06 -549292 3182.28
5.65138e+06 2.91264e+06 -522993 3600.81
5.63711e+06 2.94041e+06 -523140 3303.53
5.65321e+06 2.91359e+06 -497109 3320.7
5.63888e+06 2.94133e+06 -497244 2829.31
5.62278e+06 2.96814e+06 -523280 2973.65
5.60809e+06 2.99568e+06 -523388 2745.39
5.6245e+06 2.96905e+06 -497373 2591.65
5.60982e+06 2.99661e+06 -497475 2525.17
5.58042e+06 3.01619e+06 -678734 2424.39
5.56577e+06 3.04367e+06 -678873 2312.59
5.58277e+06 3.01746e+06 -652881 2610.82
5.56822e+06 3.04501e+06 -653028 2375
5.55087e+06 3.07101e+06 -678982 2279.77
5.53544e+06 3.09807e+06 -679027 1873.69
5.55325e+06 3.07233e+06 -653125 2484.12
5.53773e+06 3.09935e+06 -653158 2256.03
5.58515e+06 3.01875e+06 -627033 2886.82
5.57056e+06 3.0463e+06 -627171 2658.87
5.58743e+06 3.01999e+06 -601171 3303.12
5.57274e+06 3.04749e+06 -601293 3019.19
5.55558e+06 3.07363e+06 -627264 2508.85
5.54013e+06 3.1007e+06 -627302 2407.21
5.55785e+06 3.07489e+06 -601393 2823.65
5.54249e+06 3.10202e+06 -601441 2969.6
5.51992e+06 3.12507e+06 -679060 1555.42
5.50504e+06 3.15243e+06 -679175 1221.98
5.5223e+06 3.12641e+06 -653202 2028.24
5.50696e+06 3.15352e+06 -653257 1622.01
5.48989e+06 3.17963e+06 -679253 821.489
5.47435e+06 3.20661e+06 -679281 645.462
5.49176e+06 3.18072e+06 -653328 1206.88
5.4767e+06 3.208e+06 -653414 766.364
5.52458e+06 3.12771e+06 -627331 2161.37
5.50943e+06 3.15494e+06 -627404 1968.41
5.52678e+06 3.12896e+06 -601451 2530.28
5.51176e+06 3.15628e+06 -601537 2077.74
5.49423e+06 3.18215e+06 -627472 1734.72
5.47882e+06 3.20924e+06 -627518 1003.25
5.49667e+06 3.18357e+06 -601616 1820.68
5.48103e+06 3.21054e+06 -601634 1392.44
5.5895e+06 3.02111e+06 -575287 3483.93
5.5747e+06 3.04857e+06 -575392 3254.54
5.59134e+06 3.02211e+06 -549381 3132.26
5.57664e+06 3.04963e+06 -549491 2894.45
5.56007e+06 3.07612e+06 -575515 3119.95
5.54473e+06 3.10328e+06 -575565 3108.62
5.56192e+06 3.07714e+06 -549599 3249.04
5.54648e+06 3.10426e+06 -549637 2899.23
5.59319e+06 3.02311e+06 -523475 2654.2
5.57874e+06 3.05079e+06 -523605 2268.64
5.59526e+06 3.02423e+06 -497589 2225.32
5.58079e+06 3.05191e+06 -497711 2165.92
5.56388e+06 3.07823e+06 -523695 2866.95
5.54826e+06 3.10526e+06 -523713 2622.3
5.56567e+06 3.07923e+06 -497775 2111.49
5.55009e+06 3.10629e+06 -497796 2185.04
5.52888e+06 3.13015e+06 -575560 2957.35
5.51366e+06 3.15738e+06 -575622 2294.99
5.53092e+06 3.13131e+06 -549661 2989.51
5.51567e+06 3.15853e+06 -549718 2453.62
5.4985e+06 3.18463e+06 -575690 1760.48
5.4829e+06 3.21164e+06 -575712 1403.7
5.50036e+06 3.18571e+06 -549769 2021.19
5.48473e+06 3.21271e+06 -549787 1550.77
5.53294e+06 3.13245e+06 -523760 2696.72
5.51779e+06 3.15975e+06 -523824 2461.16
5.53473e+06 3.13347e+06 -497838 2233.71
5.51973e+06 3.16086e+06 -497911 2268.36
5.50242e+06 3.18691e+06 -523866 2091.07
5.48677e+06 3.21391e+06 -523882 1567.01
5.50447e+06 3.1881e+06 -497962 2108.65
5.4887e+06 3.21504e+06 -497966 1635.88
5.71093e+06 2.80278e+06 -470595 3431.46
5.69717e+06 2.83083e+06 -470770 3434.99
5.7127e+06 2.80365e+06 -444736 3035.7
5.69896e+06 2.83172e+06 -444904 3025.51
5.68325e+06 2.85879e+06 -470931 3379.24
5.66922e+06 2.8867e+06 -471084 3219.97
5.68498e+06 2.85967e+06 -445053 2982.04
5.67102e+06 2.88762e+06 -445202 2880.66
5.71431e+06 2.80444e+06 -418865 2699.54
5.70057e+06 2.83252e+06 -419024 2755.84
5.71575e+06 2.80515e+06 -392981 2621.46
5.70199e+06 2.83322e+06 -393129 2697.13
5.68662e+06 2.86049e+06 -419166 2803.59
5.67261e+06 2.88843e+06 -419304 2803.39
5.68819e+06 2.86128e+06 -393273 2783.41
5.67406e+06 2.88917e+06 -393395 2807.67
5.65504e+06 2.91454e+06 -471224 2890.69
5.64065e+06 2.94226e+06 -471345 2676.87
5.65677e+06 2.91543e+06 -445329 2797.24
5.64242e+06 2.94319e+06 -445447 2472.38
5.62618e+06 2.96994e+06 -471460 2498.83
5.61156e+06 2.99754e+06 -471562 2395.85
5.62798e+06 2.9709e+06 -445557 2446.59
5.61356e+06 2.99862e+06 -445668 2036.19
5.65836e+06 2.91625e+06 -419424 2746.4
5.64401e+06 2.94402e+06 -419535 2518.1
5.65984e+06 2.91702e+06 -393510 2625.18
5.64554e+06 2.94482e+06 -393618 2331.59
5.62976e+06 2.97185e+06 -419654 2019.17
5.61569e+06 2.99976e+06 -419785 1496.22
5.6311e+06 2.97256e+06 -393718 1581.29
5.61713e+06 3.00054e+06 -393851 848.541
5.71714e+06 2.80583e+06 -367095 2557.82
5.70335e+06 2.8339e+06 -367231 2649.85
5.7184e+06 2.80645e+06 -341201 2464.98
5.7046e+06 2.83452e+06 -341327 2588.43
5.68952e+06 2.86195e+06 -367365 2732.08
5.67537e+06 2.88984e+06 -367477 2785.34
5.69066e+06 2.86253e+06 -341445 2674.36
5.67656e+06 2.89045e+06 -341553 2713.88
5.7196e+06 2.80704e+06 -315303 2320.1
5.70584e+06 2.83514e+06 -315422 2433.55
5.72073e+06 2.8076e+06 -289400 2205
5.70702e+06 2.83573e+06 -289513 2295.18
5.6919e+06 2.86315e+06 -315531 2590.69
5.67776e+06 2.89106e+06 -315629 2631.34
5.69308e+06 2.86375e+06 -289614 2534.05
5.67887e+06 2.89163e+06 -289702 2547.22
5.66126e+06 2.91775e+06 -367592 2505.08
5.64712e+06 2.94565e+06 -367705 2066.8
5.66256e+06 2.91842e+06 -341667 2323.95
5.64842e+06 2.94633e+06 -341774 1770.66
5.63254e+06 2.97332e+06 -367789 1544.56
5.61825e+06 3.00113e+06 -367894 602.613
5.634e+06 2.97409e+06 -341864 1304.14
5.61955e+06 3.00183e+06 -341951 1085.32
5.6636e+06 2.91897e+06 -315728 2295.02
5.64933e+06 2.94681e+06 -315820 1675.66
5.66466e+06 2.91951e+06 -289789 2353.89
5.65033e+06 2.94733e+06 -289870 1800.33
5.63493e+06 2.97459e+06 -315904 1222.92
5.62078e+06 3.00249e+06 -316002 988.075
5.63605e+06 2.97518e+06 -289954 1341.6
5.62188e+06 3.00309e+06 -290044 1118.35
5.59729e+06 3.02534e+06 -471694 1816.61
5.58327e+06 3.05327e+06 -471847 1942.49
5.59941e+06 3.02649e+06 -445802 1515.92
5.58552e+06 3.05451e+06 -445961 1100.32
5.56773e+06 3.08037e+06 -471872 1961.85
5.55168e+06 3.10718e+06 -471856 1861.51
5.56985e+06 3.08154e+06 -445975 1612.53
5.55334e+06 3.10812e+06 -445922 1444.54
5.60149e+06 3.02761e+06 -419909 769.459
5.58725e+06 3.05545e+06 -420031 119.372
5.603e+06 3.02843e+06 -393971 -3.0009
5.58878e+06 3.05629e+06 -394088 -848.891
5.57164e+06 3.08253e+06 -420048 894.535
5.55568e+06 3.10943e+06 -420039 442.025
5.57363e+06 3.08364e+06 -394136 120.137
5.55776e+06 3.11059e+06 -394136 -674.303
5.53664e+06 3.13456e+06 -471923 1722.58
5.5217e+06 3.16199e+06 -471999 2081.29
5.53875e+06 3.13576e+06 -446023 1205.77
5.52396e+06 3.16329e+06 -446107 2003.75
5.50629e+06 3.18915e+06 -472035 1840.73
5.49042e+06 3.21605e+06 -472031 1455.02
5.50798e+06 3.19014e+06 -446096 1764.47
5.49201e+06 3.21699e+06 -446085 1222.75
5.54113e+06 3.13711e+06 -420139 1001.24
5.52596e+06 3.16444e+06 -420192 1428.86
5.54281e+06 3.13806e+06 -394201 308.514
5.52743e+06 3.16528e+06 -394234 767.68
5.50979e+06 3.19119e+06 -420167 1605.55
5.49369e+06 3.21797e+06 -420146 990.059
5.51139e+06 3.19212e+06 -394220 1031.43
5.49531e+06 3.21893e+06 -394203 675.241
5.60435e+06 3.02917e+06 -368023 -429.184
5.59058e+06 3.05728e+06 -368158 -1203.02
5.60566e+06 3.02988e+06 -342072 -614.223
5.59226e+06 3.05821e+06 -342221 -1428.85
5.57527e+06 3.08455e+06 -368194 -305.549
5.55864e+06 3.11109e+06 -368143 -1128.21
5.57639e+06 3.08518e+06 -342218 -539.653
5.55964e+06 3.11166e+06 -342160 -1319.12
5.60671e+06 3.03045e+06 -316105 -352.323
5.59272e+06 3.05847e+06 -316212 -1586.05
5.60755e+06 3.03091e+06 -290126 192.752
5.59318e+06 3.05872e+06 -290205 -840.215
5.57704e+06 3.08554e+06 -316219 -1195.57
5.56132e+06 3.11261e+06 -316222 -1337.02
5.57809e+06 3.08614e+06 -290244 -1111.88
5.5632e+06 3.11367e+06 -290294 -945.735
5.54357e+06 3.1385e+06 -368196 -765.096
5.52863e+06 3.16597e+06 -368257 94.1773
5.54486e+06 3.13923e+06 -342227 -1005.09
5.52978e+06 3.16664e+06 -342277 -416.776
5.51276e+06 3.19292e+06 -368256 440.56
5.49686e+06 3.21984e+06 -368252 411.526
5.51401e+06 3.19364e+06 -342284 113.242
5.49819e+06 3.22062e+06 -342287 -18.2986
5.54657e+06 3.1402e+06 -316285 -722.564
5.5308e+06 3.16722e+06 -316294 -337.474
5.54799e+06 3.141e+06 -290328 -230.052
5.53173e+06 3.16775e+06 -290310 211.586
5.51514e+06 3.1943e+06 -316307 -32.1559
5.49938e+06 3.22133e+06 -316314 67.1309
5.51606e+06 3.19483e+06 -290322 157.042
5.50051e+06 3.22199e+06 -290339 231.109
5.45858e+06 3.23346e+06 -679282 547.778
5.44232e+06 3.26002e+06 -679222 430.931
5.46104e+06 3.23492e+06 -653429 686.469
5.44474e+06 3.26147e+06 -653366 514.138
5.4262e+06 3.28666e+06 -679179 403.027
5.40998e+06 3.31324e+06 -679125 539.726
5.42847e+06 3.28804e+06 -653309 451.296
5.41222e+06 3.31462e+06 -653253 526.055
5.46321e+06 3.23621e+06 -627539 739.47
5.44702e+06 3.26284e+06 -627493 613.451
5.46518e+06 3.23738e+06 -601628 819.371
5.44913e+06 3.26411e+06 -601599 620.15
5.43066e+06 3.28937e+06 -627427 523.862
5.41442e+06 3.31597e+06 -627375 534.687
5.43287e+06 3.29071e+06 -601548 553.168
5.41657e+06 3.31729e+06 -601493 528.472
5.39361e+06 3.33973e+06 -679052 669.578
5.37713e+06 3.36615e+06 -678963 814.363
5.39587e+06 3.34113e+06 -653185 687.535
5.37941e+06 3.36758e+06 -653103 809.738
5.36052e+06 3.39249e+06 -678858 851.235
5.34383e+06 3.41878e+06 -678744 834.336
5.36282e+06 3.39394e+06 -653005 869.632
5.34614e+06 3.42026e+06 -652897 869.291
5.3981e+06 3.34251e+06 -627314 680.219
5.38164e+06 3.36898e+06 -627236 814.971
5.40025e+06 3.34385e+06 -601434 680.27
5.38378e+06 3.37032e+06 -601360 815.544
5.36505e+06 3.39536e+06 -627144 910.837
5.34838e+06 3.42169e+06 -627041 936.123
5.36721e+06 3.39673e+06 -601273 953.525
5.35052e+06 3.42306e+06 -601174 1012.36
5.46698e+06 3.23845e+06 -575699 963.92
5.45104e+06 3.26526e+06 -575685 614.171
5.46889e+06 3.23959e+06 -549784 1093.44
5.45293e+06 3.2664e+06 -549769 660.989
5.4349e+06 3.29195e+06 -575650 494.114
5.41863e+06 3.31855e+06 -575599 520.263
5.43681e+06 3.2931e+06 -549737 489.718
5.42059e+06 3.31976e+06 -549696 487.066
5.47089e+06 3.24078e+06 -523876 1134.07
5.4549e+06 3.26758e+06 -523860 662.175
5.47275e+06 3.24188e+06 -497955 1001.37
5.45679e+06 3.26871e+06 -497942 553.647
5.43876e+06 3.29429e+06 -523829 499.063
5.42246e+06 3.3209e+06 -523782 428.725
5.44062e+06 3.29542e+06 -497911 397.159
5.42425e+06 3.322e+06 -497861 354.882
5.40229e+06 3.34512e+06 -575542 644.368
5.38583e+06 3.3716e+06 -575472 821.894
5.40426e+06 3.34634e+06 -549643 627.109
5.3878e+06 3.37284e+06 -549577 820.496
5.36927e+06 3.39803e+06 -575392 992.955
5.35258e+06 3.42438e+06 -575297 1094.03
5.37124e+06 3.39929e+06 -549501 1006.31
5.35456e+06 3.42565e+06 -549412 1158.83
5.40612e+06 3.3475e+06 -523732 553.487
5.38966e+06 3.37401e+06 -523670 764.106
5.4079e+06 3.3486e+06 -497814 479.02
5.39146e+06 3.37514e+06 -497757 692.391
5.37314e+06 3.40049e+06 -523602 989.567
5.35644e+06 3.42685e+06 -523516 1190.48
5.37492e+06 3.40162e+06 -497691 906.2
5.35819e+06 3.42798e+06 -497608 1128.85
5.32704e+06 3.445e+06 -678616 827.042
5.31017e+06 3.47118e+06 -678479 862.399
5.32936e+06 3.4465e+06 -652777 887.486
5.31251e+06 3.47271e+06 -652647 923.519
5.29326e+06 3.49733e+06 -678336 907.099
5.27628e+06 3.52343e+06 -678186 967.813
5.29556e+06 3.49884e+06 -652506 1011.67
5.27848e+06 3.52491e+06 -652351 1026.47
5.33165e+06 3.44798e+06 -626932 975.854
5.31474e+06 3.47417e+06 -626803 1033.68
5.33376e+06 3.44935e+06 -601067 1070.52
5.3168e+06 3.47552e+06 -600937 1151.28
5.29767e+06 3.50024e+06 -626654 1074.36
5.28051e+06 3.52626e+06 -626494 1131.39
5.29968e+06 3.50157e+06 -600789 1240.07
5.28249e+06 3.52759e+06 -600633 1292.24
5.259e+06 3.54933e+06 -677994 1031.51
5.24137e+06 3.57501e+06 -677759 989.343
5.26119e+06 3.55082e+06 -652167 1010.99
5.24362e+06 3.57654e+06 -651947 1041.93
5.22363e+06 3.6006e+06 -677509 929.802
5.20565e+06 3.62603e+06 -677227 793.188
5.22593e+06 3.60219e+06 -651713 943.823
5.20792e+06 3.62761e+06 -651438 866.763
5.26316e+06 3.55215e+06 -626311 1146.95
5.24569e+06 3.57796e+06 -626114 1121.93
5.26512e+06 3.55347e+06 -600456 1293.07
5.24766e+06 3.5793e+06 -600268 1223.8
5.22812e+06 3.6037e+06 -625904 1058.03
5.21026e+06 3.62924e+06 -625658 1014.85
5.2302e+06 3.60514e+06 -600081 1174.66
5.21248e+06 3.63079e+06 -599862 1204.79
5.33575e+06 3.45064e+06 -575188 1180.73
5.3188e+06 3.47682e+06 -575065 1310.74
5.33773e+06 3.45192e+06 -549308 1283.96
5.32077e+06 3.47811e+06 -549191 1368.54
5.3017e+06 3.50291e+06 -574926 1347.32
5.28439e+06 3.52885e+06 -574765 1379.35
5.30362e+06 3.50418e+06 -549054 1420.64
5.28621e+06 3.53007e+06 -548891 1465.64
5.33957e+06 3.45311e+06 -523414 1286.19
5.32262e+06 3.47932e+06 -523304 1408.23
5.34131e+06 3.45424e+06 -497511 1292.97
5.32435e+06 3.48045e+06 -497405 1398.04
5.30547e+06 3.5054e+06 -523175 1456.92
5.28805e+06 3.5313e+06 -523018 1479.7
5.30722e+06 3.50656e+06 -497285 1454.04
5.28982e+06 3.53248e+06 -497139 1488.73
5.26695e+06 3.55471e+06 -574588 1316.72
5.24955e+06 3.58059e+06 -574416 1335.53
5.26875e+06 3.55593e+06 -548721 1419.85
5.25146e+06 3.5819e+06 -548568 1365.51
5.23221e+06 3.60652e+06 -574250 1328.22
5.21459e+06 3.63226e+06 -574054 1399.22
5.23416e+06 3.60787e+06 -548415 1334.37
5.21647e+06 3.63357e+06 -548221 1441.03
5.27058e+06 3.55717e+06 -522857 1407.85
5.25335e+06 3.58319e+06 -522718 1393.92
5.27233e+06 3.55835e+06 -496984 1371.45
5.25512e+06 3.5844e+06 -496855 1288
5.23601e+06 3.60915e+06 -522569 1339.07
5.21834e+06 3.63487e+06 -522386 1474.13
5.23779e+06 3.61037e+06 -496715 1206.56
5.20465e+06 3.64433e+06 -495868 1275.34
5.47444e+06 3.24289e+06 -472019 857.575
5.45849e+06 3.26973e+06 -472008 440.704
5.47611e+06 3.24388e+06 -446081 691.715
5.46012e+06 3.27071e+06 -446069 266.302
5.44231e+06 3.29645e+06 -471979 286.741
5.42596e+06 3.32305e+06 -471935 217.626
5.44393e+06 3.29743e+06 -446042 56.5503
5.42759e+06 3.32405e+06 -446001 -98.9378
5.47775e+06 3.24486e+06 -420141 530.207
5.46166e+06 3.27164e+06 -420123 -3.94157
5.47927e+06 3.24576e+06 -394190 194.592
5.46317e+06 3.27255e+06 -394175 -353.86
5.44541e+06 3.29833e+06 -420094 -417.785
5.42914e+06 3.325e+06 -420062 -639.567
5.44692e+06 3.29924e+06 -394147 -863.392
5.43065e+06 3.32592e+06 -394120 -936.629
5.40966e+06 3.34969e+06 -471894 307.608
5.39322e+06 3.37625e+06 -471842 530.165
5.41129e+06 3.3507e+06 -445965 -101.681
5.39487e+06 3.37728e+06 -445918 109.795
5.37661e+06 3.40269e+06 -471774 771.9
5.35987e+06 3.42905e+06 -471695 1012.29
5.37824e+06 3.40372e+06 -445855 374.378
5.36148e+06 3.43009e+06 -445780 652.07
5.41283e+06 3.35165e+06 -420028 -560.964
5.39637e+06 3.37822e+06 -419983 -400.537
5.4143e+06 3.35256e+06 -394086 -885.479
5.39779e+06 3.3791e+06 -394040 -666.177
5.37975e+06 3.40468e+06 -419924 -163.582
5.36298e+06 3.43105e+06 -419854 50.5648
5.38114e+06 3.40556e+06 -393985 -475.473
5.36436e+06 3.43193e+06 -393920 -309.91
5.48085e+06 3.2467e+06 -368243 -175.214
5.46468e+06 3.27345e+06 -368225 -789.037
5.48216e+06 3.24748e+06 -342279 -479.561
5.46595e+06 3.27421e+06 -342258 -967.679
5.4484e+06 3.30014e+06 -368199 -1143.9
5.43208e+06 3.3268e+06 -368169 -1093.85
5.44966e+06 3.3009e+06 -342234 -1241.32
5.43337e+06 3.32759e+06 -342209 -1161.62
5.48332e+06 3.24816e+06 -316303 -303.761
5.46713e+06 3.27492e+06 -316287 -911.767
5.48453e+06 3.24888e+06 -290334 17.9351
5.46823e+06 3.27558e+06 -290312 -544.473
5.45091e+06 3.30166e+06 -316268 -1102.89
5.43461e+06 3.32835e+06 -316244 -1083.17
5.45199e+06 3.30231e+06 -290293 -997.09
5.43567e+06 3.32899e+06 -290270 -909.168
5.41562e+06 3.35338e+06 -368131 -1027.38
5.39915e+06 3.37996e+06 -368093 -799.438
5.41689e+06 3.35417e+06 -342172 -1010.28
5.40047e+06 3.38078e+06 -342140 -875.031
5.3825e+06 3.40642e+06 -368042 -552.405
5.36566e+06 3.43276e+06 -367978 -507.279
5.38382e+06 3.40725e+06 -342094 -520.667
5.36658e+06 3.43335e+06 -342011 -505.837
5.41809e+06 3.35491e+06 -316209 -1010.73
5.40162e+06 3.3815e+06 -316176 -882.36
5.41877e+06 3.35532e+06 -290216 -962.977
5.40221e+06 3.38187e+06 -290181 -1058.64
5.38498e+06 3.40799e+06 -316134 -548.373
5.36775e+06 3.4341e+06 -316054 -137.688
5.3859e+06 3.40857e+06 -290158 -579.285
5.36876e+06 3.43475e+06 -290091 -287.043
5.343e+06 3.45533e+06 -471605 1217.09
5.32599e+06 3.48153e+06 -471501 1349.36
5.34457e+06 3.45635e+06 -445691 896.961
5.32748e+06 3.48251e+06 -445587 1050.83
5.30884e+06 3.50763e+06 -471386 1400.46
5.29147e+06 3.53359e+06 -471250 1406.28
5.31029e+06 3.5086e+06 -445475 1174.47
5.29297e+06 3.5346e+06 -445350 1273.78
5.34604e+06 3.45731e+06 -419770 249.396
5.32895e+06 3.48347e+06 -419671 518.769
5.34741e+06 3.4582e+06 -393840 -205.756
5.3304e+06 3.48442e+06 -393753 -114.145
5.31175e+06 3.50956e+06 -419564 672.285
5.29444e+06 3.53558e+06 -419448 929.229
5.31324e+06 3.51055e+06 -393656 -11.6741
5.29592e+06 3.53657e+06 -393547 308.845
5.27396e+06 3.55945e+06 -471102 1344.95
5.25673e+06 3.5855e+06 -470980 1291.49
5.2755e+06 3.5605e+06 -445214 1303.02
5.2581e+06 3.58644e+06 -445084 1091.5
5.23943e+06 3.61151e+06 -470850 1123.63
5.20632e+06 3.64551e+06 -470051 1091.35
5.24062e+06 3.61233e+06 -444947 849.604
5.20766e+06 3.64644e+06 -444203 745.56
5.27701e+06 3.56152e+06 -419323 1145.24
5.25946e+06 3.58737e+06 -419188 1171.1
5.27849e+06 3.56252e+06 -393429 789.807
5.26101e+06 3.58843e+06 -393307 1054.08
5.2418e+06 3.61315e+06 -419044 1040.09
5.2241e+06 3.63888e+06 -418896 772.518
5.24348e+06 3.6143e+06 -393182 1084.64
5.22586e+06 3.64011e+06 -393049 1159.41
5.34876e+06 3.45907e+06 -367908 -441.565
5.33174e+06 3.4853e+06 -367826 -384.933
5.34968e+06 3.45967e+06 -341946 -697.42
5.33297e+06 3.48611e+06 -341888 -487.863
5.31459e+06 3.51144e+06 -367735 -417.292
5.29735e+06 3.53753e+06 -367639 -233.945
5.31584e+06 3.51228e+06 -341805 -473.878
5.29863e+06 3.53839e+06 -341718 -521.128
5.35079e+06 3.46039e+06 -315992 -410.298
5.33408e+06 3.48684e+06 -315942 -459.27
5.35185e+06 3.46108e+06 -290035 -523.488
5.3348e+06 3.48731e+06 -289972 -332.02
5.31695e+06 3.51301e+06 -315866 -480.808
5.29969e+06 3.5391e+06 -315782 -374.933
5.31759e+06 3.51345e+06 -289900 -533.801
5.30066e+06 3.53975e+06 -289841 -15.2368
5.27995e+06 3.5635e+06 -367531 296.759
5.26249e+06 3.58944e+06 -367420 837.145
5.28125e+06 3.56439e+06 -341620 -53.1581
5.2638e+06 3.59033e+06 -341517 697.49
5.24507e+06 3.6154e+06 -367312 937.147
5.21219e+06 3.64962e+06 -366705 770.26
5.24634e+06 3.61627e+06 -341415 890.939
5.21326e+06 3.65036e+06 -340840 762.183
5.28237e+06 3.56515e+06 -315695 81.1178
5.26495e+06 3.59112e+06 -315604 785.079
5.28336e+06 3.56582e+06 -289763 567.886
5.26594e+06 3.5918e+06 -289680 892.928
5.24747e+06 3.61706e+06 -315508 910.462
5.21437e+06 3.65114e+06 -314977 796.987
5.24846e+06 3.61774e+06 -289592 884.427
5.21545e+06 3.6519e+06 -289113 695.656
5.72176e+06 2.8081e+06 -263497 2145.54
5.70798e+06 2.83621e+06 -263597 2186.2
5.72266e+06 2.80854e+06 -237591 2195.6
5.70881e+06 2.83662e+06 -237679 2172.67
5.69404e+06 2.86423e+06 -263689 2432.02
5.67987e+06 2.89214e+06 -263771 2640.31
5.69491e+06 2.86467e+06 -237764 2456.98
5.68099e+06 2.89271e+06 -237847 2667.53
5.72349e+06 2.80895e+06 -211681 2258.62
5.70984e+06 2.83713e+06 -211767 2249.71
5.72421e+06 2.8093e+06 -185768 2318.13
5.71061e+06 2.83751e+06 -185846 2279.93
5.696e+06 2.86521e+06 -211846 2549.03
5.68195e+06 2.89319e+06 -211918 2764.63
5.69675e+06 2.86559e+06 -185916 2557.8
5.68251e+06 2.89348e+06 -185973 2801.21
5.66567e+06 2.92003e+06 -263851 2463.78
5.65133e+06 2.94785e+06 -263924 1866.89
5.66685e+06 2.92064e+06 -237922 2700.05
5.65252e+06 2.94847e+06 -237990 2236.03
5.63713e+06 2.97575e+06 -264006 1204.18
5.62285e+06 3.0036e+06 -264082 1228
5.63824e+06 2.97633e+06 -238060 1486.38
5.62382e+06 3.00411e+06 -238125 1321.3
5.66794e+06 2.9212e+06 -211992 2706.42
5.65374e+06 2.9491e+06 -212057 2428.75
5.66846e+06 2.92147e+06 -186037 2814.37
5.65431e+06 2.9494e+06 -186097 2736.14
5.63931e+06 2.97689e+06 -212114 1858.55
5.62468e+06 3.00457e+06 -212163 1522.47
5.6397e+06 2.97709e+06 -186141 2425.98
5.62512e+06 3.0048e+06 -186187 2000.64
5.72483e+06 2.80961e+06 -159851 2373.15
5.71108e+06 2.83775e+06 -159915 2427.28
5.72538e+06 2.80988e+06 -133933 2437.14
5.71159e+06 2.83799e+06 -133986 2544.1
5.69715e+06 2.86579e+06 -159974 2653.26
5.68306e+06 2.89376e+06 -160027 2899.82
5.69769e+06 2.86606e+06 -134036 2775.62
5.68361e+06 2.89404e+06 -134082 2905.98
5.72581e+06 2.81009e+06 -108011 2510.72
5.71198e+06 2.83819e+06 -108054 2618.11
5.72616e+06 2.81026e+06 -82088.6 2555.46
5.71238e+06 2.83839e+06 -82122.8 2682.87
5.69809e+06 2.86626e+06 -108096 2766.01
5.68402e+06 2.89424e+06 -108134 2894.74
5.69847e+06 2.86645e+06 -82155.1 2847.48
5.68443e+06 2.89445e+06 -82185.6 2999.81
5.66895e+06 2.92171e+06 -160081 3001.8
5.6546e+06 2.94954e+06 -160128 2964.04
5.66938e+06 2.92193e+06 -134125 2985.85
5.65498e+06 2.94974e+06 -134164 3048.39
5.63995e+06 2.97722e+06 -160166 2900.69
5.62543e+06 3.00496e+06 -160208 2665.16
5.64048e+06 2.97749e+06 -134200 3019.62
5.62594e+06 3.00523e+06 -134236 3032.69
5.66977e+06 2.92213e+06 -108169 2996.88
5.65543e+06 2.94997e+06 -108202 3051.59
5.67024e+06 2.92237e+06 -82214.2 3082.25
5.65593e+06 2.95023e+06 -82240.8 3074.39
5.64097e+06 2.97775e+06 -108233 3013.39
5.6264e+06 3.00547e+06 -108262 2991.44
5.64152e+06 2.97804e+06 -82266.1 3099.39
5.62691e+06 3.00574e+06 -82288.6 3081.8
5.6085e+06 3.03143e+06 -264156 447.569
5.59412e+06 3.05924e+06 -264228 -81.9111
5.60933e+06 3.03187e+06 -238186 848.023
5.59507e+06 3.05975e+06 -238256 518.175
5.57909e+06 3.0867e+06 -264270 -889.787
5.56431e+06 3.11429e+06 -264325 -560.284
5.58001e+06 3.0872e+06 -238293 457.661
5.5647e+06 3.1145e+06 -238321 310.956
5.61014e+06 3.0323e+06 -212216 1391.01
5.59622e+06 3.06038e+06 -212293 1151.04
5.61092e+06 3.03272e+06 -186245 1852.3
5.59696e+06 3.06078e+06 -186313 1511.61
5.58116e+06 3.08782e+06 -212326 1562.18
5.56555e+06 3.11497e+06 -212336 1487.28
5.5818e+06 3.08818e+06 -186338 2224.4
5.56665e+06 3.11558e+06 -186364 1640.45
5.54898e+06 3.14156e+06 -264351 478.184
5.53275e+06 3.16833e+06 -264334 980.255
5.54952e+06 3.14187e+06 -238353 999.859
5.53372e+06 3.16888e+06 -238356 1577.93
5.51692e+06 3.19533e+06 -264337 835.472
5.50131e+06 3.22246e+06 -264351 686.39
5.51788e+06 3.19588e+06 -238359 1540.88
5.50208e+06 3.22291e+06 -238365 1425.94
5.55031e+06 3.14231e+06 -212363 2080.04
5.5347e+06 3.16945e+06 -212376 1858.43
5.55141e+06 3.14292e+06 -186387 2337.81
5.53568e+06 3.17e+06 -186395 1919.61
5.51906e+06 3.19656e+06 -212387 2016.79
5.50308e+06 3.22348e+06 -212387 1914.93
5.52011e+06 3.19716e+06 -186408 2139.57
5.50382e+06 3.22392e+06 -186398 2000.32
5.61133e+06 3.03294e+06 -160262 2417.69
5.59722e+06 3.06092e+06 -160317 2362.36
5.6116e+06 3.03308e+06 -134278 2806.03
5.59758e+06 3.0611e+06 -134327 2713.17
5.58236e+06 3.08848e+06 -160350 2474.8
5.56718e+06 3.11587e+06 -160376 2224.71
5.58289e+06 3.08877e+06 -134362 2713.1
5.56712e+06 3.11583e+06 -134372 2635.48
5.61201e+06 3.03329e+06 -108296 2951.12
5.59794e+06 3.06129e+06 -108337 2734.58
5.61244e+06 3.03352e+06 -82314.4 3010.81
5.5982e+06 3.06143e+06 -82343.4 2999.48
5.58314e+06 3.0889e+06 -108364 2844.77
5.56716e+06 3.11584e+06 -108367 2939.45
5.58336e+06 3.08901e+06 -82363.2 2937.14
5.56745e+06 3.116e+06 -82367 2910.21
5.55192e+06 3.14321e+06 -160396 2417.76
5.53656e+06 3.1705e+06 -160411 2159.25
5.55197e+06 3.14324e+06 -134393 2115.06
5.53714e+06 3.17083e+06 -134417 2265.44
5.52064e+06 3.19746e+06 -160412 2229.53
5.50422e+06 3.22414e+06 -160398 2153.38
5.521e+06 3.19767e+06 -134411 2328.16
5.50464e+06 3.22439e+06 -134399 2325.31
5.55173e+06 3.1431e+06 -108380 2265.92
5.5369e+06 3.17069e+06 -108403 1993.03
5.5516e+06 3.14302e+06 -82371.1 2400.35
5.5366e+06 3.17052e+06 -82387.4 1799.01
5.5212e+06 3.19779e+06 -108406 1899
5.5051e+06 3.22465e+06 -108401 2246.65
5.52135e+06 3.19788e+06 -82399.2 1839.57
5.50552e+06 3.2249e+06 -82401.9 2148.61
5.72644e+06 2.8104e+06 -56164.6 2603
5.71264e+06 2.83852e+06 -56189.5 2724.51
5.72658e+06 2.81046e+06 -30239 2655.37
5.71276e+06 2.83857e+06 -30253.9 2777.51
5.69875e+06 2.86659e+06 -56213.3 2860.75
5.68475e+06 2.89461e+06 -56235.8 2967.03
5.69885e+06 2.86664e+06 -30268.3 2937.91
5.68489e+06 2.89468e+06 -30282.4 3022.5
5.72662e+06 2.81048e+06 -4312.86 2700.37
5.71286e+06 2.83862e+06 -4318.24 2823.96
5.72665e+06 2.8105e+06 21613.4 2744.88
5.71288e+06 2.83863e+06 21617.9 2884.78
5.69899e+06 2.86671e+06 -4323.58 3005.52
5.68499e+06 2.89473e+06 -4329.03 3067.3
5.69897e+06 2.8667e+06 21621.6 3013.48
5.68494e+06 2.8947e+06 21625 3084.92
5.6706e+06 2.92255e+06 -56256.9 3023.2
5.65629e+06 2.95041e+06 -56276.9 3072.06
5.67076e+06 2.92263e+06 -30295.9 3102.04
5.65633e+06 2.95043e+06 -30308 3119.17
5.64183e+06 2.97819e+06 -56295.4 3056.09
5.6272e+06 3.00589e+06 -56311.7 3049.48
5.64176e+06 2.97815e+06 -30318.9 3141.52
5.62715e+06 3.00586e+06 -30329.5 3060.69
5.67081e+06 2.92265e+06 -4334.1 3136.64
5.65632e+06 2.95042e+06 -4338.75 3154.12
5.67074e+06 2.92261e+06 21627.7 3120.99
5.65629e+06 2.9504e+06 21629.8 3165.22
5.64173e+06 2.97813e+06 -4343.51 3137.69
5.62712e+06 3.00584e+06 -4348.2 3111.88
5.64169e+06 2.97811e+06 21631.3 3132.68
5.62711e+06 3.00583e+06 21632.8 3091.57
5.72654e+06 2.81044e+06 47539.2 2764.84
5.71269e+06 2.83854e+06 47552.8 2885.56
5.72625e+06 2.8103e+06 73463.6 2732.35
5.71239e+06 2.83838e+06 73487 2862.66
5.69879e+06 2.8666e+06 47566.2 3014.94
5.68478e+06 2.89461e+06 47578.7 3094.88
5.69853e+06 2.86647e+06 73510.2 2954.78
5.6845e+06 2.89447e+06 73531.2 3029.55
5.72592e+06 2.81014e+06 99387.4 2579.87
5.71212e+06 2.83825e+06 99421.5 2642.46
5.72556e+06 2.80996e+06 125311 2281.86
5.71175e+06 2.83806e+06 125355 2376.37
5.69825e+06 2.86632e+06 99454.4 2734.88
5.68411e+06 2.89427e+06 99482.5 2826.07
5.69778e+06 2.86609e+06 125395 2431.5
5.68365e+06 2.89403e+06 125432 2452.42
5.67056e+06 2.92252e+06 47589.3 3126.91
5.65613e+06 2.95031e+06 47598.1 3142.15
5.67023e+06 2.92234e+06 73548.9 3051.74
5.6558e+06 2.95013e+06 73564.7 3092.74
5.64152e+06 2.97801e+06 47605.3 3111.1
5.62695e+06 3.00574e+06 47612.9 3055.56
5.64125e+06 2.97787e+06 73579.3 3057.83
5.62668e+06 3.00559e+06 73593.3 3007.9
5.66978e+06 2.92211e+06 99507.1 2832.09
5.6554e+06 2.94992e+06 99531.2 2828
5.66938e+06 2.9219e+06 125466 2444.83
5.65508e+06 2.94975e+06 125499 2438.67
5.64093e+06 2.9777e+06 99553.3 2860.63
5.62638e+06 3.00542e+06 99573.7 2761.29
5.64054e+06 2.97748e+06 125527 2486.48
5.62585e+06 3.00513e+06 125551 2402.97
5.61254e+06 3.03357e+06 -56327.9 3045.16
5.59816e+06 3.0614e+06 -56347.3 2919.79
5.61264e+06 3.03362e+06 -30340.3 3061.93
5.59803e+06 3.06132e+06 -30350.9 3120.33
5.58369e+06 3.08919e+06 -56363.4 2924.4
5.56788e+06 3.11624e+06 -56364.7 3130.32
5.58367e+06 3.08918e+06 -30361.5 2810.79
5.56892e+06 3.11682e+06 -30366.1 3004.01
5.61258e+06 3.03358e+06 -4352.85 3018.63
5.59791e+06 3.06126e+06 -4356.6 3118.83
5.61246e+06 3.03351e+06 21634 2992.94
5.59776e+06 3.06117e+06 21634.8 3021.87
5.58328e+06 3.08896e+06 -4361.36 2831.33
5.56907e+06 3.1169e+06 -4367.63 2517.1
5.58297e+06 3.08878e+06 21634.7 2819.15
5.56823e+06 3.11642e+06 21633.9 2720.02
5.55175e+06 3.1431e+06 -56366.4 2339.51
5.53653e+06 3.17047e+06 -56379.9 1779.7
5.55264e+06 3.14359e+06 -30367.4 2461.49
5.53644e+06 3.17041e+06 -30374.5 1877.76
5.52135e+06 3.19788e+06 -56392.2 1760.56
5.50583e+06 3.22508e+06 -56398.7 1891.69
5.52105e+06 3.19769e+06 -30383.3 1660.8
5.50573e+06 3.22502e+06 -30390.9 1801.47
5.55312e+06 3.14386e+06 -4369.39 2547.23
5.5366e+06 3.1705e+06 -4368.51 1767.06
5.55259e+06 3.14356e+06 21632.6 2187.45
5.53784e+06 3.17122e+06 21640.2 1193.23
5.52073e+06 3.1975e+06 -4373.53 1447.67
5.50514e+06 3.22466e+06 -4382.16 1332.2
5.52197e+06 3.19821e+06 21637.2 1203.11
5.50508e+06 3.22462e+06 21623.3 1032.48
5.6123e+06 3.03342e+06 47619.6 2983.76
5.59766e+06 3.06111e+06 47626.6 2828.4
5.61202e+06 3.03326e+06 73605.9 2822.51
5.59731e+06 3.06091e+06 73617.1 2698.69
5.58271e+06 3.08863e+06 47630.4 2691.91
5.56753e+06 3.11603e+06 47631.8 2471.42
5.58221e+06 3.08835e+06 73623.5 2618.76
5.56694e+06 3.11569e+06 73628 2302.88
5.61171e+06 3.03309e+06 99592.1 2677.88
5.59679e+06 3.06062e+06 99606.3 2545.24
5.61119e+06 3.0328e+06 125576 2344.33
5.59635e+06 3.06038e+06 125597 2321.74
5.58169e+06 3.08806e+06 99617.3 2403.57
5.56656e+06 3.11547e+06 99627.4 2168.62
5.58131e+06 3.08784e+06 125613 2273.03
5.56616e+06 3.11524e+06 125627 2112.23
5.55201e+06 3.14323e+06 47629.8 1999.63
5.53797e+06 3.17128e+06 47637.7 652.988
5.55162e+06 3.143e+06 73630.8 1693.09
5.53645e+06 3.1704e+06 73632.9 181.889
5.52268e+06 3.19861e+06 47640.1 860.585
5.50554e+06 3.22488e+06 47630.6 370.349
5.52121e+06 3.19777e+06 73637.7 -94.68
5.50545e+06 3.22483e+06 73640.4 -279.745
5.55135e+06 3.14284e+06 99636.4 1386.02
5.53597e+06 3.17012e+06 99643.2 500.918
5.55087e+06 3.14256e+06 125638 1484.6
5.53564e+06 3.16993e+06 125650 531.592
5.52025e+06 3.19721e+06 99642.1 -257.435
5.50446e+06 3.22425e+06 99638.1 -425.747
5.52015e+06 3.19714e+06 125657 415.288
5.50389e+06 3.22391e+06 125645 334.346
5.48538e+06 3.24939e+06 -264349 500.416
5.46914e+06 3.27613e+06 -264330 43.992
5.4861e+06 3.24981e+06 -238361 1265.72
5.47008e+06 3.27669e+06 -238353 675.154
5.45285e+06 3.30283e+06 -264309 -574.517
5.43657e+06 3.32955e+06 -264290 -479.72
5.45383e+06 3.30342e+06 -238335 225.143
5.4374e+06 3.33005e+06 -238311 118.761
5.48692e+06 3.25029e+06 -212377 1825.1
5.47086e+06 3.27716e+06 -212369 1385.91
5.48758e+06 3.25068e+06 -186387 2037.07
5.47158e+06 3.27758e+06 -186381 1972.89
5.45468e+06 3.30394e+06 -212356 964.595
5.43813e+06 3.3305e+06 -212328 889.933
5.45537e+06 3.30436e+06 -186369 1802.81
5.43889e+06 3.33097e+06 -186347 1640.44
5.41945e+06 3.35574e+06 -264229 -236.509
5.40247e+06 3.38203e+06 -264177 -698.541
5.4203e+06 3.35627e+06 -238257 107.529
5.40303e+06 3.38238e+06 -238196 85.2976
5.38613e+06 3.40871e+06 -264155 -513.797
5.36902e+06 3.43492e+06 -264093 -250.122
5.38636e+06 3.40886e+06 -238161 94.2386
5.36956e+06 3.43527e+06 -238120 258.283
5.42101e+06 3.35671e+06 -212278 753.856
5.40382e+06 3.38287e+06 -212227 681.656
5.42178e+06 3.35718e+06 -186303 1587.28
5.40451e+06 3.3833e+06 -186255 1211.25
5.38714e+06 3.40936e+06 -212195 574.152
5.37034e+06 3.43577e+06 -212159 522.181
5.38783e+06 3.4098e+06 -186227 881.024
5.37103e+06 3.43621e+06 -186195 733.632
5.48812e+06 3.251e+06 -160391 2232.82
5.47223e+06 3.27797e+06 -160391 2206.14
5.48868e+06 3.25133e+06 -134397 2500.7
5.47266e+06 3.27823e+06 -134394 2520.44
5.456e+06 3.30473e+06 -160380 2227.86
5.43948e+06 3.33133e+06 -160360 2017.27
5.45636e+06 3.30495e+06 -134383 2380.74
5.43991e+06 3.33159e+06 -134368 2187.22
5.4891e+06 3.25157e+06 -108399 2527.87
5.47301e+06 3.27843e+06 -108394 2699
5.48947e+06 3.25179e+06 -82400 2619.65
5.47334e+06 3.27863e+06 -82395.5 2730.87
5.45674e+06 3.30518e+06 -108386 2633.98
5.44032e+06 3.33184e+06 -108374 2355.16
5.45712e+06 3.30541e+06 -82389.4 2707.77
5.44072e+06 3.33208e+06 -82380.4 2473.8
5.42238e+06 3.35755e+06 -160323 2166.02
5.40511e+06 3.38368e+06 -160280 1827.3
5.42282e+06 3.35783e+06 -134336 2436.93
5.40562e+06 3.384e+06 -134302 2137.85
5.38843e+06 3.41018e+06 -160256 1440.84
5.37163e+06 3.43659e+06 -160227 1014.52
5.38894e+06 3.4105e+06 -134281 2027.53
5.37213e+06 3.43692e+06 -134257 1505.42
5.42323e+06 3.35808e+06 -108349 2411.63
5.40604e+06 3.38427e+06 -108322 2238.93
5.42358e+06 3.3583e+06 -82360.2 2405.87
5.40637e+06 3.38447e+06 -82339 2318.44
5.38936e+06 3.41077e+06 -108305 2289.93
5.37255e+06 3.43719e+06 -108285 1980.9
5.38969e+06 3.41098e+06 -82325.7 2346.2
5.37288e+06 3.4374e+06 -82310.4 2225.98
5.35212e+06 3.46125e+06 -264043 -333.485
5.33506e+06 3.48749e+06 -263985 -185.537
5.35299e+06 3.46182e+06 -238088 404.815
5.33593e+06 3.48806e+06 -238036 478.758
5.31786e+06 3.51363e+06 -263920 -301.304
5.30123e+06 3.54014e+06 -263883 506.693
5.3187e+06 3.51419e+06 -237976 828.801
5.30215e+06 3.54076e+06 -237945 1053.12
5.35377e+06 3.46232e+06 -212132 174.845
5.33671e+06 3.48857e+06 -212085 258.021
5.35409e+06 3.46254e+06 -186157 534.417
5.33703e+06 3.48878e+06 -186116 570.736
5.31982e+06 3.51493e+06 -212044 681.846
5.30332e+06 3.54154e+06 -212020 1397.49
5.32019e+06 3.51517e+06 -186083 655.534
5.30359e+06 3.54172e+06 -186057 1315.47
5.28418e+06 3.56637e+06 -263825 1065.46
5.26673e+06 3.59234e+06 -263748 1036.79
5.28506e+06 3.56697e+06 -237892 1437.61
5.26749e+06 3.59286e+06 -237817 1190.34
5.24921e+06 3.61826e+06 -263667 848.595
5.2163e+06 3.65249e+06 -263237 675.662
5.24993e+06 3.61875e+06 -237742 1025.89
5.21703e+06 3.65301e+06 -237357 880.026
5.28596e+06 3.56757e+06 -211960 1571.81
5.26836e+06 3.59345e+06 -211891 1356.48
5.28652e+06 3.56795e+06 -186014 1551.7
5.26899e+06 3.59388e+06 -185956 1358.36
5.25082e+06 3.61937e+06 -211825 1202.49
5.21776e+06 3.65351e+06 -211477 1031.91
5.25146e+06 3.61981e+06 -185898 1172.32
5.21832e+06 3.65391e+06 -185589 1060.16
5.35469e+06 3.46292e+06 -160195 691.763
5.33762e+06 3.48917e+06 -160159 693.882
5.3552e+06 3.46325e+06 -134230 931.724
5.33813e+06 3.4895e+06 -134201 714.331
5.32043e+06 3.51533e+06 -160120 1105.83
5.30379e+06 3.54186e+06 -160098 1446.43
5.32094e+06 3.51566e+06 -134169 1169.86
5.30396e+06 3.54197e+06 -134143 1453.01
5.35561e+06 3.46352e+06 -108263 1327.23
5.33855e+06 3.48977e+06 -108239 906.234
5.35594e+06 3.46374e+06 -82293.3 1706.03
5.33887e+06 3.48999e+06 -82274.5 1217.29
5.32135e+06 3.51594e+06 -108213 1203.93
5.30403e+06 3.54202e+06 -108184 1775.28
5.32168e+06 3.51615e+06 -82253.7 1447.98
5.30435e+06 3.54223e+06 -82230.9 1886.85
5.28699e+06 3.56828e+06 -160069 1752.31
5.26955e+06 3.59427e+06 -160019 1551.41
5.28719e+06 3.56842e+06 -134120 1621.84
5.27014e+06 3.59468e+06 -134086 1557.57
5.25216e+06 3.62029e+06 -159971 1478.26
5.21886e+06 3.65429e+06 -159701 1307.19
5.25286e+06 3.62078e+06 -134047 1384.43
5.21956e+06 3.65478e+06 -133818 1405.3
5.28693e+06 3.56824e+06 -108159 1518.28
5.27014e+06 3.59468e+06 -108138 1482.55
5.28745e+06 3.5686e+06 -82212.7 1946.8
5.27065e+06 3.59504e+06 -82197 1931.27
5.2532e+06 3.62102e+06 -108112 1484.59
5.22022e+06 3.65524e+06 -107934 1490.09
5.25345e+06 3.62119e+06 -82176.4 1431.26
5.22071e+06 3.65558e+06 -82046.7 1449.94
5.48985e+06 3.25201e+06 -56398.6 2377.95
5.4736e+06 3.27878e+06 -56393.5 2718.72
5.48997e+06 3.25208e+06 -30392.3 2005.92
5.47376e+06 3.27887e+06 -30388.2 2533
5.45736e+06 3.30555e+06 -56388.3 2762.75
5.44103e+06 3.33227e+06 -56382.3 2527.84
5.45752e+06 3.30565e+06 -30384.4 2721.11
5.44118e+06 3.33237e+06 -30380 2543.64
5.4898e+06 3.25197e+06 -4384.8 1575.78
5.47376e+06 3.27887e+06 -4382.29 2219.56
5.48973e+06 3.25193e+06 21622.3 1059.51
5.47373e+06 3.27886e+06 21624.2 1787.5
5.45756e+06 3.30568e+06 -4379.72 2479.53
5.44122e+06 3.33239e+06 -4377.1 2467.12
5.45751e+06 3.30565e+06 21625.1 2145.01
5.44118e+06 3.33237e+06 21625.6 2232.8
5.42419e+06 3.35868e+06 -56370.1 2585.78
5.40693e+06 3.38482e+06 -56354.2 2321.09
5.42466e+06 3.35898e+06 -30374.2 2500.09
5.40739e+06 3.38511e+06 -30363.7 2369.91
5.38993e+06 3.41113e+06 -56341.7 2298.49
5.37312e+06 3.43755e+06 -56330.4 2279.63
5.39008e+06 3.41123e+06 -30353 2316.3
5.37327e+06 3.43765e+06 -30345.1 2207.88
5.42472e+06 3.35901e+06 -4373.55 2390.38
5.40779e+06 3.38537e+06 -4368.11 2417.14
5.4247e+06 3.35901e+06 21626.1 2237.97
5.40812e+06 3.38559e+06 21626.8 2175.89
5.39078e+06 3.41167e+06 -4363.12 2346.59
5.37364e+06 3.43789e+06 -4359.99 2287.16
5.39143e+06 3.41209e+06 21626.5 2221.24
5.37426e+06 3.43829e+06 21624.5 2193.92
5.48969e+06 3.2519e+06 47631.1 532.888
5.47367e+06 3.27882e+06 47631.8 1341.91
5.48948e+06 3.25178e+06 73640 194.677
5.47344e+06 3.27868e+06 73639.1 905.492
5.45749e+06 3.30564e+06 47631.3 1828.5
5.44113e+06 3.33235e+06 47629 2037.3
5.45734e+06 3.30555e+06 73637.4 1516.82
5.44092e+06 3.33222e+06 73631.1 1826.47
5.48878e+06 3.25136e+06 99640.4 127.7
5.47296e+06 3.27839e+06 99642.8 766.482
5.48801e+06 3.25091e+06 125642 302.248
5.47244e+06 3.27808e+06 125648 781.254
5.45685e+06 3.30525e+06 99639.2 1240.19
5.44045e+06 3.33193e+06 99630.1 1609.1
5.45628e+06 3.30491e+06 125640 1181.01
5.43995e+06 3.33163e+06 125628 1471.52
5.42462e+06 3.35896e+06 47625.2 2105.35
5.40803e+06 3.38553e+06 47620.5 2128.64
5.42447e+06 3.35887e+06 73624.5 1905.18
5.40785e+06 3.38542e+06 73615.1 2076.43
5.39131e+06 3.41202e+06 47614.9 2044.25
5.37446e+06 3.43842e+06 47608.2 2001.74
5.391e+06 3.41182e+06 73602.3 2011.59
5.37417e+06 3.43824e+06 73590.1 1977.27
5.42404e+06 3.35861e+06 99620.2 1745.12
5.40745e+06 3.38517e+06 99606.7 1863.25
5.42348e+06 3.35827e+06 125613 1659.82
5.40691e+06 3.38484e+06 125596 1736.65
5.39063e+06 3.41159e+06 99589.1 1885.91
5.37379e+06 3.438e+06 99570.9 1867.57
5.39024e+06 3.41135e+06 125575 1753.6
5.3734e+06 3.43775e+06 125551 1752.03
5.35618e+06 3.46389e+06 -56318.2 1967.01
5.33911e+06 3.49014e+06 -56305.1 1531.66
5.35633e+06 3.46399e+06 -30337.9 2054.56
5.33926e+06 3.49024e+06 -30331.3 1883.45
5.32191e+06 3.51631e+06 -56290.6 1730.46
5.30459e+06 3.54239e+06 -56274.7 1952.24
5.32206e+06 3.51641e+06 -30324.1 1898.56
5.30474e+06 3.54249e+06 -30316 1924.18
5.35669e+06 3.46423e+06 -4358.59 2047.95
5.33993e+06 3.49068e+06 -4358.9 2172.21
5.35734e+06 3.46465e+06 21620.4 2223.35
5.34026e+06 3.49089e+06 21611.4 1901.08
5.32243e+06 3.51665e+06 -4359.31 2139.84
5.3048e+06 3.54253e+06 -4358.81 1940.58
5.32271e+06 3.51683e+06 21603.4 1954.4
5.3054e+06 3.54293e+06 21598.2 2114.35
5.28768e+06 3.56876e+06 -56265 1497.43
5.27051e+06 3.59494e+06 -56252.4 1395.57
5.28761e+06 3.5687e+06 -30309.1 1813.13
5.27035e+06 3.59483e+06 -30302.1 1988.47
5.25311e+06 3.62096e+06 -56235.5 1342.18
5.22071e+06 3.65558e+06 -56153.7 1328.88
5.25271e+06 3.62068e+06 -30295.6 1252.27
5.22028e+06 3.65528e+06 -30256.3 1106.93
5.28799e+06 3.56896e+06 -4359.66 1801.52
5.27114e+06 3.59536e+06 -4361.67 1742.06
5.28833e+06 3.56919e+06 21590.7 1838.45
5.27119e+06 3.59539e+06 21581.7 1493.84
5.25329e+06 3.62108e+06 -4361.07 1797.96
5.22051e+06 3.65544e+06 -4360.07 1614.32
5.25373e+06 3.62138e+06 21572.8 1311.02
5.22102e+06 3.6558e+06 21534.2 1194.31
5.35752e+06 3.46476e+06 47598.9 1954.15
5.34015e+06 3.49082e+06 47585 2084.76
5.35719e+06 3.46455e+06 73574.7 1921.6
5.34016e+06 3.49083e+06 73557.4 1947.42
5.3229e+06 3.51696e+06 47570.7 2008.19
5.30587e+06 3.54324e+06 47556.5 1844.99
5.32298e+06 3.51701e+06 73537.3 1924.74
5.30562e+06 3.54307e+06 73514 1833.85
5.35684e+06 3.46433e+06 99549.8 1854.7
5.33982e+06 3.49061e+06 99526.1 1857
5.35645e+06 3.46407e+06 125524 1728.41
5.3394e+06 3.49034e+06 125494 1760.85
5.32262e+06 3.51678e+06 99499.2 1840.9
5.30531e+06 3.54287e+06 99470.2 1818.04
5.32219e+06 3.51649e+06 125461 1774.77
5.30488e+06 3.54258e+06 125425 1723.15
5.28848e+06 3.56928e+06 47540.4 1727.83
5.27102e+06 3.59527e+06 47524.4 1550.73
5.2882e+06 3.56909e+06 73490.2 1733.94
5.27085e+06 3.59516e+06 73468.2 1557.61
5.25352e+06 3.62124e+06 47507.8 1377.15
5.22086e+06 3.65569e+06 47426.9 1216.17
5.2535e+06 3.62122e+06 73445.7 1569.05
5.22049e+06 3.65542e+06 73319.5 1559.9
5.28792e+06 3.5689e+06 99440.4 1712.39
5.27097e+06 3.59524e+06 99420.4 1554.75
5.2875e+06 3.56862e+06 125388 1705.95
5.27107e+06 3.59531e+06 125375 1298.34
5.25406e+06 3.6216e+06 99400.1 2002.31
5.22023e+06 3.65525e+06 99214.1 1985.41
5.25435e+06 3.6218e+06 125353 1938.43
5.21996e+06 3.65506e+06 125108 1723.72
5.72508e+06 2.80973e+06 151232 1868.81
5.71121e+06 2.83779e+06 151284 1924.4
5.72444e+06 2.80941e+06 177149 1202.16
5.71056e+06 2.83747e+06 177211 1283.07
5.69719e+06 2.86579e+06 151333 1977.35
5.68315e+06 2.89377e+06 151380 1990.96
5.69657e+06 2.86547e+06 177268 1320.36
5.6825e+06 2.89344e+06 177324 1358.14
5.72367e+06 2.80903e+06 203061 519.105
5.70984e+06 2.83711e+06 203134 552.764
5.72295e+06 2.80868e+06 228975 78.3893
5.70913e+06 2.83676e+06 229058 120.776
5.69585e+06 2.86511e+06 203201 622.44
5.68175e+06 2.89306e+06 203264 658.679
5.69513e+06 2.86475e+06 229133 211.28
5.68105e+06 2.8927e+06 229205 255.155
5.66891e+06 2.92165e+06 151423 2012.02
5.65454e+06 2.94947e+06 151461 1984.89
5.66825e+06 2.92131e+06 177374 1361.75
5.65387e+06 2.94912e+06 177420 1399.65
5.64007e+06 2.97723e+06 151498 1964.82
5.6254e+06 3.00489e+06 151529 1961.03
5.63947e+06 2.97691e+06 177465 1467.4
5.62493e+06 3.00464e+06 177506 1624.89
5.66762e+06 2.92099e+06 203326 733.226
5.6534e+06 2.94887e+06 203385 815.955
5.667e+06 2.92067e+06 229279 419.669
5.65276e+06 2.94853e+06 229344 587.721
5.63891e+06 2.97662e+06 203434 991.216
5.6243e+06 3.0043e+06 203478 1244.06
5.63822e+06 2.97625e+06 229397 829.044
5.62359e+06 3.00391e+06 229447 1152.81
5.72224e+06 2.80833e+06 254889 -4.57486
5.70842e+06 2.8364e+06 254981 25.5197
5.7213e+06 2.80787e+06 280794 52.8623
5.70748e+06 2.83594e+06 280896 73.4766
5.69432e+06 2.86434e+06 255061 80.883
5.68025e+06 2.89229e+06 255142 184.884
5.69345e+06 2.8639e+06 280987 133.394
5.67936e+06 2.89183e+06 281076 228.847
5.7202e+06 2.80733e+06 306691 158.039
5.70639e+06 2.83539e+06 306803 177.385
5.71905e+06 2.80676e+06 332585 250.876
5.70523e+06 2.83482e+06 332706 259.64
5.69245e+06 2.8634e+06 306908 221.227
5.67833e+06 2.89131e+06 307003 316.186
5.69127e+06 2.8628e+06 332819 290.047
5.67714e+06 2.8907e+06 332921 353.705
5.66618e+06 2.92024e+06 255223 342.836
5.65181e+06 2.94804e+06 255291 583.733
5.6652e+06 2.91973e+06 281160 415.817
5.65083e+06 2.94752e+06 281235 697.484
5.63731e+06 2.97577e+06 255352 891.375
5.62268e+06 3.00343e+06 255407 1272.8
5.63632e+06 2.97524e+06 281303 1082.62
5.62169e+06 3.0029e+06 281364 1509.92
5.66411e+06 2.91917e+06 307092 493.114
5.64974e+06 2.94696e+06 307174 817.917
5.66291e+06 2.91855e+06 333018 525.326
5.64855e+06 2.94633e+06 333107 818.866
5.63524e+06 2.97467e+06 307248 1254.17
5.62063e+06 3.00233e+06 307317 1714.98
5.63403e+06 2.97403e+06 333187 1280.91
5.61942e+06 3.00168e+06 333261 1763.15
5.61071e+06 3.03254e+06 151559 2061.29
5.5959e+06 3.06013e+06 151586 2187.48
5.61024e+06 3.03228e+06 177542 1866.43
5.59536e+06 3.05983e+06 177572 2078.83
5.58086e+06 3.08759e+06 151607 2215.11
5.56568e+06 3.11497e+06 151624 2097.48
5.58031e+06 3.08728e+06 177596 2180.56
5.56514e+06 3.11466e+06 177617 2124.07
5.60966e+06 3.03197e+06 203522 1638.64
5.59477e+06 3.0595e+06 203557 2043.6
5.6089e+06 3.03155e+06 229495 1608.95
5.59402e+06 3.05909e+06 229535 2040.72
5.57966e+06 3.08692e+06 203583 2152.85
5.5645e+06 3.1143e+06 203608 2191.63
5.57892e+06 3.08651e+06 229566 2244
5.56375e+06 3.11388e+06 229594 2239.6
5.55035e+06 3.14227e+06 151637 1781.03
5.53494e+06 3.16953e+06 151648 1128.71
5.54983e+06 3.14197e+06 177634 1953.21
5.53442e+06 3.16923e+06 177649 1601.11
5.51974e+06 3.1969e+06 151665 767.071
5.50363e+06 3.22375e+06 151658 860.394
5.51914e+06 3.19655e+06 177668 1235.96
5.50346e+06 3.22365e+06 177676 1348.61
5.54928e+06 3.14166e+06 203631 2056.36
5.53391e+06 3.16893e+06 203649 1899.49
5.5486e+06 3.14127e+06 229623 2167.88
5.53318e+06 3.16851e+06 229641 2068.27
5.51864e+06 3.19627e+06 203672 1504.81
5.50337e+06 3.2236e+06 203694 1337.9
5.51783e+06 3.19579e+06 229662 1817.11
5.50255e+06 3.22311e+06 229686 1652.6
5.60792e+06 3.03102e+06 255457 1708.76
5.59302e+06 3.05854e+06 255501 2103.51
5.60692e+06 3.03048e+06 281418 1895.16
5.59201e+06 3.05799e+06 281467 2212.24
5.57803e+06 3.08601e+06 255541 2336.21
5.56291e+06 3.11341e+06 255575 2392.85
5.577e+06 3.08544e+06 281509 2419.85
5.56191e+06 3.11285e+06 281548 2510.67
5.60586e+06 3.02991e+06 307377 2021.2
5.59096e+06 3.05741e+06 307429 2257.52
5.60467e+06 3.02925e+06 333327 2060.75
5.58975e+06 3.05674e+06 333383 2294.62
5.57589e+06 3.08482e+06 307472 2496.65
5.56078e+06 3.11221e+06 307514 2643.62
5.57473e+06 3.08418e+06 333433 2543.67
5.55962e+06 3.11156e+06 333478 2732.78
5.54773e+06 3.14078e+06 255606 2266.29
5.53235e+06 3.16803e+06 255628 2208.77
5.54675e+06 3.14022e+06 281583 2442.36
5.53143e+06 3.1675e+06 281609 2344.33
5.5169e+06 3.19525e+06 255646 2014.19
5.50148e+06 3.22249e+06 255665 1842.21
5.51591e+06 3.19467e+06 281625 2258.34
5.50029e+06 3.22178e+06 281636 2088.37
5.54561e+06 3.13957e+06 307551 2614.26
5.53026e+06 3.16683e+06 307578 2514.37
5.54435e+06 3.13886e+06 333512 2754.57
5.52892e+06 3.16606e+06 333537 2681.32
5.51472e+06 3.19398e+06 307594 2362.41
5.49902e+06 3.22103e+06 307602 2268.32
5.51336e+06 3.19319e+06 333554 2600.85
5.49772e+06 3.22027e+06 333567 2476.78
5.7178e+06 2.80615e+06 358473 294.107
5.70396e+06 2.83419e+06 358602 291.89
5.71642e+06 2.80547e+06 384353 293.985
5.70257e+06 2.8335e+06 384491 281.676
5.68997e+06 2.86215e+06 358722 297.914
5.67587e+06 2.89006e+06 358835 334.801
5.68859e+06 2.86145e+06 384620 270.476
5.67449e+06 2.88935e+06 384741 272.841
5.71493e+06 2.80474e+06 410225 257.955
5.7011e+06 2.83277e+06 410374 247.639
5.71338e+06 2.80398e+06 436092 218.317
5.69956e+06 2.832e+06 436251 198.873
5.68713e+06 2.86072e+06 410511 212.065
5.67302e+06 2.8886e+06 410640 188.827
5.68559e+06 2.85994e+06 436398 155.947
5.67149e+06 2.88782e+06 436535 117.121
5.66164e+06 2.9179e+06 358939 436.308
5.64727e+06 2.94566e+06 359034 689.858
5.66029e+06 2.91719e+06 384854 319.178
5.64592e+06 2.94495e+06 384956 480.502
5.63274e+06 2.97335e+06 359120 1088.42
5.6181e+06 3.00097e+06 359198 1605.89
5.63138e+06 2.97263e+06 385047 802.436
5.61672e+06 3.00023e+06 385129 1292.68
5.6588e+06 2.91643e+06 410760 183.135
5.64444e+06 2.94418e+06 410870 247.439
5.65726e+06 2.91563e+06 436661 64.595
5.64289e+06 2.94337e+06 436777 96.9801
5.62992e+06 2.97185e+06 410968 466.865
5.61525e+06 2.99945e+06 411055 924.966
5.62839e+06 2.97104e+06 436883 232.869
5.61374e+06 2.99863e+06 436977 634.053
5.71175e+06 2.80318e+06 461954 187.411
5.69793e+06 2.83119e+06 462121 175.504
5.71002e+06 2.80233e+06 487807 165.191
5.69618e+06 2.83032e+06 487983 154.64
5.68396e+06 2.85912e+06 462277 132.277
5.66986e+06 2.88699e+06 462422 84.6401
5.68221e+06 2.85824e+06 488147 118.509
5.66813e+06 2.8861e+06 488301 50.485
5.7082e+06 2.80144e+06 513653 159.856
5.69436e+06 2.82941e+06 513838 155.247
5.70627e+06 2.80049e+06 539488 157.484
5.69243e+06 2.82845e+06 539683 142.837
5.68038e+06 2.85732e+06 514010 117.632
5.6663e+06 2.88517e+06 514172 75.5376
5.67846e+06 2.85635e+06 539864 130.32
5.66436e+06 2.88418e+06 540033 74.1324
5.65563e+06 2.91479e+06 462556 13.6592
5.64127e+06 2.94253e+06 462680 0.497183
5.6539e+06 2.9139e+06 488444 8.22682
5.63957e+06 2.94163e+06 488576 -28.7006
5.62677e+06 2.97019e+06 462792 107.143
5.61213e+06 2.99778e+06 462893 466.104
5.62508e+06 2.96929e+06 488695 70.2838
5.6104e+06 2.99685e+06 488798 400.779
5.65208e+06 2.91296e+06 514323 6.42273
5.63774e+06 2.94068e+06 514462 -12.9897
5.65017e+06 2.91197e+06 540193 24.8029
5.63581e+06 2.93967e+06 540338 -0.833757
5.62323e+06 2.96831e+06 514585 71.2431
5.60851e+06 2.99584e+06 514690 377.597
5.62125e+06 2.96726e+06 540462 82.8352
5.60654e+06 2.99478e+06 540573 371.706
5.60335e+06 3.02854e+06 359269 1982.27
5.58844e+06 3.05603e+06 359330 2257.8
5.60194e+06 3.02778e+06 385203 1829.02
5.58703e+06 3.05525e+06 385268 2216.12
5.57344e+06 3.08346e+06 359385 2543.69
5.5583e+06 3.11082e+06 359430 2784.25
5.572e+06 3.08266e+06 385325 2527.45
5.55683e+06 3.10999e+06 385372 2795.84
5.60048e+06 3.02699e+06 411135 1576.56
5.58557e+06 3.05445e+06 411204 2103.65
5.59897e+06 3.02617e+06 437062 1325.21
5.58407e+06 3.05362e+06 437136 1979.25
5.57052e+06 3.08184e+06 411263 2494.4
5.55537e+06 3.10917e+06 411314 2783.83
5.56902e+06 3.081e+06 437199 2419.17
5.55386e+06 3.10832e+06 437253 2713.61
5.543e+06 3.13809e+06 359466 2820.48
5.52756e+06 3.16528e+06 359493 2835.15
5.54155e+06 3.13726e+06 385411 2909.67
5.52615e+06 3.16446e+06 385442 2930.49
5.51206e+06 3.19243e+06 359515 2745.54
5.49651e+06 3.21955e+06 359534 2665.21
5.51067e+06 3.19162e+06 385467 2888
5.49519e+06 3.21878e+06 385493 2804.62
5.54007e+06 3.13642e+06 411355 2917.36
5.52465e+06 3.1636e+06 411386 2970.44
5.53856e+06 3.13556e+06 437296 2898.48
5.52316e+06 3.16274e+06 437331 2975.28
5.50916e+06 3.19074e+06 411412 2963.04
5.49367e+06 3.21789e+06 411438 2876.88
5.50764e+06 3.18986e+06 437356 2989.01
5.492e+06 3.2169e+06 437371 2971.12
5.59737e+06 3.0253e+06 462983 1140.49
5.58246e+06 3.05274e+06 463061 1841.28
5.59561e+06 3.02435e+06 488891 1036.91
5.58075e+06 3.05181e+06 488978 1750.71
5.56742e+06 3.08012e+06 463129 2315.23
5.55227e+06 3.10743e+06 463186 2592
5.56572e+06 3.07917e+06 489049 2195.29
5.55055e+06 3.10646e+06 489109 2446.25
5.59371e+06 3.02331e+06 514786 971.621
5.57888e+06 3.05078e+06 514880 1629.14
5.59175e+06 3.02225e+06 540675 927.381
5.57688e+06 3.04968e+06 540771 1548.15
5.56386e+06 3.07814e+06 514957 2055.21
5.54872e+06 3.10544e+06 515023 2286.66
5.56188e+06 3.07704e+06 540853 1966.28
5.54678e+06 3.10435e+06 540925 2151.65
5.537e+06 3.13467e+06 463234 2834.09
5.52162e+06 3.16186e+06 463273 2953.39
5.53533e+06 3.13372e+06 489164 2723.64
5.51996e+06 3.1609e+06 489206 2916.51
5.50604e+06 3.18893e+06 463295 2998.09
5.49027e+06 3.21588e+06 463300 3000.62
5.50432e+06 3.18793e+06 489223 2987.78
5.48851e+06 3.21485e+06 489225 3012.55
5.53352e+06 3.13269e+06 515082 2606.23
5.51809e+06 3.15983e+06 515120 2853.57
5.53153e+06 3.13156e+06 540983 2442.82
5.51606e+06 3.15866e+06 541019 2775.78
5.50248e+06 3.18685e+06 515141 2980.52
5.48669e+06 3.21378e+06 515146 2988.73
5.5005e+06 3.18571e+06 541046 2947.81
5.48475e+06 3.21264e+06 541055 2958.3
5.48731e+06 3.25049e+06 151643 704.389
5.47169e+06 3.27763e+06 151645 886.947
5.48694e+06 3.25026e+06 177652 1302.98
5.47065e+06 3.277e+06 177630 1090.45
5.45577e+06 3.3046e+06 151641 1218.21
5.43948e+06 3.33134e+06 151627 1504.19
5.45492e+06 3.30407e+06 177629 1247.17
5.43887e+06 3.33096e+06 177620 1539.6
5.48734e+06 3.25049e+06 203687 1765.44
5.47042e+06 3.27685e+06 203643 1660.8
5.48705e+06 3.25031e+06 229699 1477.13
5.4705e+06 3.27689e+06 229668 2061.6
5.45381e+06 3.3034e+06 203608 1497.97
5.43783e+06 3.33031e+06 203597 1508.58
5.45324e+06 3.30304e+06 229605 1862.78
5.43676e+06 3.32966e+06 229572 1688.96
5.42297e+06 3.35795e+06 151606 1621.13
5.40642e+06 3.38453e+06 151585 1667.63
5.42244e+06 3.35761e+06 177598 1656.88
5.40586e+06 3.38417e+06 177573 1679.68
5.38975e+06 3.41103e+06 151560 1676.01
5.37291e+06 3.43744e+06 151531 1651.15
5.38915e+06 3.41065e+06 177543 1655.15
5.37232e+06 3.43705e+06 177509 1616.93
5.42166e+06 3.35713e+06 203582 1652.86
5.40522e+06 3.38377e+06 203559 1692.29
5.42067e+06 3.35651e+06 229559 1643.58
5.40436e+06 3.38323e+06 229537 1707.48
5.38851e+06 3.41024e+06 203524 1680.26
5.37168e+06 3.43664e+06 203485 1618.45
5.38775e+06 3.40975e+06 229502 1650.99
5.37095e+06 3.43616e+06 229459 1610.64
5.4859e+06 3.24963e+06 255675 1721.65
5.46969e+06 3.2764e+06 255656 1843.67
5.48467e+06 3.2489e+06 281646 1959.74
5.46841e+06 3.27563e+06 281622 2047.33
5.45268e+06 3.30269e+06 255599 1925.24
5.43594e+06 3.32915e+06 255555 1810.66
5.45154e+06 3.302e+06 281567 1943.42
5.43508e+06 3.32861e+06 281535 1820.12
5.48337e+06 3.24812e+06 307612 2144.4
5.46713e+06 3.27486e+06 307588 2270.19
5.48209e+06 3.24736e+06 333578 2366.6
5.46591e+06 3.27413e+06 333556 2410.44
5.45035e+06 3.30127e+06 307533 2071.08
5.43409e+06 3.328e+06 307508 1837.85
5.44923e+06 3.30059e+06 333502 2205.47
5.43297e+06 3.32731e+06 333475 1885.61
5.41973e+06 3.35592e+06 255535 1731.04
5.40341e+06 3.38263e+06 255510 1714.19
5.41886e+06 3.35537e+06 281513 1843.19
5.40253e+06 3.38207e+06 281485 1731.16
5.38687e+06 3.40919e+06 255474 1681.1
5.37012e+06 3.43563e+06 255428 1593.77
5.38599e+06 3.40863e+06 281446 1716.1
5.36921e+06 3.43504e+06 281394 1604.33
5.41799e+06 3.35483e+06 307492 1827.79
5.40157e+06 3.38146e+06 307456 1749.02
5.4169e+06 3.35414e+06 333458 1802.09
5.4004e+06 3.38072e+06 333415 1757.71
5.38496e+06 3.40797e+06 307409 1679.78
5.36815e+06 3.43435e+06 307351 1558.17
5.38368e+06 3.40715e+06 333358 1698.1
5.36689e+06 3.43354e+06 333297 1548.34
5.35594e+06 3.46375e+06 151498 1656.5
5.33889e+06 3.49e+06 151462 1671.95
5.35538e+06 3.46337e+06 177471 1625.53
5.33832e+06 3.48962e+06 177430 1641.61
5.32172e+06 3.51618e+06 151423 1705.44
5.30444e+06 3.54228e+06 151381 1676.68
5.32118e+06 3.51581e+06 177386 1679.11
5.3039e+06 3.54192e+06 177337 1661.06
5.35474e+06 3.46296e+06 203442 1583.46
5.33769e+06 3.48921e+06 203396 1607.53
5.35402e+06 3.46248e+06 229411 1528.93
5.337e+06 3.48875e+06 229360 1418.87
5.32055e+06 3.5154e+06 203346 1608.12
5.30323e+06 3.54147e+06 203288 1640.76
5.31984e+06 3.51493e+06 229302 1415.84
5.30249e+06 3.54097e+06 229237 1502.98
5.28702e+06 3.56829e+06 151334 1687.59
5.27009e+06 3.59464e+06 151299 1076.43
5.28642e+06 3.56789e+06 177281 1622.65
5.26884e+06 3.59378e+06 177219 1506.48
5.25284e+06 3.62076e+06 151256 1311.62
5.21917e+06 3.6545e+06 150988 1247.79
5.2515e+06 3.61984e+06 177168 1395.44
5.23383e+06 3.64567e+06 177107 1366.86
5.28575e+06 3.56743e+06 203225 1610.59
5.26821e+06 3.59335e+06 203159 1563.36
5.28506e+06 3.56696e+06 229168 1504.62
5.26756e+06 3.5929e+06 229096 1686.9
5.25093e+06 3.61944e+06 203102 1317.38
5.23324e+06 3.64526e+06 203030 1327.11
5.25008e+06 3.61885e+06 229024 1411.4
5.21691e+06 3.65292e+06 228638 1432.04
5.3532e+06 3.46195e+06 255375 1398.72
5.33616e+06 3.4882e+06 255317 1001.3
5.35226e+06 3.46134e+06 281334 1214.31
5.33521e+06 3.48757e+06 281270 527.7
5.31899e+06 3.51436e+06 255253 858.998
5.30167e+06 3.54042e+06 255182 1022.14
5.31821e+06 3.51384e+06 281209 190.724
5.30098e+06 3.53996e+06 281135 322.249
5.35121e+06 3.46065e+06 307287 1098.11
5.33419e+06 3.4869e+06 307219 277.111
5.35006e+06 3.4599e+06 333234 1107.34
5.33313e+06 3.48621e+06 333166 252.077
5.31723e+06 3.51319e+06 307154 -368.838
5.30005e+06 3.53934e+06 307076 -399.484
5.31602e+06 3.51239e+06 333085 -304.115
5.29881e+06 3.53851e+06 332998 -549.863
5.28427e+06 3.56643e+06 255107 1181.23
5.2668e+06 3.59238e+06 255028 1334.08
5.28342e+06 3.56585e+06 281044 501.884
5.26591e+06 3.59177e+06 280955 895.813
5.24934e+06 3.61835e+06 254950 1425.6
5.21608e+06 3.65234e+06 254514 1458.14
5.24846e+06 3.61773e+06 280869 1288.54
5.23053e+06 3.64336e+06 280756 1543.55
5.28252e+06 3.56525e+06 306978 -242.49
5.26499e+06 3.59115e+06 306880 286.02
5.28152e+06 3.56457e+06 332906 -513.314
5.26407e+06 3.59052e+06 332804 21.1926
5.24736e+06 3.61698e+06 306776 1002.41
5.2292e+06 3.64244e+06 306641 1537.97
5.24614e+06 3.61614e+06 332672 914.249
5.2284e+06 3.64188e+06 332553 1893.48
5.48083e+06 3.24661e+06 359544 2582.98
5.46468e+06 3.27339e+06 359522 2550.49
5.47952e+06 3.24583e+06 385505 2755.42
5.46339e+06 3.27261e+06 385482 2708.7
5.4481e+06 3.2999e+06 359471 2337.32
5.43168e+06 3.32651e+06 359429 1976.6
5.44691e+06 3.29918e+06 385435 2461.97
5.43042e+06 3.32573e+06 385387 2144.25
5.478e+06 3.24492e+06 411449 2885.75
5.46192e+06 3.27172e+06 411431 2799.5
5.47622e+06 3.24387e+06 437375 2922.93
5.46028e+06 3.27074e+06 437367 2922.87
5.44554e+06 3.29834e+06 411388 2585.18
5.42919e+06 3.32498e+06 411348 2211.56
5.444e+06 3.2974e+06 437330 2736.67
5.42756e+06 3.32397e+06 437280 2363.64
5.4154e+06 3.35321e+06 359398 1809.73
5.39892e+06 3.37979e+06 359354 1699.68
5.41396e+06 3.35231e+06 385342 1963.77
5.39742e+06 3.37884e+06 385290 1808.14
5.38229e+06 3.40627e+06 359300 1681.61
5.36562e+06 3.43272e+06 359244 1569.67
5.38087e+06 3.40536e+06 385238 1685.82
5.36437e+06 3.43192e+06 385191 1593.22
5.41271e+06 3.35154e+06 411299 2153.05
5.39603e+06 3.37797e+06 411235 1903.88
5.41114e+06 3.35056e+06 437233 2023.26
5.39464e+06 3.37709e+06 437180 2029.84
5.37946e+06 3.40447e+06 411178 1781.94
5.36302e+06 3.43105e+06 411131 1474.32
5.37815e+06 3.40363e+06 437126 1820.99
5.36156e+06 3.43011e+06 437065 1546.8
5.47443e+06 3.24281e+06 463299 2995.19
5.45859e+06 3.26972e+06 463298 2951.41
5.47269e+06 3.24177e+06 489226 2997.85
5.45682e+06 3.26865e+06 489223 2988.06
5.44233e+06 3.29639e+06 463262 2852.08
5.42576e+06 3.32287e+06 463199 2520.52
5.44054e+06 3.2953e+06 489183 2942.76
5.42405e+06 3.32182e+06 489124 2688.39
5.47087e+06 3.24069e+06 515147 2983.29
5.45501e+06 3.26757e+06 515145 2985.91
5.46889e+06 3.23951e+06 541051 2984.99
5.45299e+06 3.26635e+06 541044 2955.16
5.43871e+06 3.29419e+06 515100 2987.61
5.4222e+06 3.32068e+06 515035 2827.07
5.43673e+06 3.29299e+06 541002 2992.6
5.42027e+06 3.31949e+06 540940 2911.07
5.40944e+06 3.3495e+06 463157 2202.14
5.39314e+06 3.37614e+06 463116 2006.69
5.4078e+06 3.34848e+06 489087 2376.36
5.3914e+06 3.37505e+06 489034 2192.25
5.37672e+06 3.40272e+06 463066 1870.17
5.3599e+06 3.42904e+06 462981 1649.39
5.37479e+06 3.40149e+06 488963 1872.86
5.35794e+06 3.42778e+06 488870 1756.41
5.40593e+06 3.34731e+06 514993 2602.08
5.38947e+06 3.37384e+06 514933 2456.76
5.4039e+06 3.34606e+06 540886 2819.97
5.38744e+06 3.37256e+06 540823 2699.4
5.37272e+06 3.40018e+06 514846 2200.47
5.35605e+06 3.42656e+06 514765 1961.12
5.37082e+06 3.39897e+06 540744 2561.32
5.35417e+06 3.42536e+06 540662 2422.93
5.34884e+06 3.45911e+06 359179 1190.99
5.33193e+06 3.48542e+06 359105 373.965
5.3476e+06 3.4583e+06 385123 1418.38
5.33057e+06 3.48452e+06 385035 889.985
5.31505e+06 3.51174e+06 359034 -54.3577
5.29787e+06 3.53787e+06 358942 -181.959
5.31392e+06 3.51099e+06 384975 280.721
5.29685e+06 3.53719e+06 384885 444.532
5.34638e+06 3.45751e+06 411070 1380.5
5.32924e+06 3.48365e+06 410968 1216.07
5.34476e+06 3.45645e+06 436984 1558.58
5.32762e+06 3.48258e+06 436875 1196.04
5.31226e+06 3.50989e+06 410877 930.898
5.29525e+06 3.53611e+06 410786 938.192
5.3105e+06 3.50872e+06 436769 1481.12
5.29355e+06 3.53497e+06 436676 1452.75
5.28045e+06 3.56384e+06 358833 -226.93
5.26288e+06 3.5897e+06 358713 266.448
5.27936e+06 3.5631e+06 384763 452.427
5.26162e+06 3.58884e+06 384621 1068.17
5.24473e+06 3.61516e+06 358553 1080.23
5.22712e+06 3.64099e+06 358429 1704.26
5.24328e+06 3.61415e+06 384433 1572.5
5.22528e+06 3.6397e+06 384270 1955.93
5.27802e+06 3.56218e+06 410675 1360.33
5.2602e+06 3.58786e+06 410517 1532.42
5.27625e+06 3.56098e+06 436552 1696.2
5.25839e+06 3.58662e+06 436383 1856.98
5.24178e+06 3.61312e+06 410311 1877.37
5.22379e+06 3.63866e+06 410139 2100.51
5.24025e+06 3.61205e+06 436190 2192.09
5.22221e+06 3.63756e+06 436005 2198.92
5.34277e+06 3.45516e+06 462867 1308.81
5.32584e+06 3.48141e+06 462771 1591
5.34093e+06 3.45396e+06 488762 1616.76
5.32408e+06 3.48026e+06 488668 1540.62
5.30931e+06 3.50793e+06 462710 1726.41
5.29231e+06 3.53414e+06 462607 1989.93
5.30757e+06 3.50677e+06 488604 1577.62
5.29049e+06 3.53291e+06 488488 1796.42
5.33921e+06 3.45285e+06 514669 1921.46
5.32219e+06 3.47901e+06 514553 1893.38
5.33733e+06 3.45162e+06 540560 2335.28
5.32029e+06 3.47776e+06 540438 2336.56
5.30522e+06 3.50521e+06 514442 1933.92
5.2881e+06 3.53131e+06 514318 1997.36
5.30323e+06 3.50389e+06 540314 2348.23
5.28603e+06 3.52992e+06 540175 2361.55
5.27436e+06 3.5597e+06 462419 1958.85
5.25647e+06 3.5853e+06 462238 1987.37
5.27251e+06 3.55845e+06 488290 2010.71
5.2546e+06 3.58403e+06 488099 2200.44
5.2386e+06 3.61092e+06 462060 2126.69
5.22062e+06 3.63645e+06 461871 2352.04
5.2368e+06 3.60968e+06 487918 2317.16
5.21897e+06 3.63531e+06 487735 2451.01
5.27059e+06 3.55715e+06 514155 2176.66
5.25283e+06 3.58281e+06 513969 2323.63
5.2686e+06 3.5558e+06 540013 2440.56
5.25097e+06 3.58155e+06 539832 2481.81
5.23506e+06 3.60848e+06 513783 2455.47
5.21726e+06 3.63411e+06 513592 2550.22
5.23325e+06 3.60723e+06 539640 2568.84
5.21547e+06 3.63287e+06 539443 2705.03
