30.6411 -0.506416 -0.00203694 0.00329745 -0.0017371
30.9223 -0.506391 -0.00205214 0.00334476 -0.00212757
30.6411 -0.272899 -0.00190771 0.00315559 -0.00112621
30.9223 -0.272872 -0.00185545 0.00306727 -0.00145827
31.2035 -0.506353 -0.00215593 0.00350142 -0.00257883
31.4847 -0.506302 -0.00231801 0.00369954 -0.0030094
31.2035 -0.27284 -0.00197347 0.00321825 -0.00191824
31.4848 -0.272804 -0.00211625 0.00343965 -0.0024031
30.6411 -0.0393736 -0.00173736 0.00294575 -0.000602533
30.9223 -0.0393511 -0.00168221 0.00280725 -0.000926143
30.6411 0.194161 -0.00162641 0.00277044 -0.000275
30.9223 0.194177 -0.0015555 0.0025834 -0.000590114
31.2035 -0.0393283 -0.00178609 0.00294206 -0.0013574
31.4848 -0.0393052 -0.00191705 0.00311501 -0.00182258
31.2036 0.194187 -0.00162433 0.00267017 -0.000967076
31.4848 0.194193 -0.00171921 0.00281534 -0.00142762
31.7659 -0.506232 -0.00258484 0.00366209 -0.00340703
32.0472 -0.506155 -0.002382 0.00336618 -0.00361496
31.766 -0.272757 -0.0021518 0.00340727 -0.00283362
32.0472 -0.272698 -0.00223676 0.0031979 -0.00320226
32.3285 -0.506072 -0.00220942 0.00342023 -0.00426246
32.6098 -0.505971 -0.00210851 0.00322257 -0.00444038
32.3286 -0.272634 -0.00204794 0.00320413 -0.00355299
32.6099 -0.272563 -0.00195491 0.00302074 -0.00388057
31.766 -0.0392739 -0.0019725 0.00314979 -0.00225255
32.0473 -0.0392277 -0.00204967 0.00293841 -0.00286927
31.7661 0.194199 -0.00177492 0.00285674 -0.00185926
32.0473 0.194206 -0.00179112 0.00287541 -0.0023026
32.3286 -0.0391852 -0.00205233 0.00291839 -0.00293609
32.6099 -0.0391594 -0.00185308 0.0025722 -0.00329883
32.3286 0.194204 -0.00173288 0.00272244 -0.00268294
32.6099 0.194199 -0.00177437 0.00247891 -0.00310549
30.641 0.427707 -0.0015502 0.00263166 -0.000311477
30.9223 0.427713 -0.00145376 0.00242784 -0.0005136
30.641 0.661264 -0.00155762 0.00261231 -0.000547706
30.9223 0.661257 -0.00141375 0.00239817 -0.000690855
31.2036 0.42771 -0.00150845 0.00248913 -0.000839752
31.4848 0.427694 -0.00158651 0.00256355 -0.00121396
31.2036 0.661234 -0.00143361 0.00239487 -0.00087588
31.4848 0.661194 -0.00150737 0.00244913 -0.00121465
30.641 0.89482 -0.00151457 0.00271782 -0.00101899
30.9223 0.894808 -0.0014349 0.00248752 -0.00102261
30.641 1.12843 -0.00156307 0.00289178 -0.00135716
30.9223 1.12839 -0.00153955 0.00262485 -0.00136619
31.2036 0.894767 -0.00142937 0.00241304 -0.00112363
31.4849 0.894704 -0.00147802 0.00243321 -0.00124973
31.2036 1.12832 -0.00149897 0.00252384 -0.00138116
31.4849 1.12822 -0.00149585 0.00250015 -0.00153957
31.7661 0.427666 -0.00163675 0.00264347 -0.00162015
32.0474 0.427628 -0.00163683 0.00263874 -0.00202227
31.7661 0.661138 -0.00152192 0.00253407 -0.00149898
32.0474 0.661061 -0.00158535 0.00248726 -0.00185244
32.3286 0.427579 -0.00161803 0.00259919 -0.00239621
32.6099 0.427522 -0.0015351 0.00243549 -0.00275157
32.3287 0.660967 -0.00150049 0.00244928 -0.00222096
32.6099 0.660859 -0.00145515 0.00234179 -0.00251591
31.7661 0.894613 -0.00148187 0.00252016 -0.00157543
32.0474 0.894497 -0.00149767 0.00243702 -0.00189828
31.7662 1.1281 -0.00151349 0.00250508 -0.00173452
32.0474 1.12794 -0.00149545 0.00246968 -0.00196721
32.3287 0.894363 -0.0014743 0.00239198 -0.00214273
32.6099 0.894203 -0.00140136 0.00226109 -0.00241308
32.3287 1.12776 -0.0014609 0.00238579 -0.00218429
32.61 1.12755 -0.00138084 0.00222947 -0.00238197
32.8911 -0.505861 -0.0019552 0.00294663 -0.00471806
33.1724 -0.505743 -0.001617 0.0023949 -0.00484842
32.8911 -0.272498 -0.00178114 0.00271749 -0.00420309
33.1724 -0.27244 -0.00152215 0.00228979 -0.0044282
33.4536 -0.505613 -0.00127041 0.00184535 -0.00480327
33.7349 -0.505471 -0.00107973 0.0015428 -0.00463035
33.4536 -0.272374 -0.00124094 0.00183989 -0.0044287
33.7349 -0.272302 -0.00104524 0.00152828 -0.00433299
32.8911 -0.0391469 -0.0017318 0.00261642 -0.00369043
33.1724 -0.0391474 -0.00160533 0.00205628 -0.00380822
32.8912 0.194161 -0.00153172 0.00231573 -0.00335403
33.1724 0.19408 -0.0012535 0.00197868 -0.00349845
33.4536 -0.0391534 -0.00127147 0.00162518 -0.00399585
33.7349 -0.0391512 -0.00100488 0.00149899 -0.00408971
33.4536 0.194021 -0.00117841 0.00180695 -0.00391612
33.7349 0.193974 -0.00110154 0.00127366 -0.00381112
34.0161 -0.505331 -0.000706914 0.00152024 -0.00464417
34.2973 -0.505179 -0.000465661 0.00126393 -0.00430641
34.0161 -0.272223 -0.00101381 0.001314 -0.00419939
34.2973 -0.272144 -0.000831409 0.000753047 -0.00402956
34.5785 -0.504998 -0.000298698 0.000763324 -0.00420699
34.8595 -0.504813 -8.80838e-05 0.000261274 -0.00406609
34.5784 -0.272082 -0.000449711 0.000657218 -0.00404066
34.8595 -0.272013 6.18393e-05 0.000245247 -0.00401068
34.0161 -0.039154 -0.00071904 0.00118299 -0.00418034
34.2973 -0.0391667 -0.000657285 0.000920194 -0.00390522
34.0161 0.193893 -0.000813454 0.00105935 -0.00382343
34.2973 0.193796 -0.000592163 0.000904295 -0.00387149
34.5784 -0.0391624 -0.000588871 0.000454908 -0.00392723
34.8595 -0.0391556 -0.000414676 8.36578e-05 -0.00384527
34.5784 0.193707 -0.00034096 0.000600828 -0.00384168
34.8595 0.193623 -0.000108706 0.000227363 -0.00381501
32.8912 0.427439 -0.00139056 0.00223802 -0.0030231
33.1724 0.427338 -0.00145834 0.00200989 -0.00331544
32.8912 0.660725 -0.00133403 0.00214831 -0.00280334
33.1724 0.660565 -0.00118823 0.00191543 -0.00301335
33.4537 0.427214 -0.00113462 0.00166964 -0.0034262
33.7349 0.427062 -0.000923846 0.00146475 -0.00362568
33.4536 0.660383 -0.00107348 0.00170153 -0.00320678
33.7349 0.660177 -0.000901031 0.00141288 -0.00338926
32.8912 0.894014 -0.00129294 0.00207793 -0.00262911
33.1724 0.893795 -0.00116104 0.00186554 -0.00284933
32.8912 1.12731 -0.00125653 0.00204817 -0.00258072
33.1724 1.12704 -0.00112174 0.00183116 -0.00274654
33.4536 0.893553 -0.00100827 0.00162244 -0.00302824
33.7349 0.893291 -0.000865053 0.00140549 -0.00318687
33.4536 1.12674 -0.00098684 0.00159843 -0.00291324
33.7348 1.12641 -0.000823153 0.00135942 -0.00307641
34.0161 0.426912 -0.000721408 0.00119897 -0.00368468
34.2972 0.426759 -0.000545129 0.000892299 -0.00372794
34.0161 0.65996 -0.000727491 0.00113757 -0.00351115
34.2972 0.659733 -0.000520027 0.00080425 -0.00360852
34.5784 0.426593 -0.000334002 0.000539779 -0.0037952
34.8595 0.42641 -5.87568e-05 0.000197009 -0.0038634
34.5784 0.659487 -0.000307718 0.000430185 -0.00374108
34.8595 0.659217 -7.70743e-05 0.000146322 -0.00383421
34.0161 0.893013 -0.000675372 0.00110982 -0.00333872
34.2973 0.892727 -0.000518448 0.000752632 -0.00340024
34.0161 1.12607 -0.000642079 0.0010811 -0.00322953
34.2973 1.1257 -0.000483083 0.000888731 -0.00324541
34.5784 0.89241 -0.000404797 0.000293635 -0.00361082
34.8594 0.892044 -0.000111031 2.29658e-05 -0.00359375
34.5783 1.1253 -0.000206824 0.000414507 -0.00338177
34.8594 1.12485 7.56616e-05 9.96041e-05 -0.00340974
