26.1406 3.2213 5.95075e-07 -2.86612e-05 0.000214975
26.4219 3.22246 3.04319e-05 -9.25832e-05 0.000237781
26.1406 3.45415 -4.90248e-06 -2.20766e-05 0.000227024
26.4219 3.45539 1.80606e-05 -7.01713e-05 0.000246085
26.7032 3.22353 7.13817e-05 -0.00018061 0.00029967
26.9844 3.22453 0.000142307 -0.000326166 0.000363996
26.7031 3.45655 5.05147e-05 -0.000140425 0.00029341
26.9844 3.45762 0.000106094 -0.000261009 0.000369094
26.1406 3.68699 -7.07783e-06 -1.82577e-05 0.000217699
26.4219 3.68832 7.35208e-06 -5.10878e-05 0.000245692
26.1406 3.91984 -8.93222e-06 -1.25628e-05 0.000200457
26.4219 3.92125 -3.04655e-06 -2.5776e-05 0.000208354
26.7031 3.68956 2.62074e-05 -9.32386e-05 0.000284521
26.9844 3.69071 7.5153e-05 -0.000195995 0.000338496
26.7031 3.92257 1.56726e-05 -6.77883e-05 0.000240998
26.9844 3.92379 5.04514e-05 -0.000142758 0.000284145
27.2657 3.22546 0.000246473 -0.00053612 0.000473841
27.5469 3.2263 0.000381702 -0.000806078 0.000581772
27.2656 3.45861 0.000202511 -0.000458741 0.000471687
27.5469 3.45951 0.000332112 -0.000715224 0.00059903
27.8282 3.22707 0.000528332 -0.00107396 0.000631055
28.1094 3.22775 0.000605652 -0.00121031 0.000557567
27.8281 3.46034 0.000485676 -0.00101067 0.000670979
28.1094 3.46107 0.000622181 -0.00124821 0.000621859
27.2656 3.69176 0.000154116 -0.000362525 0.000430576
27.5469 3.69273 0.000275905 -0.000608262 0.000531643
27.2656 3.92492 0.000124351 -0.000291766 0.000343369
27.5469 3.92595 0.000231775 -0.000508308 0.000417748
27.8281 3.69361 0.000443995 -0.000923447 0.000612116
28.1094 3.6944 0.000611175 -0.00122882 0.000608922
27.8281 3.92689 0.000404855 -0.000839147 0.000490272
28.1094 3.92773 0.000597093 -0.00119134 0.000497469
26.1406 4.15269 -7.4448e-06 -1.19162e-05 0.000163571
26.4219 4.15419 -3.02509e-06 -2.21655e-05 0.000174091
26.1406 4.38553 -7.6197e-06 -6.32987e-06 0.000125881
26.4219 4.38712 1.78754e-06 -2.09711e-05 9.94087e-05
26.7031 4.15558 8.09811e-06 -4.52539e-05 0.000179131
26.9844 4.15688 4.43074e-05 -0.000122236 0.000221615
26.7031 4.3886 6.73991e-06 -3.55236e-05 0.000124982
26.9843 4.38997 3.48287e-05 -8.99266e-05 0.00012597
26.1406 4.61838 -5.49413e-06 -1.31827e-07 6.22318e-05
26.4218 4.62005 -3.33427e-06 -6.85955e-06 7.68028e-05
26.1406 4.85123 6.20674e-06 -1.68036e-05 2.13917e-05
26.4218 4.85298 4.71122e-06 -1.19397e-05 1.23904e-05
26.7031 4.62161 8.53563e-06 -2.77451e-05 6.08787e-05
26.9843 4.62306 3.36257e-05 -7.922e-05 7.35613e-05
26.7031 4.85463 1.50559e-05 -3.35903e-05 1.90198e-05
26.9843 4.85615 3.75102e-05 -7.68243e-05 1.55413e-05
27.2656 4.15807 9.94888e-05 -0.000232018 0.000237771
27.5468 4.15917 0.000210381 -0.000449916 0.000290723
27.2656 4.39123 9.18331e-05 -0.000203767 0.000147104
27.5468 4.39239 0.000200561 -0.000413861 0.000174386
27.8281 4.16016 0.000376477 -0.000765571 0.000335664
28.1093 4.16106 0.000583253 -0.00114998 0.000360058
27.8281 4.39345 0.00036064 -0.000718081 0.000202183
28.1093 4.39439 0.000577023 -0.0011107 0.000228102
27.2656 4.62439 8.92512e-05 -0.000187071 7.39425e-05
27.5468 4.62562 0.000192387 -0.000384538 8.05944e-05
27.2655 4.85756 9.1385e-05 -0.000181701 1.91024e-05
27.5468 4.85885 0.000195899 -0.000379353 2.337e-05
27.828 4.62673 0.00035323 -0.000685542 9.99901e-05
28.1093 4.62773 0.00057047 -0.00108027 0.000124158
27.828 4.86002 0.000364345 -0.00068961 3.0789e-05
28.1093 4.86107 0.000557421 -0.00104751 3.28374e-05
28.3907 3.22836 0.000615736 -0.00117952 0.000305622
28.6719 3.22889 0.000545252 -0.000987109 -0.000109383
28.3906 3.46173 0.000673349 -0.00130146 0.000376547
28.6719 3.4623 0.000625447 -0.0011457 1.18924e-05
28.9532 3.22934 0.000378906 -0.000617519 -0.000576045
29.2345 3.22972 0.00010187 -4.8227e-05 -0.00101216
28.9532 3.46278 0.000488106 -0.000828945 -0.000427251
29.2344 3.46318 0.000237263 -0.000311784 -0.000841973
28.3906 3.6951 0.000711871 -0.00137913 0.00042094
28.6719 3.69571 0.000696497 -0.0012863 0.00010354
28.3906 3.92847 0.000732473 -0.00141583 0.000387061
28.6719 3.92913 0.00074469 -0.00138847 0.000181749
28.9532 3.69623 0.000570025 -0.00100081 -0.000244267
29.2344 3.69666 0.000330752 -0.000514557 -0.000597925
28.9531 3.92968 0.00063049 -0.00112721 -0.000103005
29.2344 3.93014 0.000413084 -0.000687744 -0.000373426
29.5157 3.23001 -0.000211316 0.000562795 -0.00145949
29.797 3.23023 -0.000547703 0.00116879 -0.00176891
29.5157 3.4635 -8.25939e-05 0.000306697 -0.00120358
29.7969 3.46374 -0.000406167 0.000915439 -0.00152036
30.0782 3.23038 -0.000857788 0.00173755 -0.00205494
30.3595 3.23044 -0.00114102 0.00222002 -0.00221655
30.0782 3.46389 -0.00073666 0.00154031 -0.00179408
30.3594 3.46396 -0.00104266 0.00208758 -0.00202066
29.5157 3.697 2.94891e-05 7.30262e-05 -0.000925629
29.7969 3.69726 -0.000307118 0.000704409 -0.00122753
29.5156 3.93051 0.000121027 -0.00012593 -0.000641631
29.7969 3.93078 -0.000221852 0.000516177 -0.000929959
30.0782 3.69742 -0.000648598 0.00133198 -0.00148961
30.3594 3.69749 -0.000957805 0.00193691 -0.00172481
30.0781 3.93096 -0.000569919 0.00115105 -0.00116457
30.3594 3.93103 -0.000929883 0.00181154 -0.00138336
28.3906 4.16185 0.000747114 -0.00143337 0.00031999
28.6718 4.16255 0.000773076 -0.00144516 0.000196251
28.3906 4.39523 0.000742278 -0.00142375 0.000238356
28.6718 4.39597 0.000784264 -0.00147191 0.000192325
28.9531 4.16314 0.000671176 -0.00122077 3.70309e-05
29.2343 4.16363 0.000477547 -0.000829267 -0.000186347
28.9531 4.3966 0.000703109 -0.00128181 8.29293e-05
29.2343 4.39712 0.000525787 -0.000940251 -2.72473e-05
28.3905 4.62862 0.000736449 -0.00139311 0.000134006
28.6718 4.62939 0.000782514 -0.00146951 0.00012757
28.3905 4.86201 0.000732881 -0.00136207 4.24637e-05
28.6718 4.86283 0.000787715 -0.00146244 4.70132e-05
28.953 4.63006 0.000728115 -0.00132542 8.95824e-05
29.2343 4.63062 0.000557803 -0.00101483 3.15498e-05
28.953 4.86353 0.000736991 -0.00133562 2.61242e-05
29.2343 4.86412 0.000580143 -0.00105275 1.01715e-05
29.5156 4.16402 0.000197395 -0.000291064 -0.000414425
29.7968 4.16431 -0.000143043 0.000342933 -0.000645442
29.5156 4.39754 0.0002628 -0.000436045 -0.000209392
29.7968 4.39785 -7.91837e-05 0.000203582 -0.000410883
30.0781 4.1645 -0.000520048 0.0010158 -0.00084801
30.3593 4.16459 -0.000885826 0.00167073 -0.00106095
30.078 4.39805 -0.000467594 0.000889392 -0.000583361
30.3593 4.39815 -0.00086557 0.00158618 -0.000717785
29.5155 4.63106 0.00032409 -0.000565005 -6.24902e-05
29.7968 4.63139 -2.74007e-05 7.9192e-05 -0.000176772
29.5155 4.86458 0.000369385 -0.000645954 -2.1721e-05
29.7967 4.86493 -1.57159e-06 1.42899e-05 -6.26442e-05
30.078 4.63161 -0.000444211 0.000821364 -0.000340136
30.3593 4.63171 -0.000860438 0.00152363 -0.000421637
30.078 4.86517 -0.000433711 0.000771962 -0.000114705
30.3592 4.86528 -0.000871777 0.00149981 -0.000150997
