30.6408 -7.97957 -0.00160847 0.0023688 -0.00118194
30.9221 -7.97937 -0.00137488 0.00213876 -0.00139476
30.6408 -7.74602 -0.00151354 0.00223429 -0.00127361
30.9221 -7.74585 -0.00125354 0.00191639 -0.00149243
31.2033 -7.979 -0.00136296 0.00182706 -0.00151846
31.4845 -7.97844 -0.0012716 0.00164616 -0.00175627
31.2033 -7.74549 -0.00122281 0.00162798 -0.00161216
31.4845 -7.74496 -0.00117649 0.00148554 -0.00174808
30.6408 -7.51247 -0.00138637 0.00205433 -0.00147045
30.9221 -7.51231 -0.00123672 0.00178988 -0.00154578
30.6408 -7.27891 -0.0013303 0.00194079 -0.00170246
30.9221 -7.27875 -0.00120372 0.00166616 -0.00172772
31.2033 -7.51196 -0.00111492 0.00148805 -0.00172188
31.4845 -7.51141 -0.00122495 0.00141117 -0.00167935
31.2033 -7.2784 -0.00109467 0.00141536 -0.00176707
31.4845 -7.27785 -0.00111744 0.00134857 -0.00191009
31.7657 -7.97768 -0.00122066 0.00155469 -0.00181358
32.0469 -7.97668 -0.00123719 0.00149233 -0.00195383
31.7657 -7.7442 -0.00120424 0.00148135 -0.00188076
32.0469 -7.74322 -0.00125908 0.00153463 -0.00182891
32.3282 -7.9755 -0.00130567 0.00161003 -0.00171638
32.6094 -7.97415 -0.00125923 0.0015048 -0.00171939
32.3282 -7.74208 -0.00123369 0.00145923 -0.00185301
32.6094 -7.74075 -0.001229 0.00139909 -0.0017281
31.7657 -7.51067 -0.00119797 0.00146326 -0.00184739
32.047 -7.50975 -0.00121393 0.00148224 -0.00190046
31.7658 -7.27714 -0.00118541 0.00146292 -0.00194536
32.047 -7.27626 -0.0011735 0.00147283 -0.00199815
32.3282 -7.50865 -0.00121235 0.00142569 -0.00190927
32.6095 -7.50737 -0.00119209 0.00139287 -0.0018953
32.3282 -7.2752 -0.0011785 0.00146579 -0.00199503
32.6095 -7.27397 -0.00114784 0.00137316 -0.00199185
30.6409 -7.04536 -0.00130339 0.00184362 -0.00194426
30.9221 -7.0452 -0.00120728 0.00162423 -0.00192534
30.6409 -6.81182 -0.00136987 0.00184695 -0.00224542
30.9221 -6.81165 -0.00129136 0.00162029 -0.00216693
31.2033 -7.04484 -0.00114145 0.00142825 -0.00195915
31.4845 -7.0443 -0.00120157 0.00146914 -0.00192763
31.2033 -6.81131 -0.00122739 0.00152493 -0.00211727
31.4846 -6.8108 -0.00118011 0.00158183 -0.0021191
30.6409 -6.57829 -0.00152066 0.00191542 -0.00257393
30.9221 -6.57812 -0.00142576 0.00179419 -0.00239208
30.6409 -6.34479 -0.00172773 0.00222135 -0.00265793
30.9221 -6.34462 -0.00156495 0.00204814 -0.00255057
31.2033 -6.57779 -0.00136646 0.00168619 -0.00228021
31.4846 -6.57731 -0.00132428 0.0017237 -0.00228613
31.2033 -6.3443 -0.00150246 0.00193536 -0.00242922
31.4846 -6.34382 -0.00142189 0.0018376 -0.00240085
31.7658 -7.04362 -0.00125934 0.00143119 -0.00199032
32.047 -7.04277 -0.00125488 0.00148196 -0.0020363
31.7658 -6.81014 -0.00125591 0.0015313 -0.00215685
32.047 -6.80931 -0.00127358 0.00151767 -0.00217353
32.3283 -7.04175 -0.0012296 0.00145628 -0.00208974
32.6095 -7.04056 -0.00118101 0.00136369 -0.00209947
32.3283 -6.80832 -0.00126557 0.00150107 -0.00220896
32.6095 -6.80716 -0.0012073 0.0013707 -0.00223589
31.7658 -6.57666 -0.00134458 0.00165623 -0.00224054
32.047 -6.57586 -0.00133052 0.00161082 -0.00232878
31.7658 -6.34319 -0.00140936 0.00176557 -0.002434
32.047 -6.34241 -0.00139008 0.00169506 -0.00249094
32.3283 -6.57489 -0.00129508 0.00155044 -0.00236021
32.6095 -6.57377 -0.00123013 0.0014235 -0.00240971
32.3283 -6.34147 -0.00135044 0.00161195 -0.00255002
32.6095 -6.34038 -0.00128231 0.00147454 -0.00260998
32.8907 -7.97262 -0.00117995 0.00145338 -0.00158015
33.172 -7.9709 -0.00109939 0.0012741 -0.00148494
32.8907 -7.73926 -0.00114005 0.00136325 -0.0017361
33.172 -7.73759 -0.00106218 0.00122089 -0.00166093
33.4533 -7.96899 -0.000963648 0.00110437 -0.00141619
33.7345 -7.96688 -0.000778848 0.000830606 -0.00134504
33.4533 -7.73573 -0.000939178 0.000998712 -0.00161262
33.7345 -7.73369 -0.000770916 0.000754507 -0.00153228
32.8907 -7.50591 -0.00109956 0.00127424 -0.00178711
33.172 -7.50429 -0.00100655 0.00115576 -0.00178856
32.8907 -7.27256 -0.00109038 0.00124941 -0.00197637
33.172 -7.27098 -0.000992954 0.00108478 -0.00196605
33.4533 -7.50249 -0.000877976 0.000982101 -0.00177237
33.7345 -7.50051 -0.000755436 0.000733565 -0.00176375
33.4532 -7.26923 -0.000871762 0.000887603 -0.00196317
33.7345 -7.26731 -0.000752623 0.000702724 -0.00193739
34.0157 -7.96458 -0.000597984 0.000509886 -0.00127555
34.297 -7.96209 -0.000347225 0.000188455 -0.00118266
34.0157 -7.73147 -0.000589533 0.000514356 -0.0015423
34.2969 -7.72904 -0.000413126 0.000232027 -0.00139083
34.5782 -7.95941 -9.96777e-05 -0.000108179 -0.0010714
34.8594 -7.95656 -0.000125731 -4.55169e-05 -0.0010735
34.5782 -7.72644 -0.000221161 -2.04507e-05 -0.00127742
34.8594 -7.72367 -0.000105277 -0.000108925 -0.00121246
34.0157 -7.49834 -0.000599096 0.000494112 -0.00171088
34.2969 -7.496 -0.000413273 0.00025864 -0.00163421
34.0157 -7.2652 -0.000620694 0.000476103 -0.0019263
34.2969 -7.26293 -0.000480978 0.000283534 -0.00186738
34.5782 -7.49347 -0.000264036 2.72924e-05 -0.00149554
34.8594 -7.49076 -0.000200971 -9.03544e-05 -0.00142297
34.5782 -7.26048 -0.000320126 6.93349e-05 -0.00175817
34.8594 -7.25785 -0.000213847 -6.67869e-05 -0.00168651
32.8907 -7.0392 -0.00109466 0.00122355 -0.00210896
33.172 -7.03767 -0.000985897 0.00105795 -0.00212366
32.8907 -6.80584 -0.00111642 0.00122213 -0.00226278
33.172 -6.80436 -0.00100565 0.00103514 -0.00229806
33.4532 -7.03597 -0.000874999 0.000870867 -0.00214296
33.7345 -7.0341 -0.000757016 0.000670299 -0.00213069
33.4533 -6.8027 -0.000892306 0.000847115 -0.00230678
33.7345 -6.80089 -0.000785655 0.000655244 -0.00231628
32.8907 -6.57249 -0.00113675 0.0012517 -0.0024456
33.172 -6.57105 -0.00103015 0.00106617 -0.00247595
32.8908 -6.33914 -0.00117918 0.00128466 -0.00266193
33.172 -6.33774 -0.00105721 0.00107308 -0.0027126
33.4533 -6.56945 -0.000903484 0.000852798 -0.00251747
33.7345 -6.56769 -0.000795233 0.00066759 -0.00254493
33.4533 -6.33619 -0.000934128 0.000867423 -0.00276304
33.7345 -6.33449 -0.000829524 0.00068521 -0.0028123
34.0157 -7.03206 -0.000639918 0.000471323 -0.00213844
34.2969 -7.02985 -0.000514012 0.000300339 -0.00208951
34.0157 -6.79891 -0.000684355 0.000458778 -0.00234773
34.2969 -6.79677 -0.0005603 0.000279622 -0.00235401
34.5781 -7.02748 -0.00037958 0.000117119 -0.00203116
34.8594 -7.02493 -0.00026186 -5.17036e-05 -0.0019921
34.5781 -6.79447 -0.000463732 0.000135822 -0.00227001
34.8594 -6.792 -0.00030537 -8.29916e-05 -0.00226239
34.0157 -6.56578 -0.000683442 0.000476956 -0.00253995
34.2969 -6.5637 -0.00056407 0.000300204 -0.0026043
34.0157 -6.33264 -0.000725204 0.000475091 -0.00286631
34.2969 -6.33063 -0.000622831 0.000318961 -0.00284898
34.5781 -6.56147 -0.000449466 0.000166129 -0.00260028
34.8594 -6.55908 -0.000302471 -5.12292e-05 -0.0025672
34.5781 -6.32848 -0.000503881 0.000139664 -0.00287493
34.8594 -6.32617 -0.000347563 -7.91225e-05 -0.00287041
