26.2814 -2.25133 2.74932e-05 -0.000199604 -0.00162106
26.8441 -2.25286 0.000149516 -0.000442569 -0.00168897
26.2814 -1.78552 6.74741e-05 -0.00026548 -0.00183008
26.8441 -1.78677 0.000164311 -0.000458405 -0.00193603
27.4068 -2.25417 0.000236607 -0.000617863 -0.00188896
27.9695 -2.25528 0.000381743 -0.00089187 -0.00206015
27.4068 -1.78784 0.000295267 -0.000706746 -0.00202448
27.9694 -1.78873 0.000342506 -0.000791192 -0.00219564
26.2814 -1.31972 6.42073e-05 -0.000233241 -0.0019839
26.8441 -1.32066 0.000226762 -0.000554362 -0.00208223
26.2814 -0.853921 8.86687e-05 -0.00025036 -0.00210343
26.844 -0.854551 0.000250171 -0.00056676 -0.00219336
27.4067 -1.32147 0.000298919 -0.000685985 -0.00218453
27.9693 -1.32216 0.000440048 -0.000949881 -0.00246288
27.4067 -0.855103 0.000331026 -0.000714778 -0.00235451
27.9693 -0.855577 0.000473066 -0.000972244 -0.00255588
28.5321 -2.25616 0.000491746 -0.0010795 -0.00212192
29.0947 -2.25684 0.00056259 -0.00120873 -0.00243978
28.5321 -1.78945 0.000504378 -0.00108973 -0.00247712
29.0946 -1.78998 0.000501795 -0.0010756 -0.0027051
29.657 -2.2573 0.00063222 -0.00132358 -0.00267687
30.2195 -2.25752 0.000732919 -0.00148709 -0.0029212
29.657 -1.79034 0.000629329 -0.00128702 -0.00287721
30.2194 -1.79057 0.000770389 -0.00152523 -0.00326182
28.532 -1.32273 0.000570073 -0.00117461 -0.00260765
29.0945 -1.32321 0.000624113 -0.00126181 -0.00295237
28.5319 -0.855989 0.000603134 -0.00119463 -0.00272594
29.0943 -0.856324 0.000649647 -0.00125767 -0.00293479
29.6569 -1.32351 0.000704998 -0.00138445 -0.00313322
30.2193 -1.32362 0.000778525 -0.00148898 -0.00331932
29.6569 -0.856548 0.000790014 -0.00147698 -0.00296262
30.2193 -0.856653 0.000868496 -0.00159343 -0.00344571
26.2813 -0.388119 0.000109799 -0.000256307 -0.00222001
26.844 -0.388447 0.000290632 -0.000608613 -0.00228819
26.2813 0.077691 0.000142158 -0.000280835 -0.00229747
26.844 0.0776742 0.000324365 -0.000633832 -0.00235782
27.4066 -0.388741 0.000403411 -0.000813884 -0.0024318
27.9692 -0.388998 0.000527877 -0.0010306 -0.00252246
27.4065 0.0776522 0.000444721 -0.000850609 -0.00241342
27.9691 0.077626 0.00058431 -0.00109298 -0.00255398
26.2813 0.543501 0.000155601 -0.000266363 -0.00227453
26.8439 0.543804 0.000376593 -0.000695036 -0.00233468
26.2813 1.00932 0.000195186 -0.000303282 -0.00231147
26.8439 1.00995 0.000394806 -0.000691418 -0.00227155
27.4065 0.544054 0.00050265 -0.000920684 -0.00236348
27.969 0.544252 0.000649314 -0.00117296 -0.00245964
27.4064 1.01049 0.000559841 -0.000989998 -0.00234216
27.969 1.01092 0.000684939 -0.00120085 -0.00236585
28.5318 -0.389216 0.00064704 -0.00122945 -0.00276467
29.0943 -0.389349 0.000746943 -0.0013821 -0.00284695
28.5317 0.0775937 0.000722637 -0.00132166 -0.00265077
29.0943 0.0775342 0.000864863 -0.00154628 -0.00285079
29.6568 -0.389486 0.000858476 -0.00154957 -0.00304699
30.2193 -0.389633 0.000938083 -0.00165527 -0.00331062
29.6567 0.0775316 0.00091823 -0.00160446 -0.00299884
30.2192 0.0774771 0.00106875 -0.00182636 -0.00316988
28.5316 0.544392 0.000800859 -0.00142184 -0.0025746
29.0941 0.544472 0.000866931 -0.00150679 -0.00261744
28.5315 1.01125 0.000833877 -0.00144437 -0.00241975
29.0941 1.01149 0.000950821 -0.00161572 -0.00256079
29.6567 0.544456 0.000952439 -0.00161553 -0.00297894
30.2191 0.544452 0.00101671 -0.00168545 -0.00318305
29.6566 1.01163 0.00105317 -0.00175589 -0.00262775
30.219 1.01166 0.00112744 -0.00183294 -0.00292746
30.7819 -2.25752 0.00082611 -0.00163874 -0.00327058
31.3442 -2.25728 0.000904001 -0.00175028 -0.00351081
30.7818 -1.79058 0.000877623 -0.00168695 -0.00349774
31.3442 -1.79038 0.000935487 -0.0017624 -0.00376866
31.9065 -2.25685 0.000780231 -0.00153088 -0.00372443
32.4691 -2.25619 0.000631135 -0.00127824 -0.00390212
31.9065 -1.79001 0.000852618 -0.00160898 -0.0040511
32.4691 -1.78948 0.000704896 -0.0013549 -0.00424633
30.7818 -1.32362 0.000948628 -0.00175677 -0.00363869
31.3442 -1.32348 0.000957782 -0.00174391 -0.00385843
30.7818 -0.856648 0.00100527 -0.00179264 -0.00359615
31.3441 -0.856548 0.00101422 -0.00177901 -0.00395916
31.9066 -1.3232 0.000788919 -0.00144968 -0.00417721
32.4691 -1.32279 0.00071924 -0.00131525 -0.00429942
31.9066 -0.856359 0.000879424 -0.00152837 -0.00409719
32.4692 -0.856086 0.000618706 -0.00108488 -0.00404357
33.0317 -2.2553 0.000499191 -0.00108479 -0.00438808
33.5942 -2.2542 0.000298601 -0.000784541 -0.00470905
33.0317 -1.78877 0.000638288 -0.00123546 -0.0044294
33.5943 -1.78789 0.000506732 -0.00103081 -0.00474971
34.1566 -2.25289 6.45132e-05 -0.000437227 -0.00488298
34.7189 -2.25136 -0.000118468 -0.00017514 -0.00501419
34.1566 -1.78684 0.000159492 -0.000517347 -0.00508033
34.7189 -1.7856 -7.94595e-05 -0.000172591 -0.0052482
33.0317 -1.32226 0.000706243 -0.00126436 -0.00420742
33.5943 -1.32162 0.000611374 -0.00111666 -0.00470719
33.0317 -0.855737 0.000707711 -0.00119515 -0.00389355
33.5943 -0.855314 0.00100211 -0.0016283 -0.0044353
34.1567 -1.32082 0.000248691 -0.000579802 -0.0051933
34.7189 -1.31985 -1.37683e-05 -0.000191884 -0.0052346
34.1567 -0.854787 0.000493701 -0.000863401 -0.00510885
34.719 -0.854157 7.04153e-05 -0.000236696 -0.00516013
30.7817 -0.389645 0.00109854 -0.00189208 -0.00360616
31.3441 -0.389575 0.00110002 -0.00185668 -0.00387036
30.7817 0.0774026 0.00119103 -0.00199017 -0.00350675
31.3442 0.077437 0.00121074 -0.00197824 -0.00370499
31.9066 -0.389465 0.000846773 -0.00141569 -0.00432616
32.4692 -0.389311 0.000609621 -0.00101333 -0.0043677
31.9067 0.0774819 0.00113691 -0.00181573 -0.00403633
32.4692 0.0775222 0.000820318 -0.00127683 -0.00489618
30.7817 0.544488 0.00123969 -0.00202208 -0.00317934
31.3442 0.544459 0.0013016 -0.00207366 -0.00346877
30.7817 1.01161 0.00132716 -0.0021269 -0.00292882
31.3442 1.01151 0.00136108 -0.00213334 -0.00298619
31.9067 0.544372 0.00125801 -0.00195461 -0.00366736
32.4693 0.544232 0.0011807 -0.00178511 -0.00397904
31.9068 1.01129 0.00135332 -0.00206891 -0.00313519
32.4693 1.01097 0.00130759 -0.00194449 -0.00335974
33.0318 -0.389137 0.000782459 -0.00126304 -0.00478477
33.5943 -0.388941 0.00120293 -0.00187049 -0.0048533
33.0318 0.0774882 0.00089057 -0.00135586 -0.00557542
33.5942 0.0774249 0.00103996 -0.0015529 -0.00520016
34.1567 -0.388719 0.00054062 -0.000856911 -0.00497509
34.719 -0.38848 0.000184083 -0.000322548 -0.00477852
34.1567 0.0773477 0.000566847 -0.00082396 -0.00477719
34.7189 0.0772547 0.000152464 -0.000208362 -0.00492872
33.0318 0.544024 0.00106131 -0.00155706 -0.00431915
33.5942 0.543715 0.0009061 -0.00128646 -0.00452576
33.0318 1.01054 0.00119807 -0.00172388 -0.00366958
33.5942 1.01 0.000967746 -0.00133233 -0.00390944
34.1567 0.543344 0.000523173 -0.000696488 -0.00441614
34.7189 0.542927 0.0001808 -0.000184577 -0.00458869
34.1567 1.00939 0.000583863 -0.000735474 -0.00398502
34.7189 1.00866 8.23942e-05 1.22344e-05 -0.00424239
26.2813 1.47514 0.000211091 -0.000294171 -0.00229181
26.8438 1.4761 0.000453052 -0.000765498 -0.00227267
26.2813 1.94096 0.000241343 -0.000323697 -0.00215615
26.8438 1.94224 0.000471628 -0.00077316 -0.00211366
27.4064 1.47691 0.000602975 -0.00103798 -0.00223085
27.9689 1.47758 0.00076957 -0.00132243 -0.00230573
27.4064 1.94333 0.000675384 -0.00114609 -0.00212313
27.9689 1.94423 0.000821481 -0.00139638 -0.00208107
26.2813 2.40676 0.000253693 -0.000331471 -0.00192006
26.8438 2.40835 0.000514652 -0.000838016 -0.00192064
26.2813 2.87255 0.000262468 -0.000346597 -0.00163164
26.8438 2.87446 0.000535092 -0.000884346 -0.00155537
27.4063 2.40971 0.000708221 -0.00120066 -0.00180766
27.9689 2.41084 0.000878146 -0.00149363 -0.00178335
27.4063 2.8761 0.000751489 -0.00128673 -0.00149024
27.9688 2.87746 0.000930601 -0.00159856 -0.00143644
28.5315 1.47811 0.000913591 -0.00155486 -0.00232427
29.094 1.4785 0.00102108 -0.00170729 -0.00240534
28.5314 1.94494 0.000994256 -0.00168089 -0.00208037
29.0939 1.94547 0.00109731 -0.00182219 -0.00214388
29.6565 1.47875 0.00109256 -0.00178611 -0.00254406
30.219 1.47888 0.0011819 -0.00190045 -0.00250923
29.6565 1.94582 0.00119361 -0.00194037 -0.00227125
30.219 1.94599 0.00124858 -0.00198876 -0.00229427
28.5314 2.41174 0.00105023 -0.00177334 -0.00179659
29.0939 2.41241 0.00116017 -0.00192604 -0.00183396
28.5313 2.87854 0.00110772 -0.00188325 -0.00146536
29.0939 2.87935 0.0012078 -0.00201111 -0.00154126
29.6564 2.41285 0.00122889 -0.0019938 -0.00193142
30.2189 2.41304 0.00122683 -0.00194154 -0.00196787
29.6564 2.87986 0.00125138 -0.00203858 -0.00156599
30.2189 2.8801 0.0012404 -0.00196619 -0.00163492
26.2813 3.33833 0.000262031 -0.000363078 -0.00127175
26.8438 3.34057 0.000561371 -0.000950183 -0.00123033
26.2813 3.80411 0.000257543 -0.000387739 -0.000890919
26.8438 3.80667 0.000573056 -0.00100717 -0.000849287
27.4063 3.34248 0.000783396 -0.00136188 -0.00117462
27.9688 3.34407 0.00097548 -0.00169274 -0.00115805
27.4062 3.80885 0.000805925 -0.00143909 -0.000797031
27.9687 3.81067 0.0010082 -0.00178685 -0.000787186
26.2812 4.26989 0.000245501 -0.00041916 -0.000462471
26.8437 4.27277 0.00056992 -0.00105361 -0.000438225
26.2812 4.73568 0.000226123 -0.000435155 -0.000121581
26.8437 4.73888 0.00055754 -0.00107954 -0.000120449
27.4062 4.27523 0.000817605 -0.0015075 -0.000427344
27.9687 4.27728 0.00102669 -0.00186687 -0.000417621
27.4062 4.74162 0.000817492 -0.00155587 -0.000115485
27.9687 4.7439 0.00101812 -0.00189996 -9.82315e-05
28.5313 3.34533 0.00115795 -0.00198656 -0.00117129
29.0938 3.34627 0.00125422 -0.00210817 -0.00121243
28.5312 3.81211 0.00119828 -0.00209227 -0.000801585
29.0938 3.81319 0.00129167 -0.00220328 -0.000860781
29.6563 3.34688 0.0013009 -0.00213383 -0.00127698
30.2188 3.34718 0.0012614 -0.00201206 -0.00132187
29.6563 3.8139 0.00130396 -0.00216661 -0.000916913
30.2188 3.81423 0.00127781 -0.00206536 -0.000969997
28.5312 4.27891 0.00121589 -0.0021683 -0.00043524
29.0937 4.28014 0.00131056 -0.00228348 -0.000466119
28.5312 4.74573 0.00122068 -0.00222635 -0.000109041
29.0937 4.74709 0.00130848 -0.00233019 -0.000124664
29.6562 4.28094 0.00130951 -0.00221966 -0.000530374
30.2187 4.28133 0.00125255 -0.00207432 -0.000512005
29.6561 4.74801 0.00129073 -0.00224982 -0.000101885
30.2186 4.74846 0.00121389 -0.00205987 -0.00014687
30.7816 1.47881 0.001372 -0.00217521 -0.0025379
31.3442 1.47857 0.00135098 -0.00209102 -0.00256126
30.7814 1.94595 0.00124352 -0.00192586 -0.0024357
31.3441 1.94565 0.00115235 -0.00177372 -0.00181108
31.9068 1.47822 0.00137207 -0.00209008 -0.00232799
32.4693 1.47774 0.00145522 -0.00216445 -0.00254907
31.9067 1.94517 0.00124146 -0.00191242 -0.0012692
32.4692 1.94454 0.0018106 -0.00275176 -0.00148131
30.7814 2.41297 0.0012929 -0.00200842 -0.00196791
31.344 2.41267 0.000805933 -0.00118302 -0.00173115
30.7813 2.88006 0.00125749 -0.00195599 -0.00157707
31.3439 2.87971 0.000866073 -0.00124485 -0.00183168
31.9066 2.41214 0.00114689 -0.00172351 -0.00148785
32.4691 2.41135 0.00184422 -0.00280514 -0.00118743
31.9065 2.87907 0.00102489 -0.00148527 -0.00169078
32.469 2.87815 0.001641 -0.0024624 -0.00124421
33.0318 1.47712 0.00132754 -0.00189749 -0.00304976
33.5942 1.47635 0.00107415 -0.00146132 -0.00334394
33.0317 1.94373 0.00156852 -0.00227007 -0.00228582
33.5942 1.94273 0.00121109 -0.00165519 -0.00274127
34.1566 1.47541 0.000586753 -0.000692552 -0.00375453
34.7189 1.47434 0.000242981 -0.00017535 -0.0038795
34.1566 1.94155 0.000792693 -0.000979331 -0.00313004
34.7189 1.94018 0.000288534 -0.000225748 -0.0032055
33.0316 2.41034 0.00175263 -0.00261765 -0.00100884
33.5941 2.40912 0.00154109 -0.00217496 -0.00190803
33.0316 2.87696 0.00187567 -0.00276615 -0.00128703
33.5941 2.87551 0.00186412 -0.00265771 -0.00163745
34.1566 2.40767 0.000858189 -0.00107261 -0.002567
34.7189 2.40597 0.000343603 -0.000284476 -0.0028656
34.1565 2.87377 0.000961484 -0.00123295 -0.00205959
34.7188 2.87178 0.000293109 -0.000245516 -0.00201517
30.7813 3.34713 0.00119366 -0.00186662 -0.00120106
31.3438 3.34673 0.000848793 -0.00127522 -0.00105315
30.7812 3.8142 0.00104724 -0.00165206 -0.000813793
31.3437 3.81378 0.000709147 -0.00110541 -0.000459844
31.9064 3.34602 0.000915159 -0.00135247 -0.00106159
32.4689 3.34499 0.00157431 -0.002367 -0.000983935
31.9063 3.813 0.00108052 -0.00166854 -0.000531081
32.4689 3.81185 0.0014945 -0.00225519 -0.000753512
30.7812 4.28131 0.00105853 -0.00168529 -0.000627081
31.3437 4.28087 0.000613303 -0.00088585 -0.000841721
30.7811 4.74845 0.00112555 -0.00185819 -0.000193169
31.3436 4.74798 0.000728679 -0.00110585 -0.000567203
31.9062 4.28001 0.00115077 -0.00175409 -0.000665588
32.4687 4.27873 0.0014598 -0.00222959 -0.000463484
31.9061 4.74705 0.000935352 -0.00145416 -0.00030669
32.4687 4.74566 0.00155776 -0.00241008 -0.000246203
33.0315 3.34363 0.00191919 -0.00286557 -0.000804047
33.594 3.34194 0.00199143 -0.00286738 -0.00123778
33.0314 3.81031 0.00182812 -0.00272075 -0.000744198
33.5939 3.80839 0.00207329 -0.00304491 -0.000634687
34.1565 3.3399 0.00105215 -0.00138305 -0.00161319
34.7188 3.33749 0.000421725 -0.000433909 -0.00170633
34.1563 3.80609 0.00101435 -0.00139732 -0.000824585
34.7188 3.80339 0.000409567 -0.00045103 -0.00119982
33.0313 4.27702 0.00184231 -0.00277327 -0.000439169
33.5938 4.2749 0.00211324 -0.00314264 -0.000287088
33.0312 4.74381 0.00167653 -0.00253991 -0.000253848
33.5937 4.74148 0.00206779 -0.00307618 -0.000245702
34.1563 4.27235 0.00120271 -0.00170825 -0.000483885
34.7187 4.26941 0.000362558 -0.000434889 -0.00067401
34.1562 4.73872 0.00122217 -0.00177093 -0.00020592
34.7187 4.73551 0.00033969 -0.000464444 -0.000177298
