30.7811 -9.73107 0.000466739 -0.00084177 -0.000173742
31.3437 -9.73013 0.000564819 -0.000987551 -0.000182555
30.7812 -9.26401 0.000470021 -0.000881631 -0.000290454
31.3437 -9.26311 0.000546207 -0.00102491 -0.000408542
31.9062 -9.72828 0.000591594 -0.00102667 -0.000235715
32.4687 -9.72551 0.000597493 -0.0010088 -0.000218605
31.9062 -9.26133 0.000563301 -0.00105406 -0.000483913
32.4688 -9.25868 0.000559171 -0.00106075 -0.000599273
30.7813 -8.79696 0.000486803 -0.000981404 -0.000542925
31.3438 -8.79608 0.00060375 -0.00115678 -0.000556337
30.7814 -8.32981 0.000493976 -0.00100094 -0.000600036
31.3439 -8.32899 0.000565497 -0.00114574 -0.000771942
31.9062 -8.79438 0.000565954 -0.00111561 -0.000705766
32.4688 -8.79185 0.000493016 -0.00099927 -0.000779104
31.9062 -8.32741 0.000555411 -0.00115688 -0.000956124
32.4688 -8.325 0.0004679 -0.00103752 -0.00110862
33.0312 -9.72179 0.000466556 -0.000827774 -0.000350612
33.5937 -9.71712 0.000339004 -0.00059149 -0.000262134
33.0313 -9.25512 0.000423796 -0.00086627 -0.000717407
33.5938 -9.25059 0.00015523 -0.000441418 -0.000705669
34.1563 -9.7115 0.000188003 -0.000379202 -0.000334992
34.7188 -9.70506 -2.45191e-05 -5.09114e-05 -0.000287388
34.1563 -9.24531 0.000128563 -0.000455593 -0.000917866
34.7187 -9.23919 -6.07574e-05 -0.000131755 -0.000768324
33.0314 -8.78851 0.000316307 -0.000727727 -0.000850564
33.5939 -8.78433 0.000113124 -0.000483615 -0.00112184
33.0314 -8.3218 0.000341965 -0.000899297 -0.00139131
33.5939 -8.31782 0.000128761 -0.000561684 -0.00139209
34.1563 -8.77926 5.62699e-05 -0.000414774 -0.00120639
34.7188 -8.77332 -8.6162e-05 -0.000207639 -0.00122517
34.1563 -8.31302 -4.04677e-05 -0.000350446 -0.00157578
34.7188 -8.30742 -0.000139472 -0.000200167 -0.00156588
30.7814 -7.86272 0.00054894 -0.00115395 -0.000861284
31.3439 -7.862 0.000553784 -0.00119844 -0.00108941
30.7815 -7.39564 0.000568278 -0.00117773 -0.00088211
31.3439 -7.39493 0.00054466 -0.00113962 -0.000983354
31.9063 -7.86046 0.000474762 -0.0010314 -0.00102923
32.4688 -7.85814 0.000441471 -0.00108177 -0.00150905
31.9064 -7.39348 0.000558239 -0.00126166 -0.00148682
32.4688 -7.39132 0.000398283 -0.000990745 -0.00150974
30.7815 -6.92853 0.000593613 -0.00123257 -0.000994069
31.344 -6.92783 0.000666026 -0.001389 -0.0012649
30.7815 -6.46147 0.000569725 -0.00124325 -0.00129608
31.344 -6.46082 0.000612703 -0.00134584 -0.00156112
31.9064 -6.92648 0.000473345 -0.00111121 -0.00152683
32.4689 -6.92447 0.000384983 -0.00101188 -0.00179845
31.9064 -6.45955 0.000515563 -0.00119862 -0.00172974
32.4689 -6.45765 0.000357035 -0.000984684 -0.00200902
33.0314 -7.85512 0.000313274 -0.000880511 -0.00157523
33.5939 -7.85135 9.33585e-05 -0.00059951 -0.00184156
33.0314 -7.38846 0.000240073 -0.000798228 -0.00180333
33.5939 -7.3849 6.92202e-05 -0.000566995 -0.00197563
34.1563 -7.84682 -0.0001389 -0.000285125 -0.0019956
34.7188 -7.84155 -0.000214509 -0.000170374 -0.00198482
34.1563 -7.38064 -0.000135054 -0.000310061 -0.00220671
34.7188 -7.37566 -0.000265973 -0.000140552 -0.0023073
33.0314 -6.92179 0.000225905 -0.000794762 -0.00200851
33.5939 -6.91843 3.84863e-05 -0.000545047 -0.00222118
33.0314 -6.45512 0.000205251 -0.000785382 -0.00226294
33.5939 -6.45198 1.63859e-05 -0.000538221 -0.00251267
34.1563 -6.91442 -0.000160508 -0.000290041 -0.0024381
34.7188 -6.90974 -0.000266592 -0.000151267 -0.00251912
34.1563 -6.44821 -0.00015825 -0.000303688 -0.00266732
34.7188 -6.44382 -0.000263232 -0.000162367 -0.0027345
26.2813 -5.97864 9.29245e-06 -0.000139603 -0.00051067
26.8439 -5.98263 7.51155e-05 -0.000280131 -0.000567523
26.2813 -5.51275 4.20583e-06 -0.000144688 -0.000624717
26.8439 -5.51642 6.79994e-05 -0.00028864 -0.000721353
27.4065 -5.98604 0.000121339 -0.000378118 -0.000632544
27.9691 -5.98888 0.000190943 -0.000517717 -0.000706955
27.4065 -5.51956 0.000132661 -0.000410335 -0.000735832
27.9691 -5.52217 0.000194369 -0.000552221 -0.000903218
26.2813 -5.04684 2.29988e-06 -0.000149542 -0.000726419
26.8439 -5.0502 9.1045e-05 -0.000327009 -0.00075172
26.2813 -4.58091 1.25581e-05 -0.000175857 -0.000831297
26.844 -4.58396 0.000118199 -0.000389012 -0.000875588
27.4066 -5.05308 0.000139984 -0.000434709 -0.000857535
27.9692 -5.05547 0.000241968 -0.000626768 -0.000907094
27.4066 -4.58658 0.000170473 -0.000491083 -0.000931255
27.9692 -4.58875 0.000254072 -0.000645272 -0.000974761
28.5316 -5.99113 0.000256247 -0.000651407 -0.000819587
29.0942 -5.99282 0.0002866 -0.000700772 -0.000860279
28.5317 -5.52427 0.00028882 -0.000720494 -0.000934653
29.0942 -5.52582 0.000358467 -0.000904516 -0.00130843
29.6567 -5.99394 0.000389565 -0.000929796 -0.00115747
30.2192 -5.99448 0.000475122 -0.00110593 -0.00139107
29.6568 -5.52682 0.00042779 -0.00100508 -0.00129769
30.2192 -5.52732 0.000456878 -0.00110094 -0.0016464
28.5318 -5.05737 0.000282245 -0.000702169 -0.000987833
29.0943 -5.05879 0.000345206 -0.000823961 -0.00111837
28.5318 -4.59048 0.000364437 -0.000886618 -0.00128675
29.0943 -4.59176 0.000365811 -0.000859882 -0.00122599
29.6568 -5.05972 0.000435559 -0.00102612 -0.0014595
30.2193 -5.06016 0.000516755 -0.00117194 -0.00161857
29.6569 -4.59259 0.000532492 -0.00118353 -0.00152974
30.2193 -4.59299 0.000534113 -0.00120328 -0.00179369
26.2813 -4.11498 1.39953e-05 -0.000184499 -0.000961083
26.844 -4.11772 0.00012066 -0.000392339 -0.000965502
26.2814 -3.64904 2.2804e-05 -0.000192723 -0.00101746
26.844 -3.65148 0.000128072 -0.000407528 -0.00109304
27.4067 -4.12006 0.000166909 -0.000482774 -0.00102796
27.9693 -4.12198 0.000248469 -0.000635583 -0.00109121
27.4067 -3.65356 0.000196977 -0.000541666 -0.00116615
27.9694 -3.65527 0.000358943 -0.000832337 -0.00114816
26.2814 -3.18311 1.79399e-05 -0.000179567 -0.00114044
26.8441 -3.18524 0.000138251 -0.000414666 -0.00114815
26.2814 -2.71718 3.06374e-05 -0.000207027 -0.00135267
26.8441 -2.71902 0.000109891 -0.000363943 -0.00139592
27.4068 -3.18708 0.000256407 -0.000645443 -0.00124767
27.9694 -3.18861 0.000272089 -0.000688857 -0.00148567
27.4068 -2.7206 0.000225906 -0.000593893 -0.00153247
27.9695 -2.72193 0.000327697 -0.000789483 -0.00170054
28.5319 -4.12352 0.000491498 -0.00108892 -0.00122502
29.0943 -4.12469 0.000489857 -0.00107994 -0.00134613
28.5319 -3.65665 0.000399192 -0.000910154 -0.00131477
29.0944 -3.65767 0.000404928 -0.000946632 -0.00166549
29.6569 -4.12547 0.000562027 -0.00127145 -0.00195092
30.2194 -4.12582 0.000639486 -0.00135998 -0.00182867
29.657 -3.65836 0.000505962 -0.00112554 -0.00183371
30.2194 -3.65869 0.000614579 -0.00132406 -0.00211684
28.5321 -3.18981 0.000458377 -0.00103307 -0.00162822
29.0944 -3.19067 0.000367567 -0.000839726 -0.00156301
28.5321 -2.72298 0.000455867 -0.00103131 -0.00193654
29.0946 -2.72372 0.000572812 -0.00124177 -0.00217102
29.6571 -3.19127 0.000590042 -0.0012537 -0.00192968
30.2195 -3.19157 0.000718412 -0.00147972 -0.00222343
29.657 -2.72422 0.000577494 -0.00122079 -0.00214806
30.2195 -2.7245 0.00072243 -0.00147793 -0.0025135
30.7815 -5.99441 0.000546956 -0.0012491 -0.00161269
31.344 -5.99379 0.000594148 -0.0013303 -0.0017577
30.7816 -5.52727 0.000590717 -0.0013147 -0.00170838
31.344 -5.52668 0.00059044 -0.00133841 -0.00198368
31.9064 -5.99258 0.000494437 -0.0011994 -0.00204043
32.4689 -5.9908 0.000343732 -0.000993345 -0.00231812
31.9065 -5.52557 0.000487805 -0.00119804 -0.00226486
32.469 -5.52392 0.000341691 -0.000994879 -0.00254176
30.7817 -5.06012 0.000626363 -0.00137727 -0.00188283
31.3441 -5.05959 0.000615206 -0.00137476 -0.00214259
30.7817 -4.59295 0.000658974 -0.00142196 -0.00201129
31.3442 -4.59248 0.000620686 -0.00137314 -0.00229282
31.9066 -5.05856 0.000505446 -0.00122085 -0.00244225
32.469 -5.05706 0.000352938 -0.00100467 -0.00273001
31.9066 -4.59156 0.000522725 -0.00123434 -0.00259805
32.469 -4.59019 0.000384173 -0.00103626 -0.00289205
33.0314 -5.98844 0.000193959 -0.000795956 -0.00258593
33.5939 -5.98552 1.20256e-05 -0.000553915 -0.00282756
33.0314 -5.52175 0.000181931 -0.000778686 -0.00281296
33.5939 -5.51904 1.51996e-05 -0.000552993 -0.00303559
34.1563 -5.98201 -0.000182942 -0.000286117 -0.00297773
34.7187 -5.97791 -0.000303168 -0.000125194 -0.00306066
34.1564 -5.51579 -0.000161773 -0.000308008 -0.00317707
34.7188 -5.512 -0.000278798 -0.000154501 -0.00328658
33.0315 -5.05506 0.000212638 -0.000811642 -0.00298626
33.5939 -5.05258 1.87821e-05 -0.000543809 -0.00322627
33.0315 -4.58839 0.000238985 -0.000833015 -0.00316144
33.594 -4.58614 4.74997e-05 -0.00056401 -0.00339717
34.1564 -5.0496 -0.000137951 -0.000325807 -0.00336212
34.7188 -5.04614 -0.000250772 -0.00017492 -0.00346262
34.1564 -4.58344 -0.000102839 -0.000351131 -0.00352069
34.7188 -4.58029 -0.000234364 -0.000162905 -0.00356276
30.7818 -4.12581 0.000681972 -0.00145549 -0.00220396
31.3442 -4.1254 0.000666215 -0.00143699 -0.00247488
30.7818 -3.65868 0.0007037 -0.00147243 -0.00232987
31.3442 -3.65835 0.000726511 -0.00152217 -0.00267949
31.9066 -4.12459 0.000560495 -0.00128419 -0.00281411
32.4691 -4.12338 0.000422334 -0.00108177 -0.00311308
31.9066 -3.65766 0.000601971 -0.00132902 -0.00299438
32.4691 -3.65662 0.000451089 -0.00110714 -0.00334526
30.7818 -3.19158 0.000737575 -0.00151017 -0.00249626
31.3442 -3.1913 0.000768565 -0.00156744 -0.00285076
30.7819 -2.7245 0.000796378 -0.00159775 -0.00280529
31.3442 -2.72426 0.0008165 -0.001629 -0.00315309
31.9066 -3.19072 0.000670801 -0.0014125 -0.00317702
32.4691 -3.18984 0.00052535 -0.00119482 -0.00355644
31.9066 -2.72375 0.000760136 -0.00151103 -0.0032233
32.4691 -2.72299 0.000619962 -0.00130999 -0.00378908
33.0315 -4.12177 0.000265696 -0.000855756 -0.00338207
33.594 -4.11974 6.77231e-05 -0.000570534 -0.00359956
33.0316 -3.6552 0.000324503 -0.00092332 -0.00361994
33.594 -3.65338 0.000108476 -0.00060852 -0.00385808
34.1565 -4.11732 -9.56646e-05 -0.000342474 -0.0037709
34.7188 -4.11451 -0.000214693 -0.000169148 -0.00379238
34.1565 -3.65122 -9.03243e-05 -0.000319262 -0.00398036
34.7188 -3.64869 -0.000249655 -0.000101764 -0.00412692
33.0316 -3.18861 0.000353584 -0.000936103 -0.00383843
33.5941 -3.187 0.000172582 -0.000667197 -0.00404818
33.0317 -2.72194 0.000498735 -0.00112753 -0.00413307
33.5942 -2.72059 0.000187893 -0.000654829 -0.00433111
34.1565 -3.18511 -5.25187e-05 -0.000341067 -0.00422213
34.7189 -3.18293 -0.000190196 -0.00014469 -0.00429314
34.1566 -2.71898 1.14773e-07 -0.000381152 -0.00450413
34.7189 -2.71713 -0.000172128 -0.000136855 -0.00462357
