26.2812 -9.70525 8.99975e-06 -5.42406e-05 -9.32424e-05
26.8436 -9.71166 8.93152e-05 -0.000194575 -4.77425e-05
26.2813 -9.23952 5.68757e-05 -0.00013607 -5.68765e-05
26.8437 -9.24562 5.75307e-05 -0.000198959 -0.000236577
27.4061 -9.7172 0.00010406 -0.00023835 -0.000101202
27.9685 -9.72183 8.77542e-05 -0.000198486 -9.09514e-05
27.4062 -9.25085 0.000134622 -0.00030837 -0.000137704
27.9686 -9.25526 7.99916e-05 -0.000235318 -0.000243703
26.2813 -8.77371 1.42343e-05 -9.5971e-05 -0.000192634
26.8438 -8.77957 0.000140528 -0.000332177 -0.000159364
26.2812 -8.3079 1.02668e-05 -9.74826e-05 -0.000232547
26.8438 -8.31345 9.09811e-05 -0.000235523 -0.000172289
27.4062 -8.78455 6.59644e-05 -0.000224415 -0.000289494
27.9687 -8.78869 0.000144159 -0.000315427 -0.000133306
27.4063 -8.31819 8.97939e-05 -0.000240592 -0.000212217
27.9688 -8.32208 0.000123929 -0.000291815 -0.000187338
28.5311 -9.72553 0.000148669 -0.000308246 -9.69424e-05
29.0937 -9.72832 0.000197261 -0.000399289 -0.000127028
28.5312 -9.25876 0.000155804 -0.000363043 -0.000224027
29.0937 -9.26141 0.00019393 -0.000411652 -0.000188269
29.6562 -9.73016 0.000272211 -0.000500169 -6.37226e-05
30.2187 -9.73108 0.0003512 -0.000646413 -0.000127498
29.6562 -9.26317 0.000277307 -0.000577036 -0.000273042
30.2187 -9.26403 0.000315642 -0.000645203 -0.000318693
28.5312 -8.79199 0.000137981 -0.000366821 -0.000349037
29.0938 -8.79445 0.000245269 -0.000522157 -0.000255779
28.5313 -8.3252 0.000151804 -0.000389615 -0.000360318
29.0938 -8.32752 0.000219259 -0.000511617 -0.000390611
29.6563 -8.79611 0.000261483 -0.000569734 -0.000353309
30.2188 -8.79696 0.000369709 -0.000769494 -0.000438242
29.6563 -8.32907 0.00023456 -0.000566304 -0.000521643
30.2188 -8.32984 0.000373945 -0.000814658 -0.000593446
26.2813 -7.84204 2.93646e-05 -0.000144024 -0.000271846
26.8438 -7.84726 5.33384e-05 -0.000184928 -0.000260589
26.2813 -7.37619 1.71397e-05 -0.000112771 -0.000267
26.8438 -7.38111 6.0462e-05 -0.000218669 -0.000345797
27.4064 -7.85175 0.000122315 -0.000304188 -0.000227915
27.9688 -7.85547 0.000110321 -0.00031447 -0.00036275
27.4064 -7.38532 0.000112941 -0.00030084 -0.000294805
27.9689 -7.38882 0.000149899 -0.000379292 -0.000350821
26.2812 -6.91036 -8.66529e-06 -7.20612e-05 -0.000327374
26.8438 -6.91496 6.51468e-05 -0.00021522 -0.000322054
26.2813 -6.44451 1.65553e-06 -0.000112255 -0.000426895
26.8439 -6.44881 7.63074e-05 -0.000256486 -0.000422313
27.4064 -6.9189 0.000108368 -0.00030429 -0.000361436
27.969 -6.92217 0.000172968 -0.000439343 -0.000438886
27.4065 -6.45248 0.000126622 -0.000365823 -0.000494963
27.969 -6.45554 0.000184313 -0.000480799 -0.00055419
28.5314 -7.85841 0.00017533 -0.000433963 -0.000385742
29.0939 -7.86061 0.000237786 -0.000576376 -0.000524952
28.5315 -7.3916 0.000237701 -0.000535227 -0.000360854
29.094 -7.39369 0.000266794 -0.000646902 -0.00062745
29.6563 -7.86207 0.000296074 -0.000678675 -0.000568591
30.2188 -7.86275 0.000382514 -0.000824161 -0.000610207
29.6565 -7.39504 0.000354368 -0.000780455 -0.000602665
30.2189 -7.39566 0.000320726 -0.000735786 -0.000717885
28.5315 -6.92479 0.000239685 -0.000578916 -0.000542913
29.094 -6.92674 0.0003115 -0.000711084 -0.000605535
28.5316 -6.45798 0.000256275 -0.000630052 -0.000669553
29.0941 -6.45981 0.000323729 -0.000760919 -0.000769367
29.6565 -6.92803 0.000308502 -0.000700794 -0.000647374
30.219 -6.92859 0.000396547 -0.000909724 -0.000948081
29.6566 -6.46097 0.000348132 -0.000813733 -0.000883981
30.2191 -6.46151 0.000450407 -0.00103811 -0.00117688
