31.063 -2.02397 -0.00442444 0.00508512 -0.0329984
32.1878 -2.02315 -0.0043242 0.00487258 -0.0301198
31.063 -1.09009 0.885168 -1.42846 1.1131
32.1878 -1.08962 0.00991537 -0.0167094 -0.026792
33.313 -2.02156 -0.00461807 0.00512784 -0.0295476
34.4377 -2.0192 -0.00243253 0.00172616 -0.029216
33.313 -1.08876 -0.00544363 0.00708337 -0.0346693
34.4379 -1.08742 -0.00493377 0.00593847 -0.0374472
31.0629 -0.156099 1.0746 -1.79716 -2.49275
32.1879 -0.155941 0.0223233 -0.0355477 -0.0161214
31.0629 0.778016 -0.00825727 0.0143211 -0.0232832
32.188 0.777724 -0.00751728 0.0128386 -0.0351539
33.313 -0.155772 -0.00515274 0.00766923 -0.03458
34.4378 -0.155639 -0.00323388 0.00449954 -0.0451239
33.313 0.77707 -0.00478661 0.00839908 -0.0451807
34.4378 0.776072 -0.00274087 0.00526539 -0.0529409
