31.0624 -9.49719 -0.00176851 0.00221281 -0.00223065
32.1875 -9.49356 -0.00151975 0.00171808 -0.00221838
31.0626 -8.56305 -0.00264082 0.00251764 -0.00639606
32.1875 -8.55976 -0.00215729 0.00153382 -0.00670146
33.3125 -9.48624 -0.00119415 0.00116525 -0.00214237
34.4376 -9.47536 -0.000828497 0.000598235 -0.00206704
33.3126 -8.55323 -0.00197408 0.00114489 -0.00678806
34.4376 -8.54337 -0.00125302 4.92294e-05 -0.0066938
31.0626 -7.62894 -0.00342199 0.00299833 -0.0103344
32.1876 -7.62596 -0.00287508 0.00187117 -0.0107286
31.0628 -6.69473 -0.00427189 0.00388946 -0.0140777
32.1876 -6.69211 -0.00373316 0.00273565 -0.0145069
33.3126 -7.62005 -0.00249382 0.00121485 -0.0105905
34.4375 -7.61127 -0.00156462 -0.000166228 -0.0103602
33.3126 -6.68691 -0.00308491 0.0016524 -0.0142484
34.4375 -6.67912 -0.00195208 -4.03979e-05 -0.0139433
