26.5624 -9.47563 -0.000649673 0.000616008 -0.0018312
27.6874 -9.4864 -0.00128508 0.00191536 -0.00148397
26.5625 -8.54376 -0.00132236 0.000823487 -0.00542184
27.6874 -8.55349 -0.00208874 0.00251645 -0.00452316
28.8124 -9.49362 -0.00169742 0.00247075 -0.00177316
29.9374 -9.49722 -0.00197331 0.00268744 -0.0022047
28.8125 -8.55988 -0.00259397 0.00324092 -0.00472292
29.9375 -8.5631 -0.00284431 0.00320399 -0.00575002
26.5625 -7.61174 -0.00184133 0.000696112 -0.00999487
27.6876 -7.62042 -0.00371817 0.00448314 -0.00903889
26.5625 -6.67974 0.00100859 -0.00853865 -0.0248999
27.6877 -6.68735 -0.00249796 0.00162655 -0.0124192
28.8127 -7.62618 -0.00441767 0.00597048 -0.00741856
29.9376 -7.629 -0.0039336 0.00435589 -0.00921954
28.8128 -6.69241 -0.00722612 0.0101871 -0.0121174
29.9378 -6.69485 -0.00513549 0.0058837 -0.0128975
