31.0628 -5.76061 -0.00543326 0.00554583 -0.0177696
32.1877 -5.75829 -0.00463284 0.00397655 -0.0178749
31.0629 -4.82634 -0.00659863 0.0075394 -0.0208707
32.1878 -4.8244 -0.00550804 0.00542477 -0.0209918
33.3127 -5.75376 -0.0036696 0.00238152 -0.017454
34.4375 -5.747 -0.00227433 0.000282744 -0.017049
33.3127 -4.8206 -0.00425081 0.00324666 -0.0209789
34.4376 -4.81493 -0.00276268 0.000906633 -0.0209627
31.063 -3.8921 -0.00743171 0.00925713 -0.0233632
32.1879 -3.89061 -0.00594335 0.00646482 -0.0233222
31.063 -2.95794 -0.00772151 0.0102925 -0.0252266
32.1878 -2.95687 -0.0060023 0.00701726 -0.0259757
33.3128 -3.88757 -0.00434665 0.00366361 -0.0238444
34.4377 -3.88298 -0.00262649 0.000874801 -0.0246258
33.3129 -2.95457 -0.00437013 0.0041691 -0.0263952
34.4377 -2.95108 -0.00239562 0.00106678 -0.0266236
