26.5626 1.70863 0.000444115 -0.00165068 0.0114282
27.6877 1.71054 0.00138848 -0.00324562 0.00932893
26.5625 2.64056 0.000474484 -0.00174847 0.00775104
27.6876 2.64356 0.00168906 -0.00388157 0.00666897
28.8127 1.71178 -0.00700516 0.0127741 -0.000620217
29.9378 1.71239 -0.0120133 0.0219204 -0.0177035
28.8126 2.64554 -0.0267162 0.0494617 -0.0092872
29.9377 2.64649 0.00343059 0.0083124 -0.154063
26.5625 3.57246 0.000528742 -0.00176708 0.00508167
27.6875 3.57656 0.00173084 -0.00392406 0.0046503
26.5625 4.50436 0.00081392 -0.00192668 0.00169528
27.6874 4.50956 0.00220002 -0.00446936 0.00163021
28.8125 3.57926 0.0290898 -0.0349612 -0.138113
29.9376 3.58059 -0.955162 1.62289 0.284521
28.8124 4.51302 0.01662 -0.0269209 -0.0201209
29.9374 4.51474 -2.19658 4.06226 -1.56785
