26.5628 -2.01914 -0.121758 0.152974 -1.14874
27.6881 -2.02153 0.400687 -0.856452 -1.22256
26.5627 -1.08723 -0.0491685 0.0368264 -1.44961
27.688 -1.08859 -0.954728 1.79033 -0.711165
28.8133 -2.02314 -0.0484483 0.0863183 -0.0240186
29.9383 -2.02397 -0.00353767 0.00325802 -0.0407374
28.8131 -1.0896 -1.74523 3.19795 0.63649
29.9382 -1.09011 0.027031 -0.0723498 -0.66654
26.5627 -0.155302 -0.106933 0.21861 0.779134
27.6879 -0.155617 -0.577273 1.09128 -1.51124
26.5626 0.776652 -0.0945283 0.261052 -2.37425
27.6877 0.77743 0.630626 -1.1267 -2.57128
28.8131 -0.155849 -2.43406 4.41377 -2.01263
29.9379 -0.156046 -0.12689 0.197684 -4.14981
28.8128 0.7779 -0.0891299 0.186535 -0.869438
29.9379 0.778066 -0.0121227 0.02163 -0.0213201
