26.5626 -5.74768 -0.00532066 -0.0126055 -0.103284
27.6878 -5.75423 -0.0319855 0.0593702 -0.00730762
26.5626 -4.81554 -0.0227065 0.0236161 -0.115723
27.6879 -4.82103 -0.0294717 0.0427974 -0.07364
28.8129 -5.75858 -0.0115942 0.0219761 0.00428927
29.938 -5.7607 -0.00659117 0.00803366 -0.0168748
28.813 -4.82466 -0.0159319 0.0209499 -0.0457623
29.9381 -4.82643 -0.00776601 0.0100373 -0.0203761
26.5627 -3.88335 -0.108505 0.326793 0.723064
27.688 -3.88776 0.00569997 0.0482142 0.403928
26.5627 -2.95118 -0.30839 0.610289 -0.0568501
27.6881 -2.95459 -0.0331152 0.0307579 -0.291229
28.8131 -3.89068 -0.0103066 0.0155824 -0.0223587
29.9382 -3.89213 -0.00869133 0.0119999 -0.0226771
28.8133 -2.95682 -0.0108476 0.0171542 -0.0239488
29.9383 -2.9579 -0.00901359 0.0130176 -0.0254341
