31.0628 1.71227 -0.0112643 0.0201501 -0.0250228
32.188 1.71144 -0.0101158 0.0181072 -0.0362994
31.0627 2.64638 0.0073616 -0.0099245 -0.0256416
32.1878 2.64521 -0.0152161 0.0273123 -0.0361826
33.313 1.71 -0.00763532 0.0143678 -0.050588
34.4377 1.7079 -0.00311626 0.00770068 -0.0598546
33.3129 2.64301 -0.0139833 0.0255324 -0.0506262
34.4376 2.63984 -0.00802158 0.0162294 -0.0555701
31.0625 3.58049 0.678289 -1.16354 0.308952
32.1876 3.579 -0.0225183 0.0400494 -0.0363988
31.0624 4.5147 1.96125 -3.08748 -1.10147
32.1874 4.51291 -0.419736 0.657106 0.065785
33.3127 3.57611 -0.0218258 0.0391145 -0.051884
34.4376 3.57175 -0.0156777 0.0379621 -0.136781
33.3125 4.50934 -0.219922 0.33852 -0.0270241
34.4375 4.50404 -0.0287977 0.0501613 -0.0585967
