26.2812 -9.70525 8.18279e-12 -5.22175e-11 -9.22879e-11
26.8436 -9.71166 9.08696e-11 -1.99221e-10 -5.18983e-11
26.2813 -9.23952 5.14095e-11 -1.30687e-10 -7.23532e-11
26.8437 -9.24561 5.97972e-11 -2.06022e-10 -2.43745e-10
27.4061 -9.7172 1.17688e-10 -2.6616e-10 -1.05302e-10
27.9685 -9.72183 1.28826e-10 -2.78514e-10 -9.82882e-11
27.4062 -9.25085 1.47669e-10 -3.40033e-10 -1.56073e-10
27.9686 -9.25526 1.21324e-10 -3.21668e-10 -2.68197e-10
26.2813 -8.77371 1.06039e-11 -9.83905e-11 -2.20667e-10
26.8438 -8.77957 1.34802e-10 -3.34197e-10 -1.98355e-10
26.2812 -8.3079 3.85011e-12 -1.03903e-10 -2.91414e-10
26.8438 -8.31345 8.28916e-11 -2.42379e-10 -2.4287e-10
27.4062 -8.78455 8.40215e-11 -2.72914e-10 -3.30221e-10
27.9687 -8.78869 1.83021e-10 -4.09148e-10 -1.95604e-10
27.4063 -8.31819 1.10091e-10 -3.06728e-10 -2.97184e-10
27.9688 -8.32208 1.66467e-10 -4.04726e-10 -2.92512e-10
28.5311 -9.72553 2.14608e-10 -4.33823e-10 -1.08895e-10
29.0937 -9.72832 2.97681e-10 -5.85342e-10 -1.42874e-10
28.5312 -9.25876 2.22608e-10 -4.98865e-10 -2.61952e-10
29.0937 -9.26141 2.94511e-10 -6.11252e-10 -2.44466e-10
29.6562 -9.73016 4.12421e-10 -7.54751e-10 -8.77536e-11
30.2187 -9.73108 5.29402e-10 -9.61488e-10 -1.54271e-10
29.6562 -9.26317 4.15838e-10 -8.43004e-10 -3.41804e-10
30.2187 -9.26403 4.92278e-10 -9.75371e-10 -4.01709e-10
28.5312 -8.79199 2.0901e-10 -5.21059e-10 -4.21879e-10
29.0938 -8.79445 3.46852e-10 -7.37162e-10 -3.57767e-10
28.5313 -8.3252 2.25312e-10 -5.62928e-10 -4.84695e-10
29.0938 -8.32752 3.26522e-10 -7.51276e-10 -5.46393e-10
29.6563 -8.79611 4.03624e-10 -8.58901e-10 -4.79693e-10
30.2188 -8.79696 5.43774e-10 -1.11566e-09 -5.9212e-10
29.6563 -8.32907 3.82188e-10 -8.80616e-10 -7.07641e-10
30.2188 -8.32984 5.5062e-10 -1.18414e-09 -8.20847e-10
26.2813 -7.84204 1.87696e-11 -1.52136e-10 -3.66897e-10
26.8438 -7.84726 5.25355e-11 -2.15361e-10 -3.65496e-10
26.2813 -7.37619 4.45876e-12 -1.27658e-10 -4.05749e-10
26.8438 -7.38111 5.84424e-11 -2.57107e-10 -4.93698e-10
27.4064 -7.85175 1.37574e-10 -3.71664e-10 -3.54911e-10
27.9688 -7.85547 1.56439e-10 -4.45256e-10 -5.12101e-10
27.4064 -7.38532 1.31763e-10 -3.85908e-10 -4.67985e-10
27.9689 -7.38882 1.97863e-10 -5.25955e-10 -5.5457e-10
26.2812 -6.91036 -2.29103e-11 -9.33803e-11 -5.10647e-10
26.8438 -6.91496 6.29258e-11 -2.63833e-10 -5.19397e-10
26.2813 -6.44451 -1.52456e-11 -1.36145e-10 -6.54704e-10
26.8439 -6.44881 7.34522e-11 -3.1179e-10 -6.65794e-10
27.4064 -6.9189 1.29614e-10 -4.04085e-10 -5.84547e-10
27.969 -6.92217 2.24222e-10 -6.03051e-10 -6.98432e-10
27.4065 -6.45248 1.49435e-10 -4.76605e-10 -7.66769e-10
27.969 -6.45554 2.39149e-10 -6.60035e-10 -8.6908e-10
28.5314 -7.85841 2.51588e-10 -6.26052e-10 -5.6508e-10
29.0939 -7.86061 3.48434e-10 -8.36033e-10 -7.39134e-10
28.5315 -7.3916 3.15061e-10 -7.43922e-10 -6.05342e-10
29.094 -7.39369 3.82117e-10 -9.29732e-10 -9.1067e-10
29.6563 -7.86207 4.45082e-10 -1.01302e-09 -8.28896e-10
30.2188 -7.86275 5.63832e-10 -1.22225e-09 -9.2651e-10
29.6565 -7.39504 5.04754e-10 -1.13635e-09 -9.52526e-10
30.2189 -7.39566 5.08181e-10 -1.16425e-09 -1.13135e-09
28.5315 -6.92479 3.22517e-10 -8.08829e-10 -8.47924e-10
29.094 -6.92674 4.30784e-10 -1.01643e-09 -9.69685e-10
28.5316 -6.45798 3.44096e-10 -8.78805e-10 -1.0376e-09
29.0941 -6.45981 4.4955e-10 -1.08817e-09 -1.20371e-09
29.6565 -6.92803 4.69171e-10 -1.08998e-09 -1.0831e-09
30.219 -6.92859 5.77555e-10 -1.34136e-09 -1.44868e-09
29.6566 -6.46097 5.11376e-10 -1.21617e-09 -1.38964e-09
30.2191 -6.46151 6.30745e-10 -1.47751e-09 -1.75366e-09
