30.7811 -9.73107 6.76691e-10 -1.20439e-09 -2.04072e-10
31.3437 -9.73013 7.96547e-10 -1.37954e-09 -2.17496e-10
30.7812 -9.26401 6.72462e-10 -1.25378e-09 -3.91778e-10
31.3437 -9.26311 7.68277e-10 -1.42663e-09 -5.26914e-10
31.9062 -9.72828 8.3529e-10 -1.43171e-09 -2.77714e-10
32.4687 -9.72551 8.30843e-10 -1.39258e-09 -2.72013e-10
31.9062 -9.26133 7.90784e-10 -1.46288e-09 -6.24734e-10
32.4688 -9.25868 7.72891e-10 -1.44586e-09 -7.6139e-10
30.7813 -8.79696 6.83885e-10 -1.36718e-09 -7.2454e-10
31.3438 -8.79608 8.08704e-10 -1.55853e-09 -7.7565e-10
30.7814 -8.32981 6.87682e-10 -1.40417e-09 -8.72847e-10
31.3439 -8.32899 7.63346e-10 -1.5597e-09 -1.08859e-09
31.9062 -8.79438 7.79629e-10 -1.53339e-09 -9.60562e-10
32.4688 -8.79185 6.91813e-10 -1.39759e-09 -1.07726e-09
31.9062 -8.32741 7.60257e-10 -1.58876e-09 -1.32752e-09
32.4688 -8.325 6.52078e-10 -1.44344e-09 -1.53591e-09
33.0312 -9.72179 6.72738e-10 -1.16273e-09 -4.07383e-10
33.5937 -9.71712 5.04083e-10 -8.61675e-10 -3.32124e-10
33.0313 -9.25512 6.08558e-10 -1.20533e-09 -9.01028e-10
33.5938 -9.25059 3.0459e-10 -7.25727e-10 -9.07642e-10
34.1563 -9.7115 2.86103e-10 -5.44637e-10 -4.03384e-10
34.7188 -9.70506 7.79867e-12 -1.17814e-10 -3.54866e-10
34.1563 -9.24531 2.07754e-10 -6.32548e-10 -1.12564e-09
34.7187 -9.23919 -4.55037e-11 -2.16454e-10 -9.87807e-10
33.0314 -8.78851 4.84765e-10 -1.08199e-09 -1.18612e-09
33.5939 -8.78433 2.41782e-10 -7.77234e-10 -1.47964e-09
33.0314 -8.3218 4.9471e-10 -1.25907e-09 -1.85656e-09
33.5939 -8.31782 2.47727e-10 -8.73139e-10 -1.89299e-09
34.1563 -8.77926 1.25439e-10 -6.19058e-10 -1.57844e-09
34.7188 -8.77332 -9.26525e-11 -3.00395e-10 -1.60205e-09
34.1563 -8.31302 2.31641e-11 -5.79754e-10 -2.09652e-09
34.7188 -8.30742 -1.60145e-10 -3.07814e-10 -2.10214e-09
30.7814 -7.86272 7.33505e-10 -1.56314e-09 -1.22947e-09
31.3439 -7.862 7.47947e-10 -1.6295e-09 -1.51233e-09
30.7815 -7.39564 7.48309e-10 -1.60262e-09 -1.36575e-09
31.3439 -7.39493 7.37378e-10 -1.59305e-09 -1.53248e-09
31.9063 -7.86046 6.7339e-10 -1.48068e-09 -1.52788e-09
32.4688 -7.85814 6.15473e-10 -1.49696e-09 -2.06037e-09
31.9064 -7.39348 7.42107e-10 -1.7077e-09 -2.1007e-09
32.4688 -7.39132 5.70858e-10 -1.42999e-09 -2.2051e-09
30.7815 -6.92853 7.74705e-10 -1.6743e-09 -1.57407e-09
31.344 -6.92783 8.46639e-10 -1.8392e-09 -1.92275e-09
30.7815 -6.46147 7.54651e-10 -1.69926e-09 -1.95387e-09
31.344 -6.46082 7.94228e-10 -1.80821e-09 -2.31597e-09
31.9064 -6.92648 6.5926e-10 -1.58056e-09 -2.26964e-09
32.4689 -6.92447 5.6117e-10 -1.47493e-09 -2.62132e-09
31.9064 -6.45955 7.03659e-10 -1.68405e-09 -2.58551e-09
32.4689 -6.45765 5.42573e-10 -1.4743e-09 -2.94828e-09
33.0314 -7.85512 4.60306e-10 -1.2613e-09 -2.18626e-09
33.5939 -7.85135 2.06677e-10 -9.31684e-10 -2.48989e-09
33.0314 -7.38846 3.89963e-10 -1.20848e-09 -2.55879e-09
33.5939 -7.3849 1.83119e-10 -9.26617e-10 -2.77884e-09
34.1563 -7.84682 -7.63327e-11 -5.4284e-10 -2.66984e-09
34.7188 -7.84155 -2.39402e-10 -3.02065e-10 -2.678e-09
34.1563 -7.38064 -7.69597e-11 -5.87703e-10 -3.039e-09
34.7188 -7.37566 -2.96099e-10 -2.90114e-10 -3.15666e-09
33.0314 -6.92179 3.81965e-10 -1.2331e-09 -2.89895e-09
33.5939 -6.91843 1.59789e-10 -9.34322e-10 -3.16352e-09
33.0314 -6.45512 3.73862e-10 -1.25431e-09 -3.27274e-09
33.5939 -6.45198 1.49536e-10 -9.56061e-10 -3.57629e-09
34.1563 -6.91442 -9.95234e-11 -5.91019e-10 -3.41544e-09
34.7188 -6.90974 -3.02075e-10 -3.12612e-10 -3.51807e-09
34.1563 -6.44821 -8.94594e-11 -6.27296e-10 -3.77124e-09
34.7188 -6.44382 -2.99098e-10 -3.34357e-10 -3.86284e-09
26.2813 -5.97864 -1.05834e-11 -1.65632e-10 -7.90887e-10
26.8439 -5.98263 7.22624e-11 -3.42929e-10 -8.62404e-10
26.2813 -5.51275 -1.67462e-11 -1.75443e-10 -9.60461e-10
26.8439 -5.51642 6.67239e-11 -3.61171e-10 -1.07226e-09
27.4065 -5.98604 1.46631e-10 -5.01264e-10 -9.58996e-10
27.9691 -5.98888 2.49437e-10 -7.11473e-10 -1.08071e-09
27.4065 -5.51956 1.61003e-10 -5.46236e-10 -1.1228e-09
27.9691 -5.52217 2.58897e-10 -7.63001e-10 -1.33623e-09
26.2813 -5.04684 -1.99586e-11 -1.84539e-10 -1.12787e-09
26.8439 -5.0502 9.04039e-11 -4.08071e-10 -1.17241e-09
26.2813 -4.58091 -1.05901e-11 -2.13943e-10 -1.30082e-09
26.844 -4.58396 1.18848e-10 -4.77194e-10 -1.36502e-09
27.4066 -5.05308 1.72262e-10 -5.84568e-10 -1.31358e-09
27.9692 -5.05547 3.10662e-10 -8.52554e-10 -1.41829e-09
27.4066 -4.58658 2.07297e-10 -6.54464e-10 -1.4612e-09
27.9692 -4.58875 3.29324e-10 -8.87652e-10 -1.56301e-09
28.5316 -5.99113 3.49292e-10 -9.17415e-10 -1.25135e-09
29.0942 -5.99282 4.19947e-10 -1.04933e-09 -1.36479e-09
28.5317 -5.52427 3.87359e-10 -1.00292e-09 -1.43435e-09
29.0942 -5.52582 4.96051e-10 -1.26393e-09 -1.87221e-09
29.6567 -5.99394 5.53426e-10 -1.34061e-09 -1.73726e-09
30.2192 -5.99448 6.57373e-10 -1.55673e-09 -2.05201e-09
29.6568 -5.52682 5.97963e-10 -1.43272e-09 -1.95617e-09
30.2192 -5.52732 6.4646e-10 -1.56943e-09 -2.39019e-09
28.5318 -5.05737 3.90141e-10 -1.00791e-09 -1.56687e-09
29.0943 -5.05879 4.91436e-10 -1.20665e-09 -1.77702e-09
28.5318 -4.59048 4.753e-10 -1.19955e-09 -1.93529e-09
29.0943 -4.59176 5.21541e-10 -1.26177e-09 -1.96482e-09
29.6568 -5.05972 6.13603e-10 -1.47172e-09 -2.20229e-09
30.2193 -5.06016 7.13848e-10 -1.65802e-09 -2.45814e-09
29.6569 -4.59259 7.15145e-10 -1.63883e-09 -2.35832e-09
30.2193 -4.59299 7.44078e-10 -1.7105e-09 -2.71302e-09
26.2813 -4.11498 -8.91963e-12 -2.25911e-10 -1.50154e-09
26.844 -4.11772 1.24252e-10 -4.8912e-10 -1.52804e-09
26.2814 -3.64904 7.37378e-13 -2.36436e-10 -1.6312e-09
26.844 -3.65148 1.35327e-10 -5.11472e-10 -1.72711e-09
27.4067 -4.12006 2.10221e-10 -6.60781e-10 -1.63167e-09
27.9693 -4.12198 3.30761e-10 -8.92171e-10 -1.75253e-09
27.4067 -3.65356 2.45506e-10 -7.29035e-10 -1.84214e-09
27.9694 -3.65527 4.42839e-10 -1.09136e-09 -1.88988e-09
26.2814 -3.18311 -1.30748e-12 -2.26091e-10 -1.82117e-09
26.8441 -3.18524 1.49821e-10 -5.24366e-10 -1.85281e-09
26.2814 -2.71718 1.45462e-11 -2.53496e-10 -2.09022e-09
26.8441 -2.71902 1.28186e-10 -4.80065e-10 -2.15634e-09
27.4068 -3.18708 3.09544e-10 -8.38265e-10 -1.99447e-09
27.9694 -3.18861 3.70067e-10 -9.68497e-10 -2.28657e-09
27.4068 -2.7206 2.87925e-10 -7.96079e-10 -2.33233e-09
27.9695 -2.72193 4.337e-10 -1.07548e-09 -2.55267e-09
28.5319 -4.12352 6.05161e-10 -1.40823e-09 -1.95542e-09
29.0943 -4.12469 6.50267e-10 -1.48898e-09 -2.16042e-09
28.5319 -3.65665 5.24337e-10 -1.24881e-09 -2.1255e-09
29.0944 -3.65767 5.81659e-10 -1.37966e-09 -2.54355e-09
29.6569 -4.12547 7.54551e-10 -1.73939e-09 -2.84152e-09
30.2194 -4.12582 8.59883e-10 -1.8818e-09 -2.82952e-09
29.657 -3.65836 7.13023e-10 -1.61501e-09 -2.8074e-09
30.2194 -3.65869 8.53545e-10 -1.86911e-09 -3.17771e-09
28.5321 -3.18981 5.91195e-10 -1.37944e-09 -2.50303e-09
29.0944 -3.19067 5.57031e-10 -1.29039e-09 -2.52417e-09
28.5321 -2.72298 6.05758e-10 -1.39788e-09 -2.84914e-09
29.0946 -2.72372 7.68114e-10 -1.68828e-09 -3.14753e-09
29.6571 -3.19127 8.08649e-10 -1.75462e-09 -2.96796e-09
30.2195 -3.19157 9.71539e-10 -2.03824e-09 -3.34216e-09
29.657 -2.72422 8.20041e-10 -1.74887e-09 -3.20989e-09
30.2195 -2.7245 1.00081e-09 -2.06374e-09 -3.65445e-09
30.7815 -5.99441 7.38287e-10 -1.72326e-09 -2.35823e-09
31.344 -5.99379 7.85204e-10 -1.8159e-09 -2.60943e-09
30.7816 -5.52727 7.87132e-10 -1.80432e-09 -2.554e-09
31.344 -5.52668 7.93949e-10 -1.84855e-09 -2.92986e-09
31.9064 -5.99258 6.93819e-10 -1.70854e-09 -2.9915e-09
32.4689 -5.9908 5.44676e-10 -1.51182e-09 -3.35496e-09
31.9065 -5.52557 7.0351e-10 -1.73552e-09 -3.30851e-09
32.469 -5.52392 5.62697e-10 -1.54577e-09 -3.67175e-09
30.7817 -5.06012 8.32521e-10 -1.88551e-09 -2.82004e-09
31.3441 -5.05959 8.33651e-10 -1.91032e-09 -3.18192e-09
30.7817 -4.59295 8.79376e-10 -1.95241e-09 -3.03347e-09
31.3442 -4.59248 8.59465e-10 -1.93843e-09 -3.41479e-09
31.9066 -5.05856 7.41062e-10 -1.78918e-09 -3.57606e-09
32.469 -5.05706 5.97684e-10 -1.58981e-09 -3.94637e-09
31.9066 -4.59156 7.82328e-10 -1.83552e-09 -3.81041e-09
32.469 -4.59019 6.54614e-10 -1.65402e-09 -4.18085e-09
33.0314 -5.98844 3.80402e-10 -1.296e-09 -3.69428e-09
33.5939 -5.98552 1.6177e-10 -9.99853e-10 -3.99118e-09
33.0314 -5.52175 3.90247e-10 -1.31217e-09 -4.01449e-09
33.5939 -5.51904 1.84976e-10 -1.02795e-09 -4.29176e-09
34.1563 -5.98201 -1.01214e-10 -6.31098e-10 -4.18075e-09
34.7187 -5.97791 -3.31983e-10 -3.08754e-10 -4.28524e-09
34.1564 -5.51579 -6.87349e-11 -6.67745e-10 -4.47135e-09
34.7188 -5.512 -3.05189e-10 -3.38264e-10 -4.59593e-09
33.0315 -5.05506 4.4345e-10 -1.37504e-09 -4.27053e-09
33.5939 -5.05258 2.10505e-10 -1.04539e-09 -4.55892e-09
33.0315 -4.58839 4.9421e-10 -1.42418e-09 -4.51055e-09
33.594 -4.58614 2.59218e-10 -1.08418e-09 -4.7866e-09
34.1564 -5.0496 -3.18692e-11 -6.9699e-10 -4.72719e-09
34.7188 -5.04614 -2.73578e-10 -3.55871e-10 -4.84208e-09
34.1564 -4.58344 1.6316e-11 -7.28992e-10 -4.93711e-09
34.7188 -4.58029 -2.48377e-10 -3.43676e-10 -4.99171e-09
30.7818 -4.12581 9.19834e-10 -2.00921e-09 -3.29946e-09
31.3442 -4.1254 9.26966e-10 -2.03012e-09 -3.66498e-09
30.7818 -3.65868 9.62427e-10 -2.05126e-09 -3.4864e-09
31.3442 -3.65835 1.01118e-09 -2.14237e-09 -3.92276e-09
31.9066 -4.12459 8.45911e-10 -1.91608e-09 -4.08551e-09
32.4691 -4.12338 7.20009e-10 -1.72933e-09 -4.45163e-09
31.9066 -3.65766 9.1464e-10 -1.99052e-09 -4.31153e-09
32.4691 -3.65662 7.76585e-10 -1.78199e-09 -4.71719e-09
30.7818 -3.19158 1.0207e-09 -2.11656e-09 -3.69948e-09
31.3442 -3.1913 1.08173e-09 -2.21903e-09 -4.13281e-09
30.7819 -2.7245 1.10925e-09 -2.23632e-09 -4.02426e-09
31.3442 -2.72426 1.16441e-09 -2.31852e-09 -4.44639e-09
31.9066 -3.19072 1.01113e-09 -2.10125e-09 -4.5247e-09
32.4691 -3.18984 8.7579e-10 -1.88985e-09 -4.9464e-09
31.9066 -2.72375 1.13003e-09 -2.22828e-09 -4.59142e-09
32.4691 -2.72299 9.93679e-10 -2.02063e-09 -5.18102e-09
33.0315 -4.12177 5.46209e-10 -1.47088e-09 -4.77155e-09
33.594 -4.11974 2.99548e-10 -1.10464e-09 -5.02148e-09
33.0316 -3.6552 6.27695e-10 -1.55499e-09 -5.03091e-09
33.594 -3.65338 3.581e-10 -1.14964e-09 -5.29069e-09
34.1565 -4.11732 4.15289e-11 -7.29374e-10 -5.21145e-09
34.7188 -4.11451 -2.17877e-10 -3.48351e-10 -5.2476e-09
34.1565 -3.65122 6.40191e-11 -7.11008e-10 -5.42566e-09
34.7188 -3.64869 -2.35736e-10 -2.8338e-10 -5.56963e-09
33.0316 -3.18861 6.78933e-10 -1.58124e-09 -5.25481e-09
33.5941 -3.187 4.37197e-10 -1.2094e-09 -5.47748e-09
33.0317 -2.72194 8.37887e-10 -1.77167e-09 -5.53786e-09
33.5942 -2.72059 4.67314e-10 -1.19622e-09 -5.73695e-09
34.1565 -3.18511 1.13282e-10 -7.27413e-10 -5.65462e-09
34.7189 -3.18293 -1.70073e-10 -3.14026e-10 -5.73002e-09
34.1566 -2.71898 1.75445e-10 -7.58039e-10 -5.90481e-09
34.7189 -2.71713 -1.39245e-10 -3.00653e-10 -6.01978e-09
