26.2814 -2.25133 1.57829e-11 -2.45923e-10 -2.40983e-09
26.8441 -2.25286 1.72822e-10 -5.58986e-10 -2.49668e-09
26.2814 -1.78552 5.97771e-11 -3.08967e-10 -2.66915e-09
26.8441 -1.78677 1.95717e-10 -5.79464e-10 -2.79013e-09
27.4068 -2.25417 3.06993e-10 -8.2526e-10 -2.7268e-09
27.9695 -2.25528 4.98285e-10 -1.18563e-09 -2.94495e-09
27.4068 -1.78784 3.74997e-10 -9.2064e-10 -2.91111e-09
27.9694 -1.78873 4.77433e-10 -1.10681e-09 -3.11963e-09
26.2814 -1.31972 6.33844e-11 -2.77895e-10 -2.87417e-09
26.8441 -1.32066 2.67571e-10 -6.81094e-10 -2.98518e-09
26.2814 -0.853921 9.57065e-11 -2.95936e-10 -3.03399e-09
26.844 -0.854551 3.03877e-10 -7.0385e-10 -3.13104e-09
27.4067 -1.32147 3.95018e-10 -9.17759e-10 -3.11104e-09
27.9693 -1.32216 5.92699e-10 -1.28406e-09 -3.4121e-09
27.4067 -0.855103 4.45091e-10 -9.65545e-10 -3.30366e-09
27.9693 -0.855577 6.50065e-10 -1.33635e-09 -3.52279e-09
28.5321 -2.25616 6.565e-10 -1.46038e-09 -3.06582e-09
29.0947 -2.25684 7.79343e-10 -1.67897e-09 -3.4357e-09
28.5321 -1.78945 6.89515e-10 -1.49313e-09 -3.43832e-09
29.0946 -1.78998 7.50483e-10 -1.58684e-09 -3.70604e-09
29.657 -2.2573 9.01822e-10 -1.88145e-09 -3.73615e-09
30.2195 -2.25752 1.04639e-09 -2.11392e-09 -4.05303e-09
29.657 -1.79034 9.36238e-10 -1.8928e-09 -3.93419e-09
30.2194 -1.79057 1.1279e-09 -2.20862e-09 -4.38242e-09
28.532 -1.32273 7.79349e-10 -1.60711e-09 -3.59194e-09
29.0945 -1.32321 9.02228e-10 -1.81013e-09 -3.97405e-09
28.5319 -0.855989 8.44148e-10 -1.66911e-09 -3.7227e-09
29.0943 -0.856324 9.69043e-10 -1.86342e-09 -3.96858e-09
29.6569 -1.32351 1.04938e-09 -2.03946e-09 -4.20807e-09
30.2193 -1.32362 1.18394e-09 -2.23697e-09 -4.45103e-09
29.6569 -0.856548 1.17574e-09 -2.18754e-09 -4.05918e-09
30.2193 -0.856653 1.31602e-09 -2.39542e-09 -4.57867e-09
26.2813 -0.388119 1.25709e-10 -3.03107e-10 -3.17309e-09
26.844 -0.388447 3.57814e-10 -7.55703e-10 -3.24367e-09
26.2813 0.077691 1.67046e-10 -3.28299e-10 -3.25566e-09
26.844 0.0776742 4.06367e-10 -7.92991e-10 -3.31364e-09
27.4066 -0.388741 5.36219e-10 -1.08419e-09 -3.39296e-09
27.9692 -0.388998 7.31559e-10 -1.42834e-09 -3.50147e-09
27.4065 0.0776522 5.99825e-10 -1.14693e-09 -3.37222e-09
27.9691 0.077626 8.1729e-10 -1.52892e-09 -3.52355e-09
26.2813 0.543501 1.90235e-10 -3.16156e-10 -3.22399e-09
26.8439 0.543804 4.73305e-10 -8.66309e-10 -3.27763e-09
26.2813 1.00932 2.3802e-10 -3.53767e-10 -3.22264e-09
26.8439 1.00995 5.07453e-10 -8.78663e-10 -3.17666e-09
27.4065 0.544054 6.79913e-10 -1.24314e-09 -3.30512e-09
27.969 0.544252 9.11988e-10 -1.64835e-09 -3.41118e-09
27.4064 1.01049 7.59383e-10 -1.34038e-09 -3.24151e-09
27.969 1.01092 9.78307e-10 -1.71892e-09 -3.28024e-09
28.5318 -0.389216 9.23379e-10 -1.75201e-09 -3.76917e-09
29.0943 -0.389349 1.1048e-09 -2.03973e-09 -3.88716e-09
28.5317 0.0775937 1.036e-09 -1.89521e-09 -3.64989e-09
29.0943 0.0775342 1.25988e-09 -2.25326e-09 -3.88964e-09
29.6568 -0.389486 1.29067e-09 -2.32352e-09 -4.13261e-09
30.2193 -0.389633 1.42433e-09 -2.50542e-09 -4.44669e-09
29.6567 0.0775316 1.39036e-09 -2.43071e-09 -4.07031e-09
30.2192 0.0774771 1.59163e-09 -2.72108e-09 -4.27995e-09
28.5316 0.544392 1.15047e-09 -2.04541e-09 -3.55413e-09
29.0941 0.544472 1.30404e-09 -2.27234e-09 -3.63956e-09
28.5315 1.01125 1.2198e-09 -2.11927e-09 -3.36543e-09
29.0941 1.01149 1.4237e-09 -2.42994e-09 -3.54071e-09
29.6567 0.544456 1.46145e-09 -2.48927e-09 -4.03142e-09
30.2191 0.544452 1.57957e-09 -2.63142e-09 -4.26183e-09
29.6566 1.01163 1.59556e-09 -2.67215e-09 -3.64553e-09
30.219 1.01166 1.7156e-09 -2.80628e-09 -3.96649e-09
30.7819 -2.25752 1.17907e-09 -2.32415e-09 -4.47648e-09
31.3442 -2.25728 1.2908e-09 -2.48217e-09 -4.78863e-09
30.7818 -1.79058 1.27479e-09 -2.42677e-09 -4.69416e-09
31.3442 -1.79038 1.36505e-09 -2.54324e-09 -5.02605e-09
31.9065 -2.25685 1.18972e-09 -2.2883e-09 -5.06167e-09
32.4691 -2.25619 1.0325e-09 -2.00996e-09 -5.27779e-09
31.9065 -1.79001 1.29852e-09 -2.40227e-09 -5.35508e-09
32.4691 -1.78948 1.13292e-09 -2.10519e-09 -5.58019e-09
30.7818 -1.32362 1.38976e-09 -2.55107e-09 -4.82951e-09
31.3442 -1.32348 1.42914e-09 -2.573e-09 -5.10084e-09
30.7818 -0.856648 1.48827e-09 -2.63808e-09 -4.78071e-09
31.3441 -0.856548 1.52004e-09 -2.6444e-09 -5.17359e-09
31.9066 -1.3232 1.27545e-09 -2.28685e-09 -5.45232e-09
32.4691 -1.32279 1.17941e-09 -2.0947e-09 -5.60748e-09
31.9066 -0.856359 1.39434e-09 -2.39061e-09 -5.34187e-09
32.4692 -0.856086 1.12441e-09 -1.91563e-09 -5.3373e-09
33.0317 -2.2553 8.60242e-10 -1.73869e-09 -5.75284e-09
33.5942 -2.2542 5.86973e-10 -1.31437e-09 -6.05431e-09
33.0317 -1.78877 1.00938e-09 -1.88269e-09 -5.76465e-09
33.5943 -1.78789 7.93977e-10 -1.53713e-09 -6.05941e-09
34.1566 -2.25289 2.52121e-10 -8.07261e-10 -6.21777e-09
34.7189 -2.25136 -7.53441e-11 -3.29397e-10 -6.34733e-09
34.1566 -1.78684 3.6015e-10 -8.84586e-10 -6.36714e-09
34.7189 -1.7856 -2.63044e-11 -3.19204e-10 -6.52528e-09
33.0317 -1.32226 1.09363e-09 -1.91673e-09 -5.54364e-09
33.5943 -1.32162 9.06408e-10 -1.61456e-09 -5.99597e-09
33.0317 -0.855737 1.12042e-09 -1.86629e-09 -5.22185e-09
33.5943 -0.855314 1.26918e-09 -2.06451e-09 -5.70123e-09
34.1567 -1.32082 4.52825e-10 -9.31603e-10 -6.4337e-09
34.7189 -1.31985 4.89384e-11 -3.32887e-10 -6.48316e-09
34.1567 -0.854787 6.87217e-10 -1.18065e-09 -6.31457e-09
34.719 -0.854157 1.3717e-10 -3.65094e-10 -6.38491e-09
30.7817 -0.389645 1.61556e-09 -2.77549e-09 -4.77033e-09
31.3441 -0.389575 1.63036e-09 -2.74284e-09 -5.05021e-09
30.7817 0.0774026 1.73486e-09 -2.90011e-09 -4.64405e-09
31.3442 0.077437 1.75758e-09 -2.8731e-09 -4.8487e-09
31.9066 -0.389465 1.38872e-09 -2.30115e-09 -5.49314e-09
32.4692 -0.389311 1.13792e-09 -1.85843e-09 -5.54154e-09
31.9067 0.0774819 1.66894e-09 -2.66737e-09 -5.15569e-09
32.4692 0.0775222 1.33275e-09 -2.07953e-09 -5.93158e-09
30.7817 0.544488 1.80811e-09 -2.95577e-09 -4.28521e-09
31.3442 0.544459 1.86104e-09 -2.97207e-09 -4.57032e-09
30.7817 1.01161 1.91495e-09 -3.07689e-09 -3.99371e-09
31.3442 1.01151 1.93425e-09 -3.0381e-09 -4.05548e-09
31.9067 0.544372 1.78846e-09 -2.78706e-09 -4.7544e-09
32.4693 0.544232 1.66999e-09 -2.53537e-09 -5.03542e-09
31.9068 1.01129 1.89232e-09 -2.89921e-09 -4.19573e-09
32.4693 1.01097 1.79562e-09 -2.67749e-09 -4.39306e-09
33.0318 -0.389137 1.20638e-09 -1.9293e-09 -5.9299e-09
33.5943 -0.388941 1.4562e-09 -2.26577e-09 -5.99304e-09
33.0318 0.0774882 1.31817e-09 -2.01109e-09 -6.54787e-09
33.5942 0.0774249 1.3306e-09 -1.98796e-09 -6.22009e-09
34.1567 -0.388719 7.39533e-10 -1.16406e-09 -6.13247e-09
34.719 -0.38848 2.5568e-10 -4.40127e-10 -5.97581e-09
34.1567 0.0773477 7.80641e-10 -1.13642e-09 -5.87567e-09
34.7189 0.0772547 2.35999e-10 -3.26278e-10 -6.04365e-09
33.0318 0.544024 1.47979e-09 -2.18288e-09 -5.34115e-09
33.5942 0.543715 1.2387e-09 -1.7697e-09 -5.54511e-09
33.0318 1.01054 1.61967e-09 -2.33925e-09 -4.69073e-09
33.5942 1.01 1.31102e-09 -1.81703e-09 -4.91624e-09
34.1567 0.543344 7.53133e-10 -1.01754e-09 -5.47417e-09
34.7189 0.542927 2.71975e-10 -2.98321e-10 -5.66075e-09
34.1567 1.00939 8.12051e-10 -1.04005e-09 -4.99645e-09
34.7189 1.00866 1.99428e-10 -1.25473e-10 -5.25143e-09
26.2813 1.47514 2.63102e-10 -3.49893e-10 -3.14467e-09
26.8438 1.4761 5.80498e-10 -9.69266e-10 -3.11474e-09
26.2813 1.94096 3.00399e-10 -3.8362e-10 -2.9357e-09
26.8438 1.94224 6.1427e-10 -9.97179e-10 -2.88371e-09
27.4064 1.47691 8.25076e-10 -1.41914e-09 -3.07359e-09
27.9689 1.47758 1.09123e-09 -1.88098e-09 -3.16378e-09
27.4064 1.94333 9.18243e-10 -1.5576e-09 -2.89477e-09
27.9689 1.94423 1.16981e-09 -1.99467e-09 -2.87787e-09
26.2813 2.40676 3.19035e-10 -3.97592e-10 -2.61743e-09
26.8438 2.40835 6.69513e-10 -1.07986e-09 -2.60934e-09
26.2813 2.87255 3.3103e-10 -4.1745e-10 -2.23156e-09
26.8438 2.87446 6.99617e-10 -1.14267e-09 -2.15576e-09
27.4063 2.40971 9.70085e-10 -1.64149e-09 -2.51012e-09
27.9689 2.41084 1.24904e-09 -2.12665e-09 -2.51237e-09
27.4063 2.8761 1.02799e-09 -1.75284e-09 -2.1057e-09
27.9688 2.87746 1.3192e-09 -2.26135e-09 -2.08041e-09
28.5315 1.47811 1.33119e-09 -2.27486e-09 -3.21484e-09
29.094 1.4785 1.52584e-09 -2.56525e-09 -3.33092e-09
28.5314 1.94494 1.44068e-09 -2.44287e-09 -2.91229e-09
29.0939 1.94547 1.62651e-09 -2.71291e-09 -3.00712e-09
29.6565 1.47875 1.66478e-09 -2.74131e-09 -3.49849e-09
30.219 1.47888 1.79355e-09 -2.90045e-09 -3.48605e-09
29.6565 1.94582 1.7863e-09 -2.92057e-09 -3.15594e-09
30.219 1.94599 1.87401e-09 -3.00187e-09 -3.19294e-09
28.5314 2.41174 1.51824e-09 -2.56706e-09 -2.55771e-09
29.0939 2.41241 1.7113e-09 -2.84817e-09 -2.62211e-09
28.5313 2.87854 1.59303e-09 -2.70525e-09 -2.13661e-09
29.0939 2.87935 1.7727e-09 -2.95494e-09 -2.23096e-09
29.6564 2.41285 1.83832e-09 -2.9959e-09 -2.73271e-09
30.2189 2.41304 1.86737e-09 -2.97339e-09 -2.7786e-09
29.6564 2.87986 1.87111e-09 -3.05566e-09 -2.26772e-09
30.2189 2.8801 1.88793e-09 -3.00789e-09 -2.33535e-09
26.2813 3.33833 3.31424e-10 -4.39135e-10 -1.76109e-09
26.8438 3.34057 7.31352e-10 -1.22236e-09 -1.723e-09
26.2813 3.80411 3.24931e-10 -4.69147e-10 -1.25753e-09
26.8438 3.80667 7.44738e-10 -1.29142e-09 -1.22237e-09
27.4063 3.34248 1.06994e-09 -1.84978e-09 -1.68504e-09
27.9688 3.34407 1.37577e-09 -2.37995e-09 -1.6928e-09
27.4062 3.80885 1.09701e-09 -1.94402e-09 -1.18753e-09
27.9687 3.81067 1.41393e-09 -2.49256e-09 -1.19808e-09
26.2812 4.26989 3.07761e-10 -5.05421e-10 -6.9861e-10
26.8437 4.27277 7.3893e-10 -1.34757e-09 -6.79921e-10
26.2812 4.73568 2.79483e-10 -5.27458e-10 -2.05775e-10
26.8437 4.73888 7.188e-10 -1.38211e-09 -2.07955e-10
27.4062 4.27523 1.10748e-09 -2.02548e-09 -6.80311e-10
27.9687 4.27728 1.43186e-09 -2.58729e-09 -6.84785e-10
27.4062 4.74162 1.10019e-09 -2.08443e-09 -2.0806e-10
27.9687 4.7439 1.41673e-09 -2.633e-09 -1.97801e-10
28.5313 3.34533 1.65364e-09 -2.83013e-09 -1.72847e-09
29.0938 3.34627 1.8261e-09 -3.06725e-09 -1.78333e-09
28.5312 3.81211 1.69745e-09 -2.95082e-09 -1.22888e-09
29.0938 3.81319 1.86398e-09 -3.17233e-09 -1.29439e-09
29.6563 3.34688 1.92275e-09 -3.15827e-09 -1.8499e-09
30.2188 3.34718 1.91113e-09 -3.0612e-09 -1.89304e-09
29.6563 3.8139 1.92426e-09 -3.19789e-09 -1.34863e-09
30.2188 3.81423 1.9292e-09 -3.12641e-09 -1.40268e-09
28.5312 4.27891 1.71265e-09 -3.03851e-09 -7.13128e-10
29.0937 4.28014 1.87725e-09 -3.25866e-09 -7.46889e-10
28.5312 4.74573 1.70867e-09 -3.10606e-09 -2.11902e-10
29.0937 4.74709 1.865e-09 -3.31271e-09 -2.27801e-10
29.6562 4.28094 1.92351e-09 -3.25609e-09 -8.07596e-10
30.2187 4.28133 1.90228e-09 -3.14813e-09 -7.92442e-10
29.6561 4.74801 1.89474e-09 -3.29314e-09 -2.06171e-10
30.2186 4.74845 1.85533e-09 -3.14462e-09 -2.4707e-10
30.7816 1.47881 1.98157e-09 -3.14813e-09 -3.53676e-09
31.3442 1.47857 1.94651e-09 -3.01788e-09 -3.58747e-09
30.7814 1.94595 1.88446e-09 -2.94221e-09 -3.33372e-09
31.3441 1.94565 1.79758e-09 -2.76883e-09 -2.79521e-09
31.9068 1.47822 1.92722e-09 -2.9303e-09 -3.3813e-09
32.4693 1.47774 1.935e-09 -2.86942e-09 -3.56931e-09
31.9067 1.94517 1.83391e-09 -2.79568e-09 -2.33207e-09
32.4692 1.94454 2.26109e-09 -3.39409e-09 -2.51922e-09
30.7814 2.41297 1.94353e-09 -3.03302e-09 -2.78944e-09
31.344 2.41267 1.50192e-09 -2.25619e-09 -2.58974e-09
30.7813 2.88006 1.91533e-09 -2.99071e-09 -2.28534e-09
31.3439 2.87971 1.55798e-09 -2.31543e-09 -2.50842e-09
31.9066 2.41214 1.75498e-09 -2.62994e-09 -2.36936e-09
32.4691 2.41135 2.28716e-09 -3.42886e-09 -2.11039e-09
31.9065 2.87907 1.65171e-09 -2.42728e-09 -2.3714e-09
32.469 2.87815 2.10489e-09 -3.12223e-09 -1.98331e-09
33.0318 1.47712 1.7402e-09 -2.48569e-09 -4.032e-09
33.5942 1.47635 1.40898e-09 -1.92071e-09 -4.3031e-09
33.0317 1.94373 1.9604e-09 -2.81333e-09 -3.24076e-09
33.5942 1.94273 1.52841e-09 -2.0775e-09 -3.6449e-09
34.1566 1.47541 8.21297e-10 -9.95087e-10 -4.69515e-09
34.7189 1.47434 3.47523e-10 -2.83153e-10 -4.83252e-09
34.1566 1.94155 1.0095e-09 -1.24619e-09 -4.0026e-09
34.7189 1.94018 3.89094e-10 -3.19618e-10 -4.06722e-09
33.0316 2.41034 2.11417e-09 -3.09897e-09 -1.9766e-09
33.5941 2.40912 1.80908e-09 -2.5119e-09 -2.78265e-09
33.0316 2.87696 2.20502e-09 -3.20351e-09 -2.03733e-09
33.5941 2.87551 2.07505e-09 -2.90951e-09 -2.3617e-09
34.1566 2.40767 1.06185e-09 -1.31336e-09 -3.36033e-09
34.7189 2.40597 4.35448e-10 -3.61315e-10 -3.62076e-09
34.1565 2.87377 1.14449e-09 -1.44173e-09 -2.74124e-09
34.7188 2.87178 3.85594e-10 -3.20478e-10 -2.67947e-09
30.7813 3.34713 1.86036e-09 -2.91848e-09 -1.79052e-09
31.3438 3.34673 1.52393e-09 -2.31797e-09 -1.63792e-09
30.7812 3.81419 1.73109e-09 -2.74041e-09 -1.27177e-09
31.3437 3.81378 1.41081e-09 -2.18761e-09 -1.00482e-09
31.9064 3.34601 1.57767e-09 -2.35313e-09 -1.63513e-09
32.4689 3.34499 2.04295e-09 -3.03899e-09 -1.5766e-09
31.9063 3.813 1.70886e-09 -2.61313e-09 -1.04363e-09
32.4689 3.81185 1.96297e-09 -2.93854e-09 -1.17957e-09
30.7812 4.28131 1.7393e-09 -2.7874e-09 -9.05643e-10
31.3437 4.28087 1.33276e-09 -2.03083e-09 -1.09395e-09
30.7811 4.74845 1.79006e-09 -2.9577e-09 -2.9209e-10
31.3436 4.74798 1.42923e-09 -2.24821e-09 -6.16515e-10
31.9062 4.28001 1.74368e-09 -2.67082e-09 -9.16951e-10
32.4687 4.27873 1.92079e-09 -2.9173e-09 -7.27373e-10
31.9061 4.74705 1.55504e-09 -2.43961e-09 -3.69554e-10
32.4687 4.74566 1.99508e-09 -3.08639e-09 -3.17135e-10
33.0315 3.34363 2.23468e-09 -3.28373e-09 -1.4298e-09
33.594 3.34194 2.17058e-09 -3.0744e-09 -1.83178e-09
33.0314 3.81031 2.14087e-09 -3.14883e-09 -1.17751e-09
33.5939 3.80839 2.2227e-09 -3.21449e-09 -1.09475e-09
34.1565 3.3399 1.21319e-09 -1.56437e-09 -2.1522e-09
34.7188 3.33749 5.01153e-10 -4.9575e-10 -2.22188e-09
34.1563 3.80609 1.16695e-09 -1.57097e-09 -1.25714e-09
34.7188 3.80339 4.78869e-10 -5.07378e-10 -1.57392e-09
33.0313 4.27702 2.14381e-09 -3.19973e-09 -7.10669e-10
33.5938 4.2749 2.24398e-09 -3.29779e-09 -5.95548e-10
33.0312 4.74381 1.98209e-09 -2.99933e-09 -3.23068e-10
33.5937 4.74148 2.18649e-09 -3.24307e-09 -3.24473e-10
34.1563 4.27235 1.31522e-09 -1.83805e-09 -7.5471e-10
34.7187 4.26941 4.21224e-10 -4.89135e-10 -9.06082e-10
34.1562 4.73872 1.31554e-09 -1.89635e-09 -2.88482e-10
34.7187 4.73551 3.88347e-10 -5.22463e-10 -2.61191e-10
