26.2812 -9.70525 -0.000369598 0.000448599 -0.000809574
26.8436 -9.71166 -0.000863135 0.00140557 -0.000639496
26.2813 -9.23952 -0.000475791 0.000324863 -0.00194224
26.8437 -9.24562 -0.00112652 0.00144356 -0.00211672
27.4061 -9.7172 -0.00145371 0.00269708 -0.000701984
27.9685 -9.72183 -0.0021818 0.00370938 -0.000573939
27.4062 -9.25085 -0.0016044 0.00254582 -0.00169019
27.9686 -9.25526 -0.00230413 0.00358993 -0.00162459
26.2813 -8.77371 -0.000734126 0.000310494 -0.00332591
26.8438 -8.77957 -0.00115505 0.00135253 -0.0030652
26.2812 -8.3079 -0.000817115 0.000206597 -0.00453235
26.8438 -8.31345 -0.00132324 0.00152078 -0.00420244
27.4062 -8.78455 -0.0019192 0.00268856 -0.00292541
27.9687 -8.78869 -0.00232967 0.00352043 -0.00223511
27.4063 -8.31819 -0.00200666 0.0028936 -0.00376704
27.9688 -8.32208 -0.00259863 0.00380268 -0.00298771
28.5311 -9.72553 -0.00244404 0.00432806 -0.000498586
29.0937 -9.72832 -0.00258046 0.00456442 -0.000443402
28.5312 -9.25876 -0.00254145 0.00420406 -0.0013084
29.0937 -9.26141 -0.00269726 0.00458948 -0.00096813
29.6562 -9.73016 -0.00259772 0.00453495 -0.000227359
30.2187 -9.73108 -0.00266446 0.00452367 -0.000179121
29.6562 -9.26317 -0.00270985 0.00455467 -0.000780994
30.2187 -9.26403 -0.00283346 0.00477702 -0.000528431
28.5312 -8.79199 -0.00271158 0.00429739 -0.00202001
29.0938 -8.79445 -0.0027532 0.00459761 -0.0012623
28.5313 -8.3252 -0.00290126 0.0046133 -0.00231316
29.0938 -8.32752 -0.00289582 0.00499919 -0.00131339
29.6563 -8.79611 -0.00288548 0.00477189 -0.000892717
30.2188 -8.79696 -0.00289759 0.00477703 -0.000742166
29.6563 -8.32907 -0.00302871 0.00493939 -0.000849544
30.2188 -8.32984 -0.00289232 0.00459057 -0.000927597
26.2813 -7.84204 -0.000913668 8.18671e-05 -0.00537093
26.8438 -7.84726 -0.00156263 0.00145004 -0.00513673
26.2813 -7.37619 -0.000939235 0.000144088 -0.00577122
26.8438 -7.38111 -0.00156892 0.00143312 -0.00569408
27.4064 -7.85175 -0.00211833 0.00294907 -0.00464623
27.9688 -7.85547 -0.00285297 0.00427369 -0.0039293
27.4064 -7.38532 -0.00229193 0.00297356 -0.00517949
27.9689 -7.38882 -0.00306664 0.00460726 -0.00442559
26.2812 -6.91036 -0.000866478 0.000254347 -0.00567868
26.8438 -6.91496 -0.00149955 0.00152764 -0.00545032
26.2813 -6.44451 -0.000752774 0.000285294 -0.00490112
26.8439 -6.44881 -0.00140127 0.0015832 -0.00468722
27.4064 -6.9189 -0.00229941 0.00307686 -0.00515271
27.969 -6.92217 -0.0031496 0.00471208 -0.0047942
27.4065 -6.45248 -0.00219127 0.00311989 -0.00459474
27.969 -6.45554 -0.00306947 0.00470039 -0.00460272
28.5314 -7.85841 -0.00315933 0.00513697 -0.00250693
29.0939 -7.86061 -0.00301648 0.00521777 -0.0013857
28.5315 -7.3916 -0.00331088 0.00544472 -0.00316017
29.094 -7.39369 -0.00318111 0.0051711 -0.00237911
29.6563 -7.86207 -0.00285846 0.00475531 -0.00097365
30.2188 -7.86275 -0.00282131 0.00419916 -0.00123165
29.6565 -7.39504 -0.00267114 0.00447111 -0.00188386
30.2189 -7.39566 -0.00278128 0.00383876 -0.00198495
28.5315 -6.92479 -0.0035493 0.00559687 -0.00440612
29.094 -6.92674 -0.00335608 0.0051005 -0.00387169
28.5316 -6.45798 -0.00364921 0.00566147 -0.00485968
29.0941 -6.45981 -0.00363798 0.00542854 -0.0049743
29.6565 -6.92803 -0.00285705 0.00445267 -0.00346022
30.219 -6.92859 -0.00263115 0.00369882 -0.00327109
29.6566 -6.46097 -0.00331816 0.0047138 -0.00482786
30.2191 -6.46151 -0.00299008 0.00383988 -0.0043545
