30.7815 -5.99441 -0.00277249 0.00369179 -0.00423216
31.344 -5.99379 -0.00227213 0.00295065 -0.00393887
30.7816 -5.52727 -0.00310464 0.00443639 -0.00381411
31.344 -5.52668 -0.00271303 0.00368424 -0.0038803
31.9064 -5.99258 -0.00204869 0.0025366 -0.00381462
32.4689 -5.9908 -0.00185824 0.0021524 -0.00392609
31.9065 -5.52557 -0.00238964 0.00310742 -0.00392891
32.469 -5.52392 -0.00206929 0.00251404 -0.00408248
30.7817 -5.06012 -0.00339655 0.00509886 -0.00362924
31.3441 -5.05959 -0.00307578 0.00441985 -0.00372128
30.7817 -4.59295 -0.00371752 0.00568078 -0.00336639
31.3442 -4.59248 -0.00352074 0.00522101 -0.0034034
31.9066 -5.05856 -0.00273586 0.00376522 -0.0037542
32.469 -5.05706 -0.00231196 0.00299124 -0.00390969
31.9066 -4.59156 -0.0031392 0.00451337 -0.00354005
32.469 -4.59019 -0.00258775 0.00351191 -0.00368587
33.0314 -5.98844 -0.00156234 0.00160888 -0.00410227
33.5939 -5.98552 -0.00124048 0.00108435 -0.00422098
33.0314 -5.52175 -0.00172616 0.00191835 -0.00426386
33.5939 -5.51904 -0.00133032 0.00127878 -0.00431122
34.1563 -5.98201 -0.000959855 0.000636854 -0.00419871
34.7187 -5.97791 -0.000599489 9.77693e-05 -0.00414731
34.1564 -5.51579 -0.000980114 0.000731843 -0.00426684
34.7188 -5.512 -0.000606529 0.000117801 -0.00425976
33.0315 -5.05506 -0.00185879 0.00220162 -0.0040402
33.5939 -5.05258 -0.0014134 0.00148782 -0.00408276
33.0315 -4.58839 -0.00199418 0.00254189 -0.00356524
33.594 -4.58614 -0.00139553 0.00157983 -0.00338462
34.1564 -5.0496 -0.000981216 0.000827756 -0.00407463
34.7188 -5.04614 -0.000541811 0.000131286 -0.00417726
34.1564 -4.58344 -0.000862332 0.000756024 -0.00354936
34.7188 -4.58029 -0.000490154 0.000101182 -0.00383578
30.7818 -4.12581 -0.00399931 0.0062558 -0.00307582
31.3442 -4.1254 -0.00383753 0.00577845 -0.00338473
30.7818 -3.65868 -0.00415617 0.00655658 -0.00307957
31.3442 -3.65835 -0.00394052 0.00592 -0.00404542
31.9066 -4.12459 -0.00341846 0.00496946 -0.00395535
32.4691 -4.12338 -0.00285465 0.00389658 -0.00426963
31.9066 -3.65766 -0.00352792 0.00509272 -0.00492372
32.4691 -3.65662 -0.00303989 0.00414623 -0.00542006
30.7818 -3.19158 -0.00419258 0.00652903 -0.00401855
31.3442 -3.1913 -0.00397929 0.00594216 -0.00511927
30.7819 -2.7245 -0.0042956 0.00648553 -0.00573961
31.3442 -2.72426 -0.00407477 0.00608218 -0.0065655
31.9066 -3.19072 -0.00361664 0.00514289 -0.00595587
32.4691 -3.18984 -0.00322207 0.00435791 -0.00639521
31.9066 -2.72375 -0.00369186 0.00539774 -0.00686578
32.4691 -2.72299 -0.00343473 0.00451879 -0.00734382
33.0315 -4.12177 -0.00225272 0.00293817 -0.00399939
33.594 -4.11974 -0.00146054 0.00175254 -0.00349469
33.0316 -3.6552 -0.00248936 0.00318648 -0.00528058
33.594 -3.65338 -0.00174147 0.00203279 -0.00476842
34.1565 -4.11732 -0.000679641 0.00061266 -0.00347178
34.7188 -4.11451 -0.000280085 1.98371e-05 -0.00379227
34.1565 -3.65122 -0.000808662 0.000661319 -0.0041798
34.7188 -3.64869 -0.000367071 -3.00735e-05 -0.00403575
33.0316 -3.18861 -0.00257945 0.00358783 -0.00637878
33.5941 -3.187 -0.00192287 0.00226983 -0.00600648
33.0317 -2.72194 -0.00253817 0.00356908 -0.00743714
33.5942 -2.72059 -0.00185844 0.00246678 -0.00729052
34.1565 -3.18511 -0.00102275 0.000924771 -0.00555294
34.7189 -3.18293 -0.000354659 3.73674e-05 -0.0050968
34.1566 -2.71898 -0.00105758 0.000978422 -0.00713036
34.7189 -2.71713 -0.000445244 5.26053e-05 -0.00715042
