26.2813 1.47514 -0.000100923 5.06278e-05 0.00259505
26.8438 1.4761 -0.000243898 0.000342184 0.0023323
26.2813 1.94096 5.19601e-06 -0.000210067 0.0029268
26.8438 1.94224 0.000106724 -0.000381472 0.00270297
27.4064 1.47691 -0.000618572 0.00109075 0.00180702
27.9689 1.47758 -0.00119036 0.0022139 0.00052434
27.4064 1.94333 0.000121199 -0.00036293 0.0020575
27.9689 1.94423 -0.000199526 0.000336818 0.000629756
26.2813 2.40676 3.3986e-05 -0.0002975 0.00254347
26.8438 2.40835 0.000232429 -0.00067175 0.00230307
26.2813 2.87255 4.97417e-05 -0.000354599 0.00221021
26.8438 2.87446 0.000301956 -0.000833641 0.00207476
27.4063 2.40971 0.000390633 -0.000930351 0.00188835
27.9689 2.41084 0.000306004 -0.000630152 0.000550366
27.4063 2.8761 0.000555628 -0.00126329 0.0016794
27.9688 2.87746 0.000604284 -0.00122352 0.000729978
28.5315 1.47811 -0.00231694 0.00441639 -0.00233546
29.094 1.4785 -0.0033024 0.00627931 -0.00587299
28.5314 1.94494 -0.000974513 0.00198132 -0.00269789
29.0939 1.94547 -0.00215676 0.00433351 -0.00664541
29.6565 1.47875 -0.00339607 0.006463 -0.00837998
30.219 1.47888 -0.00332914 0.00584049 -0.00985987
29.6565 1.94582 -0.00248092 0.00503829 -0.0093803
30.219 1.94599 -0.00253317 0.00527004 -0.0101659
28.5314 2.41174 -0.000205531 0.000627558 -0.00267803
29.0939 2.41241 -0.00109739 0.00254738 -0.00620454
28.5313 2.87854 0.000285924 -0.000318765 -0.0019148
29.0939 2.87935 -0.000448116 0.00133 -0.00475201
29.6564 2.41285 -0.00177333 0.0038573 -0.00861067
30.2189 2.41304 -0.00223284 0.00481707 -0.00939527
29.6564 2.87986 -0.00127152 0.00301308 -0.00667612
30.2189 2.8801 -0.00200638 0.00436749 -0.00777254
26.2813 3.33833 7.68587e-05 -0.000409047 0.00189587
26.8438 3.34057 0.000411019 -0.00104213 0.00173545
26.2813 3.80411 0.000128286 -0.000467399 0.00136907
26.8438 3.80667 0.000526503 -0.00122771 0.00126273
27.4063 3.34248 0.000698121 -0.00154543 0.00149432
27.9688 3.34407 0.000863787 -0.00174547 0.000885
27.4062 3.80885 0.000834893 -0.00177712 0.00111974
27.9687 3.81067 0.00110251 -0.00219054 0.000793745
26.2812 4.26989 0.000186276 -0.000514506 0.000804714
26.8437 4.27277 0.000624586 -0.00135956 0.000726988
26.2812 4.73568 0.000235445 -0.00052149 0.000247281
26.8437 4.73888 0.000697792 -0.00142008 0.000209147
27.4062 4.27523 0.000967749 -0.00196709 0.000586984
27.9687 4.27728 0.00129628 -0.00250664 0.000429002
27.4062 4.74162 0.00107012 -0.00209585 0.000148426
27.9687 4.7439 0.00139965 -0.00264177 0.000104652
28.5313 3.34533 0.000719979 -0.00119125 -0.00103073
29.0938 3.34627 1.54351e-05 0.000401795 -0.00323237
28.5312 3.81211 0.00107183 -0.0019324 -0.000306052
29.0938 3.81319 0.000405109 -0.000475799 -0.00185522
29.6563 3.34688 -0.000900529 0.00222078 -0.00490238
30.2188 3.34718 -0.00185725 0.00396182 -0.00592136
29.6563 3.8139 -0.000670513 0.00161147 -0.00316907
30.2188 3.81423 -0.00171164 0.00358279 -0.0041249
28.5312 4.27891 0.00129842 -0.00240175 -2.58621e-06
29.0937 4.28014 0.00072092 -0.00116907 -0.000826315
28.5312 4.74573 0.00140716 -0.00260335 -3.50954e-06
29.0937 4.74709 0.000882164 -0.00154529 -0.000242314
29.6562 4.28094 -0.000463904 0.00107928 -0.00169629
30.2187 4.28133 -0.00167763 0.00322582 -0.00234141
29.6561 4.74801 -0.000363138 0.000726446 -0.000488123
30.2186 4.74846 -0.0016955 0.0030369 -0.000800257
