30.7816 1.47881 -0.00284926 0.00502468 -0.0102658
31.3442 1.47857 -0.00280203 0.00536933 -0.0100398
30.7814 1.94595 -0.00315765 0.00546055 -0.0101779
31.3441 1.94565 -0.00323437 0.00575819 -0.00948303
31.9068 1.47822 -0.00345835 0.00598087 -0.00918408
32.4693 1.47774 -0.0035769 0.00602651 -0.00835036
31.9067 1.94517 -0.00364923 0.00663291 -0.0091985
32.4692 1.94454 -0.00378105 0.00650547 -0.00843896
30.7814 2.41297 -0.0026958 0.00552018 -0.00933815
31.344 2.41267 -0.00337264 0.00628854 -0.00919011
30.7813 2.88006 -0.00279418 0.00542189 -0.00813246
31.3439 2.87971 -0.00342706 0.00642769 -0.0083911
31.9066 2.41214 -0.00393933 0.00708909 -0.00895815
32.4691 2.41135 -0.00398737 0.00693799 -0.00865566
31.9065 2.87907 -0.00399517 0.00734807 -0.0086592
32.469 2.87815 -0.00409394 0.00734951 -0.00875026
33.0318 1.47712 -0.00226824 0.00386972 -0.00787647
33.5942 1.47635 -0.000913636 0.00173131 -0.0075472
33.0317 1.94373 -0.00268956 0.00460739 -0.00775047
33.5942 1.94273 -0.00141389 0.00253593 -0.00702195
34.1566 1.47541 -0.000365092 0.00139844 -0.0079166
34.7189 1.47434 0.000190453 0.000684077 -0.00796748
34.1566 1.94155 -0.000680785 0.00138621 -0.00673443
34.7189 1.94018 -0.000214029 0.00060483 -0.00646084
33.0316 2.41034 -0.00302175 0.00531873 -0.00813669
33.5941 2.40912 -0.00191165 0.00345172 -0.00762404
33.0316 2.87696 -0.00327166 0.00589897 -0.00858193
33.5941 2.87551 -0.00224184 0.00414827 -0.00846235
34.1566 2.40767 -0.00105423 0.00205549 -0.00702599
34.7189 2.40597 -9.00351e-05 0.000802589 -0.00683285
34.1565 2.87377 -0.00126696 0.00258023 -0.00839111
34.7188 2.87178 -0.000444919 0.000969494 -0.00779391
30.7813 3.34713 -0.0027891 0.00531532 -0.00649487
31.3438 3.34673 -0.00367674 0.0067966 -0.0071812
30.7812 3.8142 -0.00276772 0.00532444 -0.0047328
31.3437 3.81378 -0.00376054 0.00679865 -0.0054816
31.9064 3.34602 -0.00406024 0.0074601 -0.00792817
32.4689 3.34499 -0.00408445 0.00751474 -0.00875005
31.9063 3.813 -0.00425284 0.00771503 -0.00657922
32.4689 3.81185 -0.00416097 0.00765328 -0.00798841
30.7812 4.28131 -0.00278925 0.0051677 -0.00289261
31.3437 4.28087 -0.00395288 0.0068636 -0.00352198
30.7811 4.74845 -0.00292643 0.00507501 -0.000952646
31.3436 4.74798 -0.00403197 0.00674715 -0.00125208
31.9062 4.28001 -0.00443478 0.00789453 -0.00457676
32.4687 4.27873 -0.00440132 0.00789566 -0.00605264
31.9061 4.74705 -0.00466773 0.00777408 -0.00160939
32.4687 4.74566 -0.00458054 0.00757697 -0.00238013
33.0315 3.34363 -0.00343108 0.0062838 -0.00892015
33.594 3.34194 -0.00236392 0.00461595 -0.00923475
33.0314 3.81031 -0.00360187 0.00673858 -0.00908894
33.5939 3.80839 -0.00231636 0.00479975 -0.00925294
34.1565 3.3399 -0.0011633 0.00274412 -0.00922453
34.7188 3.33749 0.000201774 0.00114158 -0.00906146
34.1563 3.80609 -0.00122964 0.00289641 -0.00902542
34.7188 3.80339 0.000112152 0.000997431 -0.00897577
33.0313 4.27702 -0.0033939 0.00637753 -0.00740646
33.5938 4.2749 -0.00199872 0.00426515 -0.00754179
33.0312 4.74381 -0.00365471 0.00612685 -0.00294233
33.5937 4.74148 -0.00227285 0.00394191 -0.00290818
34.1563 4.27235 -0.000910795 0.00242466 -0.00705136
34.7187 4.26941 2.51249e-05 0.000930256 -0.00662064
34.1562 4.73872 -0.00117059 0.00210039 -0.00248854
34.7187 4.73551 -0.000284498 0.000742615 -0.00223803
