26.2814 -2.25133 -0.000998989 0.00193043 -0.00132266
26.8441 -2.25286 -0.00257787 0.004978 -0.00189419
26.2814 -1.78552 -0.000915817 0.00161633 -0.00333533
26.8441 -1.78677 -0.00230683 0.00440005 -0.00405506
27.4068 -2.25417 -0.00362702 0.00665038 -0.00312889
27.9695 -2.25528 -0.00437351 0.00792857 -0.00430235
27.4068 -1.78784 -0.00321653 0.00604384 -0.00499248
27.9694 -1.78873 -0.0041954 0.00766816 -0.00595545
26.2814 -1.31972 -0.000822956 0.00139709 -0.00558876
26.8441 -1.32066 -0.00201196 0.00370346 -0.0060277
26.2814 -0.853921 -0.000702129 0.00119102 -0.00664514
26.844 -0.854551 -0.00179616 0.00327436 -0.00698826
27.4067 -1.32147 -0.00298823 0.00554017 -0.00667499
27.9693 -1.32216 -0.00388645 0.00715045 -0.00757032
27.4067 -0.855103 -0.0028065 0.00510466 -0.00749524
27.9693 -0.855577 -0.00378361 0.00681321 -0.00809999
28.5321 -2.25616 -0.00461254 0.00856403 -0.0051003
29.0947 -2.25684 -0.00474415 0.0080726 -0.00571678
28.5321 -1.78945 -0.00445925 0.00850925 -0.00672918
29.0946 -1.78998 -0.00513991 0.00847108 -0.00703557
29.657 -2.2573 -0.00458668 0.00743556 -0.00623977
30.2195 -2.25752 -0.00438369 0.00706455 -0.00663686
29.657 -1.79034 -0.005001 0.00783795 -0.00724149
30.2194 -1.79057 -0.00464349 0.00708584 -0.00787183
28.532 -1.32273 -0.00439683 0.00846077 -0.00799689
29.0945 -1.32321 -0.00481939 0.00849282 -0.00810639
28.5319 -0.855989 -0.00442393 0.00857492 -0.00836966
29.0943 -0.856324 -0.0052264 0.00865525 -0.00817985
29.6569 -1.32351 -0.00450136 0.0082077 -0.0082953
30.2193 -1.32362 -0.00461772 0.00718273 -0.00861063
29.6569 -0.856548 -0.00443616 0.00820385 -0.00788589
30.2193 -0.856653 -0.00428619 0.00705239 -0.00866225
26.2813 -0.388119 -0.000517612 0.0009856 -0.00578569
26.844 -0.388447 -0.00147453 0.0028648 -0.00614143
26.2813 0.077691 -0.000372822 0.000770049 -0.00385501
26.844 0.0776742 -0.00121103 0.0024551 -0.00409506
27.4066 -0.388741 -0.00245041 0.00468569 -0.00661569
27.9692 -0.388998 -0.00346832 0.00658309 -0.00701705
27.4065 0.0776522 -0.00219922 0.00424938 -0.00445415
27.9691 0.077626 -0.00324965 0.00618215 -0.00500753
26.2813 0.543501 -0.000287553 0.000623646 -0.00151227
26.8439 0.543804 -0.000947929 0.00193722 -0.00173314
26.2813 1.00932 -0.000189486 0.000344645 0.000981533
26.8439 1.00995 -0.000675609 0.00130891 0.000832246
27.4065 0.544054 -0.00182962 0.00359025 -0.00211694
27.969 0.544252 -0.00281339 0.00545469 -0.0029136
27.4064 1.01049 -0.00133114 0.00257376 0.000314957
27.969 1.01092 -0.002204 0.00418381 -0.000751392
28.5318 -0.389216 -0.00440481 0.00859723 -0.00740818
29.0943 -0.389349 -0.0051455 0.00908994 -0.00736915
28.5317 0.0775937 -0.00441132 0.00824937 -0.00552954
29.0943 0.0775342 -0.00460586 0.00920834 -0.00602877
29.6568 -0.389486 -0.00489357 0.00783646 -0.00714187
30.2193 -0.389633 -0.00396402 0.00696697 -0.00783236
29.6567 0.0775316 -0.00471239 0.00808002 -0.00654774
30.2192 0.0774771 -0.00427148 0.00611838 -0.00689882
28.5316 0.544392 -0.00410148 0.00775793 -0.00389804
29.0941 0.544472 -0.00461233 0.0086754 -0.00489973
28.5315 1.01125 -0.00353934 0.00669445 -0.00268004
29.0941 1.01149 -0.00411149 0.00762769 -0.00485425
29.6567 0.544456 -0.00371083 0.00815065 -0.00631937
30.2191 0.544452 -0.00372988 0.00688701 -0.00729442
29.6566 1.01163 -0.00398167 0.00715971 -0.00680782
30.219 1.01166 -0.00337236 0.00627745 -0.00850988
