26.2813 -5.97864 -0.00063207 0.000397593 -0.00381681
26.8439 -5.98263 -0.00132311 0.00174924 -0.00371173
26.2813 -5.51275 -0.000567447 0.000572066 -0.00262331
26.8439 -5.51642 -0.00133399 0.00207106 -0.00255112
27.4065 -5.98604 -0.00213101 0.00330283 -0.00364565
27.9691 -5.98888 -0.00292943 0.00471159 -0.00382038
27.4065 -5.51956 -0.00212011 0.00363426 -0.00236845
27.9691 -5.52217 -0.00290742 0.00487095 -0.00261469
26.2813 -5.04684 -0.000518812 0.00077268 -0.00143804
26.8439 -5.0502 -0.00137291 0.00248057 -0.00121633
26.2813 -4.58091 -0.00051489 0.000985892 -0.000330926
26.844 -4.58396 -0.00152634 0.00302156 -6.31504e-05
27.4066 -5.05308 -0.00223244 0.00419406 -0.00109005
27.9692 -5.05547 -0.00295769 0.00534208 -0.00108593
27.4066 -4.58658 -0.00254292 0.00496839 0.000340271
27.9692 -4.58875 -0.00326958 0.00628857 0.000525848
28.5316 -5.99113 -0.00361694 0.00580435 -0.0043103
29.0942 -5.99282 -0.00399966 0.00598487 -0.00460306
28.5317 -5.52427 -0.00347762 0.00595327 -0.00302736
29.0942 -5.52582 -0.00397512 0.00625717 -0.00378901
29.6567 -5.99394 -0.00350367 0.00555233 -0.00481004
30.2192 -5.99448 -0.00318595 0.00473336 -0.00449797
29.6568 -5.52682 -0.00390047 0.00617804 -0.00358173
30.2192 -5.52732 -0.00356646 0.00553668 -0.0037799
28.5318 -5.05737 -0.00355737 0.00640062 -0.00153162
29.0943 -5.05879 -0.00412239 0.00681259 -0.00217582
28.5318 -4.59048 -0.00358691 0.00676615 -0.000301739
29.0943 -4.59176 -0.00413438 0.0070229 -0.00120326
29.6568 -5.05972 -0.00401375 0.00669367 -0.00286943
30.2193 -5.06016 -0.0037922 0.00601574 -0.00319083
29.6569 -4.59259 -0.00394529 0.00674877 -0.00227722
30.2193 -4.59299 -0.00403899 0.00637149 -0.00302767
26.2813 -4.11498 -0.000584969 0.00129096 0.000576263
26.844 -4.11772 -0.00183101 0.00382581 0.000995879
26.2814 -3.64904 -0.000692288 0.00159999 0.00122053
26.844 -3.65148 -0.00223568 0.00465043 0.00153696
27.4067 -4.12006 -0.00306716 0.00619268 0.00157177
27.9693 -4.12198 -0.00375921 0.0076115 0.00172662
27.4067 -3.65356 -0.0035827 0.00719753 0.00177324
27.9694 -3.65527 -0.00412118 0.00838263 0.00138787
26.2814 -3.18311 -0.000871372 0.00191153 0.00113624
26.8441 -3.18524 -0.00258174 0.00525925 0.00133247
26.2814 -2.71718 -0.000979795 0.00203302 0.000258812
26.8441 -2.71902 -0.00274165 0.00540386 -1.80992e-05
27.4068 -3.18708 -0.00375503 0.00745356 0.000860013
27.9694 -3.18861 -0.00453507 0.00889464 -0.00055066
27.4068 -2.7206 -0.00378698 0.00726691 -0.00103966
27.9695 -2.72193 -0.00450576 0.00853969 -0.0023985
28.5319 -4.12352 -0.00368244 0.00721062 0.0005591
29.0943 -4.12469 -0.00393618 0.00650743 -0.000702543
28.5319 -3.65665 -0.00418223 0.00813952 -0.00017848
29.0944 -3.65767 -0.00438894 0.0069723 -0.00141761
29.6569 -4.12547 -0.00371266 0.00657408 -0.00203598
30.2194 -4.12582 -0.00398994 0.00631594 -0.00237008
29.657 -3.65836 -0.00360764 0.006469 -0.00144342
30.2194 -3.65869 -0.00402471 0.00643342 -0.00219341
28.5321 -3.18981 -0.00443824 0.00874013 -0.00192956
29.0944 -3.19067 -0.00482984 0.00757554 -0.00229729
28.5321 -2.72298 -0.0045445 0.00900205 -0.00368763
29.0946 -2.72372 -0.00468145 0.00773252 -0.00432758
29.6571 -3.19127 -0.00381273 0.006553 -0.00247294
30.2195 -3.19157 -0.00399238 0.00637773 -0.00299993
29.657 -2.72422 -0.00437392 0.00692285 -0.00448558
30.2195 -2.7245 -0.00415243 0.00666761 -0.0051013
