30.7811 -9.73107 -0.0026983 0.00451205 -5.9228e-05
31.3437 -9.73013 -0.00256958 0.00417749 1.64853e-05
30.7812 -9.26401 -0.00280154 0.00462822 -0.000252318
31.3437 -9.26311 -0.00253752 0.00404287 -0.000402682
31.9062 -9.72828 -0.00213028 0.00341296 -4.86889e-05
32.4687 -9.72551 -0.00156406 0.00245662 -1.84499e-05
31.9062 -9.26133 -0.00214436 0.00322197 -0.000594105
32.4688 -9.25868 -0.00165875 0.00236481 -0.000746404
30.7813 -8.79696 -0.0027896 0.00442432 -0.000919894
31.3438 -8.79608 -0.00233669 0.00365464 -0.00125941
30.7814 -8.32981 -0.00262094 0.00403684 -0.0013067
31.3439 -8.32899 -0.00218692 0.00316053 -0.00199774
31.9062 -8.79438 -0.00210387 0.00280147 -0.001738
32.4688 -8.79185 -0.00176596 0.00213704 -0.00205868
31.9062 -8.32741 -0.00190104 0.00221203 -0.00274568
32.4688 -8.325 -0.00164252 0.00175336 -0.00317471
33.0312 -9.72179 -0.000970474 0.00146245 -0.000215044
33.5937 -9.71712 -0.000689197 0.00087628 -0.000324149
33.0313 -9.25512 -0.0010082 0.00128598 -0.000919269
33.5938 -9.25059 -0.000909397 0.00100502 -0.000921501
34.1563 -9.7115 -0.000629931 0.000868154 -0.000291531
34.7188 -9.70506 -0.000333977 0.000370666 -0.000308067
34.1563 -9.24531 -0.000708893 0.000611829 -0.00124831
34.7187 -9.23919 -0.000382002 0.000258802 -0.00107708
33.0314 -8.78851 -0.00117629 0.00134636 -0.00202818
33.5939 -8.78433 -0.000886025 0.000978357 -0.001935
33.0314 -8.3218 -0.0012911 0.00116756 -0.00302518
33.5939 -8.31782 -0.00108703 0.000956517 -0.00234882
34.1563 -8.77926 -0.000696635 0.00063114 -0.00186261
34.7188 -8.77332 -0.000390182 0.000119116 -0.00176853
34.1563 -8.31302 -0.000869242 0.000622833 -0.00230833
34.7188 -8.30742 -0.000459838 8.25605e-05 -0.00230183
30.7814 -7.86272 -0.00232066 0.00354685 -0.00191801
31.3439 -7.862 -0.00191089 0.00250882 -0.00257855
30.7815 -7.39564 -0.00214011 0.00317349 -0.00244067
31.3439 -7.39493 -0.00180336 0.00217088 -0.00274945
31.9063 -7.86046 -0.00168552 0.00193369 -0.00305227
32.4688 -7.85814 -0.00155828 0.00152359 -0.00340939
31.9064 -7.39348 -0.00148102 0.00158936 -0.0033266
32.4688 -7.39132 -0.00152254 0.00168096 -0.00310424
30.7815 -6.92853 -0.00209745 0.00289921 -0.00306241
31.344 -6.92783 -0.0016198 0.00188909 -0.00321896
30.7815 -6.46147 -0.00240043 0.00304315 -0.00389739
31.344 -6.46082 -0.00184577 0.00224357 -0.00375052
31.9064 -6.92648 -0.00164983 0.00184419 -0.00322735
32.4689 -6.92447 -0.00159384 0.00174082 -0.00334589
31.9064 -6.45955 -0.00174281 0.00205322 -0.00348182
32.4689 -6.45765 -0.00169726 0.00192621 -0.00358192
33.0314 -7.85512 -0.00135798 0.00130818 -0.00301713
33.5939 -7.85135 -0.0011403 0.000985542 -0.00290495
33.0314 -7.38846 -0.00138805 0.00143493 -0.0031654
33.5939 -7.3849 -0.0011193 0.000966085 -0.00318295
34.1563 -7.84682 -0.00093853 0.000621942 -0.00293963
34.7188 -7.84155 -0.000488585 3.61502e-05 -0.00293606
34.1563 -7.38064 -0.000860791 0.000528882 -0.00334994
34.7188 -7.37566 -0.000558304 1.82245e-05 -0.00340114
33.0314 -6.92179 -0.00139428 0.00140037 -0.00341232
33.5939 -6.91843 -0.00114446 0.000953368 -0.00352041
33.0314 -6.45512 -0.00144694 0.00145933 -0.00375024
33.5939 -6.45198 -0.00117643 0.000989679 -0.00389306
34.1563 -6.91442 -0.000903685 0.000507105 -0.0036447
34.7188 -6.90974 -0.000552807 5.81456e-06 -0.00362833
34.1563 -6.44821 -0.000898134 0.000514719 -0.00390458
34.7188 -6.44382 -0.000563488 2.74318e-05 -0.0038492
