30.7819 -2.25752 -0.00436701 0.00667957 -0.0072404
31.3442 -2.25728 -0.00414034 0.00604975 -0.00760153
30.7818 -1.79058 -0.00421264 0.00666496 -0.00837644
31.3442 -1.79038 -0.00406772 0.0059317 -0.00879875
31.9065 -2.25685 -0.0037555 0.00550809 -0.00794161
32.4691 -2.25619 -0.00331359 0.00469691 -0.00811018
31.9065 -1.79001 -0.00375769 0.00511074 -0.00918746
32.4691 -1.78948 -0.00318567 0.0044541 -0.00942796
30.7818 -1.32362 -0.00399164 0.00642814 -0.00929069
31.3442 -1.32348 -0.00376782 0.00584216 -0.00999556
30.7818 -0.856648 -0.00383994 0.00608436 -0.00929259
31.3441 -0.856548 -0.00346799 0.00533828 -0.0105516
31.9066 -1.3232 -0.00375648 0.00530417 -0.0105778
32.4691 -1.32279 -0.00308013 0.00438301 -0.0105724
31.9066 -0.856359 -0.0035908 0.00513575 -0.011359
32.4692 -0.856086 -0.00308156 0.00452532 -0.011311
33.0317 -2.2553 -0.00266369 0.00348526 -0.00840514
33.5942 -2.2542 -0.00178749 0.00217596 -0.00854642
33.0317 -1.78877 -0.00240434 0.00315171 -0.00946939
33.5943 -1.78789 -0.00125965 0.00153317 -0.00973135
34.1566 -2.25289 -0.000829165 0.000580911 -0.00867143
34.7189 -2.25136 -0.000263294 -0.000198164 -0.00897385
34.1566 -1.78684 -0.000348497 5.47853e-05 -0.0100354
34.7189 -1.7856 -3.19684e-05 -0.000466054 -0.0102029
33.0317 -1.32226 -0.00220762 0.0029471 -0.0105258
33.5943 -1.32162 -0.000920628 0.00127707 -0.0107943
33.0317 -0.855737 -0.00209992 0.00292266 -0.011119
33.5943 -0.855314 -0.000779658 0.000870291 -0.0111715
34.1567 -1.32082 3.60388e-05 -0.000261109 -0.0109893
34.7189 -1.31985 -4.05706e-07 -0.000619603 -0.010712
34.1567 -0.854787 0.000252793 -0.00070839 -0.0113126
34.719 -0.854157 0.000111526 -0.00053725 -0.0109306
30.7817 -0.389645 -0.00342823 0.00558951 -0.00879005
31.3441 -0.389575 -0.00297827 0.00470071 -0.0100947
30.7817 0.0774026 -0.00306918 0.00520063 -0.00805347
31.3442 0.077437 -0.0025656 0.00420974 -0.00915325
31.9066 -0.389465 -0.0034484 0.00507835 -0.0113955
32.4692 -0.389311 -0.0031503 0.00480651 -0.0113462
31.9067 0.0774819 -0.00317126 0.00466431 -0.0101248
32.4692 0.0775222 -0.00362371 0.0050889 -0.0107526
30.7817 0.544488 -0.00294081 0.00503103 -0.00778972
31.3442 0.544459 -0.0024539 0.00416219 -0.00896047
30.7817 1.01161 -0.00264289 0.00518772 -0.00915364
31.3442 1.01151 -0.00259859 0.0046376 -0.00947717
31.9067 0.544372 -0.00289513 0.00490158 -0.00952776
32.4693 0.544232 -0.00319475 0.00526871 -0.00977597
31.9068 1.01129 -0.0031204 0.00532709 -0.00923845
32.4693 1.01097 -0.00334794 0.00554949 -0.00879291
33.0318 -0.389137 -0.00206506 0.00303557 -0.0112407
33.5943 -0.388941 -0.000599242 0.000762068 -0.0113397
33.0318 0.0774882 -0.0021285 0.0029235 -0.0109921
33.5942 0.0774249 -0.000696275 0.000792772 -0.0111109
34.1567 -0.388719 0.000253947 -0.000465784 -0.0113153
34.719 -0.38848 0.000388465 -0.00032359 -0.0106085
34.1567 0.0773477 -4.14063e-05 -0.00024195 -0.0108039
34.7189 0.0772547 -0.000112886 -0.000140625 -0.0104404
33.0318 0.544024 -0.00203073 0.00300597 -0.00982764
33.5942 0.543715 -0.000595338 0.000867606 -0.0101729
33.0318 1.01054 -0.00197377 0.00334845 -0.00873634
33.5942 1.01 -0.000578305 0.00119334 -0.0089054
34.1567 0.543344 -0.000162061 0.000367777 -0.0100027
34.7189 0.542927 6.74162e-06 0.000175434 -0.00976623
34.1567 1.00939 -0.000520361 0.000753954 -0.00875957
34.7189 1.00866 -0.000428006 0.000490268 -0.00892385
