26.5625 -2.01913 4.09608e-07 -1.65804e-07 8.28899e-06
27.6875 -2.02148 -0.000329576 0.000629898 2.38903e-05
26.5625 -1.08721 -3.19313e-06 7.01189e-06 1.47251e-05
27.6875 -1.08848 -0.000334834 0.000639598 3.6558e-05
28.8125 -2.02305 -0.000332648 0.000603762 -1.37744e-05
29.9375 -2.02384 -0.000159834 0.000274572 -4.19189e-05
28.8125 -1.08932 -0.000306601 0.000556703 -1.8111e-05
29.9375 -1.08974 -0.00016734 0.000288044 -6.63636e-05
26.5625 -0.155288 -6.47589e-06 1.30652e-05 1.84817e-05
27.6875 -0.155469 -0.000335923 0.000640381 3.46162e-05
26.5625 0.776633 -6.69642e-06 1.33673e-05 8.92865e-07
27.6875 0.777539 -0.000335414 0.000638851 1.22112e-05
28.8125 -0.155589 -0.00029197 0.000530823 1.16292e-06
29.9375 -0.155648 -0.000170832 0.000296462 -3.1909e-05
28.8125 0.778143 -0.000289801 0.000525878 3.53486e-05
29.9375 0.778445 -0.000168978 0.000292021 5.12792e-05
31.0625 -2.02384 0.000162153 -0.000272012 -4.1029e-05
32.1875 -2.02305 0.000366916 -0.000583955 -1.53977e-05
31.0625 -1.08974 0.00017011 -0.000284888 -6.71584e-05
32.1875 -1.08932 0.000337947 -0.000537629 -2.01142e-05
33.3125 -2.02148 0.000391649 -0.000594519 2.21914e-05
34.4375 -2.01913 1.38825e-07 3.17588e-07 8.34188e-06
33.3125 -1.08848 0.000397365 -0.000603426 3.51863e-05
34.4375 -1.08721 4.73858e-06 -6.4162e-06 1.47388e-05
31.0625 -0.155648 0.000175656 -0.000291792 -3.27979e-05
32.1875 -0.155589 0.000322339 -0.000512114 6.87853e-08
31.0625 0.778445 0.000172232 -0.000287283 5.1189e-05
32.1875 0.778143 0.000319603 -0.000508679 3.57965e-05
33.3125 -0.155469 0.000397507 -0.000604692 3.38961e-05
34.4375 -0.155288 8.50086e-06 -1.23093e-05 1.84605e-05
33.3125 0.777539 0.000396253 -0.000603246 1.19572e-05
34.4375 0.776633 8.53229e-06 -1.24624e-05 7.8486e-07
26.5625 1.70855 -6.88861e-06 1.38873e-05 -1.62768e-06
27.6875 1.71054 -0.00033441 0.000636201 1.70249e-05
26.5625 2.64048 -4.78465e-06 1.26946e-05 -3.02938e-05
27.6875 2.64355 -0.000325635 0.000620925 -3.54397e-06
28.8125 1.71187 -0.000284077 0.000514157 3.72598e-05
29.9375 1.71253 -0.000167721 0.000288139 5.16818e-05
28.8125 2.64559 -0.000267172 0.000476491 9.64058e-05
29.9375 2.64661 -0.000167119 0.000275257 0.000161202
26.5625 3.5724 7.67049e-06 -7.00311e-06 -5.97337e-05
27.6875 3.57655 -0.000288744 0.0005528 -1.88178e-05
26.5625 4.50433 2.8537e-05 -6.69081e-05 5.57856e-05
27.6875 4.50956 -0.000156093 0.000278246 0.000113264
28.8125 3.57932 -0.000232075 0.000401013 0.000161113
29.9375 3.5807 -0.000146401 0.000225173 0.000231611
28.8125 4.51305 -0.000105258 0.000155201 0.000220819
29.9375 4.51479 -8.47021e-05 0.000104611 0.000268408
31.0625 1.71253 0.000170654 -0.000286303 5.15655e-05
32.1875 1.71187 0.000312192 -0.000498087 3.73481e-05
31.0625 2.64661 0.000160329 -0.000280629 0.000161356
32.1875 2.64559 0.000287858 -0.000465648 9.58684e-05
33.3125 1.71054 0.000394305 -0.000600909 1.6954e-05
34.4375 1.70855 8.7906e-06 -1.27259e-05 -1.79074e-06
33.3125 2.64355 0.000385263 -0.0005859 -3.89475e-06
34.4375 2.64048 8.91052e-06 -1.05231e-05 -3.03137e-05
31.0625 3.5807 0.000126131 -0.000237496 0.000231666
32.1875 3.57932 0.00023876 -0.000398212 0.000160821
31.0625 4.51479 5.09988e-05 -0.000125767 0.000268565
32.1875 4.51305 8.48216e-05 -0.000167489 0.00022089
33.3125 3.57655 0.000343826 -0.000521007 -1.90613e-05
34.4375 3.5724 -2.2765e-06 9.9144e-06 -5.9732e-05
33.3125 4.50956 0.000167653 -0.000271358 0.000113175
34.4375 4.50433 -4.46153e-05 5.72996e-05 5.57631e-05
