30.6413 -2.37428 -0.00273613 0.0042276 -0.00488926
30.9225 -2.37421 -0.00276602 0.00415283 -0.00477821
30.6413 -2.14082 -0.00274246 0.00422984 -0.00504905
30.9224 -2.14075 -0.00276562 0.00427096 -0.00504527
31.2036 -2.37409 -0.00265216 0.00398159 -0.00475796
31.4848 -2.37392 -0.00249626 0.00369929 -0.00482415
31.2036 -2.14063 -0.00284024 0.00407508 -0.00506351
31.4848 -2.14047 -0.00254397 0.00386699 -0.00513711
30.6413 -1.90734 -0.00279797 0.00418933 -0.00496594
30.9224 -1.90729 -0.002667 0.00428324 -0.00516811
30.6413 -1.67387 -0.00264944 0.00418094 -0.00483632
30.9224 -1.67381 -0.00267869 0.00425565 -0.00498707
31.2036 -1.90718 -0.00279168 0.00418242 -0.00527113
31.4848 -1.90703 -0.00269671 0.00400322 -0.00537177
31.2036 -1.67372 -0.00284233 0.00417146 -0.00518193
31.4848 -1.67358 -0.00271888 0.00411464 -0.00533071
31.766 -2.37369 -0.00267506 0.00341764 -0.00472694
32.0472 -2.37341 -0.00219901 0.00357449 -0.00501446
31.7659 -2.14026 -0.00262993 0.00351499 -0.00514915
32.0472 -2.14 -0.0024944 0.00361219 -0.0052525
32.3284 -2.37308 -0.00213856 0.0035374 -0.0050306
32.6097 -2.37266 -0.00229213 0.00328392 -0.00514701
32.3285 -2.13969 -0.00242736 0.00346286 -0.00529787
32.6098 -2.13932 -0.00236655 0.00332983 -0.00529148
31.7659 -1.90683 -0.0027584 0.00366247 -0.00541086
32.0472 -1.9066 -0.0026009 0.00381021 -0.00546501
31.7659 -1.67341 -0.00300235 0.00397365 -0.00551808
32.0472 -1.6732 -0.00269089 0.00398504 -0.00565274
32.3285 -1.90631 -0.00252098 0.00364019 -0.00547789
32.6098 -1.90599 -0.00243487 0.00346478 -0.00548908
32.3285 -1.67295 -0.00261132 0.00381334 -0.0056895
32.6098 -1.67266 -0.00247212 0.00355603 -0.00563511
30.6412 -1.44038 -0.00258373 0.00407969 -0.00440843
30.9224 -1.44034 -0.00254652 0.00416506 -0.00466776
30.6412 -1.20689 -0.00241418 0.00391651 -0.00391762
30.9224 -1.20686 -0.00248637 0.00402892 -0.00416197
31.2036 -1.44026 -0.00275623 0.00416181 -0.00489877
31.4848 -1.44015 -0.00268218 0.00421151 -0.00510511
31.2036 -1.20679 -0.00259636 0.0040823 -0.00449191
31.4848 -1.2067 -0.00265945 0.00416285 -0.00470461
30.6412 -0.973403 -0.00230079 0.00375549 -0.00323177
30.9224 -0.973372 -0.00237733 0.00383896 -0.00358511
30.6411 -0.739918 -0.00220796 0.00359332 -0.00244051
30.9223 -0.739891 -0.00222363 0.00362338 -0.00284028
31.2035 -0.973316 -0.0025292 0.00394524 -0.00389584
31.4847 -0.973237 -0.00259301 0.00405082 -0.00420317
31.2035 -0.739846 -0.00235867 0.00379377 -0.00325545
31.4847 -0.73978 -0.00248619 0.00389958 -0.00362022
31.7659 -1.44 -0.00297533 0.00407143 -0.00558564
32.0472 -1.4398 -0.00272518 0.00408797 -0.00556216
31.7659 -1.20657 -0.00279803 0.00388511 -0.00495366
32.0472 -1.20641 -0.00263383 0.00399704 -0.00527924
32.3285 -1.43958 -0.00265948 0.00392945 -0.00576639
32.6098 -1.43933 -0.00251203 0.00365644 -0.00575309
32.3285 -1.20622 -0.00262505 0.00392705 -0.00557037
32.6098 -1.206 -0.00250277 0.00368802 -0.00569909
31.7659 -0.973133 -0.00280579 0.00394964 -0.00445616
32.0472 -0.973001 -0.00252888 0.00388335 -0.00484823
31.7659 -0.739697 -0.00266474 0.00375907 -0.00410869
32.0472 -0.739596 -0.00240614 0.00373783 -0.00431751
32.3285 -0.972847 -0.00250289 0.00379035 -0.00514494
32.6098 -0.97267 -0.00242058 0.00361136 -0.0054079
32.3285 -0.739477 -0.0023489 0.00359822 -0.00466203
32.6098 -0.739339 -0.00228204 0.0034475 -0.0049562
32.891 -2.37219 -0.00204417 0.00325275 -0.00519475
33.1723 -2.37167 -0.00208434 0.00292008 -0.00531689
32.8911 -2.13889 -0.00236419 0.00316833 -0.00528102
33.1723 -2.13842 -0.00223356 0.00256756 -0.00529744
33.4536 -2.37109 -0.00169166 0.00257969 -0.0054331
33.7348 -2.37046 -0.0014102 0.00215835 -0.00545815
33.4536 -2.1379 -0.00186214 0.00227095 -0.00559599
33.7348 -2.13732 -0.00165441 0.00187862 -0.00537655
32.8911 -1.90562 -0.00199535 0.00326939 -0.00543272
33.1724 -1.90519 -0.00189138 0.00272105 -0.00550329
32.8911 -1.67232 -0.00224127 0.0031654 -0.00555602
33.1724 -1.67195 -0.00186252 0.00255516 -0.00547909
33.4536 -1.90472 -0.00154315 0.00221454 -0.00548052
33.7349 -1.90421 -0.00136575 0.00179632 -0.00531058
33.4537 -1.67154 -0.00133945 0.00217912 -0.00540762
33.7349 -1.67109 -0.00111288 0.00183822 -0.00528011
34.016 -2.36977 -0.00137027 0.00171147 -0.00531918
34.2972 -2.36902 -0.00111569 0.00134152 -0.00509736
34.016 -2.1367 -0.00136869 0.00155269 -0.00524233
34.2972 -2.13603 -0.00107282 0.00126816 -0.00508071
34.5783 -2.36822 -0.000784099 0.000884241 -0.00493274
34.8594 -2.36736 -0.000359961 0.000260667 -0.00491615
34.5783 -2.1353 -0.000762262 0.000783745 -0.00501364
34.8594 -2.13452 -0.000373209 0.000204646 -0.00495766
34.016 -1.90365 -0.00125204 0.00150398 -0.005178
34.2972 -1.90304 -0.00105613 0.00116069 -0.00505403
34.016 -1.67059 -0.00113062 0.00152113 -0.00506646
34.2972 -1.67005 -0.000871029 0.00115549 -0.00498282
34.5783 -1.90238 -0.000757489 0.00070869 -0.00496242
34.8594 -1.90169 -0.000382962 0.000171603 -0.00496978
34.5783 -1.66947 -0.000603914 0.000771421 -0.00493759
34.8594 -1.66885 -0.000255114 0.000246444 -0.00492181
32.8911 -1.43904 -0.00222164 0.00317318 -0.00562835
33.1724 -1.43872 -0.00181659 0.00252759 -0.00543962
32.8911 -1.20576 -0.00221927 0.00321246 -0.00563334
33.1724 -1.20549 -0.00178597 0.00252117 -0.00544844
33.4537 -1.43836 -0.0014498 0.00195042 -0.00531746
33.7349 -1.43798 -0.0011938 0.00176345 -0.00491805
33.4536 -1.2052 -0.00137223 0.00187602 -0.00523335
33.7349 -1.2049 -0.00102587 0.0017276 -0.00514728
32.8911 -0.972474 -0.00218304 0.00320297 -0.00548086
33.1724 -0.972261 -0.00175278 0.00251352 -0.00537488
32.8911 -0.739186 -0.00208809 0.00310533 -0.00516143
33.1724 -0.739017 -0.00169965 0.00247679 -0.00519476
33.4536 -0.972025 -0.00133917 0.00186548 -0.00519146
33.7349 -0.971765 -0.001126 0.00153199 -0.00500546
33.4536 -0.73883 -0.00130693 0.00185869 -0.00506717
33.7349 -0.738625 -0.00109558 0.00152782 -0.00482487
34.0161 -1.43755 -0.00109418 0.00136643 -0.0049991
34.2972 -1.43706 -0.000971682 0.00112865 -0.00494392
34.0161 -1.20453 -0.000881206 0.00146377 -0.00487332
34.2973 -1.20411 -0.000822307 0.00108633 -0.00479841
34.5784 -1.43655 -0.000697371 0.000586854 -0.00488087
34.8594 -1.43601 -0.000354939 0.000137602 -0.00485267
34.5784 -1.20366 -0.000581669 0.000755658 -0.00469115
34.8595 -1.20319 -0.000269303 0.000146804 -0.00465876
34.0161 -0.971474 -0.00077206 0.00135067 -0.00483233
34.2973 -0.971139 -0.000663027 0.00120632 -0.00473325
34.0162 -0.738385 -0.0010572 0.00117125 -0.00449128
34.2973 -0.738135 -0.000972234 0.00095718 -0.00437297
34.5784 -0.970769 -0.000556827 0.000704244 -0.00455742
34.8595 -0.970382 -0.00028184 0.000207877 -0.00453041
34.5784 -0.73788 -0.000467693 0.000660545 -0.00436587
34.8595 -0.737592 -0.000188102 0.000225393 -0.00431004
