30.6405 -9.84792 -0.00190552 0.00316442 -8.98998e-05
30.9218 -9.84769 -0.00183414 0.00298758 -8.88505e-05
30.6405 -9.61439 -0.00192651 0.00314919 -0.000239246
30.9218 -9.61415 -0.00186348 0.00300343 -0.000265271
31.203 -9.84722 -0.00178158 0.00289079 -0.000103189
31.4843 -9.84651 -0.00175938 0.00281753 -8.13371e-05
31.2031 -9.61369 -0.00183166 0.00292967 -0.000278574
31.4843 -9.61299 -0.00184968 0.00285492 -0.000267215
30.6406 -9.38086 -0.00195094 0.00310874 -0.00043677
30.9218 -9.38063 -0.00189996 0.00308969 -0.000497374
30.6406 -9.14733 -0.00196013 0.00305581 -0.000575208
30.9219 -9.14711 -0.00189708 0.00306994 -0.00067459
31.2031 -9.38018 -0.00190725 0.00298188 -0.000496167
31.4843 -9.37949 -0.00192006 0.00290702 -0.000521109
31.2031 -9.14667 -0.00191854 0.002995 -0.000739662
31.4844 -9.146 -0.00188419 0.00277543 -0.00084233
31.7656 -9.84557 -0.00172471 0.00275242 -7.69757e-05
32.0468 -9.84441 -0.00164054 0.00262261 -6.07333e-05
31.7656 -9.61208 -0.00177082 0.00279085 -0.000240198
32.0468 -9.61094 -0.00168895 0.002597 -0.000170221
32.3281 -9.84301 -0.00152965 0.00238831 -4.39881e-05
32.6094 -9.84137 -0.00139448 0.00218287 -5.35653e-05
32.3281 -9.60957 -0.00153871 0.00238011 -0.000162913
32.6094 -9.60797 -0.00137779 0.00212504 -0.000188603
31.7656 -9.37859 -0.00179923 0.00274501 -0.000520258
32.0468 -9.37748 -0.0017394 0.00254504 -0.000520145
31.7656 -9.14512 -0.00182853 0.00262545 -0.00093475
32.0469 -9.14402 -0.00174378 0.00242448 -0.000951371
32.3281 -9.37614 -0.00155675 0.00232558 -0.000448376
32.6094 -9.37458 -0.00134213 0.0020158 -0.000421531
32.3281 -9.14271 -0.00157866 0.0022141 -0.000905533
32.6094 -9.1412 -0.00137144 0.00192322 -0.000743782
30.6406 -8.9138 -0.00196588 0.00308758 -0.000669959
30.9219 -8.91358 -0.0019539 0.00297364 -0.000839849
30.6407 -8.68027 -0.00184914 0.00298743 -0.00080761
30.9219 -8.68005 -0.00192092 0.00295216 -0.000931732
31.2032 -8.91315 -0.00182945 0.00286357 -0.0009946
31.4844 -8.9125 -0.00181991 0.00261772 -0.00116186
31.2032 -8.6796 -0.0016529 0.00262361 -0.00126213
31.4845 -8.67896 -0.00165551 0.00237187 -0.00141309
30.6407 -8.44668 -0.00182362 0.00282017 -0.000921173
30.922 -8.44646 -0.00174399 0.00256091 -0.00117389
30.6407 -8.21311 -0.00172843 0.00256594 -0.00102918
30.922 -8.2129 -0.00160763 0.00238442 -0.00125239
31.2033 -8.44604 -0.00151077 0.00233878 -0.00144262
31.4845 -8.44544 -0.00151124 0.00210681 -0.00159537
31.2033 -8.2125 -0.00144714 0.00203791 -0.00153195
31.4845 -8.21192 -0.00137652 0.00182434 -0.00171588
31.7656 -8.91163 -0.00175922 0.00240543 -0.00126694
32.0469 -8.91057 -0.00168928 0.00227769 -0.00131037
31.7656 -8.67812 -0.00167781 0.00216743 -0.00155927
32.0469 -8.67708 -0.00162352 0.00205347 -0.00162964
32.3281 -8.90929 -0.00154244 0.00206143 -0.00131913
32.6094 -8.90779 -0.00135918 0.00183966 -0.00117977
32.3281 -8.67584 -0.00160363 0.00195748 -0.00148361
32.6094 -8.6744 -0.00133153 0.00176469 -0.00146985
31.7657 -8.44462 -0.00155285 0.00192024 -0.00177341
32.0469 -8.44363 -0.00148947 0.0018157 -0.00184004
31.7657 -8.21112 -0.00140833 0.00166706 -0.00187339
32.0469 -8.21013 -0.00146349 0.00155115 -0.00167852
32.3281 -8.4424 -0.00138893 0.00175362 -0.00178954
32.6094 -8.44098 -0.00134216 0.00169371 -0.00152332
32.3281 -8.20895 -0.00135877 0.00167316 -0.00177969
32.6094 -8.20756 -0.00129829 0.00161049 -0.00156278
32.8906 -9.83949 -0.00131984 0.00193652 -8.34503e-05
33.1719 -9.83738 -0.00110702 0.00181486 -9.25491e-05
32.8906 -9.60613 -0.0012803 0.00189989 -0.000200404
33.1719 -9.60404 -0.00118166 0.00173117 -0.000219654
33.4531 -9.83504 -0.00102117 0.0014689 -4.59341e-05
33.7343 -9.83243 -0.000877126 0.00116532 -7.83343e-05
33.4531 -9.60173 -0.00102039 0.00145236 -0.00014315
33.7344 -9.59916 -0.000828914 0.00111766 -0.000100883
32.8907 -9.37278 -0.00123266 0.00176441 -0.000407961
33.172 -9.37072 -0.0011879 0.00169924 -0.000374101
32.8907 -9.13944 -0.0012156 0.00171048 -0.000698901
33.172 -9.13745 -0.00112642 0.00158919 -0.000559712
33.4532 -9.36845 -0.00107599 0.00142443 -0.000350727
33.7344 -9.36591 -0.000834506 0.00107926 -0.000305662
33.4533 -9.13523 -0.00110408 0.00148806 -0.0003884
33.7345 -9.13277 -0.000827278 0.0010788 -0.000392476
34.0157 -9.8296 -0.000554071 0.000791637 -6.25335e-05
34.2969 -9.82653 -0.000307074 0.00048129 -1.25257e-05
34.0157 -9.59638 -0.000572291 0.000840335 -0.000120254
34.297 -9.59343 -0.000244486 0.000258326 -0.000375264
34.5782 -9.82329 -9.91804e-05 9.81601e-05 -0.000132813
34.8594 -9.81979 8.83352e-06 -6.48117e-05 -0.000161578
34.5781 -9.59025 -7.40203e-05 -4.43741e-06 -0.000294459
34.8594 -9.58684 -5.38954e-05 -5.14944e-05 -0.000351841
34.0157 -9.36322 -0.00046867 0.000561346 -0.000538513
34.2969 -9.36038 -0.00025412 0.000245508 -0.000401221
34.0157 -9.13018 -0.000542807 0.00065664 -0.000398619
34.2968 -9.12739 -0.000221009 0.000192631 -0.000552268
34.5781 -9.35729 -9.73605e-05 7.23995e-06 -0.000465034
34.8594 -9.35395 -7.24842e-05 -3.27287e-05 -0.000504879
34.5781 -9.12433 -7.86871e-05 -1.22011e-05 -0.000554081
34.8594 -9.12105 -7.52168e-05 -6.35583e-05 -0.000648366
32.8907 -8.90609 -0.00122282 0.00166907 -0.000931216
33.172 -8.90418 -0.00116258 0.00163272 -0.000669411
32.8907 -8.67275 -0.00119468 0.00164843 -0.00111937
33.172 -8.67089 -0.00107692 0.00152816 -0.000965497
33.4533 -8.90206 -0.000972962 0.00129586 -0.000654685
33.7345 -8.89975 -0.000705529 0.00102882 -0.000479087
33.4533 -8.66883 -0.000951538 0.00126694 -0.000736948
33.7345 -8.66655 -0.000797229 0.000928161 -0.000721369
32.8907 -8.43936 -0.00124121 0.00158387 -0.00128342
33.172 -8.43755 -0.0011137 0.00143363 -0.00114501
32.8907 -8.20599 -0.00123348 0.00152817 -0.00144077
33.172 -8.20422 -0.00110742 0.0013575 -0.00131346
33.4533 -8.43554 -0.000952325 0.00124757 -0.000967641
33.7345 -8.43332 -0.000852551 0.000952229 -0.000958059
33.4533 -8.20225 -0.000974358 0.00117521 -0.00120148
33.7345 -8.20009 -0.000814846 0.00086834 -0.00116018
34.0156 -8.89718 -0.000540912 0.000689984 -0.000542683
34.2969 -8.89438 -0.000235195 0.000239249 -0.000529233
34.0157 -8.66405 -0.000530105 0.000593174 -0.000713986
34.2969 -8.66132 -0.000239977 0.000188933 -0.000664482
34.5781 -8.89136 -7.58702e-05 -4.95424e-05 -0.000678172
34.8594 -8.88815 -8.25066e-05 -5.48286e-05 -0.000705912
34.5781 -8.65839 -8.87926e-05 -5.29434e-05 -0.000737615
34.8594 -8.65525 -5.25829e-05 -0.00013097 -0.000743616
34.0157 -8.43089 -0.000548124 0.000575118 -0.000860614
34.2969 -8.42824 -0.000265987 0.000169123 -0.000843906
34.0157 -8.19771 -0.000602052 0.000550941 -0.0010897
34.297 -8.19515 -0.000311329 0.000180901 -0.000998418
34.5782 -8.4254 -8.33261e-05 -8.61173e-05 -0.000833941
34.8594 -8.42235 -9.09011e-05 -9.76631e-05 -0.000892894
34.5782 -8.19239 -0.000120617 -7.00178e-05 -0.000961369
34.8594 -8.18945 -6.87355e-05 -0.000109778 -0.000897819
