30.641 1.36205 -0.00170901 0.00315502 -0.00167838
30.9223 1.36196 -0.00156969 0.00285239 -0.00156398
30.6409 1.59566 -0.00203134 0.00314391 -0.00197397
30.9222 1.59554 -0.00169146 0.00307823 -0.00191847
31.2036 1.36187 -0.00156885 0.00269677 -0.00167403
31.4849 1.36174 -0.00158168 0.00261812 -0.00180142
31.2035 1.59541 -0.00154355 0.00285258 -0.00184481
31.4848 1.59525 -0.00160998 0.00276621 -0.00200559
30.6409 1.82922 -0.00196043 0.00306969 -0.00192016
30.9221 1.82913 -0.00198268 0.00291256 -0.00196151
30.6408 2.06274 -0.00174318 0.00327769 -0.00211679
30.9221 2.06266 -0.0020693 0.00311358 -0.00225911
31.2035 1.82897 -0.00170256 0.00308329 -0.00217087
31.4848 1.82877 -0.00158295 0.0028931 -0.00214232
31.2034 2.06251 -0.00197461 0.00310681 -0.00225788
31.4847 2.0623 -0.00172033 0.00305431 -0.00241431
31.7661 1.36158 -0.00155091 0.00258851 -0.00195296
32.0474 1.36139 -0.0015165 0.00252429 -0.00211582
31.7661 1.59506 -0.00160664 0.00268474 -0.00214663
32.0474 1.59484 -0.00155492 0.00259282 -0.00230084
32.3287 1.36117 -0.00145224 0.00240518 -0.0023069
32.6099 1.36091 -0.00136917 0.00224906 -0.00245721
32.3286 1.59458 -0.00147937 0.0024666 -0.00245304
32.6099 1.59429 -0.00137186 0.00227432 -0.0025599
31.766 1.82855 -0.00160169 0.00284182 -0.00232145
32.0473 1.8283 -0.00158897 0.00268217 -0.00246718
31.766 2.06205 -0.00162714 0.00291572 -0.00245829
32.0473 2.06176 -0.00158895 0.00278922 -0.00260576
32.3286 1.828 -0.00151301 0.00251849 -0.00255845
32.6099 1.82766 -0.00140365 0.00234588 -0.00266586
32.3286 2.06143 -0.00152399 0.00261834 -0.00271527
32.6098 2.06104 -0.00142218 0.00240907 -0.00276157
30.6408 2.29626 -0.0017255 0.00323224 -0.00231228
30.922 2.29616 -0.00183912 0.00314069 -0.00231173
30.6408 2.52978 -0.00161749 0.00310014 -0.00239674
30.922 2.52968 -0.00187685 0.00317576 -0.00246306
31.2033 2.29601 -0.00193965 0.00313651 -0.00243229
31.4846 2.29581 -0.00178147 0.00311223 -0.00249062
31.2033 2.52953 -0.00184524 0.00319234 -0.00254799
31.4846 2.52932 -0.00180018 0.00319277 -0.00263692
30.6407 2.76332 -0.00154008 0.00299262 -0.00252389
30.922 2.76322 -0.00182623 0.00310306 -0.002604
30.6407 2.99687 -0.00146249 0.00280495 -0.00249917
30.922 2.99677 -0.00175381 0.00304261 -0.00259422
31.2033 2.76306 -0.00188411 0.00324444 -0.00264188
31.4846 2.76283 -0.00179959 0.00331443 -0.00278209
31.2032 2.99658 -0.00188042 0.00325072 -0.00270725
31.4845 2.99633 -0.00179866 0.00335263 -0.00274907
31.766 2.29555 -0.00169599 0.00302372 -0.00265116
32.0472 2.29523 -0.00163664 0.00285672 -0.00272794
31.7659 2.52904 -0.00175495 0.0030828 -0.00275225
32.0472 2.52869 -0.00167325 0.00294137 -0.00285305
32.3285 2.29485 -0.00156068 0.00269365 -0.00282954
32.6098 2.29442 -0.00147289 0.00251902 -0.00287432
32.3285 2.52828 -0.00160783 0.00277366 -0.00292481
32.6097 2.5278 -0.00151793 0.00260844 -0.00297464
31.7658 2.76252 -0.00179033 0.0031555 -0.00283781
32.0471 2.76214 -0.00170368 0.00299983 -0.0029483
31.7658 2.996 -0.00179122 0.00325606 -0.00291892
32.0471 2.9956 -0.00174377 0.00309667 -0.00300217
32.3284 2.76169 -0.00160302 0.00284778 -0.00302938
32.6097 2.76118 -0.001552 0.00271214 -0.00309223
32.3283 2.99512 -0.00160911 0.00291261 -0.00314203
32.6096 2.99457 -0.00154406 0.0027894 -0.00324351
32.8912 1.36062 -0.00124247 0.00204033 -0.0025988
33.1724 1.3603 -0.00110509 0.00181637 -0.00272283
32.8911 1.59395 -0.00124761 0.00206262 -0.0026524
33.1724 1.59358 -0.00109514 0.00181479 -0.00271735
33.4536 1.35994 -0.000957741 0.0015739 -0.00285115
33.7348 1.35956 -0.000815026 0.0013335 -0.00298927
33.4536 1.59317 -0.00094251 0.00157276 -0.00278633
33.7348 1.59272 -0.000773116 0.00131508 -0.00294058
32.8911 1.82728 -0.00126749 0.00211127 -0.00269476
33.1723 1.82686 -0.00111061 0.00185734 -0.00269086
32.8911 2.06061 -0.00131308 0.00220501 -0.00274527
33.1723 2.06014 -0.00114169 0.00192069 -0.00263904
33.4536 1.82639 -0.000937157 0.0015768 -0.00271882
33.7348 1.82588 -0.000760558 0.00130133 -0.00284354
33.4535 2.05961 -0.000947508 0.00159374 -0.00259628
33.7348 2.05903 -0.000746677 0.00128514 -0.00269216
34.0161 1.35913 -0.000625821 0.00106135 -0.00315845
34.2972 1.35864 -0.000222269 0.000926035 -0.00337746
34.016 1.59222 -0.000597244 0.00105447 -0.00309636
34.2972 1.59167 -0.000419102 0.000791062 -0.00330734
34.5783 1.35815 2.93846e-05 0.000642719 -0.00325323
34.8594 1.35764 0.000126706 0.000310832 -0.00337402
34.5783 1.5911 -0.000302915 0.000486102 -0.00332853
34.8594 1.5905 -5.27773e-05 9.89526e-05 -0.00337259
34.016 1.82532 -0.000591239 0.00104357 -0.00302338
34.2972 1.82471 -0.000398499 0.000755148 -0.00326025
34.016 2.05841 -0.000558856 0.00100916 -0.00290453
34.2972 2.05774 -0.000360849 0.00071004 -0.00320348
34.5783 1.82406 -0.00013857 0.000537848 -0.00346408
34.8594 1.82337 -3.60225e-05 0.000358064 -0.0035647
34.5783 2.05701 -0.000188956 0.000468974 -0.00351623
34.8594 2.05624 -3.65006e-05 0.000190563 -0.00368609
32.891 2.29394 -0.0013646 0.00231731 -0.00280702
33.1723 2.29341 -0.00121164 0.0020773 -0.00264227
32.891 2.52727 -0.00145579 0.00249241 -0.00293786
33.1722 2.5267 -0.00129752 0.00221274 -0.00283546
33.4535 2.29283 -0.000965109 0.0016608 -0.00254382
33.7348 2.2922 -0.000742489 0.001299 -0.00256498
33.4535 2.52606 -0.00105319 0.00178123 -0.00268083
33.7347 2.52537 -0.000814884 0.0013165 -0.00268412
32.8909 2.76061 -0.00149547 0.00261909 -0.00314691
33.1722 2.75998 -0.0013584 0.00236864 -0.00314054
32.8909 2.99396 -0.00149667 0.0026939 -0.00337249
33.1722 2.99327 -0.00139314 0.00244497 -0.00345863
33.4535 2.75928 -0.00102118 0.0019633 -0.00311255
33.7347 2.75852 -0.000789799 0.00150029 -0.0030665
33.4535 2.99251 -0.00110754 0.00200725 -0.00356409
33.7347 2.99168 -0.000837089 0.00162338 -0.00361205
34.016 2.2915 -0.000537383 0.000997427 -0.00277926
34.2972 2.29076 -0.00032014 0.000697948 -0.0031094
34.016 2.5246 -0.000560217 0.0010238 -0.00279236
34.2971 2.52378 -0.000289302 0.000668446 -0.00310077
34.5783 2.28995 -0.000133433 0.000444971 -0.0034969
34.8594 2.28908 0.000101645 0.000179453 -0.00375524
34.5783 2.52289 -7.73147e-05 0.000394171 -0.00352141
34.8594 2.52194 -1.33692e-05 0.000415482 -0.00372561
34.0159 2.75769 -0.000569002 0.00108746 -0.00314344
34.2971 2.7568 -0.00028609 0.000671785 -0.00333623
34.0159 2.99077 -0.000572864 0.00118743 -0.0036811
34.2971 2.9898 -0.000260179 0.000686111 -0.00377735
34.5783 2.75583 7.95944e-06 0.000365169 -0.00364831
34.8594 2.75481 0.000154878 0.000197219 -0.00386957
34.5783 2.98875 6.50213e-06 0.000358962 -0.00382989
34.8594 2.98765 -2.90253e-05 0.00013494 -0.00386796
