26.1406 1.35845 -5.458e-05 4.04818e-06 0.00188895
26.4219 1.35892 -7.26485e-05 2.89936e-05 0.00189779
26.1406 1.59131 -4.5092e-05 -3.79627e-05 0.00187713
26.4219 1.59187 -5.23413e-05 -1.64692e-05 0.00190308
26.7032 1.35935 -0.000126531 0.000154716 0.00194063
26.9845 1.35976 -0.000199563 0.000303819 0.00197566
26.7032 1.59239 -8.47748e-05 3.29033e-05 0.00192972
26.9845 1.59287 -0.000131608 0.000108861 0.00195541
26.1406 1.82418 -3.35687e-05 -5.77051e-05 0.00156473
26.4219 1.82482 -2.94606e-05 -6.26832e-05 0.00159413
26.1406 2.05704 -1.32386e-05 -3.86992e-05 0.00108669
26.4219 2.05777 1.75761e-05 -0.00010328 0.00112978
26.7032 1.82542 -2.67339e-05 -5.41408e-05 0.00160989
26.9845 1.82598 -2.48603e-05 -5.69731e-05 0.00161437
26.7032 2.05845 2.86354e-05 -0.000138612 0.00112502
26.9845 2.05908 5.34628e-05 -0.00018438 0.0011331
27.2658 1.36013 -0.000278356 0.000433667 0.00197295
27.547 1.36047 -0.000410352 0.00065374 0.00198709
27.2657 1.59331 -0.00015323 0.000159862 0.00190835
27.547 1.59371 -0.000179731 0.000241751 0.0019002
27.8283 1.36078 -0.000503611 0.000847034 0.00198329
28.1096 1.36106 -0.000615787 0.00110719 0.00193535
27.8283 1.59408 -0.000252795 0.000375689 0.00188887
28.1095 1.59441 -0.000332715 0.000519067 0.0017624
27.2657 1.82649 -3.33191e-06 -7.12485e-05 0.00157437
27.547 1.82696 3.31039e-06 -5.73524e-05 0.00157805
27.2657 2.05966 8.98353e-05 -0.000256734 0.00113566
27.547 2.06018 0.000130582 -0.000350814 0.00109945
27.8283 1.82738 -1.82316e-06 -6.56734e-05 0.0015215
28.1095 1.82775 -5.03383e-05 1.56676e-05 0.00145458
27.8283 2.06066 0.000167612 -0.00040672 0.00108489
28.1095 2.06109 0.000160086 -0.000383864 0.00101175
26.1406 2.2899 -3.47837e-07 -5.32678e-05 0.000692531
26.4219 2.29071 2.80393e-05 -0.000112054 0.000703358
26.1406 2.52275 4.858e-06 -5.14957e-05 0.00039387
26.4219 2.52365 3.96897e-05 -0.000123934 0.000422814
26.7032 2.29147 6.14708e-05 -0.000179492 0.000733092
26.9845 2.29217 0.000110635 -0.000287773 0.000723773
26.7032 2.52449 9.85854e-05 -0.000232495 0.00045816
26.9844 2.52526 0.000156689 -0.000354994 0.000485838
26.1406 2.7556 5.36967e-06 -3.84654e-05 0.000251594
26.4219 2.75658 4.86866e-05 -0.000128269 0.000273185
26.1406 2.98845 5.55433e-06 -3.6599e-05 0.000215899
26.4219 2.98952 3.71796e-05 -0.000102951 0.000240597
26.7032 2.7575 9.6225e-05 -0.000226736 0.000324574
26.9844 2.75835 0.000173911 -0.000382397 0.00037084
26.7032 2.99052 9.21041e-05 -0.000216437 0.000276
26.9844 2.99145 0.000166031 -0.000368164 0.000359137
27.2657 2.29281 0.000186243 -0.000428828 0.000746742
27.547 2.29341 0.000256552 -0.000557712 0.000733029
27.2657 2.52597 0.000245471 -0.000526408 0.000501757
27.547 2.52663 0.000346212 -0.00071674 0.000516015
27.8282 2.29394 0.00031518 -0.000660113 0.0007011
28.1095 2.29442 0.000320325 -0.000661563 0.000653224
27.8282 2.52722 0.000424246 -0.000853918 0.000491383
28.1095 2.52775 0.000443907 -0.000875531 0.000438713
27.2657 2.75914 0.00027491 -0.000583679 0.00042367
27.5469 2.75985 0.000400417 -0.00081536 0.000454086
27.2657 2.9923 0.00027663 -0.000590191 0.000421877
27.5469 2.99308 0.000410294 -0.000846834 0.000496781
27.8282 2.7605 0.000494921 -0.000991658 0.000452534
28.1094 2.76109 0.000524199 -0.00102467 0.000382811
27.8282 2.99379 0.00052369 -0.00105614 0.000523931
28.1094 2.99442 0.000576913 -0.00114651 0.000457505
28.3908 1.3613 -0.000821801 0.00148298 0.0017358
28.6721 1.3615 -0.00108802 0.00194349 0.00140728
28.3908 1.5947 -0.000492936 0.000841259 0.0015797
28.6721 1.59494 -0.000778389 0.00136027 0.00114999
28.9534 1.36168 -0.00142429 0.00253991 0.00084439
29.2346 1.36182 -0.00175441 0.00314981 0.000174785
28.9534 1.59515 -0.00113951 0.00203983 0.00054219
29.2346 1.59532 -0.0015196 0.00273315 -0.000150577
28.3908 1.82809 -0.000173422 0.000258955 0.00122211
28.6721 1.82838 -0.00044842 0.000775859 0.000782103
28.3908 2.06147 5.61253e-05 -0.000177965 0.000834625
28.672 2.0618 -0.00019272 0.000317083 0.000418138
28.9533 1.82862 -0.000840266 0.0015128 0.000147222
29.2346 1.82882 -0.0012534 0.00229151 -0.000520361
28.9533 2.06209 -0.000558781 0.00102418 -0.000245577
29.2346 2.06232 -0.000963515 0.00180473 -0.00082743
29.5159 1.36193 -0.00202063 0.00358414 -0.000573813
29.7971 1.36201 -0.00207988 0.00375948 -0.00112617
29.5159 1.59546 -0.00182005 0.00326587 -0.000795657
29.7971 1.59557 -0.00197094 0.00353673 -0.00134213
30.0784 1.36205 -0.00189711 0.00358584 -0.0014349
30.3596 1.36208 -0.00205246 0.00326005 -0.0017071
30.0784 1.59565 -0.00194539 0.00355444 -0.00162293
30.3596 1.59569 -0.0019844 0.0032076 -0.00172323
29.5159 1.82899 -0.00158238 0.00288767 -0.00103271
29.7971 1.82912 -0.00181094 0.00325574 -0.00149099
29.5158 2.06251 -0.00131652 0.00247688 -0.00133192
29.7971 2.06264 -0.00162154 0.00293809 -0.00167676
30.0784 1.8292 -0.00181116 0.00343422 -0.00178765
30.3596 1.82923 -0.00184643 0.00335623 -0.00193581
30.0784 2.06273 -0.0016731 0.00320989 -0.00192911
30.3596 2.06277 -0.00177196 0.00327917 -0.00207156
28.3908 2.29485 0.00023728 -0.000487545 0.000491586
28.672 2.29522 2.14985e-05 -4.80785e-05 8.754e-05
28.3907 2.52823 0.000368196 -0.00070874 0.00028007
28.672 2.52864 0.000184459 -0.000328875 -0.000112947
28.9533 2.29554 -0.000313987 0.000617319 -0.000497108
29.2345 2.29581 -0.000706897 0.00136254 -0.00112219
28.9533 2.52899 -0.000102185 0.000256386 -0.000702308
29.2345 2.52928 -0.000457559 0.000956947 -0.00126685
28.3907 2.76161 0.000462053 -0.000880549 0.000207694
28.672 2.76206 0.000315309 -0.000557625 -0.000184726
28.3907 2.99499 0.0005492 -0.00104174 0.000221144
28.672 2.99548 0.000435276 -0.000779273 -0.000171329
28.9533 2.76244 8.12589e-05 -7.04211e-05 -0.00073838
29.2345 2.76276 -0.00024355 0.00057625 -0.00128392
28.9532 2.9959 0.000234833 -0.000353018 -0.000680989
29.2345 2.99625 -5.85353e-05 0.000233212 -0.00117935
29.5158 2.29601 -0.00106407 0.00205148 -0.00158818
29.7971 2.29617 -0.00138553 0.00254565 -0.0018928
29.5158 2.52951 -0.000801276 0.00161246 -0.00173008
29.7971 2.52968 -0.00112119 0.00216048 -0.00204153
30.0784 2.29626 -0.00154384 0.00293991 -0.00209324
30.3596 2.29629 -0.0016554 0.00313651 -0.00219445
30.0783 2.52978 -0.00136878 0.00258822 -0.00224721
30.3595 2.52981 -0.00155471 0.00293291 -0.0023484
29.5158 2.76301 -0.000583098 0.00123692 -0.00172408
29.797 2.76319 -0.000888729 0.001806 -0.00203865
29.5157 2.99652 -0.000375722 0.00084606 -0.00158778
29.797 2.99671 -0.000698175 0.00147443 -0.00197245
30.0783 2.7633 -0.0011556 0.00228155 -0.00228491
30.3595 2.76334 -0.00137265 0.00264608 -0.00240991
30.0782 2.99684 -0.00102236 0.0020304 -0.00221786
30.3595 2.9969 -0.00124129 0.00241895 -0.00239675
