30.6412 -4.24263 -0.00258902 0.00394544 -0.00273591
30.9224 -4.24252 -0.00240839 0.00363843 -0.00287812
30.6412 -4.00906 -0.00259986 0.00393588 -0.00274773
30.9224 -4.00896 -0.0024282 0.00368915 -0.00288023
31.2036 -4.24231 -0.00227926 0.00324975 -0.00298011
31.4848 -4.24199 -0.00207805 0.00295573 -0.00308278
31.2036 -4.00877 -0.00231643 0.00335235 -0.00296004
31.4848 -4.00847 -0.00212559 0.00306708 -0.00305966
30.6412 -3.77549 -0.00261113 0.00400841 -0.00275423
30.9224 -3.77541 -0.00249837 0.0037423 -0.0028651
30.6412 -3.54193 -0.002581 0.00402762 -0.00283449
30.9224 -3.54186 -0.00256689 0.00378993 -0.00300682
31.2036 -3.77523 -0.0023422 0.00346851 -0.00301529
31.4848 -3.77496 -0.00217453 0.00314701 -0.00316252
31.2036 -3.5417 -0.00237058 0.00347429 -0.00317575
31.4848 -3.54145 -0.00222718 0.00318731 -0.00338814
31.766 -4.24157 -0.00194038 0.00268401 -0.00316405
32.0472 -4.24105 -0.00183427 0.00245582 -0.00325726
31.766 -4.00809 -0.0019839 0.0028131 -0.00316391
32.0472 -4.0076 -0.0019081 0.00262099 -0.00327793
32.3285 -4.24042 -0.00176081 0.00229558 -0.0033612
32.6097 -4.2397 -0.00169219 0.00216343 -0.00346498
32.3285 -4.00702 -0.00185688 0.00246952 -0.00335601
32.6097 -4.00634 -0.00181088 0.00238777 -0.00342793
31.766 -3.77461 -0.00205217 0.00290237 -0.00331132
32.0472 -3.77416 -0.00198224 0.00275345 -0.00341649
31.766 -3.54113 -0.00210039 0.00298709 -0.00354485
32.0472 -3.54071 -0.00207762 0.00285525 -0.00367025
32.3285 -3.77362 -0.00195468 0.00267 -0.00350907
32.6097 -3.77299 -0.00194632 0.0026058 -0.00354415
32.3285 -3.54021 -0.00204463 0.00281123 -0.0037543
32.6097 -3.53963 -0.00205616 0.0027662 -0.00384135
30.6413 -3.30837 -0.002645 0.00400301 -0.00307928
30.9224 -3.30831 -0.00258884 0.00378134 -0.00323334
30.6413 -3.07483 -0.00259407 0.0040892 -0.00347403
30.9224 -3.07477 -0.00258819 0.00386147 -0.00361453
31.2036 -3.30817 -0.00235914 0.00350729 -0.00345299
31.4848 -3.30794 -0.00226918 0.00322667 -0.00362007
31.2036 -3.07463 -0.00238279 0.00357145 -0.00376131
31.4848 -3.07442 -0.00230716 0.0033181 -0.00389017
30.6413 -2.84129 -0.00271978 0.00405349 -0.00394563
30.9224 -2.84123 -0.00265704 0.0038955 -0.004005
30.6413 -2.60776 -0.00273467 0.00412616 -0.00444173
30.9225 -2.60771 -0.00271099 0.00406994 -0.00445081
31.2036 -2.84111 -0.00247767 0.00364488 -0.00407617
31.4848 -2.84091 -0.0023805 0.00339254 -0.00416703
31.2036 -2.60759 -0.00249227 0.00382271 -0.00440911
31.4848 -2.6074 -0.00241369 0.00355319 -0.00449988
31.766 -3.30764 -0.00214314 0.00307442 -0.00378286
32.0472 -3.30726 -0.00211463 0.00295062 -0.00391386
31.766 -3.07414 -0.00223757 0.00315665 -0.00400332
32.0472 -3.07379 -0.00216994 0.00306416 -0.00413172
32.3285 -3.3068 -0.00214855 0.00291008 -0.00403261
32.6097 -3.30627 -0.00214981 0.00289993 -0.00409893
32.3284 -3.07337 -0.00220792 0.0029622 -0.00425343
32.6097 -3.07289 -0.00216389 0.00299928 -0.00439426
31.766 -2.84065 -0.00229802 0.00328219 -0.0042407
32.0472 -2.84033 -0.00218053 0.00319063 -0.0043526
31.766 -2.60716 -0.00234026 0.00343665 -0.00448837
32.0472 -2.60685 -0.00207233 0.00343279 -0.00462146
32.3284 -2.83993 -0.00223011 0.00308295 -0.00445502
32.6097 -2.83946 -0.00245736 0.00296103 -0.00453709
32.3284 -2.60647 -0.0022275 0.00318488 -0.00472015
32.6097 -2.60604 -0.0021893 0.00314814 -0.00480633
32.8909 -4.23887 -0.0016201 0.00200286 -0.003578
33.1721 -4.23793 -0.00152672 0.0018421 -0.00371615
32.8909 -4.00556 -0.00177132 0.0022747 -0.00351944
33.1721 -4.00467 -0.00166417 0.00211491 -0.00361679
33.4534 -4.23689 -0.00140854 0.0016072 -0.00390398
33.7346 -4.23575 -0.00126813 0.0013335 -0.00411807
33.4534 -4.00368 -0.00152544 0.00188372 -0.00378562
33.7346 -4.0026 -0.00137745 0.00157314 -0.00405135
32.8909 -3.77225 -0.00191464 0.00250871 -0.00357549
33.1722 -3.77141 -0.00185862 0.00235745 -0.00361662
32.8909 -3.53894 -0.00203276 0.00271762 -0.0038679
33.1722 -3.53815 -0.00197647 0.00259699 -0.00385094
33.4534 -3.77047 -0.00174109 0.00212929 -0.00371878
33.7347 -3.76945 -0.00152277 0.00177316 -0.00395887
33.4534 -3.53727 -0.00186182 0.00236289 -0.00389186
33.7347 -3.53631 -0.00165857 0.00199824 -0.00399785
34.0158 -4.2345 -0.00109785 0.00105025 -0.00437028
34.2971 -4.23316 -0.000843599 0.000698723 -0.00454252
34.0159 -4.00142 -0.00121169 0.00122976 -0.00437476
34.2971 -4.00015 -0.000943748 0.000952263 -0.00466282
34.5783 -4.23171 -0.000696613 0.000407148 -0.00466059
34.8594 -4.23016 -0.000435425 4.28917e-06 -0.00466955
34.5783 -3.99878 -0.00060956 0.000559146 -0.00483139
34.8594 -3.99731 -0.000332333 0.000154914 -0.00485037
34.0159 -3.76833 -0.00131627 0.00141192 -0.00432595
34.2971 -3.76712 -0.00110861 0.00103003 -0.0046754
34.0159 -3.53526 -0.00141318 0.00156921 -0.00430332
34.2971 -3.53412 -0.00119344 0.00115494 -0.00468796
34.5783 -3.76583 -0.000848551 0.000605009 -0.00491192
34.8594 -3.76444 -0.00042035 0.000106882 -0.0050019
34.5783 -3.5329 -0.000938515 0.000635625 -0.00492396
34.8594 -3.53159 -0.000724412 6.71442e-05 -0.00510469
32.891 -3.30562 -0.00213566 0.00283223 -0.00415021
33.1722 -3.30487 -0.00210245 0.0027334 -0.0041882
32.891 -3.07229 -0.00200914 0.00312523 -0.00449505
33.1723 -3.07158 -0.00213579 0.00282992 -0.00450152
33.4535 -3.30405 -0.00196887 0.00252777 -0.00422154
33.7347 -3.30314 -0.00176684 0.00214205 -0.00427291
33.4535 -3.07081 -0.00202431 0.00263751 -0.00459481
33.7347 -3.06997 -0.00180141 0.00226862 -0.00462943
32.891 -2.83891 -0.00227133 0.00299356 -0.00453123
33.1723 -2.83828 -0.00219449 0.00291754 -0.00480399
32.891 -2.60554 -0.00207794 0.00326067 -0.00496638
33.1723 -2.60497 -0.00209414 0.00290313 -0.00502221
33.4535 -2.83758 -0.00200052 0.00261307 -0.00488635
33.7348 -2.8368 -0.00177896 0.00226113 -0.00506431
33.4536 -2.60433 -0.00179933 0.00274764 -0.00519412
33.7348 -2.60362 -0.00169825 0.00214103 -0.00530618
34.0159 -3.30216 -0.00149133 0.00167408 -0.00442986
34.2971 -3.30111 -0.0012241 0.00126383 -0.0047371
34.016 -3.06906 -0.00149733 0.0017644 -0.00473161
34.2971 -3.06808 -0.00124117 0.00135291 -0.00487071
34.5783 -3.29998 -0.000923385 0.000798977 -0.00497115
34.8594 -3.29877 -0.000459234 0.000186887 -0.00503374
34.5783 -3.06704 -0.000917129 0.000886769 -0.00495594
34.8594 -3.06592 -0.000473174 0.000237424 -0.00499716
34.016 -2.83596 -0.00150147 0.00179751 -0.00508124
34.2971 -2.83506 -0.00124781 0.00137767 -0.00501408
34.016 -2.60285 -0.00142907 0.00174475 -0.00528994
34.2972 -2.60203 -0.00118352 0.00139483 -0.00506912
34.5783 -2.83409 -0.000927097 0.000910994 -0.00495712
34.8594 -2.83306 -0.000479119 0.000226551 -0.00491165
34.5783 -2.60115 -0.000843636 0.000900431 -0.00493296
34.8594 -2.6002 -0.000401984 0.000236898 -0.0049019
