26.1406 -7.95707 -0.000718071 -0.000152068 -0.00493496
26.4219 -7.95991 -0.00094888 0.000287619 -0.00485276
26.1406 -7.72417 -0.000781287 -0.000157533 -0.00525691
26.4219 -7.72693 -0.00100538 0.000298989 -0.00522352
26.7031 -7.96255 -0.00120397 0.000820182 -0.00472777
26.9844 -7.96501 -0.0014443 0.00145826 -0.0044948
26.7031 -7.7295 -0.00125322 0.000887219 -0.00508703
26.9844 -7.7319 -0.00151405 0.00147519 -0.0049363
26.1406 -7.49129 -0.000734398 -0.000100249 -0.00559125
26.4219 -7.49397 -0.000945571 0.000353337 -0.00556881
26.1406 -7.25841 -0.000822257 -0.000156747 -0.00584955
26.4219 -7.261 -0.000994391 0.000302531 -0.00574269
26.7032 -7.49646 -0.00124002 0.000856966 -0.0054205
26.9844 -7.49878 -0.00155202 0.00152792 -0.00518636
26.7032 -7.26342 -0.00133586 0.00085285 -0.00559873
26.9844 -7.26567 -0.00162785 0.00148017 -0.00540851
27.2657 -7.96729 -0.00160598 0.00215605 -0.00416792
27.547 -7.96938 -0.00185068 0.00280423 -0.00362321
27.2657 -7.7341 -0.00180032 0.00220836 -0.00455267
27.547 -7.73613 -0.00195699 0.00278911 -0.00390615
27.8282 -7.97126 -0.00219537 0.00313259 -0.00309972
28.1095 -7.97294 -0.00218967 0.00342193 -0.00244371
27.8282 -7.73796 -0.00215349 0.00312869 -0.00345363
28.1095 -7.7396 -0.00225762 0.0034547 -0.00279416
27.2657 -7.50092 -0.00184957 0.00224258 -0.00483473
27.547 -7.50288 -0.00214993 0.0028826 -0.00439084
27.2657 -7.26774 -0.00190859 0.00229377 -0.00516703
27.547 -7.26964 -0.00216935 0.00286466 -0.00472836
27.8283 -7.50466 -0.00224524 0.00325162 -0.0037977
28.1095 -7.50625 -0.00229505 0.00342637 -0.00328212
27.8283 -7.27136 -0.00228227 0.00321499 -0.0041975
28.1096 -7.27291 -0.00231274 0.00336785 -0.00371181
26.1406 -7.02554 -0.000765999 -0.000134412 -0.0058901
26.4219 -7.02805 -0.000943438 0.00034039 -0.00586959
26.1406 -6.79267 -0.000690088 -9.87703e-05 -0.00586117
26.4219 -6.79509 -0.000911008 0.000325547 -0.00577763
26.7032 -7.0304 -0.00115343 0.000906736 -0.00575948
26.9845 -7.03256 -0.00152618 0.00154768 -0.00560348
26.7032 -6.79736 -0.00118291 0.000896598 -0.0057345
26.9845 -6.79945 -0.00153464 0.00156401 -0.00553918
26.1406 -6.55979 -0.000682673 -9.48344e-05 -0.00559263
26.4219 -6.56213 -0.000902128 0.000345187 -0.00554183
26.1406 -6.3269 -0.00060901 -5.7519e-05 -0.00533281
26.4219 -6.32916 -0.000849659 0.000371775 -0.00524376
26.7032 -6.56431 -0.00115742 0.000893816 -0.00542078
26.9845 -6.56634 -0.00148685 0.00157554 -0.00534214
26.7032 -6.33127 -0.00111035 0.000914705 -0.00514851
26.9845 -6.33323 -0.00143156 0.00156565 -0.00506152
27.2658 -7.03456 -0.00192335 0.00230314 -0.00534696
27.547 -7.0364 -0.00218129 0.00288205 -0.0049171
27.2658 -6.80139 -0.00190934 0.00230852 -0.00530569
27.5471 -6.80316 -0.00220313 0.00287608 -0.00502675
27.8283 -7.03806 -0.00230308 0.00317 -0.00452352
28.1096 -7.03956 -0.00231338 0.00336123 -0.00401833
27.8283 -6.80477 -0.00234449 0.00317628 -0.00463592
28.1096 -6.80622 -0.00231019 0.0033112 -0.00418436
27.2658 -6.56821 -0.00187541 0.00232655 -0.00518529
27.5471 -6.56992 -0.00221024 0.00290915 -0.00502864
27.2658 -6.33503 -0.00176532 0.00230906 -0.0049834
27.5471 -6.33669 -0.00212128 0.00292071 -0.00488403
27.8284 -6.57148 -0.00230596 0.00320077 -0.00470504
28.1097 -6.57287 -0.00231821 0.00331581 -0.00427611
27.8284 -6.33819 -0.00232515 0.00332283 -0.00461526
28.1097 -6.33954 -0.00233426 0.00341334 -0.00425374
28.3907 -7.97443 -0.00216536 0.00350795 -0.00188173
28.672 -7.97574 -0.00216257 0.00352591 -0.0014196
28.3908 -7.74105 -0.00221834 0.00352629 -0.00233467
28.6721 -7.74232 -0.00216892 0.00350605 -0.00175914
28.9533 -7.97686 -0.00208272 0.00344887 -0.00111199
29.2345 -7.97779 -0.00182626 0.00330886 -0.000855248
28.9533 -7.74341 -0.00210821 0.00337754 -0.00126431
29.2346 -7.74432 -0.00185037 0.0032082 -0.000955122
28.3908 -7.50768 -0.00220068 0.00355637 -0.0026299
28.6721 -7.50891 -0.00213966 0.00358462 -0.00200261
28.3908 -7.27428 -0.00234546 0.00360281 -0.0029657
28.6721 -7.27547 -0.00215015 0.00359872 -0.00232586
28.9533 -7.50996 -0.00209404 0.00336916 -0.00144986
29.2346 -7.51084 -0.00191941 0.0031535 -0.00122788
28.9534 -7.2765 -0.00207559 0.00334895 -0.00185444
29.2346 -7.27734 -0.00196242 0.00299815 -0.00160241
29.5157 -7.97853 -0.00181647 0.00305555 -0.000677149
29.7969 -7.97907 -0.0018568 0.00289363 -0.000702525
29.5158 -7.74504 -0.00176976 0.00301782 -0.000816686
29.797 -7.74555 -0.00172962 0.00274737 -0.000832974
30.0782 -7.97942 -0.00181917 0.00275246 -0.000805995
30.3594 -7.97959 -0.00171345 0.00261676 -0.000934861
30.0782 -7.74589 -0.00182094 0.00248799 -0.000957884
30.3595 -7.74604 -0.00162489 0.00241155 -0.00113532
29.5158 -7.51154 -0.00170503 0.00285664 -0.00112811
29.797 -7.51204 -0.00157628 0.0026555 -0.00113469
29.5159 -7.27801 -0.00172192 0.00275373 -0.00155703
29.7971 -7.27849 -0.00151264 0.00253333 -0.00154123
30.0782 -7.51236 -0.00183698 0.00234879 -0.00117593
30.3595 -7.51249 -0.0015317 0.00225427 -0.00133981
30.0782 -7.2788 -0.0018046 0.00222918 -0.00144883
30.3595 -7.27893 -0.00150046 0.00215554 -0.00159614
28.3909 -7.04089 -0.00233222 0.0034726 -0.00336433
28.6722 -7.04205 -0.00222366 0.00358044 -0.00275475
28.3909 -6.8075 -0.00233787 0.00340988 -0.00370184
28.6722 -6.80863 -0.00226748 0.00350586 -0.00326021
28.9534 -7.04304 -0.00205172 0.00330325 -0.00231067
29.2346 -7.04385 -0.00205406 0.00292532 -0.00215101
28.9534 -6.80959 -0.00208575 0.00333132 -0.0028757
29.2347 -6.81039 -0.0021217 0.00290637 -0.00273353
28.3909 -6.57412 -0.00231984 0.00336705 -0.0038494
28.6722 -6.57521 -0.00230284 0.00339109 -0.00357689
28.391 -6.34073 -0.00230367 0.00343745 -0.00387556
28.6722 -6.34178 -0.00237421 0.00345835 -0.00360304
28.9535 -6.57614 -0.00212382 0.00331184 -0.00342617
29.2347 -6.57692 -0.00212038 0.00294783 -0.00324361
28.9535 -6.34268 -0.00224797 0.0033977 -0.00359302
29.2347 -6.34343 -0.00221884 0.00313607 -0.00353642
29.5159 -7.0445 -0.00172751 0.00267515 -0.00208015
29.7971 -7.04499 -0.00155541 0.00245374 -0.00189418
29.5159 -6.81102 -0.00178015 0.00263928 -0.00253221
29.7972 -6.81147 -0.00171152 0.00238355 -0.00252201
30.0783 -7.04528 -0.00156311 0.00218269 -0.00197221
30.3596 -7.04539 -0.00147569 0.00205744 -0.00187624
30.0784 -6.81174 -0.00160686 0.00220754 -0.00236245
30.3596 -6.81185 -0.00150857 0.00202615 -0.00229894
29.516 -6.5775 -0.00202885 0.00266822 -0.00311414
29.7972 -6.57792 -0.00182383 0.00247359 -0.00304503
29.516 -6.344 -0.00209652 0.00292729 -0.0034887
29.7973 -6.3444 -0.00202647 0.00275414 -0.00330511
30.0784 -6.57819 -0.00173663 0.00232249 -0.0028701
30.3597 -6.57831 -0.00164092 0.0020933 -0.00273502
30.0785 -6.34467 -0.00204524 0.00247773 -0.003115
30.3597 -6.34481 -0.00180247 0.0024147 -0.00297512
