30.6409 -6.11126 -0.00194783 0.00248514 -0.00282028
30.9221 -6.11109 -0.0017567 0.00231361 -0.00263318
30.641 -5.8777 -0.00204803 0.00282907 -0.00280962
30.9222 -5.87753 -0.00193797 0.00260075 -0.00271185
31.2034 -6.11077 -0.00163452 0.0021662 -0.00254791
31.4846 -6.11031 -0.00154704 0.0020017 -0.00254146
31.2034 -5.87722 -0.00173289 0.002354 -0.00270288
31.4846 -5.87677 -0.00163547 0.00214597 -0.00270421
30.641 -5.64413 -0.00213742 0.00305929 -0.00287402
30.9222 -5.64396 -0.00206949 0.00277382 -0.00280654
30.641 -5.41055 -0.00224744 0.00333662 -0.0028433
30.9222 -5.41039 -0.00209553 0.00297354 -0.00285963
31.2034 -5.64366 -0.00186993 0.00251844 -0.00278626
31.4846 -5.64323 -0.0017268 0.00227963 -0.00281499
31.2035 -5.4101 -0.0019643 0.00265913 -0.00285007
31.4847 -5.40969 -0.00179284 0.00240666 -0.00293027
31.7658 -6.1097 -0.00147859 0.00187043 -0.00261428
32.047 -6.10894 -0.00145543 0.00178072 -0.00266385
31.7658 -5.87618 -0.0015578 0.00198922 -0.00275423
32.0471 -5.87545 -0.00150895 0.00185571 -0.00284149
32.3283 -6.10803 -0.00140608 0.0016712 -0.00275183
32.6095 -6.10697 -0.00133245 0.00152258 -0.00282543
32.3283 -5.87457 -0.00145299 0.0017305 -0.00293604
32.6095 -5.87355 -0.00137433 0.00156844 -0.00302926
31.7659 -5.64266 -0.00163261 0.00208624 -0.00289364
32.0471 -5.64195 -0.00155916 0.00192328 -0.00298621
31.7659 -5.40914 -0.00168128 0.00217475 -0.0029849
32.0471 -5.40847 -0.00159448 0.00199766 -0.00310711
32.3283 -5.64111 -0.0014925 0.00177772 -0.0030977
32.6096 -5.64014 -0.00141205 0.0016159 -0.00320995
32.3284 -5.40766 -0.00152793 0.0018374 -0.00323593
32.6096 -5.40672 -0.00143175 0.00164973 -0.0033557
30.6411 -5.17697 -0.00236341 0.00351781 -0.00287627
30.9223 -5.17682 -0.00218835 0.00319009 -0.00291884
30.6411 -4.94338 -0.00244386 0.00363504 -0.00287618
30.9223 -4.94324 -0.00227675 0.0033045 -0.00291407
31.2035 -5.17655 -0.00202386 0.00280816 -0.00294226
31.4847 -5.17615 -0.00186161 0.0025251 -0.00299686
31.2035 -4.94299 -0.00208848 0.00295359 -0.00297625
31.4847 -4.9426 -0.00191404 0.00262721 -0.00305432
30.6411 -4.7098 -0.00254867 0.00376986 -0.00276276
30.9223 -4.70966 -0.002342 0.00342185 -0.00290601
30.6411 -4.47621 -0.00256921 0.00387682 -0.00276249
30.9224 -4.47609 -0.0023523 0.00354034 -0.00286828
31.2035 -4.70942 -0.00219069 0.00304261 -0.00297812
31.4848 -4.70906 -0.00197043 0.00274054 -0.00308643
31.2036 -4.47586 -0.00222677 0.00315874 -0.00298692
31.4848 -4.47552 -0.00202816 0.00284385 -0.00308953
31.7659 -5.17562 -0.00173389 0.0022606 -0.00308887
32.0472 -5.17498 -0.00163368 0.00206385 -0.00320501
31.766 -4.94211 -0.00178359 0.00235659 -0.00314834
32.0472 -4.94149 -0.00167443 0.00214176 -0.00326252
32.3284 -5.17421 -0.00154944 0.00188265 -0.00332565
32.6096 -5.17331 -0.00146779 0.00170407 -0.00345538
32.3284 -4.94075 -0.00158291 0.00195407 -0.0033877
32.6096 -4.9399 -0.00150154 0.00177863 -0.00350465
31.766 -4.70859 -0.00181969 0.00244963 -0.00318692
32.0472 -4.708 -0.00170821 0.00222804 -0.00329503
31.766 -4.47507 -0.00188208 0.00255853 -0.00319396
32.0472 -4.47451 -0.00177056 0.00233646 -0.00328412
32.3284 -4.7073 -0.00162479 0.00206025 -0.00339377
32.6096 -4.70649 -0.0015435 0.00184371 -0.00354463
32.3284 -4.47385 -0.00166291 0.00215044 -0.00340497
32.6096 -4.47308 -0.00159798 0.00199318 -0.00352153
32.8908 -6.10577 -0.00122282 0.00132181 -0.00290031
33.172 -6.10443 -0.00109452 0.0010976 -0.00297291
32.8908 -5.8724 -0.00126716 0.00135486 -0.00312759
33.172 -5.8711 -0.00113329 0.00111863 -0.00320929
33.4533 -6.10293 -0.000963553 0.000886512 -0.00302061
33.7345 -6.1013 -0.000851535 0.000679078 -0.00311033
33.4533 -5.86967 -0.00100014 0.000899669 -0.00328854
33.7345 -5.8681 -0.000859147 0.000721252 -0.00336206
32.8908 -5.63903 -0.00129302 0.00138737 -0.00332637
33.172 -5.63778 -0.00115801 0.00115124 -0.00341761
32.8908 -5.40566 -0.00130256 0.00145176 -0.00346984
33.1721 -5.40446 -0.00118556 0.00120256 -0.00359442
33.4533 -5.6364 -0.00101079 0.000956207 -0.00351969
33.7345 -5.63489 -0.000896761 0.000744975 -0.00360392
33.4533 -5.40313 -0.00105739 0.000972932 -0.00367402
33.7345 -5.40167 -0.000930969 0.000769313 -0.00379094
34.0157 -6.09951 -0.000783857 0.000509397 -0.00312344
34.2969 -6.09757 -0.000656235 0.000315381 -0.00318293
34.0157 -5.86638 -0.000736606 0.000534238 -0.00343848
34.2969 -5.8645 -0.000652932 0.000344052 -0.00350331
34.5781 -6.09548 -0.000532513 0.000130622 -0.00321212
34.8594 -6.09325 -0.000354202 -6.13604e-05 -0.00323704
34.5782 -5.86249 -0.00054637 0.000146811 -0.0035429
34.8594 -5.86033 -0.000440641 -8.4813e-05 -0.00356077
34.0157 -5.63323 -0.000785136 0.000545903 -0.00369195
34.297 -5.63143 -0.000676813 0.000348518 -0.00376174
34.0158 -5.40008 -0.000812977 0.000583614 -0.00383943
34.297 -5.39836 -0.000666277 0.00036567 -0.00397863
34.5782 -5.62949 -0.000563827 0.000118532 -0.00384059
34.8594 -5.62742 -0.000433364 -0.000113466 -0.00388508
34.5782 -5.39651 -0.000538048 0.000126066 -0.00406498
34.8594 -5.39452 -0.000427699 -0.00012108 -0.00413491
32.8908 -5.17229 -0.00135271 0.00148219 -0.00358169
33.1721 -5.17114 -0.00122723 0.00125859 -0.00368987
32.8908 -4.93892 -0.00138966 0.00156303 -0.00364489
33.1721 -4.93783 -0.001273 0.00134059 -0.00376195
33.4533 -5.16987 -0.00110949 0.00103713 -0.00380547
33.7345 -5.16848 -0.000952409 0.00082963 -0.00390495
33.4533 -4.93662 -0.0011362 0.00111123 -0.0038805
33.7346 -4.93529 -0.00103614 0.00090846 -0.0040074
32.8909 -4.70556 -0.00142239 0.00166705 -0.00366575
33.1721 -4.70452 -0.00132418 0.0014586 -0.00379198
32.8909 -4.4722 -0.00151508 0.00181378 -0.00364109
33.1721 -4.47121 -0.00140367 0.00162074 -0.00378145
33.4533 -4.70337 -0.00121726 0.00122457 -0.00393329
33.7346 -4.7021 -0.00110286 0.000998669 -0.00408607
33.4533 -4.47012 -0.00129104 0.00139845 -0.0039538
33.7346 -4.46891 -0.00116958 0.00113434 -0.0041153
34.0158 -5.16695 -0.000814376 0.000620235 -0.00403729
34.297 -5.1653 -0.000700232 0.000381739 -0.00413448
34.0158 -4.93384 -0.000883976 0.000670274 -0.0041356
34.297 -4.93226 -0.000738068 0.000423908 -0.0042477
34.5782 -5.16353 -0.00056935 0.00011665 -0.00422903
34.8594 -5.16163 -0.000413085 -0.000143059 -0.00429313
34.5782 -4.93056 -0.00053178 0.000114448 -0.00431981
34.8594 -4.92876 -0.000371016 -8.8184e-05 -0.00440862
34.0158 -4.70072 -0.00093703 0.000766961 -0.00422317
34.297 -4.69922 -0.000769178 0.000477731 -0.0043404
34.0158 -4.4676 -0.00101213 0.000894103 -0.00430995
34.2971 -4.46618 -0.000802235 0.000593843 -0.00446151
34.5782 -4.6976 -0.000588643 0.000190343 -0.00440455
34.8594 -4.69587 -0.000429789 -0.000128326 -0.00442771
34.5782 -4.46465 -0.00063911 0.000290843 -0.00450583
34.8594 -4.46301 -0.000399744 -4.64679e-05 -0.00453626
