30.7816 1.47881 -0.00284925 0.00502466 -0.0102659
31.3442 1.47857 -0.00280202 0.00536931 -0.0100399
30.7814 1.94595 -0.00315764 0.00546054 -0.010178
31.3441 1.94565 -0.00323436 0.00575817 -0.00948307
31.9068 1.47822 -0.00345835 0.00598086 -0.00918412
32.4693 1.47774 -0.0035769 0.00602651 -0.0083504
31.9067 1.94517 -0.00364923 0.0066329 -0.00919854
32.4692 1.94454 -0.00378104 0.00650547 -0.008439
30.7814 2.41297 -0.00269579 0.00552017 -0.00933819
31.344 2.41267 -0.00337263 0.00628852 -0.00919014
30.7813 2.88006 -0.00279417 0.00542188 -0.00813248
31.3439 2.87971 -0.00342705 0.00642768 -0.00839112
31.9066 2.41214 -0.00393933 0.00708908 -0.00895818
32.4691 2.41135 -0.00398737 0.00693799 -0.00865569
31.9065 2.87907 -0.00399516 0.00734806 -0.00865922
32.469 2.87815 -0.00409393 0.00734951 -0.00875028
33.0318 1.47712 -0.00226824 0.00386972 -0.00787651
33.5942 1.47635 -0.000913635 0.00173131 -0.00754723
33.0317 1.94373 -0.00268956 0.00460739 -0.0077505
33.5942 1.94273 -0.00141389 0.00253593 -0.00702199
34.1566 1.47541 -0.000365091 0.00139844 -0.00791663
34.7189 1.47434 0.000190454 0.000684079 -0.00796751
34.1566 1.94155 -0.000680787 0.00138622 -0.00673446
34.7189 1.94018 -0.00021403 0.000604833 -0.00646087
33.0316 2.41034 -0.00302175 0.00531873 -0.00813671
33.5941 2.40912 -0.00191165 0.00345172 -0.00762406
33.0316 2.87696 -0.00327166 0.00589897 -0.00858195
33.5941 2.87551 -0.00224185 0.00414827 -0.00846236
34.1566 2.40767 -0.00105424 0.00205549 -0.00702601
34.7189 2.40597 -9.00364e-05 0.000802594 -0.00683287
34.1565 2.87377 -0.00126697 0.00258023 -0.00839112
34.7188 2.87178 -0.000444921 0.000969497 -0.00779393
30.7813 3.34713 -0.0027891 0.00531532 -0.00649489
31.3438 3.34673 -0.00367673 0.00679659 -0.00718122
30.7812 3.8142 -0.00276772 0.00532444 -0.00473282
31.3437 3.81378 -0.00376053 0.00679864 -0.00548161
31.9064 3.34602 -0.00406024 0.00746009 -0.00792818
32.4689 3.34499 -0.00408444 0.00751473 -0.00875007
31.9063 3.813 -0.00425283 0.00771502 -0.00657923
32.4689 3.81185 -0.00416097 0.00765328 -0.00798841
30.7812 4.28131 -0.00278925 0.0051677 -0.00289262
31.3437 4.28087 -0.00395287 0.0068636 -0.00352199
30.7811 4.74845 -0.00292643 0.00507501 -0.000952648
31.3436 4.74798 -0.00403196 0.00674715 -0.00125208
31.9062 4.28001 -0.00443477 0.00789452 -0.00457676
32.4687 4.27873 -0.00440131 0.00789565 -0.00605264
31.9061 4.74705 -0.00466773 0.00777408 -0.00160939
32.4687 4.74566 -0.00458053 0.00757696 -0.00238013
33.0315 3.34363 -0.00343108 0.00628381 -0.00892016
33.594 3.34194 -0.00236392 0.00461595 -0.00923476
33.0314 3.81031 -0.00360187 0.00673859 -0.00908895
33.5939 3.80839 -0.00231636 0.00479976 -0.00925296
34.1565 3.3399 -0.00116331 0.00274413 -0.00922455
34.7188 3.33749 0.000201774 0.00114158 -0.00906148
34.1563 3.80609 -0.00122964 0.00289641 -0.00902544
34.7188 3.80339 0.000112152 0.000997433 -0.00897578
33.0313 4.27702 -0.0033939 0.00637753 -0.00740647
33.5938 4.2749 -0.00199872 0.00426515 -0.00754179
33.0312 4.74381 -0.00365471 0.00612685 -0.00294233
33.5937 4.74148 -0.00227285 0.00394192 -0.00290818
34.1563 4.27235 -0.000910796 0.00242466 -0.00705137
34.7187 4.26941 2.51247e-05 0.000930258 -0.00662065
34.1562 4.73872 -0.00117059 0.00210039 -0.00248854
34.7187 4.73551 -0.000284499 0.000742616 -0.00223803
