30.7815 -5.99441 -0.00277249 0.00369179 -0.00423217
31.344 -5.99379 -0.00227213 0.00295064 -0.00393888
30.7816 -5.52727 -0.00310464 0.00443639 -0.00381412
31.344 -5.52668 -0.00271302 0.00368423 -0.00388031
31.9064 -5.99258 -0.00204869 0.00253659 -0.00381463
32.4689 -5.9908 -0.00185824 0.00215239 -0.00392609
31.9065 -5.52557 -0.00238963 0.00310741 -0.00392892
32.469 -5.52392 -0.00206929 0.00251404 -0.00408249
30.7817 -5.06012 -0.00339655 0.00509886 -0.00362926
31.3441 -5.05959 -0.00307577 0.00441984 -0.00372129
30.7817 -4.59295 -0.00371752 0.00568076 -0.00336643
31.3442 -4.59248 -0.00352073 0.005221 -0.00340342
31.9066 -5.05856 -0.00273585 0.00376521 -0.0037542
32.469 -5.05706 -0.00231195 0.00299123 -0.00390969
31.9066 -4.59156 -0.0031392 0.00451336 -0.00354006
32.469 -4.59019 -0.00258775 0.0035119 -0.00368586
33.0314 -5.98844 -0.00156234 0.00160887 -0.00410228
33.5939 -5.98552 -0.00124048 0.00108435 -0.00422098
33.0314 -5.52175 -0.00172615 0.00191834 -0.00426386
33.5939 -5.51904 -0.00133032 0.00127878 -0.00431123
34.1563 -5.98201 -0.000959855 0.000636853 -0.00419872
34.7187 -5.97791 -0.00059949 9.77685e-05 -0.00414732
34.1564 -5.51579 -0.000980113 0.000731841 -0.00426685
34.7188 -5.512 -0.000606529 0.0001178 -0.00425976
33.0315 -5.05506 -0.00185879 0.00220161 -0.0040402
33.5939 -5.05258 -0.0014134 0.00148782 -0.00408276
33.0315 -4.58839 -0.00199418 0.00254188 -0.00356523
33.594 -4.58614 -0.00139553 0.00157983 -0.00338461
34.1564 -5.0496 -0.000981214 0.000827754 -0.00407463
34.7188 -5.04614 -0.000541809 0.000131284 -0.00417726
34.1564 -4.58344 -0.000862329 0.000756022 -0.00354935
34.7188 -4.58029 -0.000490151 0.000101181 -0.00383577
30.7818 -4.12581 -0.00399931 0.00625578 -0.00307586
31.3442 -4.1254 -0.00383752 0.00577843 -0.00338475
30.7818 -3.65868 -0.00415615 0.00655655 -0.00307962
31.3442 -3.65835 -0.0039405 0.00591997 -0.00404545
31.9066 -4.12459 -0.00341845 0.00496944 -0.00395535
32.4691 -4.12338 -0.00285463 0.00389656 -0.00426961
31.9066 -3.65766 -0.0035279 0.00509268 -0.00492372
32.4691 -3.65662 -0.00303987 0.0041462 -0.00542005
30.7818 -3.19158 -0.00419256 0.00652898 -0.0040186
31.3442 -3.1913 -0.00397927 0.00594211 -0.00511929
30.7819 -2.7245 -0.00429556 0.00648546 -0.00573966
31.3442 -2.72426 -0.00407473 0.00608212 -0.00656552
31.9066 -3.19072 -0.00361661 0.00514284 -0.00595587
32.4691 -3.18984 -0.00322205 0.00435787 -0.00639519
31.9066 -2.72375 -0.00369182 0.00539768 -0.00686578
32.4691 -2.72299 -0.0034347 0.00451873 -0.00734379
33.0315 -4.12177 -0.00225271 0.00293816 -0.00399937
33.594 -4.11974 -0.00146053 0.00175254 -0.00349466
33.0316 -3.6552 -0.00248934 0.00318645 -0.00528056
33.594 -3.65338 -0.00174146 0.00203277 -0.00476839
34.1565 -4.11732 -0.000679636 0.000612655 -0.00347176
34.7188 -4.11451 -0.000280082 1.9835e-05 -0.00379225
34.1565 -3.65122 -0.000808654 0.000661312 -0.00417977
34.7188 -3.64869 -0.000367067 -3.00754e-05 -0.00403572
33.0316 -3.18861 -0.00257943 0.00358779 -0.00637875
33.5941 -3.187 -0.00192285 0.00226981 -0.00600644
33.0317 -2.72194 -0.00253814 0.00356904 -0.0074371
33.5942 -2.72059 -0.00185842 0.00246675 -0.00729047
34.1565 -3.18511 -0.00102274 0.000924762 -0.0055529
34.7189 -3.18293 -0.000354654 3.73652e-05 -0.00509676
34.1566 -2.71898 -0.00105757 0.000978412 -0.00713031
34.7189 -2.71713 -0.00044524 5.26031e-05 -0.00715038
