30.7811 -9.73107 -0.00269831 0.00451206 -5.92287e-05
31.3437 -9.73013 -0.00256959 0.0041775 1.64846e-05
30.7812 -9.26401 -0.00280155 0.00462823 -0.000252321
31.3437 -9.26311 -0.00253753 0.00404287 -0.000402684
31.9062 -9.72828 -0.00213029 0.00341297 -4.8689e-05
32.4687 -9.72551 -0.00156407 0.00245663 -1.84496e-05
31.9062 -9.26133 -0.00214436 0.00322197 -0.000594105
32.4688 -9.25868 -0.00165875 0.00236481 -0.000746404
30.7813 -8.79696 -0.00278961 0.00442433 -0.000919899
31.3438 -8.79608 -0.0023367 0.00365465 -0.00125941
30.7814 -8.32981 -0.00262094 0.00403685 -0.00130671
31.3439 -8.32899 -0.00218693 0.00316053 -0.00199774
31.9062 -8.79438 -0.00210388 0.00280148 -0.001738
32.4688 -8.79185 -0.00176597 0.00213704 -0.00205868
31.9062 -8.32741 -0.00190105 0.00221204 -0.00274568
32.4688 -8.325 -0.00164253 0.00175337 -0.00317471
33.0312 -9.72179 -0.000970479 0.00146246 -0.000215044
33.5937 -9.71712 -0.000689202 0.000876287 -0.000324149
33.0313 -9.25512 -0.0010082 0.00128599 -0.000919268
33.5938 -9.25059 -0.000909402 0.00100502 -0.000921501
34.1563 -9.7115 -0.000629934 0.000868159 -0.000291531
34.7188 -9.70506 -0.000333978 0.000370668 -0.000308067
34.1563 -9.24531 -0.000708896 0.000611834 -0.00124831
34.7187 -9.23919 -0.000382003 0.000258803 -0.00107709
33.0314 -8.78851 -0.0011763 0.00134636 -0.00202818
33.5939 -8.78433 -0.00088603 0.000978364 -0.001935
33.0314 -8.3218 -0.0012911 0.00116757 -0.00302518
33.5939 -8.31782 -0.00108703 0.000956523 -0.00234882
34.1563 -8.77926 -0.000696638 0.000631145 -0.00186261
34.7188 -8.77332 -0.000390184 0.000119118 -0.00176853
34.1563 -8.31302 -0.000869245 0.000622837 -0.00230833
34.7188 -8.30742 -0.000459839 8.25618e-05 -0.00230183
30.7814 -7.86272 -0.00232067 0.00354685 -0.00191801
31.3439 -7.862 -0.00191089 0.00250883 -0.00257855
30.7815 -7.39564 -0.00214012 0.00317348 -0.00244068
31.3439 -7.39493 -0.00180336 0.00217088 -0.00274945
31.9063 -7.86046 -0.00168552 0.00193369 -0.00305227
32.4688 -7.85814 -0.00155829 0.00152359 -0.00340939
31.9064 -7.39348 -0.00148102 0.00158937 -0.0033266
32.4688 -7.39132 -0.00152254 0.00168096 -0.00310424
30.7815 -6.92853 -0.00209745 0.0028992 -0.00306242
31.344 -6.92783 -0.0016198 0.00188908 -0.00321896
30.7815 -6.46147 -0.00240043 0.00304315 -0.00389739
31.344 -6.46082 -0.00184577 0.00224357 -0.00375053
31.9064 -6.92648 -0.00164983 0.00184419 -0.00322735
32.4689 -6.92447 -0.00159384 0.00174082 -0.00334589
31.9064 -6.45955 -0.0017428 0.00205322 -0.00348182
32.4689 -6.45765 -0.00169726 0.00192621 -0.00358193
33.0314 -7.85512 -0.00135798 0.00130818 -0.00301713
33.5939 -7.85135 -0.0011403 0.000985546 -0.00290495
33.0314 -7.38846 -0.00138805 0.00143493 -0.0031654
33.5939 -7.3849 -0.0011193 0.000966088 -0.00318295
34.1563 -7.84682 -0.000938533 0.000621946 -0.00293964
34.7188 -7.84155 -0.000488587 3.6151e-05 -0.00293607
34.1563 -7.38064 -0.000860793 0.000528884 -0.00334994
34.7188 -7.37566 -0.000558306 1.82251e-05 -0.00340115
33.0314 -6.92179 -0.00139428 0.00140037 -0.00341233
33.5939 -6.91843 -0.00114446 0.000953369 -0.00352042
33.0314 -6.45512 -0.00144694 0.00145933 -0.00375025
33.5939 -6.45198 -0.00117643 0.000989678 -0.00389306
34.1563 -6.91442 -0.000903686 0.000507106 -0.00364471
34.7188 -6.90974 -0.000552808 5.81455e-06 -0.00362834
34.1563 -6.44821 -0.000898135 0.000514719 -0.00390459
34.7188 -6.44382 -0.000563489 2.74312e-05 -0.0038492
