26.2813 -5.97864 -0.000632075 0.00039759 -0.00381687
26.8439 -5.98263 -0.00132312 0.00174924 -0.00371179
26.2813 -5.51275 -0.000567454 0.000572062 -0.00262338
26.8439 -5.51642 -0.00133399 0.00207105 -0.00255119
27.4065 -5.98604 -0.00213101 0.00330283 -0.0036457
27.9691 -5.98888 -0.00292943 0.00471159 -0.00382042
27.4065 -5.51956 -0.00212011 0.00363426 -0.00236852
27.9691 -5.52217 -0.00290743 0.00487095 -0.00261475
26.2813 -5.04684 -0.000518819 0.000772677 -0.00143813
26.8439 -5.0502 -0.00137291 0.00248057 -0.00121641
26.2813 -4.58091 -0.000514898 0.00098589 -0.000331028
26.844 -4.58396 -0.00152635 0.00302156 -6.3252e-05
27.4066 -5.05308 -0.00223245 0.00419406 -0.00109013
27.9692 -5.05547 -0.0029577 0.00534209 -0.00108601
27.4066 -4.58658 -0.00254294 0.00496839 0.000340173
27.9692 -4.58875 -0.00326959 0.00628858 0.000525749
28.5316 -5.99113 -0.00361694 0.00580434 -0.00431033
29.0942 -5.99282 -0.00399966 0.00598487 -0.00460308
28.5317 -5.52427 -0.00347763 0.00595327 -0.00302741
29.0942 -5.52582 -0.00397513 0.00625718 -0.00378904
29.6567 -5.99394 -0.00350367 0.00555232 -0.00481005
30.2192 -5.99448 -0.00318595 0.00473336 -0.00449798
29.6568 -5.52682 -0.00390048 0.00617805 -0.00358175
30.2192 -5.52732 -0.00356646 0.00553668 -0.00377991
28.5318 -5.05737 -0.00355738 0.00640063 -0.00153169
29.0943 -5.05879 -0.0041224 0.0068126 -0.00217588
28.5318 -4.59048 -0.00358691 0.00676614 -0.000301848
29.0943 -4.59176 -0.00413439 0.0070229 -0.00120337
29.6568 -5.05972 -0.00401376 0.00669369 -0.00286947
30.2193 -5.06016 -0.0037922 0.00601574 -0.00319086
29.6569 -4.59259 -0.0039453 0.00674879 -0.0022773
30.2193 -4.59299 -0.00403899 0.00637148 -0.00302772
26.2813 -4.11498 -0.000584977 0.00129096 0.00057615
26.844 -4.11772 -0.00183101 0.00382581 0.000995764
26.2814 -3.64904 -0.000692294 0.00159998 0.0012204
26.844 -3.65148 -0.00223569 0.00465042 0.00153683
27.4067 -4.12006 -0.00306717 0.00619268 0.00157165
27.9693 -4.12198 -0.00375921 0.00761149 0.00172649
27.4067 -3.65356 -0.00358271 0.00719753 0.00177311
27.9694 -3.65527 -0.00412118 0.0083826 0.00138772
26.2814 -3.18311 -0.000871376 0.00191152 0.00113612
26.8441 -3.18524 -0.00258175 0.00525925 0.00133234
26.2814 -2.71718 -0.000979799 0.00203302 0.000258687
26.8441 -2.71902 -0.00274165 0.00540385 -1.82281e-05
27.4068 -3.18708 -0.00375503 0.00745355 0.000859876
27.9694 -3.18861 -0.00453506 0.0088946 -0.000550808
27.4068 -2.7206 -0.00378697 0.00726689 -0.00103979
27.9695 -2.72193 -0.00450575 0.00853965 -0.00239865
28.5319 -4.12352 -0.00368245 0.0072106 0.000558953
29.0943 -4.12469 -0.00393619 0.00650742 -0.00070268
28.5319 -3.65665 -0.00418223 0.00813948 -0.000178639
29.0944 -3.65767 -0.00438894 0.00697227 -0.00141775
29.6569 -4.12547 -0.00371267 0.00657408 -0.00203609
30.2194 -4.12582 -0.00398994 0.00631593 -0.00237016
29.657 -3.65836 -0.00360763 0.00646897 -0.00144353
30.2194 -3.65869 -0.00402469 0.00643339 -0.00219348
28.5321 -3.18981 -0.00443823 0.00874008 -0.00192972
29.0944 -3.19067 -0.00482983 0.00757549 -0.00229744
28.5321 -2.72298 -0.00454447 0.00900199 -0.00368778
29.0946 -2.72372 -0.00468142 0.00773245 -0.00432773
29.6571 -3.19127 -0.00381271 0.00655295 -0.00247305
30.2195 -3.19157 -0.00399235 0.00637769 -0.00300001
29.657 -2.72422 -0.00437389 0.00692279 -0.00448569
30.2195 -2.7245 -0.00415239 0.00666754 -0.00510137
