# x y z topography
5.64363e+06 2.76975e+06 -1.08814e+06 1963.81
5.62973e+06 2.79729e+06 -1.08849e+06 2002.16
5.6474e+06 2.7716e+06 -1.06256e+06 1991.04
5.63402e+06 2.79943e+06 -1.063e+06 2097.86
5.61545e+06 2.82464e+06 -1.08876e+06 2139.6
5.60134e+06 2.85208e+06 -1.08907e+06 2225.18
5.61966e+06 2.82676e+06 -1.06325e+06 2168.16
5.6053e+06 2.8541e+06 -1.0635e+06 2266.85
5.65077e+06 2.77326e+06 -1.03691e+06 2037.12
5.63777e+06 2.8013e+06 -1.03741e+06 2195.42
5.6541e+06 2.77489e+06 -1.01124e+06 2120.32
5.64092e+06 2.80286e+06 -1.0117e+06 2193.33
5.62378e+06 2.82884e+06 -1.03772e+06 2267.25
5.60929e+06 2.85614e+06 -1.03794e+06 2318.89
5.62756e+06 2.83075e+06 -1.01212e+06 2194.03
5.61358e+06 2.85832e+06 -1.01243e+06 2453.39
5.58727e+06 2.87954e+06 -1.08939e+06 2272.32
5.57365e+06 2.90724e+06 -1.08979e+06 2189.43
5.59121e+06 2.88158e+06 -1.06381e+06 2259.29
5.57764e+06 2.90932e+06 -1.06422e+06 2317.02
5.5597e+06 2.93476e+06 -1.09014e+06 2351.75
5.54464e+06 2.9617e+06 -1.09026e+06 2260.11
5.5636e+06 2.93682e+06 -1.06453e+06 2373.24
5.54848e+06 2.96376e+06 -1.06464e+06 2315.66
5.59504e+06 2.88355e+06 -1.03821e+06 2311.21
5.58141e+06 2.91129e+06 -1.0386e+06 2310.53
5.59907e+06 2.88563e+06 -1.01265e+06 2343.81
5.58513e+06 2.91323e+06 -1.01297e+06 2391.05
5.56749e+06 2.93888e+06 -1.03893e+06 2336.74
5.55237e+06 2.96584e+06 -1.03904e+06 2377.41
5.57129e+06 2.94089e+06 -1.01332e+06 2386.44
5.55623e+06 2.9679e+06 -1.01343e+06 2410.16
5.65754e+06 2.77658e+06 -985601 2223.19
5.64402e+06 2.80441e+06 -985990 2294.37
5.66128e+06 2.77841e+06 -960011 2294.18
5.6474e+06 2.80608e+06 -960330 2360.47
5.63097e+06 2.83247e+06 -986461 2198.77
5.61763e+06 2.86039e+06 -986881 2499.45
5.6341e+06 2.83405e+06 -960750 2281.86
5.62101e+06 2.86212e+06 -961203 2462.43
5.66485e+06 2.78016e+06 -934393 2318.98
5.65082e+06 2.80778e+06 -934679 2428
5.66812e+06 2.78177e+06 -908723 2404.57
5.65421e+06 2.80947e+06 -909022 2485.4
5.63714e+06 2.83558e+06 -935025 2424.93
5.624e+06 2.86364e+06 -935461 2457.14
5.64029e+06 2.83716e+06 -909318 2578.66
5.62669e+06 2.86501e+06 -909669 2513.4
5.60326e+06 2.88779e+06 -987117 2472.84
5.58882e+06 2.91516e+06 -987344 2358.32
5.60706e+06 2.88976e+06 -961510 2415.5
5.59247e+06 2.91707e+06 -961703 2531.23
5.57464e+06 2.94266e+06 -987616 2342.09
5.55979e+06 2.96981e+06 -987766 2414.72
5.5779e+06 2.94439e+06 -961901 2383.53
5.56309e+06 2.97158e+06 -962057 2368.73
5.61033e+06 2.89145e+06 -935807 2593.06
5.59593e+06 2.91888e+06 -936027 2481.23
5.61314e+06 2.8929e+06 -910026 2504.62
5.5992e+06 2.92059e+06 -910318 2493.53
5.58128e+06 2.94618e+06 -936207 2493.44
5.56638e+06 2.97334e+06 -936345 2295.01
5.58453e+06 2.9479e+06 -910490 2437.25
5.56956e+06 2.97505e+06 -910616 2071.17
5.52954e+06 2.98862e+06 -1.09037e+06 2214.92
5.51483e+06 3.01575e+06 -1.09056e+06 2088.35
5.53341e+06 2.99072e+06 -1.06476e+06 2236.23
5.51866e+06 3.01784e+06 -1.06494e+06 2144.76
5.50027e+06 3.04296e+06 -1.09078e+06 2049.7
5.48542e+06 3.07e+06 -1.09095e+06 1977.91
5.50413e+06 3.04509e+06 -1.06517e+06 2045.57
5.4893e+06 3.07218e+06 -1.06533e+06 2021.72
5.53722e+06 2.99278e+06 -1.03914e+06 2271.79
5.52242e+06 3.01991e+06 -1.03931e+06 2185.07
5.54094e+06 2.9948e+06 -1.01351e+06 2304.78
5.52609e+06 3.02191e+06 -1.01366e+06 2194.09
5.50775e+06 3.0471e+06 -1.03951e+06 2107.16
5.49287e+06 3.07418e+06 -1.03966e+06 2002.13
5.51125e+06 3.04904e+06 -1.01382e+06 2100.14
5.49627e+06 3.07608e+06 -1.01395e+06 1867.53
5.4703e+06 3.0969e+06 -1.09106e+06 1859.38
5.45521e+06 3.12382e+06 -1.09117e+06 1735.93
5.47403e+06 3.09902e+06 -1.06541e+06 1873.21
5.45887e+06 3.12592e+06 -1.06551e+06 1601.27
5.43995e+06 3.15064e+06 -1.09125e+06 1425.79
5.42444e+06 3.17732e+06 -1.09128e+06 1011.77
5.44367e+06 3.1528e+06 -1.0656e+06 1249.92
5.42829e+06 3.17957e+06 -1.06566e+06 867.078
5.47772e+06 3.10111e+06 -1.03976e+06 1787.84
5.46261e+06 3.12806e+06 -1.03987e+06 1448.57
5.48121e+06 3.10309e+06 -1.01407e+06 1558.57
5.46613e+06 3.13009e+06 -1.01419e+06 1181.13
5.44737e+06 3.15495e+06 -1.03995e+06 1040.16
5.43191e+06 3.1817e+06 -1.04e+06 784.704
5.45091e+06 3.157e+06 -1.01427e+06 926.012
5.43548e+06 3.1838e+06 -1.01432e+06 652.521
5.54473e+06 2.99685e+06 -987881 2276.94
5.52982e+06 3.02395e+06 -988023 2159.9
5.54834e+06 2.9988e+06 -962222 2143.42
5.53343e+06 3.02593e+06 -962362 2037.43
5.51478e+06 3.051e+06 -988144 1931.82
5.49982e+06 3.07808e+06 -988276 1631.35
5.51826e+06 3.05293e+06 -962456 1592.5
5.50341e+06 3.08009e+06 -962604 1298.01
5.5517e+06 3.00063e+06 -936521 1910.7
5.53682e+06 3.02779e+06 -936661 1689.82
5.55491e+06 3.00236e+06 -910792 1734.23
5.54003e+06 3.02956e+06 -910932 1378.05
5.52173e+06 3.05485e+06 -936767 1276.37
5.50695e+06 3.08208e+06 -936925 992.377
5.52509e+06 3.05672e+06 -911061 1117.25
5.5105e+06 3.08407e+06 -911247 809.597
5.48466e+06 3.10505e+06 -988374 1258.16
5.46936e+06 3.13194e+06 -988448 1008.82
5.48819e+06 3.10705e+06 -962690 1067.8
5.47273e+06 3.13387e+06 -962735 866.376
5.45408e+06 3.15884e+06 -988524 791.283
5.43878e+06 3.18573e+06 -988597 593.896
5.45738e+06 3.16075e+06 -962801 693.741
5.44189e+06 3.18756e+06 -962841 486.674
5.49172e+06 3.10905e+06 -937007 943.953
5.47615e+06 3.13583e+06 -937033 693.883
5.49547e+06 3.11117e+06 -911361 801.86
5.47984e+06 3.13794e+06 -911375 419.8
5.4608e+06 3.16273e+06 -937097 451.794
5.44501e+06 3.18938e+06 -937084 213.296
5.46422e+06 3.16472e+06 -911393 118.943
5.44835e+06 3.19135e+06 -911369 -131.312
5.67143e+06 2.78339e+06 -883057 2528.76
5.6576e+06 2.81115e+06 -883361 2601.41
5.67478e+06 2.78504e+06 -857396 2626.02
5.661e+06 2.81284e+06 -857701 2737.61
5.64365e+06 2.83885e+06 -883645 2707.67
5.62958e+06 2.86649e+06 -883912 2737.11
5.64694e+06 2.8405e+06 -857962 2822.17
5.63276e+06 2.86811e+06 -858206 2843.82
5.67792e+06 2.78658e+06 -831704 2764.51
5.66411e+06 2.81439e+06 -831997 2806.36
5.68096e+06 2.78807e+06 -805997 2914.32
5.66706e+06 2.81585e+06 -806268 2984.16
5.65004e+06 2.84206e+06 -832249 2930.38
5.63589e+06 2.8697e+06 -832490 2963.3
5.6532e+06 2.84366e+06 -806545 3143.04
5.63903e+06 2.8713e+06 -806777 3122.55
5.6158e+06 2.89427e+06 -884224 2659.2
5.60207e+06 2.92209e+06 -884546 2499.89
5.61876e+06 2.8958e+06 -858476 2744.95
5.60468e+06 2.92346e+06 -858735 2480.96
5.58747e+06 2.94946e+06 -884728 2340.09
5.57256e+06 2.97665e+06 -884859 1863.65
5.59024e+06 2.95092e+06 -858937 2109.52
5.57562e+06 2.97829e+06 -859111 1656.82
5.6218e+06 2.89737e+06 -832741 2861.78
5.6075e+06 2.92493e+06 -832960 2487.22
5.62473e+06 2.89888e+06 -806989 2951.75
5.61041e+06 2.92645e+06 -807199 2537.4
5.59309e+06 2.95243e+06 -833161 2019.07
5.57859e+06 2.97988e+06 -833349 1639.49
5.59597e+06 2.95395e+06 -807392 2050.37
5.58146e+06 2.98142e+06 -807573 1738.83
5.684e+06 2.78956e+06 -780291 3048.39
5.66995e+06 2.81729e+06 -780533 3079.48
5.68675e+06 2.79091e+06 -754545 3134.35
5.67265e+06 2.81863e+06 -754772 3227.01
5.65612e+06 2.84513e+06 -780806 3211.1
5.64193e+06 2.87278e+06 -781029 3213.06
5.65869e+06 2.84642e+06 -755019 3339.64
5.64458e+06 2.87413e+06 -755244 3336.18
5.6894e+06 2.79221e+06 -728783 3252.07
5.67535e+06 2.81997e+06 -729010 3337.23
5.69198e+06 2.79348e+06 -703013 3313.56
5.67801e+06 2.8213e+06 -703243 3402.11
5.66134e+06 2.84775e+06 -729242 3436.3
5.64724e+06 2.87549e+06 -729463 3453.96
5.66396e+06 2.84907e+06 -703463 3501.43
5.64984e+06 2.87681e+06 -703674 3537.7
5.62757e+06 2.90035e+06 -781226 3103.81
5.61325e+06 2.92793e+06 -781430 2618.44
5.63037e+06 2.90179e+06 -755457 3210.53
5.61607e+06 2.92941e+06 -755658 2785.84
5.59878e+06 2.95544e+06 -781612 2173.26
5.58433e+06 2.98296e+06 -781799 1829
5.60162e+06 2.95694e+06 -755839 2353.61
5.58717e+06 2.98447e+06 -756018 1953.16
5.63314e+06 2.90322e+06 -729683 3347.56
5.61888e+06 2.93088e+06 -729884 2982.69
5.63575e+06 2.90457e+06 -703889 3446.77
5.6215e+06 2.93225e+06 -704085 3197.08
5.60442e+06 2.95842e+06 -730058 2509.22
5.58991e+06 2.98594e+06 -730225 2136.69
5.60702e+06 2.9598e+06 -704251 2712.32
5.59253e+06 2.98735e+06 -704415 2313.59
5.55797e+06 3.00402e+06 -885041 1468.75
5.54324e+06 3.03132e+06 -885201 1176.69
5.56115e+06 3.00574e+06 -859307 1375.51
5.54663e+06 3.03318e+06 -859498 1082.52
5.52834e+06 3.05852e+06 -885334 997.676
5.51377e+06 3.0859e+06 -885521 529.356
5.53176e+06 3.06042e+06 -859633 879.321
5.51697e+06 3.0877e+06 -859782 362.068
5.56409e+06 3.00734e+06 -833539 1363.25
5.54977e+06 3.0349e+06 -833754 996.512
5.56692e+06 3.00887e+06 -807752 1402.02
5.55259e+06 3.03645e+06 -807960 792.118
5.53512e+06 3.06228e+06 -833920 524.194
5.52011e+06 3.08946e+06 -834031 17.7137
5.53813e+06 3.06395e+06 -808149 288.309
5.52298e+06 3.09107e+06 -808237 -2.2879
5.49911e+06 3.11324e+06 -885694 429.001
5.48361e+06 3.1401e+06 -885728 152.391
5.50232e+06 3.11506e+06 -859951 -13.481
5.48718e+06 3.14216e+06 -860044 -243.905
5.46757e+06 3.16666e+06 -885678 -198.842
5.45149e+06 3.19319e+06 -885620 -443.41
5.47092e+06 3.1686e+06 -859959 -299.752
5.45439e+06 3.19489e+06 -859833 -654.095
5.50515e+06 3.11667e+06 -834151 -337.739
5.49038e+06 3.14399e+06 -834297 -556.623
5.50774e+06 3.11814e+06 -808311 -391.569
5.49313e+06 3.14558e+06 -808479 -680.706
5.47413e+06 3.17046e+06 -834217 -266.356
5.45729e+06 3.19659e+06 -834049 -725.942
5.477e+06 3.17213e+06 -808421 -363.823
5.46015e+06 3.19827e+06 -808256 -670.107
5.56982e+06 3.01045e+06 -781976 1456.31
5.55532e+06 3.03794e+06 -782155 782.608
5.57259e+06 3.01195e+06 -756182 1622.65
5.55801e+06 3.03942e+06 -756346 985.896
5.54096e+06 3.06552e+06 -782353 205.15
5.52578e+06 3.09264e+06 -782434 45.5655
5.54364e+06 3.067e+06 -756538 266.098
5.52849e+06 3.09416e+06 -756622 182.696
5.57535e+06 3.01344e+06 -730386 1805.64
5.56066e+06 3.04087e+06 -730531 1403.83
5.57804e+06 3.0149e+06 -704580 1999.84
5.56328e+06 3.0423e+06 -704711 1764.49
5.54607e+06 3.06835e+06 -730689 665.002
5.53107e+06 3.09561e+06 -730792 530.869
5.5485e+06 3.0697e+06 -704840 1278.07
5.53335e+06 3.09689e+06 -704922 988.132
5.51039e+06 3.11965e+06 -782488 -327.215
5.49529e+06 3.14682e+06 -782583 -647.463
5.51283e+06 3.12103e+06 -756637 -176.477
5.49714e+06 3.14788e+06 -756647 -398.838
5.4792e+06 3.17341e+06 -782533 -638.608
5.46296e+06 3.19992e+06 -782458 -625.63
5.48133e+06 3.17466e+06 -756637 -448.6
5.46574e+06 3.20156e+06 -756657 -533.052
5.51524e+06 3.1224e+06 -730783 176.281
5.4995e+06 3.14924e+06 -730783 -1.84121
5.51763e+06 3.12376e+06 -704929 612.323
5.50251e+06 3.15097e+06 -705009 420.222
5.4841e+06 3.17627e+06 -730830 -185.009
5.46869e+06 3.20329e+06 -730877 -195.633
5.48729e+06 3.17812e+06 -705080 429.842
5.47161e+06 3.20501e+06 -705094 295.735
5.40872e+06 3.20387e+06 -1.09127e+06 696.325
5.39282e+06 3.23032e+06 -1.09122e+06 630.583
5.41262e+06 3.20619e+06 -1.06566e+06 692.563
5.39674e+06 3.23267e+06 -1.06562e+06 596.943
5.37679e+06 3.25669e+06 -1.09115e+06 596.419
5.36067e+06 3.283e+06 -1.09105e+06 538.609
5.38079e+06 3.25911e+06 -1.06556e+06 508.495
5.3646e+06 3.28541e+06 -1.06546e+06 333.324
5.4162e+06 3.20831e+06 -1.03999e+06 680.394
5.40045e+06 3.2349e+06 -1.03998e+06 473.202
5.41967e+06 3.21037e+06 -1.0143e+06 544.988
5.40387e+06 3.23695e+06 -1.01428e+06 204.644
5.38463e+06 3.26145e+06 -1.03995e+06 294.947
5.36844e+06 3.28777e+06 -1.03985e+06 -17.7534
5.38821e+06 3.26362e+06 -1.01428e+06 -62.0849
5.3722e+06 3.29007e+06 -1.01422e+06 -335.208
5.34443e+06 3.30924e+06 -1.09093e+06 459.068
5.32817e+06 3.33547e+06 -1.09081e+06 425.976
5.34831e+06 3.31165e+06 -1.06534e+06 183.254
5.33194e+06 3.33783e+06 -1.0652e+06 135.975
5.31177e+06 3.36161e+06 -1.09066e+06 470.341
5.29524e+06 3.38767e+06 -1.09048e+06 504.774
5.31543e+06 3.36392e+06 -1.06503e+06 202.916
5.29896e+06 3.39005e+06 -1.06487e+06 357.806
5.35216e+06 3.31403e+06 -1.03973e+06 -193.749
5.33571e+06 3.34019e+06 -1.03958e+06 -237.174
5.3559e+06 3.31635e+06 -1.01411e+06 -452.334
5.33942e+06 3.34252e+06 -1.01396e+06 -451.008
5.31914e+06 3.36627e+06 -1.03941e+06 -172.528
5.30276e+06 3.39248e+06 -1.03928e+06 69.5423
5.32293e+06 3.36867e+06 -1.01381e+06 -379.462
5.3064e+06 3.39481e+06 -1.01365e+06 -102.803
5.42323e+06 3.21248e+06 -988624 417.049
5.40736e+06 3.23905e+06 -988594 -29.4622
5.42629e+06 3.2143e+06 -962861 71.266
5.41039e+06 3.24087e+06 -962826 -170.95
5.39165e+06 3.26571e+06 -988592 -322.02
5.37585e+06 3.29231e+06 -988572 -455.395
5.39474e+06 3.26758e+06 -962834 -642.769
5.37927e+06 3.29441e+06 -962874 -498.765
5.42906e+06 3.21594e+06 -937043 -252.121
5.41317e+06 3.24254e+06 -937012 -477.596
5.43233e+06 3.21789e+06 -911319 -495.141
5.41665e+06 3.24463e+06 -911325 -637.072
5.39779e+06 3.26944e+06 -937071 -567.491
5.38262e+06 3.29647e+06 -937165 -401.994
5.4014e+06 3.27163e+06 -911405 -446.639
5.386e+06 3.29854e+06 -911462 -289.171
5.35954e+06 3.31861e+06 -988459 -521.869
5.343e+06 3.34476e+06 -988305 -401.184
5.36306e+06 3.32079e+06 -962784 -439.213
5.34642e+06 3.3469e+06 -962618 -340.208
5.32629e+06 3.3708e+06 -988120 -317.039
5.30965e+06 3.39689e+06 -987946 -161.889
5.32947e+06 3.37281e+06 -962395 -122.224
5.31268e+06 3.39883e+06 -962202 224.556
5.36647e+06 3.3229e+06 -937091 -257.419
5.34952e+06 3.34884e+06 -936878 69.3468
5.36996e+06 3.32506e+06 -911409 139.299
5.35266e+06 3.3508e+06 -911141 308.966
5.33247e+06 3.37471e+06 -936645 144.62
5.31562e+06 3.40071e+06 -936445 516.694
5.33528e+06 3.37649e+06 -910860 643.699
5.31875e+06 3.40271e+06 -910723 749.902
5.27841e+06 3.41353e+06 -1.09024e+06 585.182
5.26188e+06 3.43959e+06 -1.09007e+06 601.609
5.28234e+06 3.41607e+06 -1.06468e+06 540.298
5.26549e+06 3.44196e+06 -1.06444e+06 639.111
5.24519e+06 3.46554e+06 -1.08985e+06 659.269
5.22729e+06 3.4907e+06 -1.08939e+06 616.174
5.24837e+06 3.46765e+06 -1.06415e+06 770.099
5.23067e+06 3.49296e+06 -1.06373e+06 627.448
5.28621e+06 3.41858e+06 -1.03911e+06 417.838
5.26939e+06 3.44451e+06 -1.03888e+06 520.95
5.28978e+06 3.42089e+06 -1.01347e+06 300.222
5.27321e+06 3.44701e+06 -1.0133e+06 653.283
5.25214e+06 3.47015e+06 -1.03857e+06 783.003
5.23441e+06 3.49546e+06 -1.03816e+06 543.351
5.25628e+06 3.47289e+06 -1.01306e+06 692.867
5.23924e+06 3.4987e+06 -1.0128e+06 587.06
5.20945e+06 3.51589e+06 -1.08893e+06 677.42
5.19254e+06 3.5417e+06 -1.08867e+06 607.679
5.21327e+06 3.51848e+06 -1.06338e+06 635.318
5.19708e+06 3.5448e+06 -1.06328e+06 837.288
5.17595e+06 3.56774e+06 -1.08849e+06 1016.74
5.15865e+06 3.59329e+06 -1.08815e+06 1163.5
5.18057e+06 3.57092e+06 -1.06312e+06 1016.22
5.16282e+06 3.59619e+06 -1.0627e+06 1255.56
5.21763e+06 3.52142e+06 -1.03794e+06 710.713
5.20156e+06 3.54785e+06 -1.03787e+06 845.95
5.22239e+06 3.52463e+06 -1.01258e+06 803.171
5.20518e+06 3.55032e+06 -1.01229e+06 941.585
5.18454e+06 3.57365e+06 -1.03762e+06 1099.05
5.15089e+06 3.60669e+06 -1.0357e+06 1347.95
5.18763e+06 3.57578e+06 -1.01194e+06 1192.9
5.15424e+06 3.60904e+06 -1.01012e+06 1457.54
5.29324e+06 3.42313e+06 -987815 416.527
5.27677e+06 3.44934e+06 -987675 546.813
5.29615e+06 3.42501e+06 -962057 536.475
5.27954e+06 3.45115e+06 -961898 612.768
5.25989e+06 3.47528e+06 -987457 675.267
5.24294e+06 3.50117e+06 -987228 708.797
5.26284e+06 3.47723e+06 -961720 781.181
5.24543e+06 3.50283e+06 -961413 568.105
5.29889e+06 3.42679e+06 -936268 689.405
5.28236e+06 3.453e+06 -936128 841.796
5.30229e+06 3.42899e+06 -910599 884.593
5.28576e+06 3.45522e+06 -910463 877.759
5.26589e+06 3.47924e+06 -935998 835.725
5.24862e+06 3.50496e+06 -935726 754.064
5.269e+06 3.4813e+06 -910289 840.455
5.25184e+06 3.50711e+06 -910042 877.053
5.22554e+06 3.52675e+06 -986908 595.793
5.20778e+06 3.55209e+06 -986519 921.196
5.22777e+06 3.52826e+06 -961057 705.755
5.21047e+06 3.55393e+06 -960764 944.707
5.19041e+06 3.5777e+06 -986205 1289.68
5.17291e+06 3.60322e+06 -985867 1536.95
5.1933e+06 3.5797e+06 -960497 1334.68
5.17605e+06 3.60541e+06 -960213 1577.34
5.23093e+06 3.53039e+06 -935375 824.885
5.21354e+06 3.55603e+06 -935079 1003.55
5.23429e+06 3.53267e+06 -909729 871.551
5.21675e+06 3.55822e+06 -909417 1030.46
5.19627e+06 3.58174e+06 -934802 1372.19
5.16399e+06 3.61587e+06 -933333 1652.96
5.19928e+06 3.58382e+06 -909117 1359.24
5.16699e+06 3.61797e+06 -907691 1613.08
5.4355e+06 3.21977e+06 -885578 -622.954
5.42025e+06 3.24679e+06 -885658 -690.757
5.43862e+06 3.22162e+06 -859828 -696.44
5.42355e+06 3.24877e+06 -859938 -548.118
5.40509e+06 3.27386e+06 -885754 -390.232
5.38924e+06 3.30053e+06 -885738 -110.262
5.40832e+06 3.27582e+06 -860022 -390.065
5.39187e+06 3.30214e+06 -859914 166.965
5.44178e+06 3.2235e+06 -834085 -706.789
5.42658e+06 3.25059e+06 -834173 -507.258
5.44473e+06 3.22525e+06 -808306 -712.815
5.42942e+06 3.25229e+06 -808375 -506.758
5.41106e+06 3.27748e+06 -834211 -296.497
5.39426e+06 3.3036e+06 -834049 150.608
5.41344e+06 3.27892e+06 -808342 -99.1274
5.39676e+06 3.30513e+06 -808204 314.674
5.37274e+06 3.32679e+06 -885613 476.472
5.35542e+06 3.35253e+06 -885347 514.995
5.37475e+06 3.32803e+06 -859692 449.378
5.35803e+06 3.35418e+06 -859530 817.879
5.33849e+06 3.37853e+06 -885146 832.119
5.32208e+06 3.40485e+06 -885035 872.908
5.3419e+06 3.38069e+06 -859466 954.834
5.32546e+06 3.40701e+06 -859354 922.541
5.37731e+06 3.32963e+06 -833862 692.982
5.36132e+06 3.35624e+06 -833823 889.841
5.38034e+06 3.3315e+06 -808103 795.128
5.3643e+06 3.35811e+06 -808061 897.413
5.34521e+06 3.38279e+06 -833766 966.627
5.32858e+06 3.40901e+06 -833628 944.918
5.34791e+06 3.3845e+06 -807967 905.017
5.33121e+06 3.41069e+06 -807824 958.691
5.44752e+06 3.2269e+06 -782503 -633.22
5.43195e+06 3.2538e+06 -782533 -407.207
5.45024e+06 3.22851e+06 -756692 -478.121
5.43441e+06 3.25528e+06 -756686 -247.75
5.41572e+06 3.2803e+06 -782466 -65.1569
5.39961e+06 3.30688e+06 -782414 482.744
5.41827e+06 3.28185e+06 -756633 215.625
5.40254e+06 3.30868e+06 -756638 560.113
5.45303e+06 3.23017e+06 -730891 -42.825
5.43712e+06 3.2569e+06 -730873 94.405
5.45583e+06 3.23183e+06 -705092 345.674
5.43979e+06 3.2585e+06 -705059 363.662
5.42105e+06 3.28354e+06 -730835 438.604
5.40508e+06 3.31023e+06 -730809 603.379
5.42372e+06 3.28515e+06 -705022 552.014
5.4076e+06 3.31178e+06 -704977 694.522
5.38355e+06 3.33349e+06 -782371 800.535
5.36702e+06 3.35982e+06 -782262 886.75
5.38646e+06 3.33529e+06 -756596 843.469
5.36976e+06 3.36153e+06 -756465 857.298
5.35042e+06 3.38609e+06 -782141 958.774
5.33379e+06 3.41235e+06 -782015 983.848
5.35314e+06 3.38782e+06 -756347 963.336
5.33649e+06 3.41408e+06 -756224 993.004
5.3889e+06 3.3368e+06 -730754 771.904
5.37231e+06 3.36313e+06 -730645 864.28
5.39131e+06 3.3383e+06 -704911 744.673
5.37477e+06 3.36466e+06 -704811 848.616
5.35573e+06 3.38945e+06 -730535 925.05
5.33905e+06 3.41572e+06 -730413 958.324
5.35816e+06 3.39099e+06 -704702 894.88
5.34147e+06 3.41726e+06 -704582 946.981
5.30568e+06 3.43118e+06 -884926 907.81
5.28906e+06 3.45737e+06 -884780 935.847
5.30882e+06 3.43321e+06 -859210 923.067
5.29211e+06 3.45937e+06 -859057 971.849
5.27208e+06 3.48333e+06 -884575 895.55
5.25506e+06 3.50927e+06 -884363 954.484
5.27521e+06 3.4854e+06 -858871 1011.57
5.25813e+06 3.51131e+06 -858656 981.298
5.31172e+06 3.43508e+06 -833455 993.543
5.29489e+06 3.46118e+06 -833288 1014.22
5.31441e+06 3.43683e+06 -807668 997.239
5.29758e+06 3.46294e+06 -807506 1047.88
5.27808e+06 3.4873e+06 -833125 1017.52
5.26093e+06 3.51318e+06 -832907 1056.09
5.28065e+06 3.48899e+06 -807331 1080.13
5.26351e+06 3.51491e+06 -807122 1114.03
5.23771e+06 3.53497e+06 -884093 941.003
5.21997e+06 3.56042e+06 -883758 1081.42
5.24073e+06 3.53701e+06 -858390 1034.16
5.22311e+06 3.56256e+06 -858086 1098.12
5.20223e+06 3.58586e+06 -883423 1365.24
5.18479e+06 3.6115e+06 -883140 1617.57
5.20524e+06 3.58793e+06 -857739 1244.45
5.18737e+06 3.61329e+06 -857396 1512.83
5.24343e+06 3.53883e+06 -832633 1041.8
5.22596e+06 3.5645e+06 -832365 1101.9
5.24612e+06 3.54065e+06 -806874 1134.51
5.2286e+06 3.5663e+06 -806606 1176.41
5.20823e+06 3.58999e+06 -832052 1258.63
5.19026e+06 3.61531e+06 -831702 1427.52
5.21098e+06 3.59188e+06 -806324 1217.19
5.1932e+06 3.61735e+06 -806015 1270.37
5.31704e+06 3.43853e+06 -781872 1025.53
5.30022e+06 3.46467e+06 -781717 1076.58
5.3197e+06 3.44025e+06 -756080 1024.79
5.30281e+06 3.46636e+06 -755921 1076.2
5.28324e+06 3.49071e+06 -781541 1100.16
5.26612e+06 3.51665e+06 -781341 1141.97
5.28583e+06 3.49242e+06 -755751 1132.38
5.26879e+06 3.51843e+06 -755571 1160.34
5.32225e+06 3.4419e+06 -730273 1007.28
5.30534e+06 3.46802e+06 -730119 1079.2
5.32467e+06 3.44347e+06 -704449 999.239
5.30779e+06 3.46962e+06 -704303 1061.19
5.2884e+06 3.49412e+06 -729960 1126.2
5.27142e+06 3.52019e+06 -729795 1141.49
5.29088e+06 3.49575e+06 -704154 1120.52
5.27389e+06 3.52184e+06 -703996 1135.66
5.24877e+06 3.54244e+06 -781110 1160.91
5.23124e+06 3.5681e+06 -780850 1197
5.25147e+06 3.54426e+06 -755352 1214.86
5.2339e+06 3.56991e+06 -755095 1221.77
5.2136e+06 3.59369e+06 -780574 1216.03
5.19583e+06 3.61919e+06 -780278 1219.38
5.21631e+06 3.59555e+06 -754836 1214.6
5.1985e+06 3.62105e+06 -754546 1192.03
5.25409e+06 3.54602e+06 -729582 1190.28
5.23648e+06 3.57167e+06 -729329 1184.66
5.25654e+06 3.54768e+06 -703788 1172.58
5.23893e+06 3.57334e+06 -703544 1187.23
5.21886e+06 3.59731e+06 -729075 1179.34
5.20103e+06 3.62281e+06 -728792 1153.6
5.22121e+06 3.59893e+06 -703287 1166.89
5.20338e+06 3.62445e+06 -703015 1130.03
5.69443e+06 2.79468e+06 -677227 3378.73
5.68056e+06 2.82256e+06 -677461 3463.76
5.69678e+06 2.79584e+06 -651428 3438.09
5.68294e+06 2.82375e+06 -651657 3515.42
5.66647e+06 2.85034e+06 -677669 3552.07
5.65234e+06 2.87809e+06 -677872 3606.81
5.66887e+06 2.85155e+06 -651860 3625.6
5.65476e+06 2.87932e+06 -652057 3678.68
5.69906e+06 2.79696e+06 -625622 3505.42
5.6853e+06 2.82492e+06 -625850 3561.29
5.70128e+06 2.79805e+06 -599809 3531.7
5.68756e+06 2.82605e+06 -600033 3577.08
5.67129e+06 2.85276e+06 -626052 3663.18
5.65722e+06 2.88058e+06 -626247 3702.14
5.67358e+06 2.85392e+06 -600230 3730.45
5.65948e+06 2.88173e+06 -600415 3703.42
5.63817e+06 2.90582e+06 -678069 3573.61
5.62388e+06 2.93349e+06 -678254 3419.15
5.64057e+06 2.90706e+06 -652246 3681.76
5.62628e+06 2.93475e+06 -652424 3579.06
5.60948e+06 2.9611e+06 -678424 3014.33
5.595e+06 2.98867e+06 -678585 2556.72
5.6119e+06 2.96238e+06 -652590 3319.46
5.59739e+06 2.98995e+06 -652742 2877.28
5.64303e+06 2.90833e+06 -626429 3741.04
5.62866e+06 2.93599e+06 -626591 3692.92
5.64528e+06 2.90949e+06 -600588 3769.93
5.63103e+06 2.93723e+06 -600757 3687.56
5.61426e+06 2.96363e+06 -626750 3536.76
5.59969e+06 2.99118e+06 -626890 3235.69
5.61677e+06 2.96496e+06 -600923 3635.24
5.60204e+06 2.99244e+06 -601041 3474.16
5.70339e+06 2.79908e+06 -573983 3565.13
5.68962e+06 2.82707e+06 -574194 3610.84
5.70543e+06 2.80008e+06 -548151 3590.67
5.69162e+06 2.82806e+06 -548348 3635.2
5.67566e+06 2.85497e+06 -574385 3710.3
5.66157e+06 2.8828e+06 -574563 3719.38
5.67767e+06 2.85598e+06 -548533 3722.3
5.66364e+06 2.88385e+06 -548708 3714.21
5.70736e+06 2.80103e+06 -522307 3593.85
5.69353e+06 2.82902e+06 -522494 3646.94
5.70918e+06 2.80192e+06 -496454 3568
5.6954e+06 2.82995e+06 -496637 3611.51
5.67957e+06 2.85694e+06 -522669 3687.72
5.66556e+06 2.88483e+06 -522839 3664.8
5.68144e+06 2.85788e+06 -496803 3589.87
5.66742e+06 2.88578e+06 -496964 3489.3
5.64742e+06 2.91059e+06 -574734 3749.15
5.6333e+06 2.93841e+06 -574910 3653.77
5.64952e+06 2.91168e+06 -548876 3688.39
5.63525e+06 2.93943e+06 -549029 3544.85
5.619e+06 2.96614e+06 -575068 3627.57
5.60427e+06 2.99363e+06 -575179 3424.77
5.62086e+06 2.96712e+06 -549171 3305.81
5.60627e+06 2.9947e+06 -549292 3090.52
5.65138e+06 2.91264e+06 -522993 3521.31
5.63711e+06 2.94041e+06 -523140 3252.22
5.65321e+06 2.91359e+06 -497109 3273.29
5.63888e+06 2.94133e+06 -497244 2875.17
5.62278e+06 2.96814e+06 -523280 2957.28
5.60809e+06 2.99568e+06 -523388 2723.29
5.6245e+06 2.96905e+06 -497373 2607.36
5.60982e+06 2.99661e+06 -497475 2416.01
5.58042e+06 3.01619e+06 -678734 2229.27
5.56577e+06 3.04367e+06 -678873 1942.64
5.58277e+06 3.01746e+06 -652881 2505.47
5.56822e+06 3.04501e+06 -653028 2162.38
5.55087e+06 3.07101e+06 -678982 1833.62
5.53544e+06 3.09807e+06 -679027 1487.51
5.55325e+06 3.07233e+06 -653125 2113.63
5.53773e+06 3.09935e+06 -653158 1842.6
5.58515e+06 3.01875e+06 -627033 2804.17
5.57056e+06 3.0463e+06 -627171 2532.45
5.58743e+06 3.01999e+06 -601171 3109.77
5.57274e+06 3.04749e+06 -601293 2826.94
5.55558e+06 3.07363e+06 -627264 2330.49
5.54013e+06 3.1007e+06 -627302 2155.79
5.55785e+06 3.07489e+06 -601393 2613.36
5.54249e+06 3.10202e+06 -601441 2657.99
5.51992e+06 3.12507e+06 -679060 1194.78
5.50504e+06 3.15243e+06 -679175 959.868
5.5223e+06 3.12641e+06 -653202 1588.86
5.50696e+06 3.15352e+06 -653257 1236.35
5.48989e+06 3.17963e+06 -679253 687.927
5.47435e+06 3.20661e+06 -679281 649.448
5.49176e+06 3.18072e+06 -653328 973.037
5.4767e+06 3.208e+06 -653414 748.025
5.52458e+06 3.12771e+06 -627331 1842.41
5.50943e+06 3.15494e+06 -627404 1587.54
5.52678e+06 3.12896e+06 -601451 2230.67
5.51176e+06 3.15628e+06 -601537 1866.37
5.49423e+06 3.18215e+06 -627472 1425.47
5.47882e+06 3.20924e+06 -627518 952.736
5.49667e+06 3.18357e+06 -601616 1713.31
5.48103e+06 3.21054e+06 -601634 1420.18
5.5895e+06 3.02111e+06 -575287 3260.86
5.5747e+06 3.04857e+06 -575392 2979.68
5.59134e+06 3.02211e+06 -549381 2986.76
5.57664e+06 3.04963e+06 -549491 2669.71
5.56007e+06 3.07612e+06 -575515 2805.94
5.54473e+06 3.10328e+06 -575565 2729.21
5.56192e+06 3.07714e+06 -549599 2914.54
5.54648e+06 3.10426e+06 -549637 2595.21
5.59319e+06 3.02311e+06 -523475 2529.62
5.57874e+06 3.05079e+06 -523605 2174.67
5.59526e+06 3.02423e+06 -497589 2059.49
5.58079e+06 3.05191e+06 -497711 2018.1
5.56388e+06 3.07823e+06 -523695 2561.85
5.54826e+06 3.10526e+06 -523713 2280.09
5.56567e+06 3.07923e+06 -497775 1982.83
5.55009e+06 3.10629e+06 -497796 1889.42
5.52888e+06 3.13015e+06 -575560 2582.58
5.51366e+06 3.15738e+06 -575622 2168.48
5.53092e+06 3.13131e+06 -549661 2574.42
5.51567e+06 3.15853e+06 -549718 2270.48
5.4985e+06 3.18463e+06 -575690 1878.82
5.4829e+06 3.21164e+06 -575712 1614.36
5.50036e+06 3.18571e+06 -549769 2073.51
5.48473e+06 3.21271e+06 -549787 1737.47
5.53294e+06 3.13245e+06 -523760 2289.58
5.51779e+06 3.15975e+06 -523824 2173.15
5.53473e+06 3.13347e+06 -497838 1848.2
5.51973e+06 3.16086e+06 -497911 1903.7
5.50242e+06 3.18691e+06 -523866 2000.42
5.48677e+06 3.21391e+06 -523882 1637.61
5.50447e+06 3.1881e+06 -497962 1783.81
5.4887e+06 3.21504e+06 -497966 1473.69
5.71093e+06 2.80278e+06 -470595 3405.36
5.69717e+06 2.83083e+06 -470770 3392.66
5.7127e+06 2.80365e+06 -444736 3076.29
5.69896e+06 2.83172e+06 -444904 3068.56
5.68325e+06 2.85879e+06 -470931 3337.84
5.66922e+06 2.8867e+06 -471084 3198.06
5.68498e+06 2.85967e+06 -445053 3022.68
5.67102e+06 2.88762e+06 -445202 2907.53
5.71431e+06 2.80444e+06 -418865 2803.73
5.70057e+06 2.83252e+06 -419024 2834.74
5.71575e+06 2.80515e+06 -392981 2688.29
5.70199e+06 2.83322e+06 -393129 2732.84
5.68662e+06 2.86049e+06 -419166 2840.66
5.67261e+06 2.88843e+06 -419304 2809.57
5.68819e+06 2.86128e+06 -393273 2772.9
5.67406e+06 2.88917e+06 -393395 2743
5.65504e+06 2.91454e+06 -471224 2932.7
5.64065e+06 2.94226e+06 -471345 2691.14
5.65677e+06 2.91543e+06 -445329 2804.67
5.64242e+06 2.94319e+06 -445447 2467.56
5.62618e+06 2.96994e+06 -471460 2432.29
5.61156e+06 2.99754e+06 -471562 2177.68
5.62798e+06 2.9709e+06 -445557 2271.52
5.61356e+06 2.99862e+06 -445668 1752.54
5.65836e+06 2.91625e+06 -419424 2685.68
5.64401e+06 2.94402e+06 -419535 2420.83
5.65984e+06 2.91702e+06 -393510 2532.45
5.64554e+06 2.94482e+06 -393618 2192.16
5.62976e+06 2.97185e+06 -419654 1881.94
5.61569e+06 2.99976e+06 -419785 1356.73
5.6311e+06 2.97256e+06 -393718 1530.51
5.61713e+06 3.00054e+06 -393851 929.875
5.71714e+06 2.80583e+06 -367095 2603.18
5.70335e+06 2.8339e+06 -367231 2661.08
5.7184e+06 2.80645e+06 -341201 2508.4
5.7046e+06 2.83452e+06 -341327 2590.72
5.68952e+06 2.86195e+06 -367365 2723.54
5.67537e+06 2.88984e+06 -367477 2696.51
5.69066e+06 2.86253e+06 -341445 2636.2
5.67656e+06 2.89045e+06 -341553 2609.97
5.7196e+06 2.80704e+06 -315303 2384.17
5.70584e+06 2.83514e+06 -315422 2460.28
5.72073e+06 2.8076e+06 -289400 2269.23
5.70702e+06 2.83573e+06 -289513 2364.91
5.6919e+06 2.86315e+06 -315531 2563.77
5.67776e+06 2.89106e+06 -315629 2543.53
5.69308e+06 2.86375e+06 -289614 2518.62
5.67887e+06 2.89163e+06 -289702 2486.99
5.66126e+06 2.91775e+06 -367592 2391.87
5.64712e+06 2.94565e+06 -367705 1973.95
5.66256e+06 2.91842e+06 -341667 2230.45
5.64842e+06 2.94633e+06 -341774 1743.46
5.63254e+06 2.97332e+06 -367789 1355.05
5.61825e+06 3.00113e+06 -367894 609.977
5.634e+06 2.97409e+06 -341864 1165.55
5.61955e+06 3.00183e+06 -341951 802.091
5.6636e+06 2.91897e+06 -315728 2222.71
5.64933e+06 2.94681e+06 -315820 1657.56
5.66466e+06 2.91951e+06 -289789 2256.5
5.65033e+06 2.94733e+06 -289870 1756.73
5.63493e+06 2.97459e+06 -315904 1100.43
5.62078e+06 3.00249e+06 -316002 708.63
5.63605e+06 2.97518e+06 -289954 1206.07
5.62188e+06 3.00309e+06 -290044 824.223
5.59729e+06 3.02534e+06 -471694 1725.03
5.58327e+06 3.05327e+06 -471847 1718.83
5.59941e+06 3.02649e+06 -445802 1409.95
5.58552e+06 3.05451e+06 -445961 1178.24
5.56773e+06 3.08037e+06 -471872 1610.72
5.55168e+06 3.10718e+06 -471856 1600.77
5.56985e+06 3.08154e+06 -445975 1357.97
5.55334e+06 3.10812e+06 -445922 1223.78
5.60149e+06 3.02761e+06 -419909 979.782
5.58725e+06 3.05545e+06 -420031 579.495
5.603e+06 3.02843e+06 -393971 531.382
5.58878e+06 3.05629e+06 -394088 78.9228
5.57164e+06 3.08253e+06 -420048 881.467
5.55568e+06 3.10943e+06 -420039 425.223
5.57363e+06 3.08364e+06 -394136 524.552
5.55776e+06 3.11059e+06 -394136 -108.603
5.53664e+06 3.13456e+06 -471923 1333.26
5.5217e+06 3.16199e+06 -471999 1498.34
5.53875e+06 3.13576e+06 -446023 956.96
5.52396e+06 3.16329e+06 -446107 1303.75
5.50629e+06 3.18915e+06 -472035 1338.14
5.49042e+06 3.21605e+06 -472031 1126.75
5.50798e+06 3.19014e+06 -446096 1064.49
5.49201e+06 3.21699e+06 -446085 855.621
5.54113e+06 3.13711e+06 -420139 795.006
5.52596e+06 3.16444e+06 -420192 954.391
5.54281e+06 3.13806e+06 -394201 624.797
5.52743e+06 3.16528e+06 -394234 647.506
5.50979e+06 3.19119e+06 -420167 980.156
5.49369e+06 3.21797e+06 -420146 680.929
5.51139e+06 3.19212e+06 -394220 762.272
5.49531e+06 3.21893e+06 -394203 559.428
5.60435e+06 3.02917e+06 -368023 265.291
5.59058e+06 3.05728e+06 -368158 -151.023
5.60566e+06 3.02988e+06 -342072 156.759
5.59226e+06 3.05821e+06 -342221 -86.9709
5.57527e+06 3.08455e+06 -368194 334.077
5.55864e+06 3.11109e+06 -368143 -307.203
5.57639e+06 3.08518e+06 -342218 217.069
5.55964e+06 3.11166e+06 -342160 -421.215
5.60671e+06 3.03045e+06 -316105 143.305
5.59272e+06 3.05847e+06 -316212 -173.112
5.60755e+06 3.03091e+06 -290126 396.888
5.59318e+06 3.05872e+06 -290205 156.161
5.57704e+06 3.08554e+06 -316219 -173.154
5.56132e+06 3.11261e+06 -316222 -340.138
5.57809e+06 3.08614e+06 -290244 -58.8191
5.5632e+06 3.11367e+06 -290294 -30.4301
5.54357e+06 3.1385e+06 -368196 31.1087
5.52863e+06 3.16597e+06 -368257 356.765
5.54486e+06 3.13923e+06 -342227 -107.23
5.52978e+06 3.16664e+06 -342277 115.649
5.51276e+06 3.19292e+06 -368256 537.05
5.49686e+06 3.21984e+06 -368252 521.957
5.51401e+06 3.19364e+06 -342284 463.285
5.49819e+06 3.22062e+06 -342287 329.786
5.54657e+06 3.1402e+06 -316285 16.2411
5.5308e+06 3.16722e+06 -316294 194.835
5.54799e+06 3.141e+06 -290328 222.417
5.53173e+06 3.16775e+06 -290310 489.117
5.51514e+06 3.1943e+06 -316307 468.453
5.49938e+06 3.22133e+06 -316314 419.329
5.51606e+06 3.19483e+06 -290322 567.64
5.50051e+06 3.22199e+06 -290339 523.714
5.45858e+06 3.23346e+06 -679282 630.845
5.44232e+06 3.26002e+06 -679222 602.162
5.46104e+06 3.23492e+06 -653429 736.315
5.44474e+06 3.26147e+06 -653366 658.341
5.4262e+06 3.28666e+06 -679179 617.44
5.40998e+06 3.31324e+06 -679125 689.674
5.42847e+06 3.28804e+06 -653309 664.634
5.41222e+06 3.31462e+06 -653253 706.523
5.46321e+06 3.23621e+06 -627539 801.389
5.44702e+06 3.26284e+06 -627493 726.495
5.46518e+06 3.23738e+06 -601628 970.711
5.44913e+06 3.26411e+06 -601599 788.065
5.43066e+06 3.28937e+06 -627427 714.756
5.41442e+06 3.31597e+06 -627375 732.304
5.43287e+06 3.29071e+06 -601548 737.322
5.41657e+06 3.31729e+06 -601493 739.692
5.39361e+06 3.33973e+06 -679052 751.914
5.37713e+06 3.36615e+06 -678963 841.298
5.39587e+06 3.34113e+06 -653185 791.081
5.37941e+06 3.36758e+06 -653103 859.658
5.36052e+06 3.39249e+06 -678858 903.161
5.34383e+06 3.41878e+06 -678744 953.267
5.36282e+06 3.39394e+06 -653005 927.951
5.34614e+06 3.42026e+06 -652897 983.121
5.3981e+06 3.34251e+06 -627314 805.455
5.38164e+06 3.36898e+06 -627236 877.073
5.40025e+06 3.34385e+06 -601434 822.245
5.38378e+06 3.37032e+06 -601360 887.654
5.36505e+06 3.39536e+06 -627144 954.603
5.34838e+06 3.42169e+06 -627041 1019.05
5.36721e+06 3.39673e+06 -601273 974.228
5.35052e+06 3.42306e+06 -601174 1041.09
5.46698e+06 3.23845e+06 -575699 1178.36
5.45104e+06 3.26526e+06 -575685 826.046
5.46889e+06 3.23959e+06 -549784 1295.3
5.45293e+06 3.2664e+06 -549769 861.073
5.4349e+06 3.29195e+06 -575650 718.331
5.41863e+06 3.31855e+06 -575599 745.678
5.43681e+06 3.2931e+06 -549737 729.485
5.42059e+06 3.31976e+06 -549696 739.784
5.47089e+06 3.24078e+06 -523876 1238.01
5.4549e+06 3.26758e+06 -523860 827.161
5.47275e+06 3.24188e+06 -497955 1023.81
5.45679e+06 3.26871e+06 -497942 742.206
5.43876e+06 3.29429e+06 -523829 716.129
5.42246e+06 3.3209e+06 -523782 707.59
5.44062e+06 3.29542e+06 -497911 662.316
5.42425e+06 3.322e+06 -497861 649.558
5.40229e+06 3.34512e+06 -575542 801.998
5.38583e+06 3.3716e+06 -575472 889.97
5.40426e+06 3.34634e+06 -549643 802.92
5.3878e+06 3.37284e+06 -549577 890.78
5.36927e+06 3.39803e+06 -575392 988.408
5.35258e+06 3.42438e+06 -575297 1055.74
5.37124e+06 3.39929e+06 -549501 975.717
5.35456e+06 3.42565e+06 -549412 1066.26
5.40612e+06 3.3475e+06 -523732 767.12
5.38966e+06 3.37401e+06 -523670 855.758
5.4079e+06 3.3486e+06 -497814 699.953
5.39146e+06 3.37514e+06 -497757 775.249
5.37314e+06 3.40049e+06 -523602 954.805
5.35644e+06 3.42685e+06 -523516 1046.44
5.37492e+06 3.40162e+06 -497691 872.809
5.35819e+06 3.42798e+06 -497608 983.683
5.32704e+06 3.445e+06 -678616 1013.02
5.31017e+06 3.47118e+06 -678479 1082.42
5.32936e+06 3.4465e+06 -652777 1052.84
5.31251e+06 3.47271e+06 -652647 1124.24
5.29326e+06 3.49733e+06 -678336 1129.68
5.27628e+06 3.52343e+06 -678186 1170.99
5.29556e+06 3.49884e+06 -652506 1204.57
5.27848e+06 3.52491e+06 -652351 1225.61
5.33165e+06 3.44798e+06 -626932 1097.61
5.31474e+06 3.47417e+06 -626803 1170.2
5.33376e+06 3.44935e+06 -601067 1141
5.3168e+06 3.47552e+06 -600937 1213.16
5.29767e+06 3.50024e+06 -626654 1230.14
5.28051e+06 3.52626e+06 -626494 1267.36
5.29968e+06 3.50157e+06 -600789 1294.05
5.28249e+06 3.52759e+06 -600633 1350.46
5.259e+06 3.54933e+06 -677994 1195.02
5.24137e+06 3.57501e+06 -677759 1183.12
5.26119e+06 3.55082e+06 -652167 1219.57
5.24362e+06 3.57654e+06 -651947 1248.75
5.22363e+06 3.6006e+06 -677509 1180.1
5.20565e+06 3.62603e+06 -677227 1138.24
5.22593e+06 3.60219e+06 -651713 1213.13
5.20792e+06 3.62761e+06 -651438 1168.29
5.26316e+06 3.55215e+06 -626311 1290.06
5.24569e+06 3.57796e+06 -626114 1293.73
5.26512e+06 3.55347e+06 -600456 1363.44
5.24766e+06 3.5793e+06 -600268 1355.21
5.22812e+06 3.6037e+06 -625904 1269.06
5.21026e+06 3.62924e+06 -625658 1248.99
5.2302e+06 3.60514e+06 -600081 1337.47
5.21248e+06 3.63079e+06 -599862 1345.15
5.33575e+06 3.45064e+06 -575188 1150.14
5.3188e+06 3.47682e+06 -575065 1287.35
5.33773e+06 3.45192e+06 -549308 1181.76
5.32077e+06 3.47811e+06 -549191 1281.17
5.3017e+06 3.50291e+06 -574926 1331.54
5.28439e+06 3.52885e+06 -574765 1393.16
5.30362e+06 3.50418e+06 -549054 1363.96
5.28621e+06 3.53007e+06 -548891 1424.48
5.33957e+06 3.45311e+06 -523414 1149.38
5.32262e+06 3.47932e+06 -523304 1278.05
5.34131e+06 3.45424e+06 -497511 1103.47
5.32435e+06 3.48045e+06 -497405 1233.17
5.30547e+06 3.5054e+06 -523175 1354.42
5.28805e+06 3.5313e+06 -523018 1404.93
5.30722e+06 3.50656e+06 -497285 1322.16
5.28982e+06 3.53248e+06 -497139 1379.39
5.26695e+06 3.55471e+06 -574588 1379.81
5.24955e+06 3.58059e+06 -574416 1410.13
5.26875e+06 3.55593e+06 -548721 1432.29
5.25146e+06 3.5819e+06 -548568 1414.57
5.23221e+06 3.60652e+06 -574250 1405.81
5.21459e+06 3.63226e+06 -574054 1452.87
5.23416e+06 3.60787e+06 -548415 1404.55
5.21647e+06 3.63357e+06 -548221 1499.45
5.27058e+06 3.55717e+06 -522857 1411.23
5.25335e+06 3.58319e+06 -522718 1425.75
5.27233e+06 3.55835e+06 -496984 1358.87
5.25512e+06 3.5844e+06 -496855 1348.05
5.23601e+06 3.60915e+06 -522569 1392.87
5.21834e+06 3.63487e+06 -522386 1453.3
5.23779e+06 3.61037e+06 -496715 1269.23
5.20465e+06 3.64433e+06 -495868 1318.11
5.47444e+06 3.24289e+06 -472019 821.92
5.45849e+06 3.26973e+06 -472008 649.591
5.47611e+06 3.24388e+06 -446081 655.492
5.46012e+06 3.27071e+06 -446069 496.127
5.44231e+06 3.29645e+06 -471979 559.341
5.42596e+06 3.32305e+06 -471935 497.451
5.44393e+06 3.29743e+06 -446042 325.528
5.42759e+06 3.32405e+06 -446001 165.241
5.47775e+06 3.24486e+06 -420141 554.927
5.46166e+06 3.27164e+06 -420123 232.325
5.47927e+06 3.24576e+06 -394190 321.119
5.46317e+06 3.27255e+06 -394175 -36.635
5.44541e+06 3.29833e+06 -420094 -63.2048
5.42914e+06 3.325e+06 -420062 -261.021
5.44692e+06 3.29924e+06 -394147 -399.95
5.43065e+06 3.32592e+06 -394120 -470.839
5.40966e+06 3.34969e+06 -471894 493.266
5.39322e+06 3.37625e+06 -471842 560.408
5.41129e+06 3.3507e+06 -445965 96.8061
5.39487e+06 3.37728e+06 -445918 158.233
5.37661e+06 3.40269e+06 -471774 678.885
5.35987e+06 3.42905e+06 -471695 841.942
5.37824e+06 3.40372e+06 -445855 287.995
5.36148e+06 3.43009e+06 -445780 505.695
5.41283e+06 3.35165e+06 -420028 -275.14
5.39637e+06 3.37822e+06 -419983 -234.96
5.4143e+06 3.35256e+06 -394086 -481.981
5.39779e+06 3.3791e+06 -394040 -401.414
5.37975e+06 3.40468e+06 -419924 -107.551
5.36298e+06 3.43105e+06 -419854 45.3849
5.38114e+06 3.40556e+06 -393985 -286.572
5.36436e+06 3.43193e+06 -393920 -190.06
5.48085e+06 3.2467e+06 -368243 67.2419
5.46468e+06 3.27345e+06 -368225 -327.533
5.48216e+06 3.24748e+06 -342279 -57.33
5.46595e+06 3.27421e+06 -342258 -393.438
5.4484e+06 3.30014e+06 -368199 -547.394
5.43208e+06 3.3268e+06 -368169 -551.057
5.44966e+06 3.3009e+06 -342234 -554.171
5.43337e+06 3.32759e+06 -342209 -537.615
5.48332e+06 3.24816e+06 -316303 59.8512
5.46713e+06 3.27492e+06 -316287 -343.865
5.48453e+06 3.24888e+06 -290334 252.811
5.46823e+06 3.27558e+06 -290312 -125.726
5.45091e+06 3.30166e+06 -316268 -431.035
5.43461e+06 3.32835e+06 -316244 -459.576
5.45199e+06 3.30231e+06 -290293 -371.544
5.43567e+06 3.32899e+06 -290270 -359.49
5.41562e+06 3.35338e+06 -368131 -516.84
5.39915e+06 3.37996e+06 -368093 -418.633
5.41689e+06 3.35417e+06 -342172 -453.465
5.40047e+06 3.38078e+06 -342140 -383.655
5.3825e+06 3.40642e+06 -368042 -310.876
5.36566e+06 3.43276e+06 -367978 -243.756
5.38382e+06 3.40725e+06 -342094 -275.917
5.36658e+06 3.43335e+06 -342011 -225.523
5.41809e+06 3.35491e+06 -316209 -415.287
5.40162e+06 3.3815e+06 -316176 -309.357
5.41877e+06 3.35532e+06 -290216 -449.919
5.40221e+06 3.38187e+06 -290181 -295.176
5.38498e+06 3.40799e+06 -316134 -228.907
5.36775e+06 3.4341e+06 -316054 -54.5757
5.3859e+06 3.40857e+06 -290158 -132.203
5.36876e+06 3.43475e+06 -290091 -30.7392
5.343e+06 3.45533e+06 -471605 997.044
5.32599e+06 3.48153e+06 -471501 1147.41
5.34457e+06 3.45635e+06 -445691 698.374
5.32748e+06 3.48251e+06 -445587 867.163
5.30884e+06 3.50763e+06 -471386 1239.22
5.29147e+06 3.53359e+06 -471250 1284
5.31029e+06 3.5086e+06 -445475 1038.47
5.29297e+06 3.5346e+06 -445350 1161.78
5.34604e+06 3.45731e+06 -419770 214.389
5.32895e+06 3.48347e+06 -419671 448.635
5.34741e+06 3.4582e+06 -393840 -63.6201
5.3304e+06 3.48442e+06 -393753 87.7733
5.31175e+06 3.50956e+06 -419564 623.883
5.29444e+06 3.53558e+06 -419448 869.053
5.31324e+06 3.51055e+06 -393656 224.143
5.29592e+06 3.53657e+06 -393547 462.756
5.27396e+06 3.55945e+06 -471102 1300.52
5.25673e+06 3.5855e+06 -470980 1339.59
5.2755e+06 3.5605e+06 -445214 1222.18
5.2581e+06 3.58644e+06 -445084 1185.65
5.23943e+06 3.61151e+06 -470850 1218.19
5.20632e+06 3.64551e+06 -470051 1183.98
5.24062e+06 3.61233e+06 -444947 1108.72
5.20766e+06 3.64644e+06 -444203 1070.68
5.27701e+06 3.56152e+06 -419323 1062.08
5.25946e+06 3.58737e+06 -419188 1132.99
5.27849e+06 3.56252e+06 -393429 781.979
5.26101e+06 3.58843e+06 -393307 982.692
5.2418e+06 3.61315e+06 -419044 1091.94
5.2241e+06 3.63888e+06 -418896 981.015
5.24348e+06 3.6143e+06 -393182 1026.05
5.22586e+06 3.64011e+06 -393049 1027.02
5.34876e+06 3.45907e+06 -367908 -156.836
5.33174e+06 3.4853e+06 -367826 -54.1118
5.34968e+06 3.45967e+06 -341946 -106.722
5.33297e+06 3.48611e+06 -341888 -63.7409
5.31459e+06 3.51144e+06 -367735 32.3955
5.29735e+06 3.53753e+06 -367639 172.853
5.31584e+06 3.51228e+06 -341805 10.814
5.29863e+06 3.53839e+06 -341718 51.7427
5.35079e+06 3.46039e+06 -315992 -63.3865
5.33408e+06 3.48684e+06 -315942 -19.3457
5.35185e+06 3.46108e+06 -290035 -42.3588
5.3348e+06 3.48731e+06 -289972 67.8537
5.31695e+06 3.51301e+06 -315866 -1.10342
5.29969e+06 3.5391e+06 -315782 105.324
5.31759e+06 3.51345e+06 -289900 92.9124
5.30066e+06 3.53975e+06 -289841 279.211
5.27995e+06 3.5635e+06 -367531 456.601
5.26249e+06 3.58944e+06 -367420 792.839
5.28125e+06 3.56439e+06 -341620 261.792
5.2638e+06 3.59033e+06 -341517 662.975
5.24507e+06 3.6154e+06 -367312 932.309
5.21219e+06 3.64962e+06 -366705 880.739
5.24634e+06 3.61627e+06 -341415 870.51
5.21326e+06 3.65036e+06 -340840 859.688
5.28237e+06 3.56515e+06 -315695 329.976
5.26495e+06 3.59112e+06 -315604 694.501
5.28336e+06 3.56582e+06 -289763 580.344
5.26594e+06 3.5918e+06 -289680 816.523
5.24747e+06 3.61706e+06 -315508 862.126
5.21437e+06 3.65114e+06 -314977 838.142
5.24846e+06 3.61774e+06 -289592 904.28
5.21545e+06 3.6519e+06 -289113 817.583
5.72176e+06 2.8081e+06 -263497 2181.59
5.70798e+06 2.83621e+06 -263597 2319.47
5.72266e+06 2.80854e+06 -237591 2188.06
5.70881e+06 2.83662e+06 -237679 2326.87
5.69404e+06 2.86423e+06 -263689 2468.87
5.67987e+06 2.89214e+06 -263771 2582.27
5.69491e+06 2.86467e+06 -237764 2511.59
5.68099e+06 2.89271e+06 -237847 2587.11
5.72349e+06 2.80895e+06 -211681 2227.75
5.70984e+06 2.83713e+06 -211767 2370.52
5.72421e+06 2.8093e+06 -185768 2297.77
5.71061e+06 2.83751e+06 -185846 2435.19
5.696e+06 2.86521e+06 -211846 2563.61
5.68195e+06 2.89319e+06 -211918 2718.79
5.69675e+06 2.86559e+06 -185916 2627.54
5.68251e+06 2.89348e+06 -185973 2746.78
5.66567e+06 2.92003e+06 -263851 2392.87
5.65133e+06 2.94785e+06 -263924 1852.94
5.66685e+06 2.92064e+06 -237922 2544.92
5.65252e+06 2.94847e+06 -237990 2160.79
5.63713e+06 2.97575e+06 -264006 1240.81
5.62285e+06 3.0036e+06 -264082 1013.59
5.63824e+06 2.97633e+06 -238060 1503.68
5.62382e+06 3.00411e+06 -238125 1212.89
5.66794e+06 2.9212e+06 -211992 2627.43
5.65374e+06 2.9491e+06 -212057 2369.11
5.66846e+06 2.92147e+06 -186037 2741.52
5.65431e+06 2.9494e+06 -186097 2646.36
5.63931e+06 2.97689e+06 -212114 1892.91
5.62468e+06 3.00457e+06 -212163 1499.63
5.6397e+06 2.97709e+06 -186141 2378.16
5.62512e+06 3.0048e+06 -186187 1982.47
5.72483e+06 2.80961e+06 -159851 2380.43
5.71108e+06 2.83775e+06 -159915 2510.03
5.72538e+06 2.80988e+06 -133933 2464
5.71159e+06 2.83799e+06 -133986 2598.46
5.69715e+06 2.86579e+06 -159974 2682.56
5.68306e+06 2.89376e+06 -160027 2857.13
5.69769e+06 2.86606e+06 -134036 2766.2
5.68361e+06 2.89404e+06 -134082 2878.8
5.72581e+06 2.81009e+06 -108011 2541.16
5.71198e+06 2.83819e+06 -108054 2655.43
5.72616e+06 2.81026e+06 -82088.6 2581.69
5.71238e+06 2.83839e+06 -82122.8 2703.34
5.69809e+06 2.86626e+06 -108096 2794.65
5.68402e+06 2.89424e+06 -108134 2897.66
5.69847e+06 2.86645e+06 -82155.1 2832.53
5.68443e+06 2.89445e+06 -82185.6 2977.16
5.66895e+06 2.92171e+06 -160081 2917.85
5.6546e+06 2.94954e+06 -160128 2866.1
5.66938e+06 2.92193e+06 -134125 2956.18
5.65498e+06 2.94974e+06 -134164 2986.65
5.63995e+06 2.97722e+06 -160166 2753.51
5.62543e+06 3.00496e+06 -160208 2523.9
5.64048e+06 2.97749e+06 -134200 2927.21
5.62594e+06 3.00523e+06 -134236 2869.9
5.66977e+06 2.92213e+06 -108169 2978.53
5.65543e+06 2.94997e+06 -108202 3018.22
5.67024e+06 2.92237e+06 -82214.2 3055.73
5.65593e+06 2.95023e+06 -82240.8 3041.53
5.64097e+06 2.97775e+06 -108233 2981.54
5.6264e+06 3.00547e+06 -108262 2929.3
5.64152e+06 2.97804e+06 -82266.1 3048.59
5.62691e+06 3.00574e+06 -82288.6 3012.96
5.6085e+06 3.03143e+06 -264156 478.477
5.59412e+06 3.05924e+06 -264228 444.208
5.60933e+06 3.03187e+06 -238186 773.314
5.59507e+06 3.05975e+06 -238256 632.059
5.57909e+06 3.0867e+06 -264270 16.4546
5.56431e+06 3.11429e+06 -264325 200.883
5.58001e+06 3.0872e+06 -238293 588.927
5.5647e+06 3.1145e+06 -238321 583.143
5.61014e+06 3.0323e+06 -212216 1262.43
5.59622e+06 3.06038e+06 -212293 1056.18
5.61092e+06 3.03272e+06 -186245 1760.42
5.59696e+06 3.06078e+06 -186313 1461.46
5.58116e+06 3.08782e+06 -212326 1210.53
5.56555e+06 3.11497e+06 -212336 1219.31
5.5818e+06 3.08818e+06 -186338 1864.02
5.56665e+06 3.11558e+06 -186364 1547.71
5.54898e+06 3.14156e+06 -264351 619.045
5.53275e+06 3.16833e+06 -264334 888.293
5.54952e+06 3.14187e+06 -238353 946.298
5.53372e+06 3.16888e+06 -238356 1222.91
5.51692e+06 3.19533e+06 -264337 855.33
5.50131e+06 3.22246e+06 -264351 733.365
5.51788e+06 3.19588e+06 -238359 1205.18
5.50208e+06 3.22291e+06 -238365 1134.32
5.55031e+06 3.14231e+06 -212363 1647.11
5.5347e+06 3.16945e+06 -212376 1502.42
5.55141e+06 3.14292e+06 -186387 1930.63
5.53568e+06 3.17e+06 -186395 1751.56
5.51906e+06 3.19656e+06 -212387 1581.92
5.50308e+06 3.22348e+06 -212387 1529.56
5.52011e+06 3.19716e+06 -186408 1870.43
5.50382e+06 3.22392e+06 -186398 1767.82
5.61133e+06 3.03294e+06 -160262 2272.61
5.59722e+06 3.06092e+06 -160317 2200.23
5.6116e+06 3.03308e+06 -134278 2671.92
5.59758e+06 3.0611e+06 -134327 2590.1
5.58236e+06 3.08848e+06 -160350 2261.06
5.56718e+06 3.11587e+06 -160376 2121.36
5.58289e+06 3.08877e+06 -134362 2553.56
5.56712e+06 3.11583e+06 -134372 2436.68
5.61201e+06 3.03329e+06 -108296 2824.09
5.59794e+06 3.06129e+06 -108337 2668.5
5.61244e+06 3.03352e+06 -82314.4 2965.78
5.5982e+06 3.06143e+06 -82343.4 2912.24
5.58314e+06 3.0889e+06 -108364 2727.1
5.56716e+06 3.11584e+06 -108367 2699.45
5.58336e+06 3.08901e+06 -82363.2 2840.8
5.56745e+06 3.116e+06 -82367 2734.96
5.55192e+06 3.14321e+06 -160396 2218.43
5.53656e+06 3.1705e+06 -160411 2037.8
5.55197e+06 3.14324e+06 -134393 2068.73
5.53714e+06 3.17083e+06 -134417 2094.7
5.52064e+06 3.19746e+06 -160412 2051.02
5.50422e+06 3.22414e+06 -160398 2010.62
5.521e+06 3.19767e+06 -134411 2129.61
5.50464e+06 3.22439e+06 -134399 2188.73
5.55173e+06 3.1431e+06 -108380 2205.58
5.5369e+06 3.17069e+06 -108403 1978.27
5.5516e+06 3.14302e+06 -82371.1 2316.89
5.5366e+06 3.17052e+06 -82387.4 1854.77
5.5212e+06 3.19779e+06 -108406 1877.86
5.5051e+06 3.22465e+06 -108401 2141.97
5.52135e+06 3.19788e+06 -82399.2 1829.53
5.50552e+06 3.2249e+06 -82401.9 2071.05
5.72644e+06 2.8104e+06 -56164.6 2627.64
5.71264e+06 2.83852e+06 -56189.5 2762.04
5.72658e+06 2.81046e+06 -30239 2674.43
5.71276e+06 2.83857e+06 -30253.9 2780.3
5.69875e+06 2.86659e+06 -56213.3 2877.17
5.68475e+06 2.89461e+06 -56235.8 2970.1
5.69885e+06 2.86664e+06 -30268.3 2903.65
5.68489e+06 2.89468e+06 -30282.4 2989.04
5.72662e+06 2.81048e+06 -4312.86 2688.29
5.71286e+06 2.83862e+06 -4318.24 2787.01
5.72665e+06 2.8105e+06 21613.4 2673.16
5.71288e+06 2.83863e+06 21617.9 2793.26
5.69899e+06 2.86671e+06 -4323.58 2924.58
5.68499e+06 2.89473e+06 -4329.03 3006.27
5.69897e+06 2.8667e+06 21621.6 2906.85
5.68494e+06 2.8947e+06 21625 2976.9
5.6706e+06 2.92255e+06 -56256.9 3015.37
5.65629e+06 2.95041e+06 -56276.9 3065.57
5.67076e+06 2.92263e+06 -30295.9 3066.02
5.65633e+06 2.95043e+06 -30308 3090.64
5.64183e+06 2.97819e+06 -56295.4 3068.3
5.6272e+06 3.00589e+06 -56311.7 3027.87
5.64176e+06 2.97815e+06 -30318.9 3102.05
5.62715e+06 3.00586e+06 -30329.5 3037.13
5.67081e+06 2.92265e+06 -4334.1 3072.74
5.65632e+06 2.95042e+06 -4338.75 3078.29
5.67074e+06 2.92261e+06 21627.7 3026.92
5.65629e+06 2.9504e+06 21629.8 3054.35
5.64173e+06 2.97813e+06 -4343.51 3076.69
5.62712e+06 3.00584e+06 -4348.2 3042.34
5.64169e+06 2.97811e+06 21631.3 3035.33
5.62711e+06 3.00583e+06 21632.8 2990.37
5.72654e+06 2.81044e+06 47539.2 2634.94
5.71269e+06 2.83854e+06 47552.8 2739.77
5.72625e+06 2.8103e+06 73463.6 2489.35
5.71239e+06 2.83838e+06 73487 2580.97
5.69879e+06 2.8666e+06 47566.2 2835.11
5.68478e+06 2.89461e+06 47578.7 2907.26
5.69853e+06 2.86647e+06 73510.2 2662.11
5.6845e+06 2.89447e+06 73531.2 2749.57
5.72592e+06 2.81014e+06 99387.4 2231.48
5.71212e+06 2.83825e+06 99421.5 2289.43
5.72556e+06 2.80996e+06 125311 1875.97
5.71175e+06 2.83806e+06 125355 1979.37
5.69825e+06 2.86632e+06 99454.4 2378.16
5.68411e+06 2.89427e+06 99482.5 2474.48
5.69778e+06 2.86609e+06 125395 2077.99
5.68365e+06 2.89403e+06 125432 2101.79
5.67056e+06 2.92252e+06 47589.3 2953.6
5.65613e+06 2.95031e+06 47598.1 2971.46
5.67023e+06 2.92234e+06 73548.9 2801.24
5.6558e+06 2.95013e+06 73564.7 2842.13
5.64152e+06 2.97801e+06 47605.3 2960.13
5.62695e+06 3.00574e+06 47612.9 2929.71
5.64125e+06 2.97787e+06 73579.3 2810.01
5.62668e+06 3.00559e+06 73593.3 2790.79
5.66978e+06 2.92211e+06 99507.1 2518.32
5.6554e+06 2.94992e+06 99531.2 2541.13
5.66938e+06 2.9219e+06 125466 2148.42
5.65508e+06 2.94975e+06 125499 2204.79
5.64093e+06 2.9777e+06 99553.3 2593.52
5.62638e+06 3.00542e+06 99573.7 2561.71
5.64054e+06 2.97748e+06 125527 2292.67
5.62585e+06 3.00513e+06 125551 2321.62
5.61254e+06 3.03357e+06 -56327.9 2987.29
5.59816e+06 3.0614e+06 -56347.3 2900.39
5.61264e+06 3.03362e+06 -30340.3 2996.63
5.59803e+06 3.06132e+06 -30350.9 2966.51
5.58369e+06 3.08919e+06 -56363.4 2844.99
5.56788e+06 3.11624e+06 -56364.7 2875.17
5.58367e+06 3.08918e+06 -30361.5 2792.06
5.56892e+06 3.11682e+06 -30366.1 2803.12
5.61258e+06 3.03358e+06 -4352.85 2989.77
5.59791e+06 3.06126e+06 -4356.6 2953.51
5.61246e+06 3.03351e+06 21634 2891.68
5.59776e+06 3.06117e+06 21634.8 2892.81
5.58328e+06 3.08896e+06 -4361.36 2723.94
5.56907e+06 3.1169e+06 -4367.63 2525.73
5.58297e+06 3.08878e+06 21634.7 2670.02
5.56823e+06 3.11642e+06 21633.9 2583.26
5.55175e+06 3.1431e+06 -56366.4 2311.26
5.53653e+06 3.17047e+06 -56379.9 1819.3
5.55264e+06 3.14359e+06 -30367.4 2247.82
5.53644e+06 3.17041e+06 -30374.5 1843.88
5.52135e+06 3.19788e+06 -56392.2 1739.19
5.50583e+06 3.22508e+06 -56398.7 1818.21
5.52105e+06 3.19769e+06 -30383.3 1609.2
5.50573e+06 3.22502e+06 -30390.9 1723.1
5.55312e+06 3.14386e+06 -4369.39 2248
5.5366e+06 3.1705e+06 -4368.51 1652.57
5.55259e+06 3.14356e+06 21632.6 1965.66
5.53784e+06 3.17122e+06 21640.2 1319.15
5.52073e+06 3.1975e+06 -4373.53 1300.71
5.50514e+06 3.22466e+06 -4382.16 1345.77
5.52197e+06 3.19821e+06 21637.2 863.725
5.50508e+06 3.22462e+06 21623.3 1072.4
5.6123e+06 3.03342e+06 47619.6 2859.98
5.59766e+06 3.06111e+06 47626.6 2731.35
5.61202e+06 3.03326e+06 73605.9 2676.92
5.59731e+06 3.06091e+06 73617.1 2630.63
5.58271e+06 3.08863e+06 47630.4 2556.64
5.56753e+06 3.11603e+06 47631.8 2313.57
5.58221e+06 3.08835e+06 73623.5 2492.84
5.56694e+06 3.11569e+06 73628 2142.43
5.61171e+06 3.03309e+06 99592.1 2560.75
5.59679e+06 3.06062e+06 99606.3 2477.7
5.61119e+06 3.0328e+06 125576 2334.98
5.59635e+06 3.06038e+06 125597 2284.67
5.58169e+06 3.08806e+06 99617.3 2305.6
5.56656e+06 3.11547e+06 99627.4 2023.68
5.58131e+06 3.08784e+06 125613 2168.94
5.56616e+06 3.11524e+06 125627 1973.77
5.55201e+06 3.14323e+06 47629.8 1808.15
5.53797e+06 3.17128e+06 47637.7 1191.05
5.55162e+06 3.143e+06 73630.8 1634.76
5.53645e+06 3.1704e+06 73632.9 787.802
5.52268e+06 3.19861e+06 47640.1 980.37
5.50554e+06 3.22488e+06 47630.6 696.115
5.52121e+06 3.19777e+06 73637.7 764.999
5.50545e+06 3.22483e+06 73640.4 597.716
5.55135e+06 3.14284e+06 99636.4 1545.33
5.53597e+06 3.17012e+06 99643.2 997.98
5.55087e+06 3.14256e+06 125638 1608.97
5.53564e+06 3.16993e+06 125650 1085.34
5.52025e+06 3.19721e+06 99642.1 526.91
5.50446e+06 3.22425e+06 99638.1 598.611
5.52015e+06 3.19714e+06 125657 928.258
5.50389e+06 3.22391e+06 125645 852.435
5.48538e+06 3.24939e+06 -264349 551.818
5.46914e+06 3.27613e+06 -264330 230.894
5.4861e+06 3.24981e+06 -238361 1030.58
5.47008e+06 3.27669e+06 -238353 624.175
5.45285e+06 3.30283e+06 -264309 -130.381
5.43657e+06 3.32955e+06 -264290 -95.5028
5.45383e+06 3.30342e+06 -238335 317.716
5.4374e+06 3.33005e+06 -238311 255.218
5.48692e+06 3.25029e+06 -212377 1414.53
5.47086e+06 3.27716e+06 -212369 1116.8
5.48758e+06 3.25068e+06 -186387 1747.15
5.47158e+06 3.27758e+06 -186381 1653.87
5.45468e+06 3.30394e+06 -212356 777.831
5.43813e+06 3.3305e+06 -212328 736.827
5.45537e+06 3.30436e+06 -186369 1443.95
5.43889e+06 3.33097e+06 -186347 1343.28
5.41945e+06 3.35574e+06 -264229 -99.7822
5.40247e+06 3.38203e+06 -264177 -101.964
5.4203e+06 3.35627e+06 -238257 56.5859
5.40303e+06 3.38238e+06 -238196 197.504
5.38613e+06 3.40871e+06 -264155 -25.1308
5.36902e+06 3.43492e+06 -264093 -46.9171
5.38636e+06 3.40886e+06 -238161 210.117
5.36956e+06 3.43527e+06 -238120 294.317
5.42101e+06 3.35671e+06 -212278 505.477
5.40382e+06 3.38287e+06 -212227 564.523
5.42178e+06 3.35718e+06 -186303 1155.37
5.40451e+06 3.3833e+06 -186255 1002.18
5.38714e+06 3.40936e+06 -212195 501.912
5.37034e+06 3.43577e+06 -212159 485.136
5.38783e+06 3.4098e+06 -186227 797.405
5.37103e+06 3.43621e+06 -186195 695.091
5.48812e+06 3.251e+06 -160391 2062.19
5.47223e+06 3.27797e+06 -160391 2028.87
5.48868e+06 3.25133e+06 -134397 2317.54
5.47266e+06 3.27823e+06 -134394 2328.93
5.456e+06 3.30473e+06 -160380 1949.41
5.43948e+06 3.33133e+06 -160360 1809.74
5.45636e+06 3.30495e+06 -134383 2228.76
5.43991e+06 3.33159e+06 -134368 2135.33
5.4891e+06 3.25157e+06 -108399 2348.16
5.47301e+06 3.27843e+06 -108394 2487.39
5.48947e+06 3.25179e+06 -82400 2423.81
5.47334e+06 3.27863e+06 -82395.5 2524.8
5.45674e+06 3.30518e+06 -108386 2472.28
5.44032e+06 3.33184e+06 -108374 2354.77
5.45712e+06 3.30541e+06 -82389.4 2549.08
5.44072e+06 3.33208e+06 -82380.4 2459.83
5.42238e+06 3.35755e+06 -160323 1762.57
5.40511e+06 3.38368e+06 -160280 1550.29
5.42282e+06 3.35783e+06 -134336 2198.56
5.40562e+06 3.384e+06 -134302 1922.52
5.38843e+06 3.41018e+06 -160256 1272.13
5.37163e+06 3.43659e+06 -160227 988.047
5.38894e+06 3.4105e+06 -134281 1764.44
5.37213e+06 3.43692e+06 -134257 1401.48
5.42323e+06 3.35808e+06 -108349 2343.37
5.40604e+06 3.38427e+06 -108322 2160.09
5.42358e+06 3.3583e+06 -82360.2 2392.34
5.40637e+06 3.38447e+06 -82339 2331.85
5.38936e+06 3.41077e+06 -108305 2058.41
5.37255e+06 3.43719e+06 -108285 1792.06
5.38969e+06 3.41098e+06 -82325.7 2203.78
5.37288e+06 3.4374e+06 -82310.4 2032.77
5.35212e+06 3.46125e+06 -264043 32.7063
5.33506e+06 3.48749e+06 -263985 46.2788
5.35299e+06 3.46182e+06 -238088 395.219
5.33593e+06 3.48806e+06 -238036 350.83
5.31786e+06 3.51363e+06 -263920 137.75
5.30123e+06 3.54014e+06 -263883 659.186
5.3187e+06 3.51419e+06 -237976 741.129
5.30215e+06 3.54076e+06 -237945 827.215
5.35377e+06 3.46232e+06 -212132 381.116
5.33671e+06 3.48857e+06 -212085 385.758
5.35409e+06 3.46254e+06 -186157 618.672
5.33703e+06 3.48878e+06 -186116 689.596
5.31982e+06 3.51493e+06 -212044 754.751
5.30332e+06 3.54154e+06 -212020 1142.79
5.32019e+06 3.51517e+06 -186083 830.456
5.30359e+06 3.54172e+06 -186057 1282.35
5.28418e+06 3.56637e+06 -263825 902.022
5.26673e+06 3.59234e+06 -263748 973.913
5.28506e+06 3.56697e+06 -237892 1126.28
5.26749e+06 3.59286e+06 -237817 1111.19
5.24921e+06 3.61826e+06 -263667 929.254
5.2163e+06 3.65249e+06 -263237 857.811
5.24993e+06 3.61875e+06 -237742 1062.39
5.21703e+06 3.65301e+06 -237357 995.717
5.28596e+06 3.56757e+06 -211960 1293.58
5.26836e+06 3.59345e+06 -211891 1266.24
5.28652e+06 3.56795e+06 -186014 1396.39
5.26899e+06 3.59388e+06 -185956 1346.45
5.25082e+06 3.61937e+06 -211825 1217.79
5.21776e+06 3.65351e+06 -211477 1116.77
5.25146e+06 3.61981e+06 -185898 1277.15
5.21832e+06 3.65391e+06 -185589 1206.05
5.35469e+06 3.46292e+06 -160195 818.908
5.33762e+06 3.48917e+06 -160159 840.654
5.3552e+06 3.46325e+06 -134230 1065.15
5.33813e+06 3.4895e+06 -134201 962.103
5.32043e+06 3.51533e+06 -160120 1112.24
5.30379e+06 3.54186e+06 -160098 1387.08
5.32094e+06 3.51566e+06 -134169 1231.52
5.30396e+06 3.54197e+06 -134143 1465.44
5.35561e+06 3.46352e+06 -108263 1387.89
5.33855e+06 3.48977e+06 -108239 1155.64
5.35594e+06 3.46374e+06 -82293.3 1690.52
5.33887e+06 3.48999e+06 -82274.5 1400.36
5.32135e+06 3.51594e+06 -108213 1330.04
5.30403e+06 3.54202e+06 -108184 1663.69
5.32168e+06 3.51615e+06 -82253.7 1537.46
5.30435e+06 3.54223e+06 -82230.9 1779.93
5.28699e+06 3.56828e+06 -160069 1542.53
5.26955e+06 3.59427e+06 -160019 1464.3
5.28719e+06 3.56842e+06 -134120 1618.07
5.27014e+06 3.59468e+06 -134086 1562.77
5.25216e+06 3.62029e+06 -159971 1441.78
5.21886e+06 3.65429e+06 -159701 1337.24
5.25286e+06 3.62078e+06 -134047 1446.77
5.21956e+06 3.65478e+06 -133818 1417.1
5.28693e+06 3.56824e+06 -108159 1573.62
5.27014e+06 3.59468e+06 -108138 1592.71
5.28745e+06 3.5686e+06 -82212.7 1752.12
5.27065e+06 3.59504e+06 -82197 1767.92
5.2532e+06 3.62102e+06 -108112 1505.72
5.22022e+06 3.65524e+06 -107934 1469.05
5.25345e+06 3.62119e+06 -82176.4 1484.27
5.22071e+06 3.65558e+06 -82046.7 1448.43
5.48985e+06 3.25201e+06 -56398.6 2174.17
5.4736e+06 3.27878e+06 -56393.5 2476.88
5.48997e+06 3.25208e+06 -30392.3 1850.26
5.47376e+06 3.27887e+06 -30388.2 2284.27
5.45736e+06 3.30555e+06 -56388.3 2562.47
5.44103e+06 3.33227e+06 -56382.3 2481.65
5.45752e+06 3.30565e+06 -30384.4 2484.98
5.44118e+06 3.33237e+06 -30380 2442.04
5.4898e+06 3.25197e+06 -4384.8 1489.85
5.47376e+06 3.27887e+06 -4382.29 2000.49
5.48973e+06 3.25193e+06 21622.3 1167.69
5.47373e+06 3.27886e+06 21624.2 1677.32
5.45756e+06 3.30568e+06 -4379.72 2288.53
5.44122e+06 3.33239e+06 -4377.1 2355.22
5.45751e+06 3.30565e+06 21625.1 2049.69
5.44118e+06 3.33237e+06 21625.6 2185.18
5.42419e+06 3.35868e+06 -56370.1 2531.77
5.40693e+06 3.38482e+06 -56354.2 2314.79
5.42466e+06 3.35898e+06 -30374.2 2491.9
5.40739e+06 3.38511e+06 -30363.7 2326.9
5.38993e+06 3.41113e+06 -56341.7 2270.89
5.37312e+06 3.43755e+06 -56330.4 2148.18
5.39008e+06 3.41123e+06 -30353 2320.34
5.37327e+06 3.43765e+06 -30345.1 2185.21
5.42472e+06 3.35901e+06 -4373.55 2360.4
5.40779e+06 3.38537e+06 -4368.11 2341.34
5.4247e+06 3.35901e+06 21626.1 2205.17
5.40812e+06 3.38559e+06 21626.8 2193.09
5.39078e+06 3.41167e+06 -4363.12 2240.18
5.37364e+06 3.43789e+06 -4359.99 2186.29
5.39143e+06 3.41209e+06 21626.5 2215.18
5.37426e+06 3.43829e+06 21624.5 2091.12
5.48969e+06 3.2519e+06 47631.1 952.76
5.47367e+06 3.27882e+06 47631.8 1483.44
5.48948e+06 3.25178e+06 73640 873.278
5.47344e+06 3.27868e+06 73639.1 1313.87
5.45749e+06 3.30564e+06 47631.3 1830.43
5.44113e+06 3.33235e+06 47629 1979.49
5.45734e+06 3.30555e+06 73637.4 1651.96
5.44092e+06 3.33222e+06 73631.1 1807.71
5.48878e+06 3.25136e+06 99640.4 997.669
5.47296e+06 3.27839e+06 99642.8 1316.23
5.48801e+06 3.25091e+06 125642 1072.43
5.47244e+06 3.27808e+06 125648 1294.71
5.45685e+06 3.30525e+06 99639.2 1503.01
5.44045e+06 3.33193e+06 99630.1 1653.42
5.45628e+06 3.30491e+06 125640 1413.92
5.43995e+06 3.33163e+06 125628 1512
5.42462e+06 3.35896e+06 47625.2 2041.65
5.40803e+06 3.38553e+06 47620.5 2078.67
5.42447e+06 3.35887e+06 73624.5 1859.8
5.40785e+06 3.38542e+06 73615.1 1950.34
5.39131e+06 3.41202e+06 47614.9 2046.8
5.37446e+06 3.43842e+06 47608.2 2017.65
5.391e+06 3.41182e+06 73602.3 1966.81
5.37417e+06 3.43824e+06 73590.1 1954.27
5.42404e+06 3.35861e+06 99620.2 1732.03
5.40745e+06 3.38517e+06 99606.7 1786.1
5.42348e+06 3.35827e+06 125613 1605.6
5.40691e+06 3.38484e+06 125596 1680.13
5.39063e+06 3.41159e+06 99589.1 1830.82
5.37379e+06 3.438e+06 99570.9 1845.18
5.39024e+06 3.41135e+06 125575 1710.84
5.3734e+06 3.43775e+06 125551 1727.21
5.35618e+06 3.46389e+06 -56318.2 1918.47
5.33911e+06 3.49014e+06 -56305.1 1659.46
5.35633e+06 3.46399e+06 -30337.9 2039.69
5.33926e+06 3.49024e+06 -30331.3 1922.23
5.32191e+06 3.51631e+06 -56290.6 1757.25
5.30459e+06 3.54239e+06 -56274.7 1865.78
5.32206e+06 3.51641e+06 -30324.1 1911.79
5.30474e+06 3.54249e+06 -30316 1901.85
5.35669e+06 3.46423e+06 -4358.59 2060.44
5.33993e+06 3.49068e+06 -4358.9 2024.68
5.35734e+06 3.46465e+06 21620.4 2171.76
5.34026e+06 3.49089e+06 21611.4 1972.88
5.32243e+06 3.51665e+06 -4359.31 2002.55
5.3048e+06 3.54253e+06 -4358.81 1925.89
5.32271e+06 3.51683e+06 21603.4 1964.99
5.3054e+06 3.54293e+06 21598.2 1935.13
5.28768e+06 3.56876e+06 -56265 1653.63
5.27051e+06 3.59494e+06 -56252.4 1629.62
5.28761e+06 3.5687e+06 -30309.1 1761.04
5.27035e+06 3.59483e+06 -30302.1 1800.39
5.25311e+06 3.62096e+06 -56235.5 1530.95
5.22071e+06 3.65558e+06 -56153.7 1432.26
5.25271e+06 3.62068e+06 -30295.6 1383.53
5.22028e+06 3.65528e+06 -30256.3 1359.03
5.28799e+06 3.56896e+06 -4359.66 1837.8
5.27114e+06 3.59536e+06 -4361.67 1721.77
5.28833e+06 3.56919e+06 21590.7 1797.25
5.27119e+06 3.59539e+06 21581.7 1614.73
5.25329e+06 3.62108e+06 -4361.07 1670.11
5.22051e+06 3.65544e+06 -4360.07 1497.7
5.25373e+06 3.62138e+06 21572.8 1479.32
5.22102e+06 3.6558e+06 21534.2 1356.99
5.35752e+06 3.46476e+06 47598.9 1986.63
5.34015e+06 3.49082e+06 47585 2002.97
5.35719e+06 3.46455e+06 73574.7 1929.83
5.34016e+06 3.49083e+06 73557.4 1932.3
5.3229e+06 3.51696e+06 47570.7 1977.57
5.30587e+06 3.54324e+06 47556.5 1869.03
5.32298e+06 3.51701e+06 73537.3 1896.49
5.30562e+06 3.54307e+06 73514 1823.91
5.35684e+06 3.46433e+06 99549.8 1837.4
5.33982e+06 3.49061e+06 99526.1 1850.92
5.35645e+06 3.46407e+06 125524 1732.09
5.3394e+06 3.49034e+06 125494 1753.31
5.32262e+06 3.51678e+06 99499.2 1832.45
5.30531e+06 3.54287e+06 99470.2 1784.36
5.32219e+06 3.51649e+06 125461 1745.86
5.30488e+06 3.54258e+06 125425 1704.85
5.28848e+06 3.56928e+06 47540.4 1764.26
5.27102e+06 3.59527e+06 47524.4 1637.57
5.2882e+06 3.56909e+06 73490.2 1738.24
5.27085e+06 3.59516e+06 73468.2 1608.93
5.25352e+06 3.62124e+06 47507.8 1521.94
5.22086e+06 3.65569e+06 47426.9 1420.04
5.2535e+06 3.62122e+06 73445.7 1563.61
5.22049e+06 3.65542e+06 73319.5 1571.53
5.28792e+06 3.5689e+06 99440.4 1701.92
5.27097e+06 3.59524e+06 99420.4 1538.07
5.2875e+06 3.56862e+06 125388 1666.22
5.27107e+06 3.59531e+06 125375 1388.91
5.25406e+06 3.6216e+06 99400.1 1736.43
5.22023e+06 3.65525e+06 99214.1 1736.73
5.25435e+06 3.6218e+06 125353 1924.54
5.21996e+06 3.65506e+06 125108 1660.36
5.72508e+06 2.80973e+06 151232 1532.8
5.71121e+06 2.83779e+06 151284 1592.74
5.72444e+06 2.80941e+06 177149 1195.53
5.71056e+06 2.83747e+06 177211 1269.89
5.69719e+06 2.86579e+06 151333 1668.74
5.68315e+06 2.89377e+06 151380 1733.17
5.69657e+06 2.86547e+06 177268 1342.35
5.6825e+06 2.89344e+06 177324 1441.84
5.72367e+06 2.80903e+06 203061 919.824
5.70984e+06 2.83711e+06 203134 968.639
5.72295e+06 2.80868e+06 228975 617.517
5.70913e+06 2.83676e+06 229058 686.327
5.69585e+06 2.86511e+06 203201 1050.99
5.68175e+06 2.89306e+06 203264 1120.61
5.69513e+06 2.86475e+06 229133 815.19
5.68105e+06 2.8927e+06 229205 876.252
5.66891e+06 2.92165e+06 151423 1824.65
5.65454e+06 2.94947e+06 151461 1911.06
5.66825e+06 2.92131e+06 177374 1494.31
5.65387e+06 2.94912e+06 177420 1587.53
5.64007e+06 2.97723e+06 151498 1953.95
5.6254e+06 3.00489e+06 151529 1995.3
5.63947e+06 2.97691e+06 177465 1707.99
5.62493e+06 3.00464e+06 177506 1825.56
5.66762e+06 2.92099e+06 203326 1211.7
5.6534e+06 2.94887e+06 203385 1287.73
5.667e+06 2.92067e+06 229279 1028.45
5.65276e+06 2.94853e+06 229344 1171.59
5.63891e+06 2.97662e+06 203434 1446.05
5.6243e+06 3.0043e+06 203478 1621.31
5.63822e+06 2.97625e+06 229397 1320.22
5.62359e+06 3.00391e+06 229447 1515.13
5.72224e+06 2.80833e+06 254889 464.323
5.70842e+06 2.8364e+06 254981 532.237
5.7213e+06 2.80787e+06 280794 349.769
5.70748e+06 2.83594e+06 280896 420.023
5.69432e+06 2.86434e+06 255061 626.469
5.68025e+06 2.89229e+06 255142 754.934
5.69345e+06 2.8639e+06 280987 498.895
5.67936e+06 2.89183e+06 281076 619.496
5.7202e+06 2.80733e+06 306691 228.644
5.70639e+06 2.83539e+06 306803 308.385
5.71905e+06 2.80676e+06 332585 135.906
5.70523e+06 2.83482e+06 332706 215.889
5.69245e+06 2.8634e+06 306908 412.729
5.67833e+06 2.89131e+06 307003 536.429
5.69127e+06 2.8628e+06 332819 332.474
5.67714e+06 2.8907e+06 332921 447.876
5.66618e+06 2.92024e+06 255223 872.271
5.65181e+06 2.94804e+06 255291 1036.14
5.6652e+06 2.91973e+06 281160 770.18
5.65083e+06 2.94752e+06 281235 940.861
5.63731e+06 2.97577e+06 255352 1217.83
5.62268e+06 3.00343e+06 255407 1436.32
5.63632e+06 2.97524e+06 281303 1154.38
5.62169e+06 3.0029e+06 281364 1398.18
5.66411e+06 2.91917e+06 307092 683.614
5.64974e+06 2.94696e+06 307174 877.637
5.66291e+06 2.91855e+06 333018 621.337
5.64855e+06 2.94633e+06 333107 810.221
5.63524e+06 2.97467e+06 307248 1109.04
5.62063e+06 3.00233e+06 307317 1377.84
5.63403e+06 2.97403e+06 333187 1054.84
5.61942e+06 3.00168e+06 333261 1345.92
5.61071e+06 3.03254e+06 151559 2091.26
5.5959e+06 3.06013e+06 151586 2149.12
5.61024e+06 3.03228e+06 177542 1937.15
5.59536e+06 3.05983e+06 177572 2037.34
5.58086e+06 3.08759e+06 151607 2109.21
5.56568e+06 3.11497e+06 151624 1968.33
5.58031e+06 3.08728e+06 177596 2095.8
5.56514e+06 3.11466e+06 177617 1989.7
5.60966e+06 3.03197e+06 203522 1798.19
5.59477e+06 3.0595e+06 203557 1987.77
5.6089e+06 3.03155e+06 229495 1747.71
5.59402e+06 3.05909e+06 229535 1970.3
5.57966e+06 3.08692e+06 203583 2063.29
5.5645e+06 3.1143e+06 203608 2082.31
5.57892e+06 3.08651e+06 229566 2115.81
5.56375e+06 3.11388e+06 229594 2147.74
5.55035e+06 3.14227e+06 151637 1747.63
5.53494e+06 3.16953e+06 151648 1417.84
5.54983e+06 3.14197e+06 177634 1844.36
5.53442e+06 3.16923e+06 177649 1645.03
5.51974e+06 3.1969e+06 151665 1247.63
5.50363e+06 3.22375e+06 151658 1127.5
5.51914e+06 3.19655e+06 177668 1454.58
5.50346e+06 3.22365e+06 177676 1430
5.54928e+06 3.14166e+06 203631 1928.69
5.53391e+06 3.16893e+06 203649 1809.89
5.5486e+06 3.14127e+06 229623 2075.7
5.53318e+06 3.16851e+06 229641 1930.98
5.51864e+06 3.19627e+06 203672 1576.58
5.50337e+06 3.2236e+06 203694 1417.64
5.51783e+06 3.19579e+06 229662 1780.94
5.50255e+06 3.22311e+06 229686 1632.41
5.60792e+06 3.03102e+06 255457 1698.04
5.59302e+06 3.05854e+06 255501 1972.78
5.60692e+06 3.03048e+06 281418 1690.16
5.59201e+06 3.05799e+06 281467 1997.59
5.57803e+06 3.08601e+06 255541 2178.57
5.56291e+06 3.11341e+06 255575 2261.31
5.577e+06 3.08544e+06 281509 2229.69
5.56191e+06 3.11285e+06 281548 2353.8
5.60586e+06 3.02991e+06 307377 1682.71
5.59096e+06 3.05741e+06 307429 2006.9
5.60467e+06 3.02925e+06 333327 1659.72
5.58975e+06 3.05674e+06 333383 2022.27
5.57589e+06 3.08482e+06 307472 2272.42
5.56078e+06 3.11221e+06 307514 2449.04
5.57473e+06 3.08418e+06 333433 2307.94
5.55962e+06 3.11156e+06 333478 2512.53
5.54773e+06 3.14078e+06 255606 2203.15
5.53235e+06 3.16803e+06 255628 2097.58
5.54675e+06 3.14022e+06 281583 2359.65
5.53143e+06 3.1675e+06 281609 2281.82
5.5169e+06 3.19525e+06 255646 1933.91
5.50148e+06 3.22249e+06 255665 1789.28
5.51591e+06 3.19467e+06 281625 2171.57
5.50029e+06 3.22178e+06 281636 2016.43
5.54561e+06 3.13957e+06 307551 2485.19
5.53026e+06 3.16683e+06 307578 2441.24
5.54435e+06 3.13886e+06 333512 2585.29
5.52892e+06 3.16606e+06 333537 2573.16
5.51472e+06 3.19398e+06 307594 2312.7
5.49902e+06 3.22103e+06 307602 2214.35
5.51336e+06 3.19319e+06 333554 2521.55
5.49772e+06 3.22027e+06 333567 2430.24
5.7178e+06 2.80615e+06 358473 67.5656
5.70396e+06 2.83419e+06 358602 149.738
5.71642e+06 2.80547e+06 384353 19.707
5.70257e+06 2.8335e+06 384491 98.1246
5.68997e+06 2.86215e+06 358722 257.36
5.67587e+06 2.89006e+06 358835 382.764
5.68859e+06 2.86145e+06 384620 209.241
5.67449e+06 2.88935e+06 384741 341.062
5.71493e+06 2.80474e+06 410225 -33.9032
5.7011e+06 2.83277e+06 410374 51.2943
5.71338e+06 2.80398e+06 436092 -87.7241
5.69956e+06 2.832e+06 436251 -8.59621
5.68713e+06 2.86072e+06 410511 153.466
5.67302e+06 2.8886e+06 410640 281.199
5.68559e+06 2.85994e+06 436398 93.6707
5.67149e+06 2.88782e+06 436535 224.462
5.66164e+06 2.9179e+06 358939 532.54
5.64727e+06 2.94566e+06 359034 747.575
5.66029e+06 2.91719e+06 384854 491.018
5.64592e+06 2.94495e+06 384956 687.406
5.63274e+06 2.97335e+06 359120 972.391
5.6181e+06 3.00097e+06 359198 1279.61
5.63138e+06 2.97263e+06 385047 925.75
5.61672e+06 3.00023e+06 385129 1202.71
5.6588e+06 2.91643e+06 410760 429.346
5.64444e+06 2.94418e+06 410870 609.07
5.65726e+06 2.91563e+06 436661 348.851
5.64289e+06 2.94337e+06 436777 542.698
5.62992e+06 2.97185e+06 410968 825.636
5.61525e+06 2.99945e+06 411055 1108.73
5.62839e+06 2.97104e+06 436883 747.055
5.61374e+06 2.99863e+06 436977 1016.23
5.71175e+06 2.80318e+06 461954 -134.422
5.69793e+06 2.83119e+06 462121 -47.8208
5.71002e+06 2.80233e+06 487807 -187.314
5.69618e+06 2.83032e+06 487983 -99.7045
5.68396e+06 2.85912e+06 462277 56.1637
5.66986e+06 2.88699e+06 462422 178.691
5.68221e+06 2.85824e+06 488147 12.6664
5.66813e+06 2.8861e+06 488301 109.967
5.7082e+06 2.80144e+06 513653 -235.4
5.69436e+06 2.82941e+06 513838 -144.169
5.70627e+06 2.80049e+06 539488 -276.178
5.69243e+06 2.82845e+06 539683 -195.595
5.68038e+06 2.85732e+06 514010 -43.2762
5.6663e+06 2.88517e+06 514172 77.725
5.67846e+06 2.85635e+06 539864 -79.2065
5.66436e+06 2.88418e+06 540033 30.2041
5.65563e+06 2.91479e+06 462556 304.392
5.64127e+06 2.94253e+06 462680 470.737
5.6539e+06 2.9139e+06 488444 263.121
5.63957e+06 2.94163e+06 488576 414.578
5.62677e+06 2.97019e+06 462792 677.262
5.61213e+06 2.99778e+06 462893 935.149
5.62508e+06 2.96929e+06 488695 619.032
5.6104e+06 2.99685e+06 488798 854.319
5.65208e+06 2.91296e+06 514323 202.117
5.63774e+06 2.94068e+06 514462 372.357
5.65017e+06 2.91197e+06 540193 169.635
5.63581e+06 2.93967e+06 540338 321.179
5.62323e+06 2.96831e+06 514585 556.072
5.60851e+06 2.99584e+06 514690 780.147
5.62125e+06 2.96726e+06 540462 505.174
5.60654e+06 2.99478e+06 540573 738.904
5.60335e+06 3.02854e+06 359269 1605.29
5.58844e+06 3.05603e+06 359330 1979.32
5.60194e+06 3.02778e+06 385203 1551.07
5.58703e+06 3.05525e+06 385268 1936.22
5.57344e+06 3.08346e+06 359385 2308.45
5.5583e+06 3.11082e+06 359430 2553.2
5.572e+06 3.08266e+06 385325 2285.64
5.55683e+06 3.10999e+06 385372 2553.13
5.60048e+06 3.02699e+06 411135 1456.94
5.58557e+06 3.05445e+06 411204 1844.72
5.59897e+06 3.02617e+06 437062 1359.32
5.58407e+06 3.05362e+06 437136 1755.25
5.57052e+06 3.08184e+06 411263 2232.46
5.55537e+06 3.10917e+06 411314 2531.95
5.56902e+06 3.081e+06 437199 2143.06
5.55386e+06 3.10832e+06 437253 2468.45
5.543e+06 3.13809e+06 359466 2646.86
5.52756e+06 3.16528e+06 359493 2703.25
5.54155e+06 3.13726e+06 385411 2727.09
5.52615e+06 3.16446e+06 385442 2790.58
5.51206e+06 3.19243e+06 359515 2656.73
5.49651e+06 3.21955e+06 359534 2592.69
5.51067e+06 3.19162e+06 385467 2791.83
5.49519e+06 3.21878e+06 385493 2736.41
5.54007e+06 3.13642e+06 411355 2722.91
5.52465e+06 3.1636e+06 411386 2832.7
5.53856e+06 3.13556e+06 437296 2705.87
5.52316e+06 3.16274e+06 437331 2848.09
5.50916e+06 3.19074e+06 411412 2864.34
5.49367e+06 3.21789e+06 411438 2823.26
5.50764e+06 3.18986e+06 437356 2901.62
5.492e+06 3.2169e+06 437371 2904.29
5.59737e+06 3.0253e+06 462983 1265.15
5.58246e+06 3.05274e+06 463061 1643.18
5.59561e+06 3.02435e+06 488891 1189.42
5.58075e+06 3.05181e+06 488978 1567.12
5.56742e+06 3.08012e+06 463129 2047.51
5.55227e+06 3.10743e+06 463186 2385.99
5.56572e+06 3.07917e+06 489049 1944.37
5.55055e+06 3.10646e+06 489109 2295.38
5.59371e+06 3.02331e+06 514786 1112.23
5.57888e+06 3.05078e+06 514880 1474.59
5.59175e+06 3.02225e+06 540675 1047.52
5.57688e+06 3.04968e+06 540771 1413.5
5.56386e+06 3.07814e+06 514957 1834.01
5.54872e+06 3.10544e+06 515023 2207.32
5.56188e+06 3.07704e+06 540853 1779.8
5.54678e+06 3.10435e+06 540925 2139.91
5.537e+06 3.13467e+06 463234 2658.34
5.52162e+06 3.16186e+06 463273 2830.64
5.53533e+06 3.13372e+06 489164 2591.7
5.51996e+06 3.1609e+06 489206 2795.47
5.50604e+06 3.18893e+06 463295 2911
5.49027e+06 3.21588e+06 463300 2938.88
5.50432e+06 3.18793e+06 489223 2894.12
5.48851e+06 3.21485e+06 489225 2962.21
5.53352e+06 3.13269e+06 515082 2536.13
5.51809e+06 3.15983e+06 515120 2745.82
5.53153e+06 3.13156e+06 540983 2450.76
5.51606e+06 3.15866e+06 541019 2702.2
5.50248e+06 3.18685e+06 515141 2897.8
5.48669e+06 3.21378e+06 515146 2943.3
5.5005e+06 3.18571e+06 541046 2880.78
5.48475e+06 3.21264e+06 541055 2925.43
5.48731e+06 3.25049e+06 151643 1212.7
5.47169e+06 3.27763e+06 151645 1339.79
5.48694e+06 3.25026e+06 177652 1303.1
5.47065e+06 3.277e+06 177630 1315.88
5.45577e+06 3.3046e+06 151641 1384.17
5.43948e+06 3.33134e+06 151627 1463.86
5.45492e+06 3.30407e+06 177629 1413.32
5.43887e+06 3.33096e+06 177620 1488.25
5.48734e+06 3.25049e+06 203687 1576.6
5.47042e+06 3.27685e+06 203643 1373.34
5.48705e+06 3.25031e+06 229699 1494.29
5.4705e+06 3.27689e+06 229668 1716.68
5.45381e+06 3.3034e+06 203608 1474.24
5.43783e+06 3.33031e+06 203597 1508.98
5.45324e+06 3.30304e+06 229605 1583.87
5.43676e+06 3.32966e+06 229572 1599.19
5.42297e+06 3.35795e+06 151606 1533.77
5.40642e+06 3.38453e+06 151585 1598.39
5.42244e+06 3.35761e+06 177598 1525.71
5.40586e+06 3.38417e+06 177573 1566.2
5.38975e+06 3.41103e+06 151560 1637.12
5.37291e+06 3.43744e+06 151531 1636.67
5.38915e+06 3.41065e+06 177543 1589.1
5.37232e+06 3.43705e+06 177509 1579.12
5.42166e+06 3.35713e+06 203582 1567.01
5.40522e+06 3.38377e+06 203559 1562.11
5.42067e+06 3.35651e+06 229559 1568.97
5.40436e+06 3.38323e+06 229537 1602.57
5.38851e+06 3.41024e+06 203524 1566.68
5.37168e+06 3.43664e+06 203485 1539.44
5.38775e+06 3.40975e+06 229502 1541.98
5.37095e+06 3.43616e+06 229459 1497.59
5.4859e+06 3.24963e+06 255675 1712.45
5.46969e+06 3.2764e+06 255656 1743.63
5.48467e+06 3.2489e+06 281646 1933.48
5.46841e+06 3.27563e+06 281622 1917.04
5.45268e+06 3.30269e+06 255599 1719.22
5.43594e+06 3.32915e+06 255555 1687.78
5.45154e+06 3.302e+06 281567 1860.81
5.43508e+06 3.32861e+06 281535 1774.64
5.48337e+06 3.24812e+06 307612 2128.95
5.46713e+06 3.27486e+06 307588 2137.09
5.48209e+06 3.24736e+06 333578 2333.69
5.46591e+06 3.27413e+06 333556 2302.77
5.45035e+06 3.30127e+06 307533 2006.29
5.43409e+06 3.328e+06 307508 1875.9
5.44923e+06 3.30059e+06 333502 2155.57
5.43297e+06 3.32731e+06 333475 1970.78
5.41973e+06 3.35592e+06 255535 1640.46
5.40341e+06 3.38263e+06 255510 1592.34
5.41886e+06 3.35537e+06 281513 1743.65
5.40253e+06 3.38207e+06 281485 1615.8
5.38687e+06 3.40919e+06 255474 1543.24
5.37012e+06 3.43563e+06 255428 1441.67
5.38599e+06 3.40863e+06 281446 1545.62
5.36921e+06 3.43504e+06 281394 1400.34
5.41799e+06 3.35483e+06 307492 1776.7
5.40157e+06 3.38146e+06 307456 1648.77
5.4169e+06 3.35414e+06 333458 1832.2
5.4004e+06 3.38072e+06 333415 1682.06
5.38496e+06 3.40797e+06 307409 1534.22
5.36815e+06 3.43435e+06 307351 1344.16
5.38368e+06 3.40715e+06 333358 1561
5.36689e+06 3.43354e+06 333297 1346.37
5.35594e+06 3.46375e+06 151498 1650.59
5.33889e+06 3.49e+06 151462 1660.66
5.35538e+06 3.46337e+06 177471 1589.12
5.33832e+06 3.48962e+06 177430 1593.75
5.32172e+06 3.51618e+06 151423 1665.55
5.30444e+06 3.54228e+06 151381 1625.69
5.32118e+06 3.51581e+06 177386 1600.93
5.3039e+06 3.54192e+06 177337 1573.89
5.35474e+06 3.46296e+06 203442 1514.03
5.33769e+06 3.48921e+06 203396 1519.83
5.35402e+06 3.46248e+06 229411 1423.9
5.337e+06 3.48875e+06 229360 1330.96
5.32055e+06 3.5154e+06 203346 1495.31
5.30323e+06 3.54147e+06 203288 1502.57
5.31984e+06 3.51493e+06 229302 1325.23
5.30249e+06 3.54097e+06 229237 1375.12
5.28702e+06 3.56829e+06 151334 1606.59
5.27009e+06 3.59464e+06 151299 1376.64
5.28642e+06 3.56789e+06 177281 1538.11
5.26884e+06 3.59378e+06 177219 1470.42
5.25284e+06 3.62076e+06 151256 1617.59
5.21917e+06 3.6545e+06 150988 1414.83
5.2515e+06 3.61984e+06 177168 1328.32
5.23383e+06 3.64567e+06 177107 1301.43
5.28575e+06 3.56743e+06 203225 1477.75
5.26821e+06 3.59335e+06 203159 1433.87
5.28506e+06 3.56696e+06 229168 1368.02
5.26756e+06 3.5929e+06 229096 1534.72
5.25093e+06 3.61944e+06 203102 1352.89
5.23324e+06 3.64526e+06 203030 1356.02
5.25008e+06 3.61885e+06 229024 1338.18
5.21691e+06 3.65292e+06 228638 1311.33
5.3532e+06 3.46195e+06 255375 1267.32
5.33616e+06 3.4882e+06 255317 1006.9
5.35226e+06 3.46134e+06 281334 1079.04
5.33521e+06 3.48757e+06 281270 672.931
5.31899e+06 3.51436e+06 255253 935.068
5.30167e+06 3.54042e+06 255182 1043.75
5.31821e+06 3.51384e+06 281209 511.241
5.30098e+06 3.53996e+06 281135 592.033
5.35121e+06 3.46065e+06 307287 968.258
5.33419e+06 3.4869e+06 307219 506.415
5.35006e+06 3.4599e+06 333234 964.525
5.33313e+06 3.48621e+06 333166 453.885
5.31723e+06 3.51319e+06 307154 262.523
5.30005e+06 3.53934e+06 307076 289.723
5.31602e+06 3.51239e+06 333085 259.042
5.29881e+06 3.53851e+06 332998 212.88
5.28427e+06 3.56643e+06 255107 1154.17
5.2668e+06 3.59238e+06 255028 1258.66
5.28342e+06 3.56585e+06 281044 765.146
5.26591e+06 3.59177e+06 280955 990.806
5.24934e+06 3.61835e+06 254950 1290.59
5.21608e+06 3.65234e+06 254514 1314.42
5.24846e+06 3.61773e+06 280869 1188.72
5.23053e+06 3.64336e+06 280756 1336.64
5.28252e+06 3.56525e+06 306978 380.791
5.26499e+06 3.59115e+06 306880 630.662
5.28152e+06 3.56457e+06 332906 268.374
5.26407e+06 3.59052e+06 332804 488.076
5.24736e+06 3.61698e+06 306776 989.823
5.2292e+06 3.64244e+06 306641 1206.84
5.24614e+06 3.61614e+06 332672 894.871
5.2284e+06 3.64188e+06 332553 1343.97
5.48083e+06 3.24661e+06 359544 2515.29
5.46468e+06 3.27339e+06 359522 2448.33
5.47952e+06 3.24583e+06 385505 2662.84
5.46339e+06 3.27261e+06 385482 2603.24
5.4481e+06 3.2999e+06 359471 2306.52
5.43168e+06 3.32651e+06 359429 2062.66
5.44691e+06 3.29918e+06 385435 2452.99
5.43042e+06 3.32573e+06 385387 2204.2
5.478e+06 3.24492e+06 411449 2799.53
5.46192e+06 3.27172e+06 411431 2685.83
5.47622e+06 3.24387e+06 437375 2849.25
5.46028e+06 3.27074e+06 437367 2820.59
5.44554e+06 3.29834e+06 411388 2565.23
5.42919e+06 3.32498e+06 411348 2321.68
5.444e+06 3.2974e+06 437330 2673.13
5.42756e+06 3.32397e+06 437280 2465.82
5.4154e+06 3.35321e+06 359398 1893.91
5.39892e+06 3.37979e+06 359354 1687.68
5.41396e+06 3.35231e+06 385342 1992.19
5.39742e+06 3.37884e+06 385290 1776.28
5.38229e+06 3.40627e+06 359300 1561.47
5.36562e+06 3.43272e+06 359244 1369.78
5.38087e+06 3.40536e+06 385238 1609.17
5.36437e+06 3.43192e+06 385191 1465.21
5.41271e+06 3.35154e+06 411299 2166.49
5.39603e+06 3.37797e+06 411235 1872.96
5.41114e+06 3.35056e+06 437233 2149.33
5.39464e+06 3.37709e+06 437180 2038.59
5.37946e+06 3.40447e+06 411178 1714.52
5.36302e+06 3.43105e+06 411131 1474.8
5.37815e+06 3.40363e+06 437126 1805.4
5.36156e+06 3.43011e+06 437065 1658.75
5.47443e+06 3.24281e+06 463299 2930.35
5.45859e+06 3.26972e+06 463298 2879.64
5.47269e+06 3.24177e+06 489226 2956.56
5.45682e+06 3.26865e+06 489223 2932.27
5.44233e+06 3.29639e+06 463262 2751.41
5.42576e+06 3.32287e+06 463199 2555.82
5.44054e+06 3.2953e+06 489183 2849.46
5.42405e+06 3.32182e+06 489124 2673.58
5.47087e+06 3.24069e+06 515147 2970.6
5.45501e+06 3.26757e+06 515145 2947.85
5.46889e+06 3.23951e+06 541051 2974.2
5.45299e+06 3.26635e+06 541044 2940.72
5.43871e+06 3.29419e+06 515100 2886.9
5.4222e+06 3.32068e+06 515035 2759.05
5.43673e+06 3.29299e+06 541002 2916.41
5.42027e+06 3.31949e+06 540940 2813.12
5.40944e+06 3.3495e+06 463157 2344.01
5.39314e+06 3.37614e+06 463116 2116.49
5.4078e+06 3.34848e+06 489087 2473.59
5.3914e+06 3.37505e+06 489034 2321
5.37672e+06 3.40272e+06 463066 1963.91
5.3599e+06 3.42904e+06 462981 1774.1
5.37479e+06 3.40149e+06 488963 2096.87
5.35794e+06 3.42778e+06 488870 1976.28
5.40593e+06 3.34731e+06 514993 2596.47
5.38947e+06 3.37384e+06 514933 2466.11
5.4039e+06 3.34606e+06 540886 2685.61
5.38744e+06 3.37256e+06 540823 2545.92
5.37272e+06 3.40018e+06 514846 2305.62
5.35605e+06 3.42656e+06 514765 2164.66
5.37082e+06 3.39897e+06 540744 2412.56
5.35417e+06 3.42536e+06 540662 2300.85
5.34884e+06 3.45911e+06 359179 1040.64
5.33193e+06 3.48542e+06 359105 562.216
5.3476e+06 3.4583e+06 385123 1249.39
5.33057e+06 3.48452e+06 385035 939.041
5.31505e+06 3.51174e+06 359034 335.955
5.29787e+06 3.53787e+06 358942 288.08
5.31392e+06 3.51099e+06 384975 609.91
5.29685e+06 3.53719e+06 384885 704.609
5.34638e+06 3.45751e+06 411070 1372.51
5.32924e+06 3.48365e+06 410968 1231.25
5.34476e+06 3.45645e+06 436984 1801.13
5.32762e+06 3.48258e+06 436875 1382.02
5.31226e+06 3.50989e+06 410877 1135.56
5.29525e+06 3.53611e+06 410786 1114.79
5.3105e+06 3.50872e+06 436769 1490.33
5.29355e+06 3.53497e+06 436676 1442.04
5.28045e+06 3.56384e+06 358833 394.758
5.26288e+06 3.5897e+06 358713 650.153
5.27936e+06 3.5631e+06 384763 775.004
5.26162e+06 3.58884e+06 384621 1123.65
5.24473e+06 3.61516e+06 358553 997.445
5.22712e+06 3.64099e+06 358429 1391.41
5.24328e+06 3.61415e+06 384433 1332.14
5.22528e+06 3.6397e+06 384270 1609.13
5.27802e+06 3.56218e+06 410675 1408.24
5.2602e+06 3.58786e+06 410517 1422.21
5.27625e+06 3.56098e+06 436552 1623.94
5.25839e+06 3.58662e+06 436383 1716.29
5.24178e+06 3.61312e+06 410311 1648.34
5.22379e+06 3.63866e+06 410139 1849.75
5.24025e+06 3.61205e+06 436190 1986.74
5.22221e+06 3.63756e+06 436005 2033.78
5.34277e+06 3.45516e+06 462867 1592.49
5.32584e+06 3.48141e+06 462771 1791.52
5.34093e+06 3.45396e+06 488762 1901.06
5.32408e+06 3.48026e+06 488668 1840.3
5.30931e+06 3.50793e+06 462710 1720.55
5.29231e+06 3.53414e+06 462607 1817.21
5.30757e+06 3.50677e+06 488604 1859.67
5.29049e+06 3.53291e+06 488488 1904.24
5.33921e+06 3.45285e+06 514669 2125.48
5.32219e+06 3.47901e+06 514553 2081.67
5.33733e+06 3.45162e+06 540560 2206.58
5.32029e+06 3.47776e+06 540438 2210.02
5.30522e+06 3.50521e+06 514442 2078.73
5.2881e+06 3.53131e+06 514318 2085.04
5.30323e+06 3.50389e+06 540314 2215.08
5.28603e+06 3.52992e+06 540175 2225.34
5.27436e+06 3.5597e+06 462419 1849.27
5.25647e+06 3.5853e+06 462238 1935.57
5.27251e+06 3.55845e+06 488290 2009.74
5.2546e+06 3.58403e+06 488099 2174.6
5.2386e+06 3.61092e+06 462060 2057.29
5.22062e+06 3.63645e+06 461871 2203.33
5.2368e+06 3.60968e+06 487918 2243.89
5.21897e+06 3.63531e+06 487735 2328.77
5.27059e+06 3.55715e+06 514155 2179.74
5.25283e+06 3.58281e+06 513969 2266.11
5.2686e+06 3.5558e+06 540013 2308.27
5.25097e+06 3.58155e+06 539832 2356.94
5.23506e+06 3.60848e+06 513783 2369.62
5.21726e+06 3.63411e+06 513592 2446.03
5.23325e+06 3.60723e+06 539640 2462.89
5.21547e+06 3.63287e+06 539443 2567.77
