30.6412 -4.24263 -1.16475 1.91042 -0.303002
30.9224 -4.24252 -0.958157 1.55898 -0.388999
30.6412 -4.00906 -1.12839 1.83049 -0.359147
30.9224 -4.00896 -0.948811 1.54553 -0.38563
31.2036 -4.24231 -0.740234 1.14118 -0.380731
31.4848 -4.24199 -0.474536 0.729196 -0.329841
31.2036 -4.00877 -0.756229 1.17497 -0.356147
31.4848 -4.00847 -0.493892 0.76716 -0.313314
30.6412 -3.77549 -1.11161 1.80132 -0.496289
30.9224 -3.77541 -0.976747 1.54302 -0.499831
30.6412 -3.54193 -1.09951 1.77597 -0.730867
30.9224 -3.54186 -0.995275 1.52163 -0.771084
31.2036 -3.77523 -0.767276 1.19603 -0.49833
31.4848 -3.77496 -0.509987 0.76978 -0.502283
31.2036 -3.5417 -0.77049 1.15752 -0.829485
31.4848 -3.54145 -0.524512 0.740717 -0.874684
31.766 -4.24157 -0.223061 0.322404 -0.271678
32.0472 -4.24105 -0.00373088 -0.0287577 -0.233453
31.766 -4.00809 -0.238358 0.351983 -0.275369
32.0472 -4.0076 -0.014133 -0.00965236 -0.240331
32.3285 -4.24042 0.174613 -0.307011 -0.219557
32.6097 -4.2397 0.304782 -0.511719 -0.228261
32.3285 -4.00702 0.170066 -0.29639 -0.209166
32.6097 -4.00634 0.308971 -0.508375 -0.178561
31.766 -3.77461 -0.259549 0.355753 -0.50468
32.0472 -3.77416 -0.0418527 0.00861182 -0.475191
31.766 -3.54113 -0.280505 0.349584 -0.875206
32.0472 -3.54071 -0.0814595 0.0280382 -0.842725
32.3285 -3.77362 0.138127 -0.26899 -0.417927
32.6097 -3.77299 0.278785 -0.477788 -0.345874
32.3285 -3.54021 0.0877527 -0.230597 -0.777481
32.6097 -3.53963 0.227236 -0.429695 -0.691536
30.6413 -3.30837 -1.11177 1.71127 -1.10691
30.9224 -3.30831 -0.993539 1.45961 -1.17419
30.6413 -3.07483 -1.06493 1.66731 -1.57355
30.9224 -3.07477 -0.96267 1.40967 -1.63883
31.2036 -3.30817 -0.753952 1.10339 -1.25132
31.4848 -3.30794 -0.535601 0.710874 -1.29035
31.2036 -3.07463 -0.738858 1.05339 -1.69318
31.4848 -3.07442 -0.53691 0.687277 -1.72067
30.6413 -2.84129 -1.10409 1.58129 -2.11901
30.9224 -2.84123 -0.977142 1.35407 -2.16798
30.6413 -2.60776 -1.05623 1.52121 -2.55018
30.9225 -2.60771 -0.948653 1.34495 -2.59934
31.2036 -2.84111 -0.766484 1.02349 -2.17117
31.4848 -2.84091 -0.562394 0.675368 -2.13889
31.2036 -2.60759 -0.751161 1.05952 -2.5793
31.4848 -2.6074 -0.558902 0.71659 -2.52563
31.766 -3.30764 -0.301646 0.352745 -1.28527
32.0472 -3.30726 -0.1196 0.0505051 -1.24344
31.766 -3.07414 -0.341083 0.358444 -1.69794
32.0472 -3.07379 -0.160456 0.074489 -1.63634
32.3285 -3.3068 0.0326357 -0.186271 -1.17103
32.6097 -3.30627 0.15869 -0.362824 -1.05975
32.3284 -3.07337 -0.0267388 -0.125602 -1.54102
32.6097 -3.07289 0.1356 -0.263149 -1.41118
31.766 -2.84065 -0.356896 0.377839 -2.09257
32.0472 -2.84033 -0.19036 0.143152 -1.99537
31.766 -2.60716 -0.341765 0.461461 -2.41858
32.0472 -2.60685 -0.175109 0.251864 -2.27066
32.3284 -2.83993 -0.0664845 -0.0597866 -1.88202
32.6097 -2.83946 -0.0104756 -0.245632 -1.78629
32.3284 -2.60647 -0.0957682 0.00181316 -2.16551
32.6097 -2.60604 0.0551168 -0.122126 -2.03634
32.8909 -4.23887 0.38412 -0.626896 -0.248049
33.1721 -4.23793 0.408124 -0.663873 -0.274466
32.8909 -4.00556 0.39555 -0.627686 -0.160673
33.1721 -4.00467 0.431578 -0.677399 -0.168063
33.4534 -4.23689 0.395586 -0.637889 -0.313695
33.7346 -4.23575 0.347689 -0.562214 -0.366971
33.4534 -4.00368 0.429685 -0.671962 -0.209485
33.7346 -4.0026 0.38512 -0.607916 -0.285335
32.8909 -3.77225 0.372643 -0.606525 -0.275441
33.1722 -3.77141 0.42672 -0.680359 -0.232848
32.8909 -3.53894 0.31987 -0.561079 -0.600711
33.1722 -3.53815 0.385968 -0.650255 -0.515321
33.4534 -3.77047 0.446162 -0.703639 -0.225576
33.7347 -3.76945 0.424374 -0.668945 -0.271246
33.4534 -3.53727 0.425669 -0.694332 -0.445726
33.7347 -3.53631 0.437536 -0.703108 -0.418844
34.0158 -4.2345 0.26197 -0.441904 -0.430401
34.2971 -4.23316 0.157816 -0.30872 -0.478123
34.0159 -4.00142 0.299034 -0.488307 -0.375733
34.2971 -4.00015 0.191258 -0.334694 -0.46206
34.5783 -4.23171 0.0808064 -0.18187 -0.492876
34.8594 -4.23016 0.00338225 -0.0709213 -0.481782
34.5783 -3.99878 0.0990242 -0.178828 -0.511125
34.8594 -3.99731 0.0181174 -0.0630476 -0.515062
34.0159 -3.76833 0.347889 -0.560534 -0.371066
34.2971 -3.76712 0.226499 -0.392036 -0.473022
34.0159 -3.53526 0.390083 -0.635787 -0.467662
34.2971 -3.53412 0.26255 -0.462558 -0.5683
34.5783 -3.76583 0.100897 -0.215711 -0.54185
34.8594 -3.76444 0.0154298 -0.0806663 -0.578457
34.5783 -3.5329 0.109212 -0.258644 -0.647627
34.8594 -3.53159 -0.00848484 -0.119237 -0.679982
32.891 -3.30562 0.26166 -0.520373 -0.960405
33.1722 -3.30487 0.325883 -0.595961 -0.876493
32.891 -3.07229 0.241997 -0.449103 -1.29912
33.1723 -3.07158 0.27784 -0.539264 -1.2304
33.4535 -3.30405 0.372197 -0.65433 -0.787799
33.7347 -3.30314 0.405624 -0.696439 -0.723337
33.4535 -3.07081 0.318845 -0.60348 -1.15279
33.7347 -3.06997 0.371293 -0.662589 -1.09036
32.891 -2.83891 0.113365 -0.446271 -1.6602
33.1723 -2.83828 0.205195 -0.459763 -1.54318
32.891 -2.60554 0.129357 -0.265419 -1.89802
33.1723 -2.60497 0.225991 -0.374069 -1.81306
33.4535 -2.83758 0.296539 -0.577674 -1.46895
33.7348 -2.8368 0.341374 -0.634264 -1.46607
33.4536 -2.60433 0.302106 -0.523164 -1.76915
33.7348 -2.60362 0.318228 -0.624039 -1.76398
34.0159 -3.30216 0.401016 -0.678793 -0.703704
34.2971 -3.30111 0.295622 -0.528821 -0.748931
34.016 -3.06906 0.385774 -0.676053 -1.05155
34.2971 -3.06808 0.302003 -0.552165 -1.0348
34.5783 -3.29998 0.133303 -0.292811 -0.810682
34.8594 -3.29877 0.0168386 -0.107004 -0.842644
34.5783 -3.06704 0.144873 -0.314413 -1.03037
34.8594 -3.06592 0.013759 -0.111965 -1.02927
34.016 -2.83596 0.346545 -0.649733 -1.42827
34.2971 -2.83506 0.26548 -0.517792 -1.34413
34.016 -2.60285 0.308882 -0.592136 -1.71417
34.2972 -2.60203 0.212405 -0.428015 -1.59653
34.5783 -2.83409 0.120709 -0.298436 -1.26201
34.8594 -2.83306 -0.000761234 -0.115451 -1.2326
34.5783 -2.60115 0.0907417 -0.240595 -1.48158
34.8594 -2.6002 -0.00564942 -0.0921137 -1.42507
