30.6407 3.23041 0.064542 0.00538953 -1.01344
30.9219 3.2303 -0.100823 0.273987 -1.07038
30.6407 3.46394 0.108475 -0.0764681 -0.917385
30.9219 3.46383 -0.0734897 0.23472 -0.99428
31.2032 3.23011 -0.251982 0.503081 -1.08403
31.4845 3.22983 -0.356615 0.712915 -1.03835
31.2032 3.46362 -0.244835 0.505753 -1.03295
31.4844 3.46334 -0.383539 0.718656 -1.02725
30.6406 3.69747 0.167969 -0.164434 -0.793887
30.9219 3.69736 -0.0397725 0.188289 -0.905401
30.6406 3.93101 0.217549 -0.261785 -0.664039
30.9218 3.9309 -0.00586991 0.124371 -0.765712
31.2031 3.69715 -0.22826 0.486127 -0.949357
31.4844 3.69685 -0.369908 0.724813 -0.993217
31.2031 3.93069 -0.199149 0.436622 -0.849442
31.4844 3.93038 -0.317965 0.674488 -0.938433
31.7657 3.22948 -0.408016 0.81428 -0.974542
32.047 3.22905 -0.44776 0.838492 -0.901269
31.7657 3.46297 -0.455326 0.832827 -0.981683
32.047 3.46252 -0.467856 0.85715 -0.962661
32.3283 3.22855 -0.46882 0.846055 -0.823238
32.6096 3.22798 -0.469325 0.825066 -0.838944
32.3283 3.462 -0.460633 0.863547 -0.946623
32.6095 3.46139 -0.431623 0.803903 -0.964121
31.7657 3.69647 -0.446721 0.815316 -0.974602
32.047 3.69601 -0.469438 0.867008 -1.0052
31.7656 3.92998 -0.421209 0.828965 -0.971121
32.0469 3.92949 -0.464451 0.865431 -0.999385
32.3282 3.69545 -0.452622 0.84646 -1.01513
32.6095 3.6948 -0.415748 0.798413 -1.02635
32.3282 3.92891 -0.438151 0.817811 -1.0282
32.6095 3.92822 -0.371796 0.73405 -1.0995
30.6406 4.16457 0.260023 -0.364204 -0.502771
30.9218 4.16446 0.029509 0.0413174 -0.614122
30.6405 4.39814 0.298679 -0.452813 -0.357131
30.9218 4.39802 0.0688435 -0.0420106 -0.448928
31.203 4.16424 -0.167603 0.36883 -0.710805
31.4843 4.16392 -0.325001 0.634725 -0.777442
31.203 4.3978 -0.133765 0.295784 -0.526548
31.4843 4.39747 -0.290128 0.565761 -0.622741
30.6405 4.6317 0.321906 -0.515627 -0.208444
30.9217 4.63159 0.083449 -0.101407 -0.254085
30.6405 4.86528 0.339391 -0.562175 -0.0762259
30.9217 4.86516 0.104742 -0.154396 -0.105336
31.203 4.63136 -0.115154 0.234207 -0.338135
31.4842 4.63101 -0.273801 0.513928 -0.413722
31.203 4.86492 -0.104051 0.187862 -0.117962
31.4842 4.86457 -0.269249 0.459155 -0.139421
31.7656 4.1635 -0.412048 0.801817 -0.865661
32.0469 4.16298 -0.439918 0.840616 -0.916281
31.7656 4.39703 -0.387877 0.745102 -0.693056
32.0468 4.39648 -0.429222 0.798875 -0.76548
32.3282 4.16236 -0.410539 0.801724 -0.983261
32.6094 4.16163 -0.35541 0.695095 -1.0581
32.3281 4.39582 -0.381109 0.770226 -0.826092
32.6094 4.39506 -0.319707 0.639936 -0.865219
31.7655 4.63056 -0.36418 0.688818 -0.476376
32.0468 4.62999 -0.416728 0.744839 -0.519971
31.7655 4.8641 -0.374505 0.636794 -0.167818
32.0467 4.8635 -0.418631 0.701171 -0.192562
32.3281 4.62931 -0.395314 0.711188 -0.55362
32.6093 4.62852 -0.326333 0.601383 -0.584235
32.328 4.8628 -0.409692 0.680179 -0.199616
32.6093 4.86197 -0.334759 0.570748 -0.216347
32.8909 3.22732 -0.442275 0.783166 -0.861623
33.1721 3.22657 -0.317369 0.600366 -0.941618
32.8908 3.46069 -0.393613 0.719858 -1.0604
33.1721 3.45989 -0.260603 0.536721 -1.1961
33.4534 3.22576 -0.125661 0.271922 -1.00159
33.7347 3.22486 0.0460097 -0.00455717 -1.04728
33.4534 3.45902 -0.0572924 0.256209 -1.29603
33.7346 3.45806 0.0937863 0.00919764 -1.35334
32.8908 3.69406 -0.336463 0.634682 -1.09988
33.172 3.69321 -0.185519 0.41041 -1.24249
32.8907 3.92743 -0.233559 0.558045 -1.11639
33.172 3.92652 -0.0982895 0.348982 -1.23729
33.4533 3.69227 0.0137821 0.214095 -1.41544
33.7346 3.69125 0.163092 -0.0137526 -1.45395
33.4533 3.92554 0.0103061 0.168472 -1.32861
33.7345 3.92446 0.137491 -0.0332592 -1.38394
34.0159 3.22388 0.216263 -0.231959 -1.05207
34.2971 3.22281 0.34985 -0.379498 -1.05278
34.0158 3.45701 0.230388 -0.221785 -1.3819
34.297 3.45586 0.343516 -0.353543 -1.35986
34.5783 3.22166 0.358137 -0.357844 -1.04034
34.8594 3.22043 0.190093 -0.0961053 -1.0135
34.5782 3.45461 0.349029 -0.34918 -1.27635
34.8594 3.45328 0.15949 -0.0876383 -1.22016
34.0158 3.69014 0.26864 -0.210709 -1.49896
34.297 3.68891 0.371313 -0.30385 -1.42836
34.0157 3.92327 0.291829 -0.202415 -1.37939
34.2969 3.92199 0.341438 -0.278128 -1.34187
34.5782 3.68759 0.327905 -0.270972 -1.36194
34.8594 3.68619 0.161457 -0.0682017 -1.27585
34.5781 3.92061 0.236528 -0.18832 -1.26729
34.8594 3.91914 0.146494 -0.050843 -1.2218
32.8907 4.1608 -0.242813 0.550599 -1.10032
33.172 4.15987 -0.125286 0.352822 -1.14414
32.8906 4.39419 -0.217553 0.474076 -0.900078
33.1719 4.39321 -0.0917417 0.295896 -0.931564
33.4532 4.15883 -0.0175143 0.107974 -1.16164
33.7345 4.15769 0.117941 -0.07448 -1.20376
33.4532 4.39211 0.0694014 0.122135 -0.978073
33.7344 4.39091 0.181628 -0.0481288 -0.9733
32.8906 4.62761 -0.237789 0.443682 -0.561997
33.1719 4.62658 -0.10465 0.26242 -0.637546
32.8905 4.86103 -0.235889 0.403759 -0.24269
33.1718 4.85996 -0.135678 0.246008 -0.228904
33.4531 4.62544 0.0076984 0.0990059 -0.644467
33.7344 4.62418 0.115409 -0.0580625 -0.649637
33.4531 4.85878 -0.0214897 0.0711726 -0.23263
33.7343 4.85748 0.0713683 -0.0676823 -0.229057
34.0157 4.15643 0.257118 -0.189558 -1.16662
34.2969 4.15508 0.28764 -0.228286 -1.16667
34.0157 4.38962 0.222068 -0.169189 -0.950781
34.2969 4.38822 0.270446 -0.261414 -0.898222
34.5781 4.15365 0.259357 -0.193936 -1.10866
34.8594 4.15211 0.128133 -0.042165 -1.06546
34.5781 4.38672 0.210168 -0.181322 -0.863156
34.8594 4.38511 0.10846 -0.0393646 -0.841206
34.0156 4.62283 0.187654 -0.171908 -0.617158
34.2969 4.62138 0.204691 -0.207994 -0.588399
34.0156 4.85607 0.137841 -0.165441 -0.220447
34.2968 4.85454 0.171603 -0.216584 -0.204907
34.5781 4.61981 0.176026 -0.170222 -0.569708
34.8594 4.61812 0.0907975 -0.0499184 -0.55608
34.5781 4.8529 0.144296 -0.17863 -0.197258
34.8594 4.85114 0.0701354 -0.070061 -0.204251
