26.1406 1.35845 -0.0375645 -0.152315 4.01613
26.4219 1.35892 0.0664118 -0.375335 3.96553
26.1406 1.59131 -0.0423421 -0.190864 4.00776
26.4219 1.59187 0.084514 -0.423115 3.96044
26.7032 1.35935 0.162593 -0.520811 3.87928
26.9845 1.35976 0.22772 -0.627376 3.73192
26.7032 1.59239 0.178056 -0.626611 3.85851
26.9845 1.59287 0.252377 -0.789462 3.70534
26.1406 1.82418 -0.0476778 -0.215269 3.87217
26.4219 1.82482 0.0986406 -0.491084 3.82181
26.1406 2.05704 -0.00248558 -0.215296 3.64062
26.4219 2.05777 0.159027 -0.537045 3.59593
26.7032 1.82542 0.237715 -0.721796 3.71688
26.9845 1.82598 0.350412 -0.923975 3.55769
26.7032 2.05845 0.288794 -0.82471 3.48223
26.9845 2.05908 0.42206 -1.07053 3.32476
27.2658 1.36013 0.277172 -0.719542 3.5102
27.547 1.36047 0.267805 -0.753813 3.24107
27.2657 1.59331 0.344115 -0.911048 3.47156
27.547 1.59371 0.417512 -0.98724 3.19821
27.8283 1.36078 0.301749 -0.728285 2.91746
28.1096 1.36106 0.297734 -0.626675 2.54234
27.8283 1.59408 0.428245 -0.992631 2.8712
28.1095 1.59441 0.420506 -0.948598 2.46079
27.2657 1.82649 0.468025 -1.09224 3.32705
27.547 1.82696 0.564181 -1.19394 3.05048
27.2657 2.05966 0.536881 -1.28027 3.10865
27.547 2.06018 0.623828 -1.45794 2.83169
27.8283 1.82738 0.602653 -1.26117 2.70535
28.1095 1.82775 0.594258 -1.25765 2.32187
27.8283 2.06066 0.708565 -1.54595 2.5076
28.1095 2.06109 0.738435 -1.56782 2.12089
26.1406 2.2899 -0.00814813 -0.245496 3.36369
26.4219 2.29071 0.167237 -0.598469 3.31094
26.1406 2.52275 -0.0242677 -0.273247 3.05765
26.4219 2.52365 0.175073 -0.665365 3.01182
26.7032 2.29147 0.334125 -0.91321 3.21732
26.9845 2.29217 0.471223 -1.22323 3.0546
26.7032 2.52449 0.388198 -1.00898 2.91805
26.9844 2.52526 0.553447 -1.34512 2.77463
26.1406 2.7556 -0.00898782 -0.282498 2.74996
26.4219 2.75658 0.207683 -0.714298 2.70725
26.1406 2.98845 0.00470969 -0.295002 2.44156
26.4219 2.98952 0.23267 -0.748624 2.40584
26.7032 2.7575 0.408494 -1.09668 2.62527
26.9844 2.75835 0.603065 -1.45994 2.5002
26.7032 2.99052 0.446168 -1.16843 2.33429
26.9844 2.99145 0.656217 -1.55165 2.2386
27.2657 2.29281 0.625959 -1.47161 2.85277
27.547 2.29341 0.749451 -1.66897 2.59415
27.2657 2.52597 0.70962 -1.63321 2.58924
27.547 2.52663 0.852659 -1.8717 2.35228
27.8282 2.29394 0.842728 -1.80026 2.27861
28.1095 2.29442 0.891465 -1.85062 1.92337
27.8282 2.52722 0.966589 -2.0375 2.06757
28.1095 2.52775 1.03861 -2.11586 1.74233
27.2657 2.75914 0.781595 -1.78421 2.33992
27.5469 2.75985 0.951336 -2.04837 2.13196
27.2657 2.9923 0.849751 -1.90801 2.09594
27.5469 2.99308 1.02833 -2.20362 1.92792
27.8282 2.7605 1.07516 -2.24987 1.88419
28.1094 2.76109 1.16382 -2.35204 1.59332
27.8282 2.99379 1.17083 -2.42751 1.71816
28.1094 2.99442 1.26332 -2.56845 1.47596
28.3908 1.3613 0.207859 -0.469689 2.11434
28.6721 1.3615 0.0897843 -0.239697 1.67818
28.3908 1.5947 0.375644 -0.808254 2.03341
28.6721 1.59494 0.267518 -0.577575 1.55969
28.9534 1.36168 -0.0585035 0.0551159 1.22543
29.2346 1.36182 -0.206753 0.336465 0.799347
28.9534 1.59515 0.119011 -0.281218 1.09163
29.2346 1.59532 -0.0328021 0.0249524 0.638311
28.3908 1.82809 0.557542 -1.15055 1.87534
28.6721 1.82838 0.470668 -0.927833 1.41297
28.3908 2.06147 0.713233 -1.48317 1.70205
28.672 2.0618 0.632299 -1.26609 1.25554
28.9533 1.82862 0.311454 -0.619043 0.940473
29.2346 1.82882 0.141607 -0.28605 0.48619
28.9533 2.06209 0.495091 -0.950758 0.787667
29.2346 2.06232 0.31499 -0.596534 0.360726
29.5159 1.36193 -0.308733 0.527649 0.374043
29.7971 1.36201 -0.331961 0.58928 0.0185161
29.5159 1.59546 -0.152888 0.259163 0.233353
29.7971 1.59557 -0.205613 0.367957 -0.114883
30.0784 1.36205 -0.244614 0.463387 -0.196605
30.3596 1.36208 -0.169742 0.27968 -0.285869
30.0784 1.59565 -0.19958 0.368642 -0.344976
30.3596 1.59569 -0.182941 0.283292 -0.439396
29.5159 1.82899 -0.000210587 -0.0042238 0.096503
29.7971 1.82912 -0.0905783 0.171599 -0.241367
29.5158 2.06251 0.150021 -0.267264 -0.0426573
29.7971 2.06264 0.0275799 -0.0193478 -0.368484
30.0784 1.8292 -0.119166 0.250339 -0.471931
30.3596 1.82923 -0.134818 0.275718 -0.62298
30.0784 2.06273 -0.0411164 0.125567 -0.617477
30.3596 2.06277 -0.0762587 0.197716 -0.76565
28.3908 2.29485 0.885283 -1.79008 1.5288
28.672 2.29522 0.807164 -1.59074 1.10297
28.3907 2.52823 1.05024 -2.07418 1.38153
28.672 2.52864 0.982272 -1.8896 0.992771
28.9533 2.29554 0.660846 -1.26692 0.676284
29.2345 2.29581 0.481954 -0.886824 0.244393
28.9533 2.52899 0.829553 -1.56988 0.580741
29.2345 2.52928 0.638186 -1.17278 0.181
28.3907 2.76161 1.1852 -2.33606 1.27248
28.672 2.76206 1.12818 -2.16513 0.920313
28.3907 2.99499 1.31386 -2.569 1.18661
28.672 2.99548 1.26434 -2.42122 0.875034
28.9533 2.76244 0.994788 -1.85539 0.543377
29.2345 2.76276 0.79076 -1.45419 0.158224
28.9532 2.9959 1.13463 -2.12096 0.530154
29.2345 2.99625 0.942661 -1.7237 0.170864
29.5158 2.29601 0.296928 -0.524296 -0.14508
29.7971 2.29617 0.151029 -0.229342 -0.47203
29.5158 2.52951 0.444335 -0.78255 -0.202513
29.7971 2.52968 0.278058 -0.43902 -0.529746
30.0784 2.29626 0.0423901 -0.0102373 -0.73192
30.3596 2.29629 -0.0153491 0.123314 -0.891142
30.0783 2.52978 0.139186 -0.171518 -0.799976
30.3595 2.52981 0.0401187 0.0345431 -0.978908
29.5158 2.76301 0.588866 -1.0302 -0.207252
29.797 2.76319 0.402456 -0.647868 -0.530807
29.5157 2.99652 0.739108 -1.28642 -0.168213
29.797 2.99671 0.523866 -0.859287 -0.495684
30.0783 2.7633 0.245889 -0.32554 -0.806252
30.3595 2.76334 0.112518 -0.0742 -0.988874
30.0782 2.99684 0.331114 -0.483315 -0.753023
30.3595 2.9969 0.168229 -0.186503 -0.956634
