30.6405 -9.84792 -1.04471 1.78555 0.0852965
30.9218 -9.84769 -0.866557 1.4568 0.0857167
30.6405 -9.61439 -1.02233 1.78698 0.239717
30.9218 -9.61415 -0.846116 1.48728 0.247713
31.203 -9.84722 -0.684147 1.1596 0.10338
31.4843 -9.84651 -0.506936 0.861663 0.122523
31.2031 -9.61369 -0.668642 1.20888 0.287382
31.4843 -9.61299 -0.490986 0.896318 0.335487
30.6406 -9.38086 -1.01172 1.79285 0.347379
30.9218 -9.38063 -0.825445 1.5371 0.382911
30.6406 -9.14733 -1.01495 1.79929 0.444959
30.9219 -9.14711 -0.827994 1.56039 0.458025
31.2031 -9.38018 -0.672348 1.24562 0.434208
31.4843 -9.37949 -0.476718 0.892643 0.4023
31.2031 -9.14667 -0.639963 1.20596 0.413409
31.4844 -9.146 -0.436295 0.79639 0.270063
31.7656 -9.84557 -0.306388 0.537428 0.131995
32.0468 -9.84441 -0.106347 0.211215 0.126188
31.7656 -9.61208 -0.270828 0.550707 0.322144
32.0468 -9.61094 -0.0650273 0.196411 0.280359
32.3281 -9.84301 0.0689917 -0.0787979 0.0955956
32.6094 -9.84137 0.198011 -0.296742 0.0486441
32.3281 -9.60957 0.115236 -0.116672 0.203505
32.6094 -9.60797 0.245725 -0.357344 0.100598
31.7656 -9.37859 -0.246218 0.502772 0.315919
32.0468 -9.37748 -0.0432529 0.134173 0.217296
31.7656 -9.14512 -0.223966 0.395515 0.11402
32.0469 -9.14402 -0.0245137 0.0322057 -0.0191244
32.3281 -9.37614 0.145686 -0.192739 0.119673
32.6094 -9.37458 0.287478 -0.458001 0.0133763
32.3281 -9.14271 0.153757 -0.291935 -0.137547
32.6094 -9.1412 0.309353 -0.553426 -0.243827
30.6406 -8.9138 -0.986711 1.82915 0.499604
30.9219 -8.91358 -0.814179 1.49127 0.415842
30.6407 -8.68027 -0.977755 1.7639 0.448357
30.9219 -8.68005 -0.787537 1.35159 0.320378
31.2032 -8.91315 -0.587187 1.08621 0.224234
31.4844 -8.9125 -0.380872 0.63334 0.0346562
31.2032 -8.6796 -0.506965 0.913376 0.033152
31.4845 -8.67896 -0.300857 0.446725 -0.203989
30.6407 -8.44668 -0.911996 1.63409 0.338148
30.922 -8.44646 -0.673903 1.14605 0.0991066
30.6407 -8.21311 -0.845684 1.43957 0.114402
30.922 -8.2129 -0.577226 0.96033 -0.146014
31.2033 -8.44604 -0.394272 0.670049 -0.188463
31.4845 -8.44544 -0.200952 0.194978 -0.489543
31.2033 -8.2125 -0.318911 0.415327 -0.43023
31.4845 -8.21192 -0.100862 -0.0348436 -0.678795
31.7656 -8.91163 -0.188744 0.252161 -0.15536
32.0469 -8.91057 -0.00384653 -0.086935 -0.325392
31.7656 -8.67812 -0.126442 0.0666258 -0.442415
32.0469 -8.67708 0.0320328 -0.24679 -0.660651
32.3281 -8.90929 0.177751 -0.382371 -0.449368
32.6094 -8.90779 0.303554 -0.626707 -0.535935
32.3281 -8.67584 0.17281 -0.484369 -0.787002
32.6094 -8.6744 0.27674 -0.658609 -0.831225
31.7657 -8.44462 -0.0528828 -0.129729 -0.749836
32.0469 -8.44363 0.10341 -0.356543 -0.903427
31.7657 -8.21112 0.028866 -0.333341 -0.914745
32.0469 -8.21013 0.132757 -0.470092 -1.03745
32.3281 -8.4424 0.216594 -0.541141 -0.988453
32.6094 -8.44098 0.249604 -0.625704 -0.966912
32.3281 -8.20895 0.170616 -0.549747 -1.05366
32.6094 -8.20756 0.196982 -0.595727 -0.976161
32.8906 -9.83949 0.276243 -0.409825 0.00364301
33.1719 -9.83738 0.266476 -0.449442 -0.0199165
32.8906 -9.60613 0.302479 -0.469454 -0.0137869
33.1719 -9.60404 0.293336 -0.480752 -0.097603
33.4531 -9.83504 0.29282 -0.430352 -0.0266067
33.7343 -9.83243 0.305564 -0.428152 -0.0597544
33.4531 -9.60173 0.284563 -0.457171 -0.136012
33.7344 -9.59916 0.302089 -0.466655 -0.17281
32.8907 -9.37278 0.344832 -0.569057 -0.118065
33.172 -9.37072 0.295035 -0.521288 -0.207251
32.8907 -9.13944 0.355111 -0.652175 -0.325865
33.172 -9.13745 0.28763 -0.590078 -0.416123
33.4532 -9.36845 0.288636 -0.500789 -0.271282
33.7344 -9.36591 0.294523 -0.510777 -0.296766
33.4533 -9.13523 0.269778 -0.563244 -0.45699
33.7345 -9.13277 0.215933 -0.53698 -0.405543
34.0157 -9.8296 0.290348 -0.448866 -0.0819122
34.2969 -9.82653 0.251215 -0.425178 -0.0668632
34.0157 -9.59638 0.255771 -0.459964 -0.182621
34.297 -9.59343 0.236016 -0.523521 -0.283285
34.5782 -9.82329 0.230678 -0.41253 -0.13474
34.8594 -9.81979 0.120596 -0.206337 -0.11598
34.5781 -9.59025 0.219735 -0.448145 -0.332972
34.8594 -9.58684 0.0845189 -0.237045 -0.339591
34.0157 -9.36322 0.23873 -0.546973 -0.331811
34.2969 -9.36038 0.288595 -0.603884 -0.362009
34.0157 -9.13018 0.255026 -0.602742 -0.506568
34.2968 -9.12739 0.356955 -0.637932 -0.50962
34.5781 -9.35729 0.261574 -0.512829 -0.482178
34.8594 -9.35395 0.0775349 -0.233585 -0.489822
34.5781 -9.12433 0.274287 -0.526276 -0.583851
34.8594 -9.12105 0.0473909 -0.220051 -0.591332
32.8907 -8.90609 0.329952 -0.71835 -0.594115
33.172 -8.90418 0.299399 -0.647922 -0.612526
32.8907 -8.67275 0.350236 -0.690676 -0.778147
33.172 -8.67089 0.286329 -0.598104 -0.749977
33.4533 -8.90206 0.246535 -0.515847 -0.603335
33.7345 -8.89975 0.266604 -0.499446 -0.592771
33.4533 -8.66883 0.231505 -0.538384 -0.723549
33.7345 -8.66655 0.260879 -0.567702 -0.752748
32.8907 -8.43936 0.253497 -0.648106 -0.884353
33.172 -8.43755 0.222999 -0.607118 -0.831739
32.8907 -8.20599 0.199099 -0.604322 -0.930461
33.172 -8.20422 0.208142 -0.588123 -0.896592
33.4533 -8.43554 0.225143 -0.572824 -0.798779
33.7345 -8.43332 0.257207 -0.556723 -0.804418
33.4533 -8.20225 0.20925 -0.558634 -0.885153
33.7345 -8.20009 0.217969 -0.562536 -0.870637
34.0156 -8.89718 0.345039 -0.549244 -0.642721
34.2969 -8.89438 0.351965 -0.645815 -0.663423
34.0157 -8.66405 0.280295 -0.600285 -0.737662
34.2969 -8.66132 0.313557 -0.649784 -0.711033
34.5781 -8.89136 0.249209 -0.528686 -0.671015
34.8594 -8.88815 0.0335179 -0.212184 -0.671141
34.5781 -8.65839 0.225787 -0.518661 -0.713099
34.8594 -8.65525 0.0140142 -0.222497 -0.720664
34.0157 -8.43089 0.260325 -0.596494 -0.790243
34.2969 -8.42824 0.293398 -0.635 -0.779489
34.0157 -8.19771 0.243734 -0.599728 -0.858656
34.297 -8.19515 0.264373 -0.612614 -0.819001
34.5782 -8.4254 0.217332 -0.518895 -0.76002
34.8594 -8.42235 0.011564 -0.218811 -0.758743
34.5782 -8.19239 0.208135 -0.503601 -0.782797
34.8594 -8.18945 0.0238104 -0.22289 -0.771925
