26.1407 -4.23069 -0.0854274 0.226744 0.305873
26.422 -4.23221 -0.291819 0.64533 0.324987
26.1407 -3.99776 -0.0724607 0.230087 0.42148
26.422 -3.99919 -0.287012 0.646239 0.408385
26.7033 -4.23362 -0.528147 1.1112 0.356046
26.9847 -4.23493 -0.774254 1.61465 0.423819
26.7033 -4.00053 -0.527757 1.12798 0.395729
26.9847 -4.00177 -0.78041 1.62925 0.396908
26.1407 -3.76484 -0.0817973 0.223865 0.379671
26.422 -3.76619 -0.290706 0.62543 0.351297
26.1407 -3.53191 -0.0755753 0.200526 0.307393
26.422 -3.53318 -0.28053 0.612156 0.288072
26.7034 -3.76745 -0.525016 1.10655 0.321844
26.9847 -3.76862 -0.795213 1.61221 0.322099
26.7034 -3.53436 -0.513856 1.08386 0.238919
26.9847 -3.53546 -0.807606 1.58386 0.245793
27.266 -4.23613 -1.03418 2.0767 0.420461
27.5473 -4.23723 -1.23336 2.44995 0.48567
27.266 -4.00291 -1.05815 2.0883 0.442148
27.5473 -4.00393 -1.24974 2.52423 0.440111
27.8286 -4.23822 -1.37693 2.72637 0.563441
28.1099 -4.23912 -1.48181 2.86675 0.654798
27.8287 -4.00487 -1.43142 2.7868 0.568526
28.11 -4.00569 -1.43218 2.97843 0.705033
27.266 -3.76969 -1.07195 2.11767 0.318856
27.5474 -3.77066 -1.30345 2.58729 0.410561
27.2661 -3.53646 -1.07116 2.17985 0.243576
27.5474 -3.53738 -1.36483 2.62456 0.313214
27.8287 -3.77153 -1.44553 2.93899 0.544501
28.11 -3.77232 -1.481 3.07956 0.607765
27.8288 -3.53822 -1.5011 2.96795 0.360895
28.1101 -3.53897 -1.48311 3.07841 0.339821
26.1407 -3.29899 -0.0747028 0.184186 0.251595
26.422 -3.30018 -0.27446 0.583572 0.214516
26.1407 -3.06607 -0.0701316 0.168674 0.205228
26.422 -3.06717 -0.253474 0.531296 0.159002
26.7034 -3.30128 -0.50955 1.05303 0.196203
26.9847 -3.3023 -0.815496 1.57592 0.102395
26.7034 -3.0682 -0.492114 0.99482 0.0783146
26.9848 -3.06916 -0.788811 1.54736 0.0114354
26.1407 -2.83314 -0.0628605 0.145671 0.146454
26.4221 -2.83417 -0.228859 0.476638 0.097805
26.1407 -2.60022 -0.052579 0.114597 0.0610537
26.4221 -2.60117 -0.203105 0.414312 -0.0236889
26.7034 -2.83512 -0.455893 0.904417 -0.0302967
26.9848 -2.83601 -0.747655 1.4478 -0.147239
26.7034 -2.60205 -0.412991 0.80506 -0.0784302
26.9848 -2.60287 -0.69199 1.32128 -0.308442
27.2661 -3.30325 -1.07864 2.21667 0.125851
27.5475 -3.30411 -1.37544 2.64986 0.12494
27.2661 -3.07004 -1.07601 2.18366 -0.0792528
27.5475 -3.07086 -1.36951 2.60558 -0.174057
27.8288 -3.3049 -1.5358 2.90203 0.040712
28.1101 -3.30561 -1.49877 3.01535 -0.020763
27.8288 -3.0716 -1.4651 2.81191 -0.288948
28.1101 -3.07227 -1.54163 2.87363 -0.458623
27.2661 -2.83684 -1.05296 2.06396 -0.314897
27.5475 -2.8376 -1.3125 2.48145 -0.466479
27.2662 -2.60362 -0.998908 1.90504 -0.524889
27.5475 -2.60432 -1.25671 2.32359 -0.754862
27.8288 -2.83828 -1.42291 2.70937 -0.646437
28.1101 -2.8389 -1.4284 2.76947 -0.840076
27.8288 -2.60495 -1.35525 2.56714 -0.961513
28.1101 -2.60553 -1.4 2.61911 -1.16676
28.3912 -4.23991 -1.39524 2.977 0.736487
28.6725 -4.2406 -1.35117 2.83473 0.7057
28.3913 -4.00645 -1.42167 2.99478 0.785259
28.6725 -4.00712 -1.30124 2.82499 0.83026
28.9537 -4.24119 -1.51575 2.55042 0.750938
29.235 -4.2417 -1.36053 2.50337 0.511322
28.9537 -4.00768 -1.57917 2.39459 0.753066
29.235 -4.00816 -1.2864 2.37741 0.602396
28.3913 -3.77303 -1.48789 2.97273 0.667627
28.6726 -3.77366 -1.35704 2.822 0.687771
28.3913 -3.53963 -1.53195 2.94623 0.308289
28.6726 -3.54022 -1.37678 2.82263 0.260876
28.9537 -3.77419 -1.51157 2.41536 0.622004
29.2351 -3.77461 -1.14303 2.25939 0.438775
28.9538 -3.54072 -1.46111 2.39451 0.204197
29.2351 -3.54113 -1.16849 2.10183 0.142118
29.5163 -4.24209 -1.2678 2.43669 0.386562
29.7976 -4.24238 -1.26979 2.34967 0.199722
29.5164 -4.00853 -1.11505 2.32091 0.307866
29.7976 -4.00881 -1.23682 2.15516 0.158267
30.0787 -4.24257 -1.31678 2.2535 0.0162854
30.36 -4.24265 -1.29496 2.155 -0.154519
30.0788 -4.00898 -1.28188 2.10164 -0.0495208
30.36 -4.00907 -1.20934 2.04258 -0.228976
29.5164 -3.77498 -1.07546 2.14121 0.190999
29.7976 -3.77525 -1.18223 1.97781 -0.0251779
29.5164 -3.54147 -1.03738 1.96032 -0.0180606
29.7976 -3.54171 -1.08571 1.77646 -0.253442
30.0788 -3.77542 -1.21725 1.95214 -0.245446
30.36 -3.77549 -1.17038 1.91704 -0.405667
30.0788 -3.54186 -1.11633 1.81886 -0.507124
30.36 -3.54193 -1.15581 1.81947 -0.655544
28.3914 -3.30624 -1.45903 2.93219 -0.157284
28.6726 -3.30676 -1.35526 2.72764 -0.26952
28.3914 -3.07285 -1.3667 2.87025 -0.60792
28.6727 -3.07334 -1.33626 2.69985 -0.73441
28.9538 -3.30724 -1.52777 2.345 -0.285596
29.2351 -3.30761 -1.22746 1.98857 -0.366147
28.9539 -3.07375 -1.57937 2.18356 -0.826201
29.2352 -3.07408 -1.16074 1.94052 -0.96876
28.3914 -2.83945 -1.41235 2.69359 -0.988728
28.6728 -2.83992 -1.27614 2.61457 -1.1882
28.3915 -2.60603 -1.37158 2.54689 -1.36061
28.6728 -2.60647 -1.26334 2.30337 -1.51485
28.9539 -2.84029 -1.40827 2.03528 -1.3057
29.2352 -2.84058 -1.05871 1.84072 -1.55584
28.954 -2.60683 -1.27829 1.92585 -1.79867
29.2353 -2.60712 -1.02287 1.69051 -2.07053
29.5164 -3.30792 -0.912901 1.81405 -0.478833
29.7976 -3.30816 -0.980495 1.57149 -0.656767
29.5164 -3.07437 -0.924135 1.64455 -1.06293
29.7976 -3.0746 -0.925781 1.44541 -1.19762
30.0788 -3.3083 -1.03926 1.68982 -0.878614
30.3601 -3.30837 -1.14226 1.75434 -1.03602
30.0789 -3.07475 -0.97022 1.54228 -1.34611
30.3601 -3.07482 -1.08135 1.67402 -1.48665
29.5164 -2.84084 -0.990228 1.44694 -1.71484
29.7977 -2.84107 -0.891274 1.36836 -1.79184
29.5165 -2.60737 -0.962676 1.35308 -2.21245
29.7977 -2.60757 -0.886851 1.30299 -2.28441
30.0789 -2.84121 -0.92294 1.44815 -1.87682
30.3601 -2.84128 -1.06899 1.54804 -2.00026
30.0789 -2.60771 -0.87335 1.3864 -2.34095
30.3602 -2.60776 -0.978715 1.4861 -2.44347
