26.1406 -9.8199 -0.0440463 0.0423458 -0.119345
26.4218 -9.82337 -0.136881 0.210983 -0.115355
26.1406 -9.5871 -0.0838604 0.0642281 -0.344461
26.4218 -9.59048 -0.18453 0.2161 -0.357621
26.703 -9.82663 -0.254885 0.452904 -0.114102
26.9842 -9.82967 -0.3878 0.716063 -0.109175
26.703 -9.59364 -0.29455 0.430723 -0.309503
26.9842 -9.59659 -0.42188 0.706065 -0.287609
26.1406 -9.35427 -0.122992 0.0711502 -0.577222
26.4219 -9.3576 -0.204814 0.241682 -0.545956
26.1406 -9.12142 -0.148842 0.0599021 -0.756236
26.4219 -9.12467 -0.225788 0.265403 -0.740005
26.703 -9.36067 -0.334482 0.446855 -0.49094
26.9843 -9.36352 -0.467229 0.717872 -0.461892
26.7031 -9.12768 -0.386945 0.53758 -0.700287
26.9843 -9.13047 -0.555494 0.797903 -0.616266
27.2654 -9.83247 -0.534047 1.01582 -0.0863974
27.5467 -9.83505 -0.654096 1.35764 -0.0851492
27.2655 -9.59932 -0.570347 1.03755 -0.257071
27.5467 -9.60184 -0.678212 1.35306 -0.231099
27.8279 -9.8374 -0.84787 1.55025 -0.0502819
28.1092 -9.8395 -1.01854 1.75071 -0.0495883
27.8279 -9.60413 -0.877662 1.54437 -0.160418
28.1092 -9.60618 -1.04298 1.77097 -0.151074
27.2655 -9.36618 -0.619099 1.05375 -0.409037
27.5468 -9.36864 -0.707456 1.38939 -0.344146
27.2655 -9.13306 -0.678918 1.05081 -0.542199
27.5468 -9.13546 -0.752668 1.43132 -0.452136
27.828 -9.37087 -0.915024 1.5896 -0.26565
28.1092 -9.37286 -1.09105 1.83341 -0.155388
27.828 -9.13762 -0.94931 1.67796 -0.358617
28.1093 -9.13955 -1.15269 1.89256 -0.219067
26.1406 -8.88855 -0.182382 0.0441272 -0.931567
26.4219 -8.89173 -0.267497 0.255234 -0.907728
26.1406 -8.65568 -0.220682 0.0170426 -1.11061
26.4219 -8.65878 -0.319569 0.276807 -1.10375
26.7032 -8.89468 -0.397081 0.590932 -0.883117
26.9844 -8.89743 -0.573945 0.862773 -0.790213
26.7032 -8.66168 -0.455174 0.650134 -1.07502
26.9844 -8.66436 -0.595363 0.938625 -0.987608
26.1406 -8.42283 -0.226995 0.0358722 -1.32178
26.4219 -8.42583 -0.354619 0.283587 -1.28463
26.1406 -8.18996 -0.247574 0.0153027 -1.49673
26.4219 -8.19288 -0.391259 0.296359 -1.48668
26.7032 -8.42865 -0.490097 0.636697 -1.26446
26.9844 -8.43128 -0.620395 1.04367 -1.13446
26.7032 -8.19561 -0.552841 0.640481 -1.43075
26.9844 -8.19815 -0.677906 1.08847 -1.33668
27.2655 -8.89995 -0.748999 1.11211 -0.70184
27.5468 -8.90226 -0.873749 1.49714 -0.598572
27.2656 -8.66682 -0.78797 1.20434 -0.857836
27.5468 -8.66906 -0.957264 1.56269 -0.690494
27.828 -8.90436 -0.995276 1.79521 -0.429771
28.1093 -8.90624 -1.21851 2.03606 -0.265738
27.8281 -8.6711 -1.1138 1.93427 -0.512947
28.1093 -8.67293 -1.27245 2.20479 -0.277631
27.2656 -8.43368 -0.864793 1.3265 -1.03657
27.5469 -8.43585 -1.03151 1.73099 -0.835989
27.2657 -8.20049 -0.890995 1.5033 -1.16715
27.5469 -8.20261 -1.1176 1.90004 -0.987617
27.8281 -8.43782 -1.24653 2.06315 -0.609292
28.1094 -8.4396 -1.36553 2.42081 -0.334072
27.8282 -8.20453 -1.38429 2.24125 -0.693932
28.1094 -8.20627 -1.4549 2.60758 -0.441205
28.3905 -9.84137 -1.09805 2.00008 -0.0401386
28.6717 -9.84301 -1.16942 2.17184 -0.0213401
28.3905 -9.60801 -1.11215 2.01789 -0.0721791
28.6718 -9.60961 -1.19327 2.19808 -0.0270179
28.953 -9.84442 -1.2182 2.29754 -0.0011708
29.2343 -9.84559 -1.31463 2.33304 0.0313079
28.953 -9.61099 -1.21767 2.34494 0.0433052
29.2343 -9.61214 -1.33119 2.37404 0.124319
28.3905 -9.37464 -1.14948 2.07164 -0.0936505
28.6718 -9.3762 -1.22286 2.25983 0.0123132
28.3905 -9.14128 -1.2005 2.16141 -0.0767856
28.6718 -9.1428 -1.275 2.36527 0.0673957
28.9531 -9.37755 -1.26561 2.40635 0.110274
29.2343 -9.37867 -1.35203 2.47499 0.245631
28.9531 -9.14411 -1.33197 2.50371 0.232311
29.2343 -9.14519 -1.37059 2.57817 0.37936
29.5155 -9.84653 -1.32373 2.39946 0.0578
29.7968 -9.84724 -1.34002 2.40575 0.0830935
29.5155 -9.61305 -1.34317 2.44644 0.206812
29.7968 -9.61373 -1.32369 2.45236 0.270016
30.078 -9.8477 -1.32361 2.3468 0.108139
30.3593 -9.84793 -1.22959 2.12593 0.0976707
30.078 -9.61418 -1.28854 2.35975 0.296794
30.3593 -9.6144 -1.18163 2.11978 0.262283
29.5156 -9.37956 -1.35099 2.52821 0.366387
29.7968 -9.38022 -1.31433 2.50621 0.426634
29.5156 -9.14606 -1.3679 2.60889 0.472449
29.7969 -9.14671 -1.32066 2.50306 0.498727
30.0781 -9.38066 -1.26045 2.34413 0.421411
30.3593 -9.38087 -1.14233 2.09068 0.361161
30.0781 -9.14714 -1.23324 2.30021 0.462279
30.3593 -9.14734 -1.12918 2.07026 0.438524
28.3906 -8.90791 -1.25686 2.32126 -0.0558957
28.6718 -8.90938 -1.35632 2.47306 0.164837
28.3906 -8.67455 -1.32034 2.49905 -0.0460466
28.6719 -8.67597 -1.48914 2.65333 0.168841
28.9531 -8.91065 -1.39221 2.64899 0.3363
29.2344 -8.91169 -1.4034 2.68755 0.465807
28.9532 -8.67718 -1.45738 2.76603 0.376189
29.2344 -8.6782 -1.4112 2.7549 0.453257
28.3907 -8.44118 -1.44661 2.68702 -0.0785736
28.6719 -8.44256 -1.52442 2.77161 0.172335
28.3907 -8.20782 -1.55049 2.81992 -0.221628
28.672 -8.20916 -1.62057 2.91328 -0.0359568
28.9532 -8.44373 -1.51964 2.83437 0.266098
29.2344 -8.44471 -1.42733 2.81536 0.370199
28.9532 -8.21031 -1.57321 2.91731 0.0922937
29.2345 -8.21125 -1.46491 2.88769 0.217649
29.5156 -8.91253 -1.38837 2.6126 0.538633
29.7969 -8.91317 -1.32531 2.4873 0.51687
29.5156 -8.67901 -1.43181 2.60179 0.509675
29.7969 -8.67963 -1.31137 2.47624 0.503746
30.0781 -8.9136 -1.21555 2.28387 0.502364
30.3594 -8.91381 -1.0931 2.06542 0.488014
30.0781 -8.68005 -1.22053 2.28237 0.505816
30.3594 -8.68027 -1.11573 2.0566 0.508101
29.5157 -8.4455 -1.48226 2.60938 0.439932
29.7969 -8.4461 -1.32754 2.4983 0.469853
29.5157 -8.21201 -1.51284 2.69136 0.327302
29.7969 -8.21257 -1.3749 2.51889 0.417606
30.0782 -8.4465 -1.23449 2.29298 0.500058
30.3594 -8.4467 -1.13748 2.00347 0.485919
30.0782 -8.21296 -1.26468 2.28937 0.418315
30.3594 -8.21314 -1.10242 1.91358 0.317197
