26.1406 -7.95707 -0.277118 0.00808023 -1.69874
26.4219 -7.95991 -0.424094 0.299242 -1.65806
26.1406 -7.72417 -0.300323 0.0104158 -1.80743
26.4219 -7.72693 -0.453344 0.321724 -1.78976
26.7031 -7.96255 -0.60407 0.665338 -1.59883
26.9844 -7.96501 -0.796766 1.10929 -1.49365
26.7031 -7.7295 -0.643504 0.72308 -1.72678
26.9844 -7.7319 -0.857926 1.18185 -1.66469
26.1406 -7.49129 -0.285033 0.037578 -1.90197
26.4219 -7.49397 -0.440324 0.359262 -1.89064
26.1406 -7.25841 -0.311332 0.019443 -1.9566
26.4219 -7.261 -0.461246 0.36276 -1.9197
26.7032 -7.49646 -0.654065 0.7437 -1.83565
26.9844 -7.49878 -0.901782 1.26292 -1.75388
26.7032 -7.26342 -0.695629 0.77817 -1.88325
26.9844 -7.26567 -0.960993 1.28696 -1.83379
27.2657 -7.96729 -0.97078 1.63464 -1.34614
27.547 -7.96938 -1.19226 2.10683 -1.10111
27.2657 -7.7341 -1.09818 1.73275 -1.50905
27.547 -7.73613 -1.31089 2.22438 -1.24741
27.8282 -7.97126 -1.49356 2.43692 -0.862228
28.1095 -7.97294 -1.56594 2.77131 -0.616407
27.8282 -7.73796 -1.53514 2.58438 -1.08817
28.1095 -7.7396 -1.66002 2.87807 -0.883718
27.2657 -7.50092 -1.17084 1.82831 -1.63207
27.547 -7.50288 -1.4542 2.35793 -1.48837
27.2657 -7.26774 -1.23936 1.91971 -1.78544
27.547 -7.26964 -1.50802 2.4293 -1.68357
27.8283 -7.50466 -1.61777 2.73558 -1.3245
28.1095 -7.50625 -1.75684 2.97103 -1.21065
27.8283 -7.27136 -1.6931 2.79683 -1.57372
28.1096 -7.27291 -1.82751 3.0474 -1.50923
26.1406 -7.02554 -0.291011 0.0325997 -1.93194
26.4219 -7.02805 -0.449582 0.392722 -1.93778
26.1406 -6.79267 -0.2631 0.048322 -1.88353
26.4219 -6.79509 -0.437341 0.38992 -1.87382
26.7032 -7.0304 -0.642278 0.819867 -1.91974
26.9845 -7.03256 -0.944045 1.33393 -1.90637
26.7032 -6.79736 -0.6594 0.827735 -1.90157
26.9845 -6.79945 -0.943566 1.3529 -1.88793
26.1406 -6.55979 -0.256976 0.0544292 -1.75381
26.4219 -6.56213 -0.430185 0.396104 -1.76212
26.1406 -6.3269 -0.229019 0.0665601 -1.63602
26.4219 -6.32916 -0.404537 0.395812 -1.62849
26.7032 -6.56431 -0.645248 0.822298 -1.76277
26.9845 -6.56634 -0.916653 1.34485 -1.81187
26.7032 -6.33127 -0.618715 0.812253 -1.6458
26.9845 -6.33323 -0.879135 1.30879 -1.69602
27.2658 -7.03456 -1.26819 1.95867 -1.88581
27.547 -7.0364 -1.54325 2.47953 -1.81695
27.2658 -6.80139 -1.2641 1.96076 -1.89407
27.5471 -6.80316 -1.56319 2.48505 -1.91716
27.8283 -7.03806 -1.74714 2.83186 -1.79177
28.1096 -7.03956 -1.86227 3.11267 -1.75138
27.8283 -6.80477 -1.781 2.85415 -1.91809
28.1096 -6.80622 -1.89317 3.1151 -1.92149
27.2658 -6.56821 -1.23437 1.94278 -1.86351
27.5471 -6.56992 -1.5562 2.4648 -1.9557
27.2658 -6.33503 -1.16411 1.88145 -1.78811
27.5471 -6.33669 -1.48818 2.39926 -1.91154
27.8284 -6.57148 -1.7584 2.83834 -2.00801
28.1097 -6.57287 -1.9026 3.09378 -2.03693
27.8284 -6.33819 -1.73104 2.81862 -1.99267
28.1097 -6.33954 -1.8696 3.05989 -2.06196
28.3907 -7.97443 -1.63084 2.92706 -0.447308
28.672 -7.97574 -1.6887 3.0125 -0.285717
28.3908 -7.74105 -1.71945 3.05665 -0.756942
28.6721 -7.74232 -1.77638 3.15404 -0.556115
28.9533 -7.97686 -1.68562 3.03078 -0.117545
29.2345 -7.97779 -1.53099 2.99698 0.0430323
28.9533 -7.74341 -1.81685 3.14964 -0.349954
29.2346 -7.74432 -1.64414 3.06942 -0.176205
28.3908 -7.50768 -1.79886 3.19136 -1.03392
28.6721 -7.50891 -1.83803 3.31992 -0.856871
28.3908 -7.27428 -1.94117 3.29296 -1.35415
28.6721 -7.27547 -1.92555 3.45555 -1.21522
28.9533 -7.50996 -1.91038 3.27154 -0.647918
29.2346 -7.51084 -1.78915 3.10227 -0.5296
28.9534 -7.2765 -1.97283 3.36138 -1.0861
29.2346 -7.27734 -1.92334 3.08839 -0.982197
29.5157 -7.97853 -1.52724 2.79642 0.188557
29.7969 -7.97907 -1.46228 2.53108 0.26055
29.5158 -7.74504 -1.56024 2.84931 -0.0776297
29.797 -7.74555 -1.47078 2.53233 -0.106849
30.0782 -7.97942 -1.32129 2.21784 0.205328
30.3594 -7.97959 -1.0628 1.7768 0.044093
30.0782 -7.74589 -1.40582 2.09202 -0.136053
30.3595 -7.74604 -1.02903 1.63617 -0.298387
29.5158 -7.51154 -1.60575 2.82841 -0.47266
29.797 -7.51204 -1.41169 2.50247 -0.546223
29.5159 -7.27801 -1.65887 2.78087 -0.978035
29.7971 -7.27849 -1.39306 2.43834 -1.0225
30.0782 -7.51236 -1.49329 2.00385 -0.542072
30.3595 -7.51249 -1.00569 1.53981 -0.642365
30.0782 -7.2788 -1.50723 1.90763 -0.99943
30.3595 -7.27893 -1.02894 1.50246 -0.999014
28.3909 -7.04089 -2.01434 3.32459 -1.66697
28.6722 -7.04205 -2.03429 3.51155 -1.61153
28.3909 -6.8075 -2.05655 3.33253 -1.94671
28.6722 -6.80863 -2.08675 3.48437 -1.98918
28.9534 -7.04304 -1.99821 3.40127 -1.57106
29.2346 -7.04385 -2.0512 3.07665 -1.49133
28.9534 -6.80959 -2.01659 3.41317 -1.98978
29.2347 -6.81039 -2.11663 3.07481 -1.97296
28.3909 -6.57412 -2.03406 3.28576 -2.10631
28.6722 -6.57521 -2.12123 3.38663 -2.2189
28.391 -6.34073 -1.96767 3.21899 -2.1492
28.6722 -6.34178 -2.10785 3.29192 -2.27103
28.9535 -6.57614 -2.028 3.37565 -2.31852
29.2347 -6.57692 -2.07992 3.08089 -2.31443
28.9535 -6.34268 -2.04397 3.29119 -2.4221
29.2347 -6.34343 -2.0503 3.04593 -2.46303
29.5159 -7.0445 -1.69419 2.76302 -1.48116
29.7971 -7.04499 -1.47262 2.38074 -1.39154
29.5159 -6.81102 -1.77933 2.76733 -1.88055
29.7972 -6.81147 -1.63519 2.38315 -1.82735
30.0783 -7.04528 -1.37239 1.96254 -1.37827
30.3596 -7.04539 -1.05608 1.47672 -1.32527
30.0784 -6.81174 -1.38288 1.96933 -1.74351
30.3596 -6.81185 -1.10747 1.48372 -1.7025
29.516 -6.5775 -1.96091 2.7484 -2.26185
29.7972 -6.57792 -1.68146 2.42034 -2.20869
29.516 -6.344 -1.91713 2.81636 -2.45548
29.7973 -6.3444 -1.7232 2.48904 -2.36283
30.0784 -6.57819 -1.45255 2.01783 -2.11045
30.3597 -6.57831 -1.20134 1.53741 -1.98502
30.0785 -6.34467 -1.61332 2.03009 -2.21384
30.3597 -6.34481 -1.25951 1.68411 -2.09188
