30.6409 -6.11126 -1.09652 1.35499 -1.77292
30.9221 -6.11109 -0.779601 0.943557 -1.54801
30.641 -5.8777 -1.14328 1.55856 -1.68027
30.9222 -5.87753 -0.861035 1.10762 -1.44672
31.2034 -6.11077 -0.510766 0.561965 -1.33654
31.4846 -6.11031 -0.291253 0.241167 -1.16018
31.2034 -5.87722 -0.570997 0.708269 -1.25551
31.4846 -5.87677 -0.340614 0.345687 -1.10055
30.641 -5.64413 -1.19309 1.72357 -1.52157
30.9222 -5.64396 -0.9413 1.25349 -1.31893
30.641 -5.41055 -1.24779 1.88555 -1.36494
30.9222 -5.41039 -0.971129 1.40076 -1.19039
31.2034 -5.64366 -0.64078 0.825193 -1.1473
31.4846 -5.64323 -0.383946 0.430689 -1.02127
31.2035 -5.4101 -0.687559 0.925046 -1.02856
31.4847 -5.40969 -0.41127 0.50526 -0.929441
31.7658 -6.1097 -0.114174 -0.0203556 -1.03569
32.047 -6.10894 0.017028 -0.217686 -0.956515
31.7658 -5.87618 -0.150613 0.0507875 -0.998187
32.0471 -5.87545 0.000289698 -0.180982 -0.936326
32.3283 -6.10803 0.117766 -0.370959 -0.921007
32.6095 -6.10697 0.192216 -0.483215 -0.908599
32.3283 -5.87457 0.112266 -0.353362 -0.906236
32.6095 -5.87355 0.195925 -0.482911 -0.901278
31.7659 -5.64266 -0.177224 0.107305 -0.936093
32.0471 -5.64195 -0.0108175 -0.150572 -0.886236
31.7659 -5.40914 -0.190649 0.153447 -0.857642
32.0471 -5.40847 -0.0145885 -0.123246 -0.819337
32.3283 -5.64111 0.112869 -0.342699 -0.866698
32.6096 -5.64014 0.203713 -0.483002 -0.867017
32.3284 -5.40766 0.118574 -0.332801 -0.805407
32.6096 -5.40672 0.218442 -0.48754 -0.811277
30.6411 -5.17697 -1.29628 2.00232 -1.12533
30.9223 -5.17682 -1.00783 1.52587 -1.0019
30.6411 -4.94338 -1.29973 2.05623 -0.83141
30.9223 -4.94324 -1.03197 1.58537 -0.795003
31.2035 -5.17655 -0.712226 1.01158 -0.895087
31.4847 -5.17615 -0.432149 0.565065 -0.81597
31.2035 -4.94299 -0.724847 1.07208 -0.746857
31.4847 -4.9426 -0.442257 0.608653 -0.696029
30.6411 -4.7098 -1.28889 2.05406 -0.553779
30.9223 -4.70966 -1.01748 1.60431 -0.608085
30.6411 -4.47621 -1.22936 1.99802 -0.367906
30.9224 -4.47609 -0.980065 1.58779 -0.456822
31.2035 -4.70942 -0.73896 1.09719 -0.597382
31.4848 -4.70906 -0.451023 0.648902 -0.569572
31.2036 -4.47586 -0.735955 1.11786 -0.475944
31.4848 -4.47552 -0.460454 0.685825 -0.438426
31.7659 -5.17562 -0.20062 0.191412 -0.762753
32.0472 -5.17498 -0.0154036 -0.102646 -0.733004
31.766 -4.94211 -0.20698 0.225537 -0.652439
32.0472 -4.94149 -0.0125999 -0.0834204 -0.624984
32.3284 -5.17421 0.128775 -0.329183 -0.723033
32.6096 -5.17331 0.231772 -0.491059 -0.730377
32.3284 -4.94075 0.139058 -0.324626 -0.618133
32.6096 -4.9399 0.24928 -0.492463 -0.626207
31.766 -4.70859 -0.208456 0.255397 -0.528271
32.0472 -4.708 -0.00634956 -0.0676076 -0.501922
31.766 -4.47507 -0.214654 0.287369 -0.393241
32.0472 -4.47451 -0.00466021 -0.0485171 -0.360621
32.3284 -4.7073 0.149399 -0.317578 -0.49011
32.6096 -4.70649 0.269129 -0.49625 -0.500391
32.3284 -4.47385 0.164449 -0.312831 -0.350235
32.6096 -4.47308 0.288977 -0.50185 -0.358337
32.8908 -6.10577 0.242713 -0.558919 -0.915409
33.172 -6.10443 0.258533 -0.585846 -0.927996
32.8908 -5.8724 0.248615 -0.567067 -0.913279
33.172 -5.8711 0.265407 -0.595997 -0.93046
33.4533 -6.10293 0.246521 -0.566622 -0.937438
33.7345 -6.1013 0.209127 -0.509414 -0.946732
33.4533 -5.86967 0.255883 -0.573936 -0.947881
33.7345 -5.8681 0.225105 -0.509195 -0.963924
32.8908 -5.63903 0.260385 -0.578237 -0.880722
33.172 -5.63778 0.288125 -0.603515 -0.905832
32.8908 -5.40566 0.281338 -0.579985 -0.827326
33.1721 -5.40446 0.310285 -0.613482 -0.849406
33.4533 -5.6364 0.275416 -0.57468 -0.929654
33.7345 -5.63489 0.234531 -0.509831 -0.940977
33.4533 -5.40313 0.288297 -0.587763 -0.868868
33.7345 -5.40167 0.242796 -0.514125 -0.889797
34.0157 -6.09951 0.163142 -0.432539 -0.947631
34.2969 -6.09757 0.0961297 -0.325594 -0.939583
34.0157 -5.86638 0.176427 -0.415545 -0.965383
34.2969 -5.8645 0.100342 -0.309873 -0.959352
34.5781 -6.09548 0.0153701 -0.20468 -0.925756
34.8594 -6.09325 -0.0419174 -0.0999683 -0.925751
34.5782 -5.86249 0.0166092 -0.197932 -0.957392
34.8594 -5.86033 -0.0554333 -0.109061 -0.956175
34.0157 -5.63323 0.173467 -0.414301 -0.946428
34.297 -5.63143 0.0995942 -0.309806 -0.947352
34.0158 -5.40008 0.184638 -0.41434 -0.895228
34.297 -5.39836 0.108748 -0.30289 -0.903478
34.5782 -5.62949 0.019088 -0.201607 -0.951965
34.8594 -5.62742 -0.0485298 -0.110019 -0.959585
34.5782 -5.39651 0.0374623 -0.204816 -0.913375
34.8594 -5.39452 -0.0371715 -0.111582 -0.933591
32.8908 -5.17229 0.297789 -0.58938 -0.748612
33.1721 -5.17114 0.323111 -0.627647 -0.768086
32.8908 -4.93892 0.31696 -0.598094 -0.643539
33.1721 -4.93783 0.343608 -0.634843 -0.667532
33.4533 -5.16987 0.305448 -0.593417 -0.789236
33.7345 -5.16848 0.266408 -0.516195 -0.806083
33.4533 -4.93662 0.327632 -0.599077 -0.685495
33.7346 -4.93529 0.280924 -0.51904 -0.701698
32.8909 -4.70556 0.340192 -0.608339 -0.520729
33.1721 -4.70452 0.365443 -0.640835 -0.540052
32.8909 -4.4722 0.360812 -0.615049 -0.381514
33.1721 -4.47121 0.385663 -0.651062 -0.405406
33.4533 -4.70337 0.344113 -0.605943 -0.561262
33.7346 -4.7021 0.298936 -0.525291 -0.582738
33.4533 -4.47012 0.368463 -0.616839 -0.437488
33.7346 -4.46891 0.320457 -0.536657 -0.468202
34.0158 -5.16695 0.199445 -0.413328 -0.820196
34.297 -5.1653 0.113836 -0.302488 -0.824539
34.0158 -4.93384 0.201788 -0.412724 -0.709341
34.297 -4.93226 0.123294 -0.300896 -0.710587
34.5782 -5.16353 0.0454754 -0.211881 -0.829746
34.8594 -5.16163 -0.0221216 -0.11077 -0.834883
34.5782 -4.93056 0.0613775 -0.203733 -0.711235
34.8594 -4.92876 -0.000509491 -0.0979833 -0.711928
34.0158 -4.70072 0.214493 -0.410695 -0.595943
34.297 -4.69922 0.132646 -0.297569 -0.602277
34.0158 -4.4676 0.232977 -0.417626 -0.501657
34.2971 -4.46618 0.14046 -0.290069 -0.515354
34.5782 -4.6976 0.0724331 -0.199192 -0.602145
34.8594 -4.69587 -0.00678634 -0.0908798 -0.597584
34.5782 -4.46465 0.084327 -0.196171 -0.514571
34.8594 -4.46301 0.00407771 -0.0763039 -0.502285
