26.1407 -0.504461 0.0227782 -0.0260902 0.937075
26.422 -0.504678 0.026371 -0.0445962 0.910799
26.1407 -0.2716 0.0228919 -0.0402182 1.2973
26.422 -0.271732 0.043445 -0.0723313 1.27805
26.7033 -0.504882 -0.00940961 0.0213704 0.851983
26.9847 -0.505072 -0.0691273 0.143671 0.760849
26.7033 -0.271857 0.0220768 -0.0250501 1.22539
26.9846 -0.271974 -0.0305193 0.0834248 1.15773
26.1407 -0.0387372 0.0252642 -0.0461223 1.72032
26.422 -0.0387848 0.0539969 -0.0986309 1.69616
26.1407 0.194126 0.0283627 -0.0516897 2.18155
26.422 0.194162 0.0690646 -0.142737 2.14204
26.7033 -0.0388318 0.0478263 -0.0783736 1.64784
26.9846 -0.0388797 -0.00112122 0.0040765 1.55157
26.7033 0.194192 0.051253 -0.131342 2.09206
26.9846 0.194219 0.0247346 -0.0730173 2.00901
27.266 -0.50525 -0.155895 0.318802 0.653549
27.5473 -0.50542 -0.256506 0.50422 0.490666
27.2659 -0.272088 -0.107993 0.220496 1.02759
27.5472 -0.272198 -0.207543 0.38874 0.891086
27.8286 -0.505578 -0.368225 0.69748 0.316901
28.1098 -0.505719 -0.455072 0.854888 0.131088
27.8285 -0.272296 -0.298573 0.565721 0.722669
28.1098 -0.272388 -0.391705 0.744651 0.562077
27.2659 -0.0389246 -0.0617282 0.121165 1.44648
27.5472 -0.0389669 -0.14375 0.277755 1.30405
27.2659 0.194241 -0.0271069 0.0231543 1.87952
27.5472 0.19426 -0.0883577 0.149007 1.73479
27.8285 -0.0390099 -0.241176 0.455917 1.14692
28.1098 -0.0390515 -0.331978 0.616775 0.970037
27.8285 0.194275 -0.171713 0.320333 1.55676
28.1097 0.194286 -0.268359 0.517062 1.37216
26.1407 0.426985 -0.001556 -0.065575 2.65178
26.422 0.427106 0.0418614 -0.177355 2.62872
26.1407 0.659849 0.00428991 -0.106784 3.13587
26.422 0.660058 0.0700847 -0.215125 3.11598
26.7033 0.427219 0.0698089 -0.200143 2.57015
26.9846 0.42732 0.05782 -0.15843 2.47597
26.7033 0.660249 0.0795954 -0.248096 3.04003
26.9845 0.660424 0.0813309 -0.265848 2.93912
26.1406 0.892715 -0.00648859 -0.104001 3.57068
26.4219 0.89301 0.0724465 -0.252427 3.53718
26.1406 1.12558 -0.00637997 -0.130547 3.87731
26.4219 1.12596 0.0717456 -0.305689 3.82833
26.7032 0.893285 0.121 -0.33532 3.46331
26.9845 0.893536 0.130297 -0.376724 3.33456
26.7032 1.12632 0.0961864 -0.431835 3.7565
26.9845 1.12665 0.16782 -0.507764 3.60876
27.2659 0.427411 0.026515 -0.0922217 2.34359
27.5471 0.427491 -0.0312743 0.0164381 2.16305
27.2658 0.660583 0.0536894 -0.234643 2.77066
27.5471 0.660727 0.0243456 -0.155628 2.58166
27.8284 0.427561 -0.117395 0.167712 1.96097
28.1097 0.42762 -0.20457 0.329427 1.74082
27.8284 0.660857 -0.0232738 -0.00690732 2.34722
28.1097 0.66097 -0.100524 0.156884 2.1069
27.2658 0.893767 0.130116 -0.37606 3.16033
27.5471 0.893977 0.113934 -0.314404 2.9426
27.2658 1.12695 0.207419 -0.530756 3.42888
27.547 1.12723 0.221364 -0.522558 3.1616
27.8284 0.894163 0.0680993 -0.232733 2.65558
28.1096 0.894324 -0.0131253 -0.0729415 2.35608
27.8283 1.12748 0.186035 -0.449712 2.87623
28.1096 1.12769 0.110044 -0.35009 2.49685
28.3911 -0.505849 -0.549757 1.04248 -0.0273376
28.6724 -0.505971 -0.595652 1.1819 -0.192947
28.3911 -0.272469 -0.471201 0.915862 0.406145
28.6724 -0.272548 -0.583232 1.08762 0.260568
28.9537 -0.506059 -0.711647 1.3194 -0.257271
29.2349 -0.506123 -0.876938 1.36779 -0.258772
28.9537 -0.272607 -0.64722 1.30017 0.161056
29.2349 -0.272624 -0.787971 1.38864 0.103368
28.3911 -0.0390912 -0.433921 0.81414 0.803573
28.6723 -0.0391229 -0.538166 0.976896 0.682985
28.391 0.19429 -0.359565 0.684937 1.20698
28.6723 0.194289 -0.473236 0.885025 1.02729
28.9536 -0.0391623 -0.64314 1.23215 0.57731
29.2349 -0.0392115 -0.728651 1.38906 0.520864
28.9536 0.194277 -0.608904 1.10485 0.917809
29.2348 0.194252 -0.711863 1.30612 0.837163
29.5162 -0.506207 -0.813439 1.42827 -0.261526
29.7975 -0.506304 -0.701779 1.29231 -0.277548
29.5161 -0.272681 -0.854921 1.35505 0.218338
29.7974 -0.27278 -0.725835 1.28392 0.158067
30.0787 -0.506373 -0.519468 0.929964 -0.231108
30.3599 -0.506409 -0.332606 0.569068 -0.2137
30.0787 -0.272847 -0.514011 0.907426 0.192291
30.3599 -0.272893 -0.305436 0.538593 0.196054
29.5161 -0.0392314 -0.925586 1.32743 0.517522
29.7974 -0.0392308 -0.719429 1.30334 0.557263
29.5161 0.19425 -0.882991 1.37191 0.782994
29.7974 0.194292 -0.517572 1.34572 0.751949
30.0786 -0.0392775 -0.565544 0.901432 0.570012
30.3599 -0.0393538 -0.282213 0.496282 0.50685
30.0785 0.194274 -0.469499 0.790455 0.812745
30.3598 0.194189 -0.245666 0.492613 0.667269
28.391 0.427667 -0.316418 0.534624 1.52801
28.6723 0.427705 -0.408242 0.764519 1.33529
28.3909 0.661063 -0.203673 0.354942 1.81558
28.6722 0.661135 -0.357681 0.589697 1.54998
28.9535 0.427728 -0.57748 0.994342 1.14169
29.2348 0.427737 -0.707684 1.22543 1.01259
28.9535 0.661192 -0.50678 0.809254 1.29366
29.2347 0.661238 -0.625377 1.09807 1.08875
28.3909 0.894466 -0.112711 0.123467 2.01256
28.6722 0.894587 -0.232593 0.350492 1.68603
28.3909 1.12788 0.0225739 -0.154707 2.12853
28.6721 1.12805 -0.0818506 0.0843074 1.71734
28.9535 0.894687 -0.368868 0.629574 1.35271
29.2347 0.894762 -0.517165 0.902067 1.04022
28.9534 1.12819 -0.230686 0.366084 1.33229
29.2347 1.1283 -0.372412 0.629348 0.92871
29.5161 0.427731 -0.818504 1.32329 0.870012
29.7974 0.42769 -0.611096 1.30034 0.804263
29.516 0.661258 -0.716985 1.24318 0.891524
29.7972 0.661238 -0.643756 1.12981 0.695789
30.0784 0.427685 -0.554599 0.678143 0.837557
30.3597 0.427707 -0.235709 0.425122 0.691354
30.0785 0.661235 -0.485001 0.756401 0.581263
30.3597 0.661259 -0.21486 0.345075 0.481602
29.5159 0.894818 -0.609624 1.06472 0.743474
29.7972 0.894862 -0.54916 0.968155 0.464367
29.5159 1.12838 -0.476442 0.819626 0.546042
29.7972 1.12843 -0.450355 0.803035 0.206528
30.0785 0.894865 -0.402864 0.67382 0.298908
30.3597 0.894834 -0.191425 0.306756 0.186286
30.0784 1.12847 -0.321944 0.547255 -0.0308832
30.3597 1.12846 -0.166236 0.263309 -0.0597389
