30.6408 -7.97957 -0.789928 1.27075 -0.163592
30.9221 -7.97937 -0.47112 0.764494 -0.38391
30.6408 -7.74602 -0.742516 1.14893 -0.446119
30.9221 -7.74585 -0.411775 0.592208 -0.613728
31.2033 -7.979 -0.2381 0.210095 -0.615052
31.4845 -7.97844 -0.028993 -0.174102 -0.806764
31.2033 -7.74549 -0.164324 0.0728417 -0.774083
31.4845 -7.74496 0.0573073 -0.250441 -0.915314
30.6408 -7.51247 -0.701469 1.03883 -0.746179
30.9221 -7.51231 -0.408182 0.49726 -0.852869
30.6408 -7.27891 -0.691232 0.972122 -1.02231
30.9221 -7.27875 -0.412592 0.453772 -1.06691
31.2033 -7.51196 -0.119938 -0.00737297 -0.93203
31.4845 -7.51141 0.0845987 -0.332874 -1.01151
31.2033 -7.2784 -0.10352 -0.0404589 -1.09213
31.4845 -7.27785 0.0785485 -0.336138 -1.08875
31.7657 -7.97768 0.170991 -0.403984 -0.909119
32.0469 -7.97668 0.214774 -0.477676 -1.03939
31.7657 -7.7442 0.178501 -0.436305 -1.00845
32.0469 -7.74322 0.129695 -0.495889 -0.989998
32.3282 -7.9755 0.143791 -0.522359 -0.995324
32.6094 -7.97415 0.174922 -0.564985 -0.993719
32.3282 -7.74208 0.135602 -0.53076 -0.985205
32.6094 -7.74075 0.170872 -0.546021 -0.961549
31.7657 -7.51067 0.115809 -0.458926 -1.00069
32.047 -7.50975 0.114786 -0.485664 -0.969162
31.7658 -7.27714 0.0859177 -0.413552 -1.02059
32.047 -7.27626 0.140456 -0.454235 -0.968827
32.3282 -7.50865 0.150974 -0.503115 -0.963447
32.6095 -7.50737 0.189178 -0.520914 -0.961362
32.3282 -7.2752 0.179467 -0.467587 -0.953047
32.6095 -7.27397 0.198442 -0.507979 -0.944339
30.6409 -7.04536 -0.719658 0.952542 -1.33368
30.9221 -7.0452 -0.424129 0.442157 -1.30596
30.6409 -6.81182 -0.788848 0.982169 -1.62237
30.9221 -6.81165 -0.497685 0.468484 -1.52764
31.2033 -7.04484 -0.14754 -0.0198926 -1.27327
31.4845 -7.0443 -0.0335223 -0.290101 -1.15289
31.2033 -6.81131 -0.231973 0.0528225 -1.3761
31.4846 -6.8108 -0.0649062 -0.157865 -1.18152
30.6409 -6.57829 -0.894917 1.04595 -1.83613
30.9221 -6.57812 -0.590852 0.577801 -1.6635
30.6409 -6.34479 -0.990956 1.18741 -1.88839
30.9221 -6.34462 -0.673969 0.759809 -1.64481
31.2033 -6.57779 -0.339105 0.207622 -1.42529
31.4846 -6.57731 -0.15599 -0.0133768 -1.20907
31.2033 -6.3443 -0.430813 0.402206 -1.39187
31.4846 -6.34382 -0.22361 0.113658 -1.18719
31.7658 -7.04362 0.0332907 -0.362473 -1.03618
32.047 -7.04277 0.116762 -0.419012 -0.968245
31.7658 -6.81014 0.0248869 -0.247877 -1.03814
32.047 -6.80931 0.100496 -0.372904 -0.963875
32.3283 -7.04175 0.152163 -0.462578 -0.931792
32.6095 -7.04056 0.188329 -0.508208 -0.920809
32.3283 -6.80832 0.142247 -0.438818 -0.918937
32.6095 -6.80716 0.190243 -0.504952 -0.905155
31.7658 -6.57666 -0.0240558 -0.186386 -1.05505
32.047 -6.57586 0.0680861 -0.31504 -0.966855
31.7658 -6.34319 -0.0699455 -0.0974457 -1.04831
32.047 -6.34241 0.0399218 -0.261508 -0.963237
32.3283 -6.57489 0.13948 -0.415265 -0.913132
32.6095 -6.57377 0.196227 -0.493071 -0.898461
32.3283 -6.34147 0.129414 -0.391803 -0.917486
32.6095 -6.34038 0.193092 -0.486497 -0.901638
32.8907 -7.97262 0.18613 -0.576277 -0.954466
33.172 -7.9709 0.203998 -0.571316 -0.944107
32.8907 -7.73926 0.191512 -0.55724 -0.959763
33.172 -7.73759 0.21264 -0.558131 -0.9493
33.4533 -7.96899 0.207722 -0.554249 -0.931306
33.7345 -7.96688 0.203491 -0.553778 -0.930823
33.4533 -7.73573 0.192883 -0.566658 -0.965692
33.7345 -7.73369 0.201609 -0.546225 -0.966888
32.8907 -7.50591 0.204367 -0.541503 -0.956977
33.172 -7.50429 0.220917 -0.565394 -0.973032
32.8907 -7.27256 0.215803 -0.543181 -0.945792
33.172 -7.27098 0.224093 -0.568502 -0.954805
33.4533 -7.50249 0.219808 -0.548756 -0.976058
33.7345 -7.50051 0.220538 -0.531226 -0.980537
33.4532 -7.26923 0.220452 -0.553348 -0.967373
33.7345 -7.26731 0.217159 -0.535326 -0.968951
34.0157 -7.96458 0.230465 -0.578552 -0.903616
34.297 -7.96209 0.250584 -0.576974 -0.855216
34.0157 -7.73147 0.226289 -0.545044 -0.950396
34.2969 -7.72904 0.205014 -0.52122 -0.884676
34.5782 -7.95941 0.205859 -0.479652 -0.783847
34.8594 -7.95656 0.0305786 -0.211518 -0.76022
34.5782 -7.72644 0.163557 -0.43563 -0.801891
34.8594 -7.72367 0.0342867 -0.209933 -0.750668
34.0157 -7.49834 0.20939 -0.51923 -0.964174
34.2969 -7.496 0.181793 -0.463592 -0.91141
34.0157 -7.2652 0.19271 -0.493815 -0.952705
34.2969 -7.26293 0.147919 -0.420865 -0.910854
34.5782 -7.49347 0.131167 -0.370111 -0.822776
34.8594 -7.49076 -0.000749407 -0.195989 -0.747719
34.5782 -7.26048 0.0884054 -0.314604 -0.845067
34.8594 -7.25785 -0.00929733 -0.158617 -0.781779
32.8907 -7.0392 0.21897 -0.551245 -0.925002
33.172 -7.03767 0.234841 -0.568311 -0.935438
32.8907 -6.80584 0.223837 -0.552045 -0.906331
33.172 -6.80436 0.240643 -0.571787 -0.91532
33.4532 -7.03597 0.232073 -0.554707 -0.947042
33.7345 -7.0341 0.212306 -0.528021 -0.945567
33.4533 -6.8027 0.232715 -0.56355 -0.922122
33.7345 -6.80089 0.202581 -0.520788 -0.91901
32.8907 -6.57249 0.23402 -0.549141 -0.898953
33.172 -6.57105 0.248557 -0.572491 -0.906015
32.8908 -6.33914 0.237372 -0.553423 -0.904231
33.172 -6.33774 0.25377 -0.579132 -0.913313
33.4533 -6.56945 0.239182 -0.562926 -0.912972
33.7345 -6.56769 0.206734 -0.512456 -0.915902
33.4533 -6.33619 0.241633 -0.56552 -0.921676
33.7345 -6.33449 0.208336 -0.507328 -0.923309
34.0157 -7.03206 0.182991 -0.470712 -0.932639
34.2969 -7.02985 0.13332 -0.387194 -0.899541
34.0157 -6.79891 0.170296 -0.458087 -0.910551
34.2969 -6.79677 0.115706 -0.370428 -0.89055
34.5781 -7.02748 0.0624312 -0.271198 -0.857998
34.8594 -7.02493 -0.0313113 -0.129848 -0.81921
34.5781 -6.79447 0.0330933 -0.252049 -0.859381
34.8594 -6.792 -0.0478895 -0.122512 -0.839075
34.0157 -6.56578 0.173276 -0.435721 -0.909178
34.2969 -6.5637 0.116143 -0.347221 -0.892331
34.0157 -6.33264 0.169305 -0.431422 -0.92195
34.2969 -6.33063 0.0999589 -0.333572 -0.910858
34.5781 -6.56147 0.0445021 -0.226152 -0.865036
34.8594 -6.55908 -0.039463 -0.102042 -0.849192
34.5781 -6.32848 0.0247359 -0.215793 -0.895342
34.8594 -6.32617 -0.0495354 -0.105484 -0.878809
