26.1406 3.2213 0.0145482 -0.302678 2.13811
26.4219 3.22246 0.250871 -0.782996 2.11018
26.1406 3.45415 0.023272 -0.308581 1.85039
26.4219 3.45539 0.274044 -0.803125 1.8287
26.7032 3.22353 0.479668 -1.21961 2.05979
26.9844 3.22453 0.700687 -1.62861 1.97401
26.7031 3.45655 0.509842 -1.25719 1.78767
26.9844 3.45762 0.73205 -1.6861 1.72641
26.1406 3.68699 0.0368725 -0.311425 1.57292
26.4219 3.68832 0.292259 -0.819163 1.55639
26.1406 3.91984 0.0533725 -0.308559 1.29936
26.4219 3.92125 0.312005 -0.825946 1.2861
26.7031 3.68956 0.533903 -1.28113 1.52528
26.9844 3.69071 0.767341 -1.72194 1.48024
26.7031 3.92257 0.557007 -1.29963 1.26469
26.9844 3.92379 0.791037 -1.74736 1.23186
27.2657 3.22546 0.913008 -1.99991 1.86995
27.5469 3.2263 1.09763 -2.3255 1.73397
27.2656 3.45861 0.952799 -2.0803 1.64462
27.5469 3.45951 1.1558 -2.41804 1.54366
27.8282 3.22707 1.2638 -2.5758 1.56704
28.1094 3.22775 1.3636 -2.73819 1.36262
27.8281 3.46034 1.32069 -2.69258 1.41219
28.1094 3.46107 1.44958 -2.88168 1.25272
27.2656 3.69176 0.988651 -2.13001 1.42121
27.5469 3.69273 1.19268 -2.49032 1.34536
27.2656 3.92492 1.02616 -2.16466 1.1906
27.5469 3.92595 1.22845 -2.53442 1.13518
27.8281 3.69361 1.37971 -2.77925 1.24761
28.1094 3.6944 1.51401 -2.99191 1.12944
27.8281 3.92689 1.41896 -2.8447 1.06899
28.1094 3.92773 1.56539 -3.07644 0.978954
26.1406 4.15269 0.0674751 -0.3089 1.02474
26.4219 4.15419 0.331418 -0.829231 1.01671
26.1406 4.38553 0.0834575 -0.302597 0.750563
26.4219 4.38712 0.350245 -0.828502 0.738324
26.7031 4.15558 0.575704 -1.31195 0.998697
26.9844 4.15688 0.819697 -1.76408 0.978637
26.7031 4.3886 0.59398 -1.31843 0.729509
26.9843 4.38997 0.839763 -1.76792 0.710844
26.1406 4.61838 0.102229 -0.294182 0.466383
26.4218 4.62005 0.369434 -0.822027 0.461688
26.1406 4.85123 0.126058 -0.287663 0.159889
26.4218 4.85298 0.391858 -0.819175 0.153242
26.7031 4.62161 0.619473 -1.31294 0.447616
26.9843 4.62306 0.859711 -1.76924 0.441922
26.7031 4.85463 0.643101 -1.30602 0.150297
26.9843 4.85615 0.882573 -1.76478 0.143184
27.2656 4.15807 1.04498 -2.18638 0.944827
27.5468 4.15917 1.26075 -2.5652 0.909336
27.2656 4.39123 1.0677 -2.19906 0.690917
27.5468 4.39239 1.2871 -2.5814 0.667
27.8281 4.16016 1.45169 -2.88521 0.861934
28.1093 4.16106 1.60382 -3.13301 0.800922
27.8281 4.39345 1.47631 -2.90871 0.638641
28.1093 4.39439 1.64592 -3.15962 0.599426
27.2656 4.62439 1.09041 -2.1992 0.425715
27.5468 4.62562 1.30576 -2.5858 0.413061
27.2655 4.85756 1.11285 -2.19536 0.13853
27.5468 4.85885 1.33436 -2.57879 0.130979
27.828 4.62673 1.50354 -2.91256 0.395493
28.1093 4.62773 1.67406 -3.17297 0.380384
27.828 4.86002 1.53739 -2.91014 0.131303
28.1093 4.86107 1.68691 -3.17401 0.120777
28.3907 3.22836 1.4192 -2.77164 1.12464
28.6719 3.22889 1.38836 -2.65277 0.83901
28.3906 3.46173 1.51042 -2.94725 1.05161
28.6719 3.4623 1.49644 -2.84791 0.820597
28.9532 3.22934 1.264 -2.37159 0.531698
29.2345 3.22972 1.08261 -1.96893 0.211605
28.9532 3.46278 1.3831 -2.58951 0.54244
29.2344 3.46318 1.21206 -2.20051 0.251027
28.3906 3.6951 1.59096 -3.08622 0.970546
28.6719 3.69571 1.59355 -3.01475 0.778568
28.3906 3.92847 1.65292 -3.19296 0.859487
28.6719 3.92913 1.6659 -3.15089 0.71931
28.9532 3.69623 1.4925 -2.77966 0.55732
29.2344 3.69666 1.31544 -2.40211 0.301411
28.9531 3.92968 1.58013 -2.93667 0.535673
29.2344 3.93014 1.41208 -2.57868 0.330749
29.5157 3.23001 0.866516 -1.51946 -0.124604
29.797 3.23023 0.639356 -1.07018 -0.416842
29.5157 3.4635 0.980355 -1.74162 -0.0440793
29.7969 3.46374 0.75191 -1.27271 -0.321084
30.0782 3.23038 0.424815 -0.666469 -0.68206
30.3595 3.23044 0.231788 -0.307951 -0.8737
30.0782 3.46389 0.515154 -0.82685 -0.573067
30.3594 3.46396 0.298764 -0.425317 -0.774245
29.5157 3.697 1.09641 -1.94501 0.0390454
29.7969 3.69726 0.848397 -1.46167 -0.2176
29.5156 3.93051 1.19271 -2.12595 0.110825
29.7969 3.93078 0.937621 -1.63455 -0.121733
30.0782 3.69742 0.602301 -0.992691 -0.44952
30.3594 3.69749 0.37199 -0.557473 -0.650052
30.0781 3.93096 0.687225 -1.14748 -0.326307
30.3594 3.93103 0.441126 -0.681217 -0.509398
28.3906 4.16185 1.70476 -3.26951 0.722544
28.6718 4.16255 1.7231 -3.24842 0.618281
28.3906 4.39523 1.73195 -3.32127 0.551814
28.6718 4.39597 1.76105 -3.3139 0.485525
28.9531 4.16314 1.64842 -3.05862 0.491908
29.2343 4.16363 1.49033 -2.72109 0.323259
28.9531 4.3966 1.70652 -3.14177 0.392415
29.2343 4.39712 1.54786 -2.82832 0.286245
28.3905 4.62862 1.76374 -3.34087 0.345821
28.6718 4.62939 1.78242 -3.35105 0.31123
28.3905 4.86201 1.7941 -3.33593 0.112428
28.6718 4.86283 1.81119 -3.36132 0.101402
28.953 4.63006 1.74985 -3.1931 0.259276
29.2343 4.63062 1.58484 -2.90093 0.19366
28.953 4.86353 1.77064 -3.2128 0.0843475
29.2343 4.86412 1.61288 -2.93231 0.0578808
29.5156 4.16402 1.27153 -2.2797 0.141518
29.7968 4.16431 1.01876 -1.7867 -0.0449483
29.5156 4.39754 1.33069 -2.40004 0.148626
29.7968 4.39785 1.08742 -1.90608 0.00358467
30.0781 4.1645 0.762717 -1.27684 -0.216989
30.3593 4.16459 0.508135 -0.806573 -0.378999
30.078 4.39805 0.829562 -1.39246 -0.131192
30.3593 4.39815 0.552691 -0.901876 -0.247703
29.5155 4.63106 1.38673 -2.48177 0.110806
29.7968 4.63139 1.13996 -1.99166 0.0308576
29.5155 4.86458 1.42917 -2.52115 0.0322618
29.7967 4.86493 1.16341 -2.03192 0.00514925
30.078 4.63161 0.859488 -1.46752 -0.0704864
30.3593 4.63171 0.588237 -0.971641 -0.141023
30.078 4.86517 0.874328 -1.50855 -0.0272608
30.3592 4.86528 0.600406 -1.00533 -0.0513699
