26.1406 -6.09401 -0.207649 0.0750892 -1.46572
26.4219 -6.09618 -0.38497 0.408839 -1.47237
26.1406 -5.86111 -0.181745 0.0848104 -1.29131
26.4219 -5.8632 -0.345203 0.403342 -1.2947
26.7032 -6.09822 -0.584937 0.804066 -1.49145
26.9845 -6.1001 -0.831277 1.2724 -1.53402
26.7032 -5.86515 -0.556074 0.80313 -1.30384
26.9845 -5.86696 -0.788528 1.24892 -1.32918
26.1406 -5.6282 -0.170782 0.105208 -1.07926
26.4219 -5.63021 -0.341331 0.433631 -1.07519
26.1407 -5.39529 -0.146166 0.113897 -0.883017
26.422 -5.39722 -0.311463 0.457625 -0.875831
26.7033 -5.63208 -0.539307 0.798557 -1.08697
26.9846 -5.63382 -0.753135 1.24311 -1.07075
26.7033 -5.39902 -0.500388 0.810637 -0.836927
26.9846 -5.40069 -0.717009 1.26823 -0.842496
27.2658 -6.10184 -1.11079 1.80112 -1.62602
27.5471 -6.10344 -1.40544 2.32529 -1.75435
27.2659 -5.86863 -1.05403 1.72781 -1.39066
27.5472 -5.87016 -1.34103 2.24114 -1.50963
27.8284 -6.10488 -1.6611 2.74814 -1.89773
28.1097 -6.10618 -1.82646 3.02725 -1.99165
27.8285 -5.87156 -1.59356 2.65935 -1.65861
28.1097 -5.87281 -1.7752 2.95942 -1.80626
27.2659 -5.63542 -1.01265 1.68435 -1.10446
27.5472 -5.6369 -1.24233 2.14363 -1.18716
27.2659 -5.40222 -0.959983 1.68928 -0.819644
27.5472 -5.40362 -1.18813 2.16114 -0.804183
27.8285 -5.63823 -1.50233 2.58637 -1.33862
28.1098 -5.63943 -1.69148 2.86823 -1.45619
27.8285 -5.4049 -1.42452 2.49904 -0.87061
28.1098 -5.40606 -1.64047 2.77986 -0.951054
26.1407 -5.16238 -0.130122 0.131377 -0.658652
26.422 -5.16423 -0.300066 0.479231 -0.646259
26.1407 -4.92946 -0.11421 0.147439 -0.43563
26.422 -4.93122 -0.295441 0.517341 -0.413553
26.7033 -5.16595 -0.49883 0.861076 -0.619693
26.9846 -5.16754 -0.714863 1.30125 -0.54879
26.7033 -4.93287 -0.497454 0.925704 -0.35711
26.9846 -4.93439 -0.722561 1.37816 -0.279885
26.1407 -4.69654 -0.101779 0.173156 -0.195723
26.422 -4.69822 -0.291317 0.554282 -0.163752
26.1407 -4.46362 -0.0888808 0.191946 0.0519205
26.422 -4.46521 -0.29494 0.61316 0.0986469
26.7033 -4.69978 -0.510176 1.00518 -0.0798532
26.9846 -4.70123 -0.739763 1.46225 -0.0520123
26.7033 -4.4667 -0.52145 1.0639 0.154341
26.9846 -4.46808 -0.760256 1.5651 0.257094
27.2659 -5.16901 -0.952346 1.75256 -0.479352
27.5472 -5.17036 -1.13979 2.18717 -0.43936
27.2659 -4.93579 -0.950882 1.83505 -0.187585
27.5472 -4.93709 -1.17153 2.24294 -0.0735814
27.8285 -5.17159 -1.34939 2.48702 -0.401619
28.1098 -5.17269 -1.53285 2.74856 -0.422495
27.8285 -4.93825 -1.32999 2.56629 0.00861005
28.1098 -4.9393 -1.48258 2.76389 0.0705102
27.2659 -4.70257 -0.980828 1.9256 0.156753
27.5473 -4.7038 -1.17594 2.35325 0.255911
27.266 -4.46936 -1.01193 2.00546 0.352447
27.5473 -4.47052 -1.20819 2.42953 0.415473
27.8286 -4.70492 -1.34101 2.62032 0.339914
28.1099 -4.70592 -1.47069 2.77387 0.411147
27.8286 -4.47158 -1.36706 2.67088 0.493663
28.1099 -4.47253 -1.45851 2.80418 0.562329
28.391 -6.10734 -1.90868 3.1527 -2.09332
28.6723 -6.10834 -1.97956 3.22495 -2.21348
28.391 -5.87391 -1.88753 3.09108 -1.89945
28.6723 -5.87488 -1.9023 3.17091 -1.98778
28.9535 -6.1092 -2.03494 3.19244 -2.31052
29.2348 -6.10991 -2.02865 3.04035 -2.38455
28.9535 -5.8757 -2.03544 3.07225 -2.07594
29.2348 -5.87639 -1.99565 2.99864 -2.15549
28.3911 -5.6405 -1.77575 3.06429 -1.61371
28.6723 -5.64143 -1.85576 3.11349 -1.67066
28.3911 -5.40708 -1.66848 3.00579 -1.13382
28.6723 -5.40797 -1.81349 3.02099 -1.24374
28.9536 -5.64223 -1.90782 3.07888 -1.78769
29.2348 -5.64287 -1.93931 2.94219 -1.85704
28.9536 -5.40873 -1.79466 3.06218 -1.37839
29.2349 -5.40936 -1.94267 2.93643 -1.41011
29.5161 -6.11048 -1.91439 2.85672 -2.3987
29.7973 -6.11093 -1.54539 2.60429 -2.29304
29.5161 -5.87694 -1.88897 2.87853 -2.1776
29.7973 -5.87735 -1.75531 2.68233 -2.15332
30.0785 -6.11119 -1.53179 2.26008 -2.17766
30.3597 -6.11129 -1.31191 1.84556 -1.99954
30.0786 -5.87762 -1.53039 2.38128 -2.05875
30.3598 -5.87773 -1.30267 2.01731 -1.883
29.5161 -5.64339 -1.84827 2.88072 -1.90148
29.7974 -5.64377 -1.76615 2.74089 -1.9103
29.5161 -5.40985 -1.80309 2.8796 -1.57748
29.7974 -5.41022 -1.64483 2.80545 -1.59433
30.0786 -5.64402 -1.67808 2.46464 -1.83191
30.3598 -5.64415 -1.42425 2.15667 -1.72786
30.0786 -5.41046 -1.63293 2.55777 -1.59352
30.3598 -5.41057 -1.50513 2.28464 -1.49652
28.3911 -5.17366 -1.58984 2.89887 -0.515776
28.6724 -5.17451 -1.6706 2.95966 -0.658446
28.3911 -4.94023 -1.55996 2.84815 0.049895
28.6724 -4.94103 -1.53625 2.96212 -0.00864844
28.9537 -5.17523 -1.63157 3.01197 -0.779359
29.2349 -5.17583 -1.79878 2.76805 -0.905083
28.9537 -4.94174 -1.58143 2.84471 -0.147658
29.2349 -4.94231 -1.62222 2.7174 -0.34874
28.3912 -4.7068 -1.50611 2.84491 0.420879
28.6725 -4.70757 -1.42658 2.92214 0.366398
28.3912 -4.47337 -1.43807 2.92784 0.620672
28.6725 -4.47411 -1.46881 2.88719 0.58931
28.9537 -4.70824 -1.56589 2.74743 0.307746
29.2349 -4.70877 -1.50206 2.64753 0.155115
28.9537 -4.47474 -1.50731 2.67696 0.566201
29.235 -4.47525 -1.43864 2.56376 0.425447
29.5162 -5.17631 -1.72983 2.85894 -1.06155
29.7974 -5.17666 -1.63748 2.76969 -1.15146
29.5162 -4.94275 -1.62047 2.78881 -0.488974
29.7975 -4.94309 -1.56957 2.69103 -0.664216
30.0787 -5.17689 -1.56731 2.61081 -1.22155
30.3599 -5.177 -1.49361 2.34466 -1.20681
30.0787 -4.94331 -1.5473 2.57573 -0.768569
30.3599 -4.9434 -1.48505 2.37078 -0.826213
29.5162 -4.7092 -1.48314 2.68138 -0.0132359
29.7975 -4.70952 -1.48301 2.62194 -0.219813
29.5163 -4.47565 -1.39676 2.55413 0.280974
29.7975 -4.47596 -1.34402 2.50241 0.0714782
30.0787 -4.70972 -1.47792 2.50075 -0.36417
30.3599 -4.70981 -1.4169 2.34388 -0.486581
30.0787 -4.47614 -1.39508 2.38937 -0.0715043
30.3599 -4.47623 -1.3574 2.26288 -0.232209
