30.6413 -2.37428 -0.98465 1.45489 -2.86471
30.9225 -2.37421 -0.942427 1.30743 -2.96117
30.6413 -2.14082 -0.924601 1.33907 -3.06027
30.9224 -2.14075 -0.898609 1.25994 -3.189
31.2036 -2.37409 -0.789023 1.06832 -2.94891
31.4848 -2.37392 -0.60029 0.743695 -2.9046
31.2036 -2.14063 -0.843093 1.05158 -3.22354
31.4848 -2.14047 -0.591557 0.779739 -3.16667
30.6413 -1.90734 -0.874017 1.19343 -3.06193
30.9224 -1.90729 -0.798605 1.18685 -3.23054
30.6413 -1.67387 -0.729291 1.0946 -2.86394
30.9224 -1.67381 -0.741775 1.06093 -3.05079
31.2036 -1.90718 -0.771684 1.06021 -3.31863
31.4848 -1.90703 -0.64833 0.830104 -3.30703
31.2036 -1.67372 -0.742548 0.967829 -3.20282
31.4848 -1.67358 -0.64534 0.847571 -3.2451
31.766 -2.37369 -0.495786 0.474601 -2.75249
32.0472 -2.37341 -0.234239 0.326464 -2.61994
31.7659 -2.14026 -0.503861 0.571493 -3.04552
32.0472 -2.14 -0.36939 0.385731 -2.88215
32.3284 -2.37308 -0.0488307 0.15127 -2.44959
32.6097 -2.37266 -0.0191496 -0.0228382 -2.32123
32.3285 -2.13969 -0.245873 0.200017 -2.67986
32.6098 -2.13932 -0.132961 0.0347236 -2.4806
31.7659 -1.90683 -0.558705 0.60986 -3.19324
32.0472 -1.9066 -0.441702 0.515943 -3.00665
31.7659 -1.67341 -0.624236 0.704735 -3.18169
32.0472 -1.6732 -0.505757 0.638928 -3.04572
32.3285 -1.90631 -0.328831 0.344512 -2.79416
32.6098 -1.90599 -0.219041 0.181681 -2.58768
32.3285 -1.67295 -0.41492 0.498766 -2.85272
32.6098 -1.67266 -0.302818 0.330027 -2.62297
30.6412 -1.44038 -0.645406 0.940144 -2.4825
30.9224 -1.44034 -0.613983 0.932082 -2.68047
30.6412 -1.20689 -0.525158 0.804445 -2.00389
30.9224 -1.20686 -0.517167 0.799308 -2.20104
31.2036 -1.44026 -0.634334 0.890701 -2.84039
31.4848 -1.44015 -0.592049 0.861945 -2.91451
31.2036 -1.20679 -0.528832 0.799807 -2.36196
31.4848 -1.2067 -0.553254 0.813699 -2.44845
30.6412 -0.973403 -0.411907 0.645316 -1.43407
30.9224 -0.973372 -0.425988 0.656683 -1.64166
30.6411 -0.739918 -0.324868 0.511537 -0.875664
30.9223 -0.739891 -0.327466 0.516094 -1.07149
31.2035 -0.973316 -0.472164 0.689544 -1.80256
31.4847 -0.973237 -0.489168 0.722807 -1.93714
31.2035 -0.739846 -0.375751 0.588388 -1.26023
31.4847 -0.73978 -0.415818 0.627605 -1.39457
31.7659 -1.44 -0.612015 0.773772 -2.96086
32.0472 -1.4398 -0.535753 0.719358 -2.86147
31.7659 -1.20657 -0.553621 0.715606 -2.49427
32.0472 -1.20641 -0.509211 0.713541 -2.50561
32.3285 -1.43958 -0.484238 0.634052 -2.771
32.6098 -1.43933 -0.39097 0.489748 -2.58566
32.3285 -1.20622 -0.508699 0.7046 -2.50256
32.6098 -1.206 -0.451442 0.61045 -2.42365
31.7659 -0.973133 -0.525763 0.705261 -2.01185
32.0472 -0.973001 -0.475814 0.693179 -2.0727
31.7659 -0.739697 -0.446654 0.607953 -1.53594
32.0472 -0.739596 -0.434085 0.654362 -1.59433
32.3285 -0.972847 -0.484438 0.698319 -2.10038
32.6098 -0.97267 -0.466012 0.660849 -2.12383
32.3285 -0.739477 -0.438922 0.652802 -1.67669
32.6098 -0.739339 -0.441791 0.64849 -1.74471
32.891 -2.37219 0.09288 -0.194224 -2.19373
33.1723 -2.37167 0.191402 -0.312777 -2.07726
32.8911 -2.13889 -0.102838 -0.142083 -2.2987
33.1723 -2.13842 0.0450968 -0.334045 -2.17829
33.4536 -2.37109 0.285058 -0.501566 -2.03492
33.7348 -2.37046 0.330235 -0.555445 -1.96546
33.4536 -2.1379 0.153499 -0.514785 -2.16195
33.7348 -2.13732 0.159745 -0.561053 -2.05066
32.8911 -1.90562 -0.0148564 0.0207499 -2.39101
33.1724 -1.90519 0.116917 -0.17202 -2.29083
32.8911 -1.67232 -0.165206 0.124729 -2.41571
33.1724 -1.67195 0.0136983 -0.142063 -2.25811
33.4536 -1.90472 0.154118 -0.420597 -2.1926
33.7349 -1.90421 0.202379 -0.42945 -2.05478
33.4537 -1.67154 0.181826 -0.280336 -2.15175
33.7349 -1.67109 0.192711 -0.28261 -2.01688
34.016 -2.36977 0.249527 -0.489191 -1.89416
34.2972 -2.36902 0.152515 -0.335895 -1.75324
34.016 -2.1367 0.158722 -0.396488 -1.95612
34.2972 -2.13603 0.0902899 -0.252988 -1.83288
34.5783 -2.36822 0.0572604 -0.174488 -1.65759
34.8594 -2.36736 -0.0100469 -0.0718418 -1.60185
34.5783 -2.1353 0.00958031 -0.129008 -1.74888
34.8594 -2.13452 -0.0400252 -0.0604804 -1.71149
34.016 -1.90365 0.119094 -0.294138 -1.9256
34.2972 -1.90304 0.0275993 -0.187655 -1.84229
34.016 -1.67059 0.10235 -0.209567 -1.91384
34.2972 -1.67005 0.0358804 -0.1011 -1.81839
34.5783 -1.90238 -0.0356196 -0.0936796 -1.77356
34.8594 -1.90169 -0.0544506 -0.0562195 -1.73958
34.5783 -1.66947 -0.011844 -0.0261955 -1.75904
34.8594 -1.66885 -0.0241201 -0.00846168 -1.72649
32.8911 -1.43904 -0.240328 0.261098 -2.37309
33.1724 -1.43872 -0.0564557 -0.0141347 -2.17479
32.8911 -1.20576 -0.321488 0.408889 -2.26594
33.1724 -1.20549 -0.129771 0.117816 -2.08442
33.4537 -1.43836 0.0798974 -0.214943 -2.05031
33.7349 -1.43798 0.0706121 -0.212196 -1.88436
33.4536 -1.2052 0.0298825 -0.118576 -1.91279
33.7349 -1.2049 0.0792444 -0.0901168 -1.8196
32.8911 -0.972474 -0.376656 0.51735 -2.06432
33.1724 -0.972261 -0.193694 0.235883 -1.93508
32.8911 -0.739186 -0.389109 0.559206 -1.77557
33.1724 -0.739017 -0.236696 0.321027 -1.73023
33.4536 -0.972025 -0.037158 0.000591014 -1.79187
33.7349 -0.971765 -0.00632843 -0.0414429 -1.65221
33.4536 -0.73883 -0.0957903 0.106901 -1.61682
33.7349 -0.738625 -0.0660742 0.0646522 -1.46728
34.0161 -1.43755 0.025581 -0.126858 -1.81908
34.2972 -1.43706 -0.0391807 -0.0574315 -1.71476
34.0161 -1.20453 0.0169428 0.000995813 -1.65958
34.2973 -1.20411 -0.0378031 0.00514465 -1.58483
34.5784 -1.43655 -0.0873124 -0.0225418 -1.65479
34.8594 -1.43601 -0.0680357 -0.0267095 -1.62768
34.5784 -1.20366 -0.0524876 0.0395312 -1.53573
34.8595 -1.20319 -0.0639739 0.0140858 -1.51467
34.0161 -0.971474 -0.0103474 0.0599651 -1.5336
34.2973 -0.971139 -0.0318446 0.098717 -1.4406
34.0162 -0.738385 -0.156751 0.0964205 -1.30029
34.2973 -0.738135 -0.162229 0.095298 -1.26608
34.5784 -0.970769 -0.0731448 0.067694 -1.36756
34.8595 -0.970382 -0.0582912 0.0252904 -1.3285
34.5784 -0.73788 -0.0846085 0.114857 -1.20858
34.8595 -0.737592 -0.0472973 0.055481 -1.17399
