30.6411 -0.506416 -0.226497 0.362943 -0.308669
30.9223 -0.506391 -0.227433 0.365735 -0.509224
30.6411 -0.272899 -0.160936 0.263095 0.150316
30.9223 -0.272872 -0.126846 0.210317 -0.0269843
31.2035 -0.506353 -0.275213 0.439331 -0.71908
31.4847 -0.506302 -0.335962 0.526054 -0.891733
31.2035 -0.27284 -0.177569 0.288965 -0.239967
31.4848 -0.272804 -0.248386 0.402963 -0.438105
30.6411 -0.0393736 -0.100592 0.162532 0.446034
30.9223 -0.0393511 -0.0425673 0.0681018 0.312429
30.6411 0.194161 -0.0553989 0.0968631 0.595882
30.9223 0.194177 0.0247976 -0.0392781 0.49832
31.2035 -0.0393283 -0.0876499 0.143714 0.132467
31.4848 -0.0393052 -0.162259 0.263732 -0.0475054
31.2036 0.194187 -0.014182 0.0214889 0.372969
31.4848 0.194193 -0.0878286 0.141582 0.229754
31.7659 -0.506232 -0.409702 0.54518 -1.02018
32.0472 -0.506155 -0.397843 0.530509 -1.07029
31.766 -0.272757 -0.2705 0.427172 -0.57573
32.0472 -0.272698 -0.322304 0.458739 -0.714524
32.3285 -0.506072 -0.393698 0.600709 -1.28536
32.6098 -0.505971 -0.390302 0.587914 -1.34617
32.3286 -0.272634 -0.332822 0.518265 -0.851329
32.6099 -0.272563 -0.34557 0.531655 -0.947129
31.766 -0.0392739 -0.210108 0.335723 -0.188618
32.0473 -0.0392277 -0.247407 0.353536 -0.366309
31.7661 0.194199 -0.143641 0.229701 0.0915439
32.0473 0.194206 -0.188403 0.302092 -0.0474968
32.3286 -0.0391852 -0.294697 0.421655 -0.398022
32.6099 -0.0391594 -0.283036 0.390679 -0.545018
32.3286 0.194204 -0.204934 0.322155 -0.15267
32.6099 0.194199 -0.244963 0.349359 -0.280375
30.641 0.427707 -0.0301344 0.044407 0.575185
30.9223 0.427713 0.0609017 -0.109331 0.525745
30.641 0.661264 -0.0170222 0.0181817 0.424165
30.9223 0.661257 0.068285 -0.125236 0.410346
31.2036 0.42771 0.0334705 -0.0546528 0.462276
31.4848 0.427694 -0.0320099 0.0518576 0.37728
31.2036 0.661234 0.0407756 -0.0790674 0.428417
31.4848 0.661194 -0.00777927 -0.00255243 0.404306
30.641 0.89482 -0.0223189 0.0201844 0.18169
30.9223 0.894808 0.0432348 -0.0876239 0.246104
30.641 1.12843 -0.0455625 0.0846933 -0.0503255
30.9223 1.12839 0.00213382 -0.00473166 0.0346737
31.2036 0.894767 0.0275407 -0.0627419 0.30509
31.4849 0.894704 0.000840219 -0.0159958 0.342316
31.2036 1.12832 0.0097807 -0.0218022 0.13684
31.4849 1.12822 -0.00588056 0.0016598 0.183251
31.7661 0.427666 -0.0878356 0.139166 0.271068
32.0474 0.427628 -0.130806 0.206362 0.154139
31.7661 0.661138 -0.0436749 0.0653841 0.346727
32.0474 0.661061 -0.0933864 0.140549 0.266277
32.3286 0.427579 -0.169306 0.265735 0.0485122
32.6099 0.427522 -0.18735 0.292736 -0.0692914
32.3287 0.660967 -0.126744 0.194702 0.185652
32.6099 0.660859 -0.150421 0.230326 0.112058
31.7661 0.894613 -0.0293449 0.0301735 0.32288
32.0474 0.894497 -0.0695433 0.0938702 0.290633
31.7662 1.1281 -0.0280482 0.0361253 0.222813
32.0474 1.12794 -0.0615266 0.0888274 0.241517
32.3287 0.894363 -0.10337 0.155458 0.253274
32.6099 0.894203 -0.124131 0.186717 0.207296
32.3287 1.12776 -0.0941811 0.139877 0.247235
32.61 1.12755 -0.113785 0.168759 0.246157
32.8911 -0.505861 -0.368291 0.546218 -1.43007
33.1724 -0.505743 -0.253048 0.363647 -1.44434
32.8911 -0.272498 -0.314747 0.477465 -1.05382
33.1724 -0.27244 -0.253043 0.377258 -1.12468
33.4536 -0.505613 -0.145908 0.19869 -1.37387
33.7349 -0.505471 -0.126627 0.169701 -1.24537
33.4536 -0.272374 -0.186915 0.2736 -1.07703
33.7349 -0.272302 -0.170144 0.246291 -0.995826
32.8911 -0.0391469 -0.29487 0.442759 -0.677602
33.1724 -0.0391474 -0.270108 0.337907 -0.717694
32.8912 0.194161 -0.212809 0.326973 -0.375551
33.1724 0.19408 -0.192381 0.297503 -0.409563
33.4536 -0.0391534 -0.215578 0.27135 -0.759807
33.7349 -0.0391512 -0.197871 0.295247 -0.75063
33.4536 0.194021 -0.220066 0.336217 -0.524104
33.7349 0.193974 -0.215283 0.273761 -0.497086
34.0161 -0.505331 -0.103352 0.265225 -1.21626
34.2973 -0.505179 -0.0739095 0.255833 -1.08161
34.0161 -0.272223 -0.212851 0.273476 -0.918734
34.2973 -0.272144 -0.192863 0.183271 -0.860497
34.5785 -0.504998 -0.0566302 0.162727 -1.05342
34.8595 -0.504813 -0.0316946 0.0809263 -1.04724
34.5784 -0.272082 -0.120085 0.175533 -0.848972
34.8595 -0.272013 -0.00507849 0.0807241 -0.857629
34.0161 -0.039154 -0.163784 0.269775 -0.731348
34.2973 -0.0391667 -0.176545 0.252721 -0.667108
34.0161 0.193893 -0.194839 0.276328 -0.525318
34.2973 0.193796 -0.171745 0.258564 -0.552975
34.5784 -0.0391624 -0.167037 0.168093 -0.696681
34.8595 -0.0391556 -0.0932411 0.0439994 -0.69244
34.5784 0.193707 -0.119965 0.192908 -0.580597
34.8595 0.193623 -0.0304186 0.0562231 -0.600716
32.8912 0.427439 -0.185487 0.292246 -0.15038
33.1724 0.427338 -0.222531 0.31501 -0.227358
32.8912 0.660725 -0.159684 0.245844 0.0332842
33.1724 0.660565 -0.164028 0.25332 -0.0307614
33.4537 0.427214 -0.190963 0.293269 -0.266552
33.7349 0.427062 -0.197756 0.303291 -0.319724
33.4536 0.660383 -0.178814 0.272107 -0.0907446
33.7349 0.660177 -0.17923 0.270714 -0.149154
32.8912 0.894014 -0.133623 0.202465 0.166188
33.1724 0.893795 -0.14257 0.215749 0.114262
32.8912 1.12731 -0.121608 0.179444 0.231428
33.1724 1.12704 -0.126991 0.185789 0.209214
33.4536 0.893553 -0.151165 0.225668 0.0644029
33.7349 0.893291 -0.16106 0.242297 0.0122286
33.4536 1.12674 -0.132656 0.193817 0.170546
33.7348 1.12641 -0.139231 0.204704 0.123665
34.0161 0.426912 -0.187381 0.291867 -0.352898
34.2972 0.426759 -0.160263 0.246272 -0.394808
34.0161 0.65996 -0.173003 0.261159 -0.199655
34.2972 0.659733 -0.143185 0.217837 -0.243386
34.5784 0.426593 -0.106448 0.163406 -0.445791
34.8595 0.42641 -0.0315416 0.0616249 -0.483806
34.5784 0.659487 -0.0763709 0.111511 -0.30753
34.8595 0.659217 -0.0154985 0.0261932 -0.390078
34.0161 0.893013 -0.14959 0.224034 -0.048231
34.2973 0.892727 -0.129901 0.208882 -0.0815233
34.0161 1.12607 -0.123236 0.181055 0.0672188
34.2973 1.1257 -0.119961 0.213008 0.0080118
34.5784 0.89241 -0.045018 0.0599758 -0.085763
34.8594 0.892044 0.034489 -0.0544929 -0.189313
34.5783 1.1253 -0.0432694 0.0618434 -0.00929757
34.8594 1.12485 0.0603179 -0.0822206 0.012406
