26.1407 -2.36733 -0.0468674 0.0915745 -0.0478794
26.4221 -2.3682 -0.163602 0.323632 -0.114166
26.1407 -2.13448 -0.0359878 0.0628621 -0.128219
26.4221 -2.13526 -0.132097 0.250199 -0.188581
26.7034 -2.36901 -0.351534 0.679845 -0.252815
26.9848 -2.36975 -0.617879 1.16877 -0.459585
26.7034 -2.13599 -0.298076 0.571953 -0.323249
26.9848 -2.13666 -0.537173 1.0135 -0.498489
26.1407 -1.90162 -0.0263729 0.0416182 -0.157229
26.4221 -1.90231 -0.102033 0.189185 -0.19961
26.1407 -1.66876 -0.0138949 0.0196322 -0.138333
26.4221 -1.66938 -0.061267 0.122342 -0.181269
26.7034 -1.90297 -0.240599 0.438742 -0.31708
26.9848 -1.90359 -0.428325 0.831438 -0.538405
26.7034 -1.66997 -0.189662 0.36161 -0.293964
26.9847 -1.67051 -0.359475 0.680043 -0.48588
27.2661 -2.37044 -0.909716 1.74455 -0.676445
27.5475 -2.37107 -1.16994 2.15378 -0.981108
27.2661 -2.13728 -0.840114 1.51236 -0.81517
27.5475 -2.13786 -1.0858 1.94607 -1.09875
27.8288 -2.37165 -1.23826 2.41473 -1.22871
28.1101 -2.37218 -1.35806 2.42541 -1.49815
27.8288 -2.13839 -1.20458 2.17022 -1.4349
28.1101 -2.13887 -1.26385 2.22251 -1.74766
27.2661 -1.90416 -0.685663 1.31528 -0.838174
27.5474 -1.90467 -0.931625 1.70718 -1.1787
27.2661 -1.67101 -0.54849 1.08028 -0.722005
27.5474 -1.67148 -0.767461 1.45155 -1.08351
27.8288 -1.90515 -1.07019 1.93961 -1.56386
28.1101 -1.90557 -1.13498 2.00771 -1.889
27.8287 -1.6719 -0.916617 1.70285 -1.48243
28.11 -1.67227 -0.960463 1.82246 -1.86567
26.1407 -1.4359 -0.00550885 0.00893831 -0.0401235
26.422 -1.43644 -0.0459676 0.0889394 -0.0923954
26.1407 -1.20304 0.00112673 0.00347004 0.119491
26.422 -1.2035 -0.0213411 0.047023 0.0851138
26.7034 -1.43695 -0.133186 0.255731 -0.164591
26.9847 -1.43742 -0.268565 0.518641 -0.300204
26.7034 -1.20393 -0.0924322 0.185536 0.010931
26.9847 -1.20433 -0.210099 0.40939 -0.102144
26.1407 -0.97018 0.0102725 -0.00860064 0.346735
26.422 -0.970557 -0.0019332 0.0153647 0.314462
26.1407 -0.737321 0.0165937 -0.0132652 0.622943
26.422 -0.737616 0.0192365 -0.0146232 0.595744
26.7034 -0.970912 -0.0617455 0.129962 0.249842
26.9847 -0.971241 -0.156867 0.311333 0.156762
26.7034 -0.737894 -0.0198559 0.0682723 0.552128
26.9847 -0.738155 -0.0987137 0.219839 0.456363
27.2661 -1.43786 -0.450562 0.860951 -0.529697
27.5474 -1.43826 -0.625036 1.16854 -0.863464
27.266 -1.2047 -0.351298 0.674127 -0.307457
27.5474 -1.20505 -0.505004 0.942449 -0.561959
27.8287 -1.43863 -0.780457 1.41043 -1.21397
28.11 -1.43896 -0.842867 1.58352 -1.56616
27.8287 -1.20537 -0.641373 1.1781 -0.839101
28.11 -1.20566 -0.737118 1.33675 -1.14906
27.266 -0.971548 -0.275621 0.538906 0.00268871
27.5473 -0.971835 -0.403264 0.769371 -0.192962
27.266 -0.7384 -0.201856 0.40938 0.326764
27.5473 -0.738625 -0.32218 0.632634 0.140673
27.8286 -0.9721 -0.522006 0.984562 -0.446592
28.1099 -0.972342 -0.623326 1.1583 -0.673916
27.8286 -0.738833 -0.43631 0.835146 -0.0436492
28.1099 -0.739026 -0.54748 1.00698 -0.271799
28.3915 -2.37264 -1.28494 2.38231 -1.77037
28.6728 -2.37305 -1.21342 2.10063 -2.02234
28.3914 -2.1393 -1.17571 2.17751 -2.06438
28.6728 -2.13966 -1.1289 1.99267 -2.38204
28.9541 -2.3734 -1.06874 1.83629 -2.22628
29.2353 -2.3737 -0.88038 1.61654 -2.45786
28.954 -2.13998 -1.13454 1.60018 -2.53775
29.2352 -2.14026 -0.826303 1.46796 -2.67674
28.3914 -1.90595 -1.13578 1.97112 -2.23041
28.6728 -1.90628 -1.03772 1.84235 -2.53152
28.3914 -1.67261 -0.947828 1.80073 -2.17952
28.6727 -1.67291 -0.894002 1.76722 -2.40959
28.9539 -1.90657 -1.04481 1.48518 -2.61919
29.2352 -1.9068 -0.919819 1.40126 -2.73176
28.9539 -1.67317 -0.975182 1.49228 -2.50788
29.2352 -1.67337 -0.819803 1.45135 -2.50711
29.5164 -2.37393 -0.893973 1.2619 -2.57873
29.7976 -2.3741 -0.898075 1.25137 -2.62689
29.5164 -2.14048 -0.768077 1.28174 -2.70166
29.7976 -2.14064 -0.839255 1.21858 -2.75404
30.0789 -2.37421 -0.880466 1.31054 -2.6675
30.3601 -2.37428 -0.916058 1.41215 -2.75678
30.0788 -2.14075 -0.867374 1.24851 -2.82929
30.3601 -2.14082 -0.896101 1.3113 -2.92394
29.5164 -1.907 -0.913726 1.21872 -2.72689
29.7976 -1.90715 -0.810313 1.16487 -2.74571
29.5163 -1.67355 -0.8883 1.25099 -2.49279
29.7975 -1.67369 -0.737628 1.18399 -2.49016
30.0788 -1.90726 -0.889927 1.16146 -2.77816
30.3601 -1.90734 -0.8707 1.17869 -2.89679
30.0788 -1.6738 -0.779364 1.12488 -2.52364
30.36 -1.67386 -0.721584 1.10953 -2.68562
28.3913 -1.43927 -0.855208 1.65536 -1.85447
28.6727 -1.43954 -0.855333 1.5984 -2.11071
28.3913 -1.20593 -0.743398 1.45621 -1.43577
28.6726 -1.20617 -0.774212 1.493 -1.65805
28.9539 -1.43978 -0.911092 1.47497 -2.24096
29.2351 -1.44 -0.800147 1.43266 -2.22719
28.9538 -1.2064 -0.85168 1.45119 -1.77153
29.235 -1.2066 -0.830694 1.42871 -1.80893
28.3912 -0.972566 -0.67982 1.28252 -0.960133
28.6725 -0.972785 -0.711781 1.39035 -1.12647
28.3912 -0.73921 -0.594252 1.1624 -0.467461
28.6725 -0.739376 -0.653251 1.26144 -0.622099
28.9538 -0.972976 -0.800823 1.3795 -1.24594
29.235 -0.973135 -0.844176 1.33872 -1.26743
28.9537 -0.739519 -0.759912 1.33147 -0.704981
29.235 -0.739644 -0.860114 1.38096 -0.769169
29.5163 -1.44016 -0.777285 1.31311 -2.24636
29.7975 -1.44025 -0.758723 1.18554 -2.13049
29.5163 -1.20674 -0.706058 1.41804 -1.75539
29.7975 -1.20682 -0.719301 1.23071 -1.66027
30.0787 -1.44034 -0.70932 1.06325 -2.16951
30.36 -1.44038 -0.641526 0.979216 -2.31161
30.0787 -1.20687 -0.654775 0.984574 -1.65867
30.36 -1.20689 -0.542001 0.847517 -1.80199
29.5163 -0.973263 -0.735627 1.45142 -1.24434
29.7975 -0.973347 -0.668477 1.28013 -1.17279
29.5163 -0.739746 -0.81193 1.45375 -0.765541
29.7975 -0.739826 -0.682797 1.27168 -0.733859
30.0787 -0.973389 -0.571442 0.941044 -1.17051
30.36 -0.973406 -0.461684 0.726557 -1.2452
30.0787 -0.739881 -0.543456 0.918761 -0.697723
30.3599 -0.739915 -0.386117 0.629758 -0.729135
