30.641 1.36205 -0.0800058 0.16336 -0.251273
30.9223 1.36196 -0.0318032 0.0687395 -0.142596
30.6409 1.59566 -0.117201 0.174013 -0.465113
30.9222 1.59554 -0.055477 0.129648 -0.390775
31.2036 1.36187 -0.0229121 0.042216 -0.085922
31.4849 1.36174 -0.0291746 0.0473243 -0.00688019
31.2035 1.59541 -0.039437 0.0985267 -0.287244
31.4848 1.59525 -0.0607955 0.113703 -0.210309
30.6409 1.82922 -0.133963 0.185142 -0.674053
30.9221 1.82913 -0.0870381 0.107842 -0.574986
30.6408 2.06274 -0.0791316 0.222969 -0.826046
30.9221 2.06266 -0.129266 0.214565 -0.813682
31.2035 1.82897 -0.08196 0.187133 -0.530594
31.4848 1.82877 -0.0844688 0.185959 -0.389741
31.2034 2.06251 -0.140944 0.227701 -0.705261
31.4847 2.0623 -0.147098 0.289825 -0.598843
31.7661 1.36158 -0.0466337 0.0720721 0.0639682
32.0474 1.36139 -0.0745276 0.113293 0.129871
31.7661 1.59506 -0.0773997 0.129517 -0.107366
32.0474 1.59484 -0.106317 0.169806 -0.00816125
32.3287 1.36117 -0.102324 0.153186 0.179368
32.6099 1.36091 -0.122129 0.179129 0.223804
32.3286 1.59458 -0.133035 0.205159 0.0838943
32.6099 1.59429 -0.14436 0.216269 0.172769
31.766 1.82855 -0.11983 0.222225 -0.281276
32.0473 1.8283 -0.152669 0.252649 -0.151582
31.766 2.06205 -0.172444 0.323859 -0.437918
32.0473 2.06176 -0.207023 0.359246 -0.292421
32.3286 1.828 -0.177767 0.280486 -0.0166037
32.6099 1.82766 -0.19105 0.292939 0.102632
32.3286 2.06143 -0.235348 0.383073 -0.140353
32.6098 2.06104 -0.253318 0.394431 0.0217197
30.6408 2.29626 -0.0597548 0.206646 -0.976925
30.922 2.29616 -0.0943367 0.249544 -0.966869
30.6408 2.52978 -0.0279214 0.170812 -1.06321
30.922 2.52968 -0.103445 0.277276 -1.06783
31.2033 2.29601 -0.145321 0.291769 -0.886667
31.4846 2.29581 -0.196852 0.376042 -0.729976
31.2033 2.52953 -0.165314 0.36952 -0.990241
31.4846 2.52932 -0.247568 0.479219 -0.856895
30.6407 2.76332 -0.00366375 0.138078 -1.09694
30.922 2.76322 -0.108509 0.28201 -1.11447
30.6407 2.99687 0.026214 0.0727949 -1.07108
30.922 2.99677 -0.106209 0.281543 -1.10751
31.2033 2.76306 -0.215412 0.439502 -1.04539
31.4846 2.76283 -0.294704 0.588923 -0.951491
31.2032 2.99658 -0.23567 0.479787 -1.08352
31.4845 2.99633 -0.324575 0.65664 -0.982101
31.766 2.29555 -0.237097 0.441017 -0.593001
32.0472 2.29523 -0.272854 0.474074 -0.425882
31.7659 2.52904 -0.302778 0.548588 -0.710085
32.0472 2.52869 -0.33531 0.588203 -0.555924
32.3285 2.29485 -0.302487 0.501274 -0.268692
32.6098 2.29442 -0.329453 0.522713 -0.0924872
32.3285 2.52828 -0.37067 0.618803 -0.40227
32.6097 2.5278 -0.401999 0.646698 -0.244111
31.7658 2.76252 -0.358143 0.650388 -0.807177
32.0471 2.76214 -0.389372 0.686022 -0.678517
31.7658 2.996 -0.391026 0.740168 -0.902766
32.0471 2.9956 -0.433003 0.774001 -0.79073
32.3284 2.76169 -0.416688 0.716126 -0.547702
32.6097 2.76118 -0.456276 0.750009 -0.427291
32.3283 2.99512 -0.446955 0.78935 -0.706742
32.6096 2.99457 -0.472858 0.813347 -0.640775
32.8912 1.36062 -0.123467 0.179253 0.250972
33.1724 1.3603 -0.120964 0.173535 0.261151
32.8911 1.59395 -0.142857 0.208657 0.24333
33.1724 1.59358 -0.126901 0.179587 0.291989
33.4536 1.35994 -0.116583 0.166528 0.244229
33.7348 1.35956 -0.117387 0.169157 0.201347
33.4536 1.59317 -0.108167 0.149915 0.303553
33.7348 1.59272 -0.0941073 0.12701 0.26278
32.8911 1.82728 -0.18279 0.268843 0.227368
33.1723 1.82686 -0.150805 0.213583 0.324524
32.8911 2.06061 -0.248062 0.370887 0.193751
33.1723 2.06014 -0.192802 0.275924 0.349885
33.4536 1.82639 -0.107943 0.143622 0.363478
33.7348 1.82588 -0.0695729 0.0840609 0.329748
33.4535 2.05961 -0.113414 0.144992 0.41539
33.7348 2.05903 -0.0398559 0.0350332 0.384415
34.0161 1.35913 -0.101933 0.145005 0.147307
34.2972 1.35864 -0.106632 0.162745 0.0682344
34.016 1.59222 -0.0789036 0.104747 0.20425
34.2972 1.59167 -0.0606585 0.0826379 0.123603
34.5783 1.35815 -0.0560873 0.0674858 0.0538931
34.8594 1.35764 0.0149908 -0.0352991 0.0961028
34.5783 1.5911 -0.0385236 0.0586374 0.100736
34.8594 1.5905 -0.0135679 0.0181629 0.0911626
34.016 1.82532 -0.0440198 0.0512245 0.254162
34.2972 1.82471 -0.0203002 0.0213804 0.163237
34.016 2.05841 0.00422746 -0.0240827 0.292363
34.2972 2.05774 0.030354 -0.0541435 0.168785
34.5783 1.82406 -0.0205075 0.023307 0.0914149
34.8594 1.82337 -0.0114252 0.0109052 0.0552778
34.5783 2.05701 0.0264925 -0.0424467 0.0546628
34.8594 2.05624 0.00340982 -0.00461356 -0.00855414
32.891 2.29394 -0.330246 0.502052 0.105916
33.1723 2.29341 -0.258699 0.37371 0.291937
32.891 2.52727 -0.41204 0.641889 -0.0698407
33.1722 2.5267 -0.314344 0.475283 0.0808722
33.4535 2.29283 -0.127556 0.161928 0.386449
33.7348 2.2922 -0.0123458 -0.00958195 0.386823
33.4535 2.52606 -0.135532 0.202048 0.177729
33.7347 2.52537 0.00407556 -0.0148393 0.203544
32.8909 2.76061 -0.459099 0.743304 -0.321955
33.1722 2.75998 -0.348773 0.555165 -0.229938
32.8909 2.99396 -0.466434 0.794569 -0.612153
33.1722 2.99327 -0.356347 0.599653 -0.588749
33.4535 2.75928 -0.147611 0.249992 -0.158779
33.7347 2.75852 0.0120975 -0.00397305 -0.127201
33.4535 2.99251 -0.148306 0.278383 -0.582658
33.7347 2.99168 0.0380312 -0.000464801 -0.583138
34.016 2.2915 0.0604301 -0.110902 0.294782
34.2972 2.29076 0.0950541 -0.151661 0.149971
34.016 2.5246 0.11551 -0.182685 0.172313
34.2971 2.52378 0.172595 -0.260468 0.0586734
34.5783 2.28995 0.0747033 -0.112617 0.0160905
34.8594 2.28908 0.0267048 -0.0329828 -0.0635116
34.5783 2.52289 0.141533 -0.202915 -0.104183
34.8594 2.52194 0.0797223 -0.08665 -0.211678
34.0159 2.75769 0.156739 -0.219258 -0.159717
34.2971 2.7568 0.241606 -0.339927 -0.223049
34.0159 2.99077 0.189972 -0.229916 -0.604446
34.2971 2.9898 0.295361 -0.384524 -0.648763
34.5783 2.75583 0.233204 -0.303878 -0.338049
34.8594 2.75481 0.128978 -0.128508 -0.435948
34.5783 2.98875 0.305919 -0.35637 -0.688835
34.8594 2.98765 0.11128 -0.152586 -0.732017
