26.1406 -9.8199 -0.00011809 0.000114696 -0.00031718
26.4218 -9.82337 -0.00032461 0.000472446 -0.000339787
26.1406 -9.5871 -0.000215135 0.000137951 -0.000956464
26.4218 -9.59048 -0.000456455 0.000457148 -0.00108267
26.703 -9.82663 -0.00053771 0.000916592 -0.000340118
26.9842 -9.82967 -0.000771796 0.00138017 -0.000335054
26.703 -9.59364 -0.000656134 0.00084926 -0.000959269
26.9842 -9.59659 -0.000865405 0.00132747 -0.000909343
26.1406 -9.35427 -0.000315411 0.000110538 -0.00168209
26.4219 -9.3576 -0.00050139 0.000505312 -0.00158801
26.1406 -9.12142 -0.000397272 8.31253e-05 -0.00224589
26.4219 -9.12467 -0.000547673 0.000525972 -0.00219159
26.703 -9.36067 -0.00074843 0.0008689 -0.00146045
26.9843 -9.36352 -0.00096414 0.00128724 -0.00146147
26.7031 -9.12768 -0.000877749 0.00102908 -0.00211085
26.9843 -9.13047 -0.00115494 0.00137214 -0.00194437
27.2654 -9.83247 -0.00101433 0.00187677 -0.000296408
27.5467 -9.83505 -0.00120519 0.00242982 -0.00032154
27.2655 -9.59932 -0.00110143 0.00186241 -0.000876344
27.5467 -9.60184 -0.00127042 0.00236898 -0.000854192
27.8279 -9.8374 -0.00150392 0.00269296 -0.000240629
28.1092 -9.8395 -0.00173024 0.00291187 -0.000263927
27.8279 -9.60413 -0.00156354 0.00260019 -0.00072404
28.1092 -9.60618 -0.00178574 0.0028644 -0.000757507
27.2655 -9.36618 -0.0011999 0.00182247 -0.00138687
27.5468 -9.36864 -0.0013147 0.00233412 -0.00127452
27.2655 -9.13306 -0.00131959 0.00172997 -0.00185137
27.5468 -9.13546 -0.00136045 0.00228123 -0.00161665
27.828 -9.37087 -0.00163859 0.00259401 -0.00115322
28.1092 -9.37286 -0.00187393 0.00291715 -0.000919524
27.828 -9.13762 -0.00164685 0.00261294 -0.00149873
28.1093 -9.13955 -0.00192765 0.00285471 -0.00132722
26.1406 -8.88855 -0.000498476 3.01765e-05 -0.00280203
26.4219 -8.89173 -0.000649527 0.000440515 -0.00274009
26.1406 -8.65568 -0.000598743 -7.26428e-05 -0.00332985
26.4219 -8.65878 -0.000756452 0.000419634 -0.00330819
26.7032 -8.89468 -0.000849274 0.000992955 -0.00269039
26.9844 -8.89743 -0.00112258 0.00135198 -0.0025118
26.7032 -8.66168 -0.000959608 0.00105351 -0.00324158
26.9844 -8.66436 -0.00113429 0.0014102 -0.00304836
26.1406 -8.42283 -0.000600302 -3.84339e-05 -0.00393097
26.4219 -8.42583 -0.000819187 0.000365328 -0.00383365
26.1406 -8.18996 -0.000648729 -0.000111549 -0.00439529
26.4219 -8.19288 -0.000883456 0.000335254 -0.00437803
26.7032 -8.42865 -0.000990968 0.000924657 -0.00377467
26.9844 -8.43128 -0.00116615 0.00157208 -0.00344057
26.7032 -8.19561 -0.00111204 0.000846648 -0.00425228
26.9844 -8.19815 -0.00122121 0.00153194 -0.00403672
27.2655 -8.89995 -0.00146208 0.0017904 -0.00235406
27.5468 -8.90226 -0.00158151 0.00231272 -0.00219245
27.2656 -8.66682 -0.00143756 0.00180707 -0.00278553
27.5468 -8.66906 -0.00166473 0.00228057 -0.00250315
27.828 -8.90436 -0.00164753 0.00264346 -0.00181897
28.1093 -8.90624 -0.00197484 0.00294685 -0.00159834
27.8281 -8.6711 -0.00184607 0.00276783 -0.00221514
28.1093 -8.67293 -0.00197021 0.00303841 -0.00172843
27.2656 -8.43368 -0.00149549 0.00186273 -0.00328003
27.5469 -8.43585 -0.00174039 0.00244701 -0.00290001
27.2657 -8.20049 -0.00148264 0.00208168 -0.00365772
27.5469 -8.20261 -0.00182923 0.00257336 -0.00332211
27.8281 -8.43782 -0.00197717 0.00280431 -0.00250786
28.1094 -8.4396 -0.002081 0.00321976 -0.00199726
27.8282 -8.20453 -0.00211654 0.00296655 -0.00270451
28.1094 -8.20627 -0.00208727 0.00331248 -0.00218038
28.3905 -9.84137 -0.00178755 0.00319908 -0.000222892
28.6717 -9.84301 -0.00183308 0.00334659 -0.000191424
28.3905 -9.60801 -0.00182591 0.00315279 -0.000565952
28.6718 -9.60961 -0.00189133 0.00332371 -0.000496055
28.953 -9.84442 -0.00184918 0.00343479 -0.000141817
29.2343 -9.84559 -0.00197974 0.0034479 -0.000135867
28.953 -9.61099 -0.00187052 0.00343595 -0.000392342
29.2343 -9.61214 -0.00203098 0.00344738 -0.000317614
28.3905 -9.37464 -0.00187252 0.00312762 -0.000861215
28.6718 -9.3762 -0.00192833 0.00331262 -0.000697957
28.3905 -9.14128 -0.00191577 0.0031286 -0.00106688
28.6718 -9.1428 -0.00197498 0.00334609 -0.000847395
28.9531 -9.37755 -0.00194142 0.00344168 -0.000589428
29.2343 -9.37867 -0.00206214 0.00354525 -0.000382347
28.9531 -9.14411 -0.00201789 0.00347762 -0.000621081
29.2343 -9.14519 -0.00205597 0.00354403 -0.000455137
29.5155 -9.84653 -0.00196234 0.00350141 -7.79646e-05
29.7968 -9.84724 -0.00202091 0.00355971 -7.75389e-05
29.5155 -9.61305 -0.00203503 0.0035237 -0.000219293
29.7968 -9.61373 -0.00202114 0.00354789 -0.000177082
30.078 -9.8477 -0.00202607 0.00351304 -5.49985e-05
30.3593 -9.84793 -0.00200228 0.00338564 -4.32546e-05
30.078 -9.61418 -0.00201663 0.00350401 -0.000129736
30.3593 -9.6144 -0.00199154 0.0033746 -0.00019037
29.5156 -9.37956 -0.00204851 0.00356102 -0.000269676
29.7968 -9.38022 -0.00204801 0.00357676 -0.000258813
29.5156 -9.14606 -0.0020733 0.00361766 -0.000364117
29.7969 -9.14671 -0.00202628 0.00351895 -0.000333016
30.0781 -9.38066 -0.00204798 0.00347647 -0.000254948
30.3593 -9.38087 -0.00198455 0.00329708 -0.000357394
30.0781 -9.14714 -0.00199396 0.00338687 -0.000400478
30.3593 -9.14734 -0.00197711 0.00325252 -0.000471425
28.3906 -8.90791 -0.00198138 0.00324351 -0.00122771
28.6718 -8.90938 -0.00204184 0.00332974 -0.000874995
28.3906 -8.67455 -0.00197937 0.00333183 -0.00137796
28.6719 -8.67597 -0.00218153 0.00348105 -0.00109953
28.9531 -8.91065 -0.00205719 0.00353509 -0.000650184
29.2344 -8.91169 -0.00208052 0.00357837 -0.000512301
28.9532 -8.67718 -0.00207961 0.00356229 -0.000692113
29.2344 -8.6782 -0.00201717 0.00354669 -0.00054015
28.3907 -8.44118 -0.00210606 0.0034633 -0.00151471
28.6719 -8.44256 -0.00207895 0.00341081 -0.000959414
28.3907 -8.20782 -0.00215301 0.00352096 -0.0017198
28.672 -8.20916 -0.00216375 0.00356213 -0.00123477
28.9532 -8.44373 -0.00209498 0.00352255 -0.000814037
29.2344 -8.44471 -0.00193709 0.00345138 -0.000583951
28.9532 -8.21031 -0.00204538 0.003487 -0.0009148
29.2345 -8.21125 -0.00185737 0.00331869 -0.000730416
29.5156 -8.91253 -0.00206724 0.00351173 -0.000390596
29.7969 -8.91317 -0.00203285 0.00345038 -0.000437642
29.5156 -8.67901 -0.00207664 0.0033886 -0.000481574
29.7969 -8.67963 -0.00196267 0.00329923 -0.000535005
30.0781 -8.9136 -0.00196275 0.0033067 -0.000525778
30.3594 -8.91381 -0.00190307 0.00314977 -0.000659321
30.0781 -8.68005 -0.00194169 0.0031836 -0.000619822
30.3594 -8.68027 -0.00191534 0.00309507 -0.000759385
29.5157 -8.4455 -0.00203397 0.00322331 -0.000572845
29.7969 -8.4461 -0.0019052 0.00318823 -0.000617378
29.5157 -8.21201 -0.00197736 0.00314813 -0.000610841
29.7969 -8.21257 -0.00185465 0.00298503 -0.000586106
30.0782 -8.4465 -0.00187738 0.0030538 -0.000677252
30.3594 -8.4467 -0.00190693 0.00291805 -0.000753034
30.0782 -8.21296 -0.00182881 0.00289819 -0.000720395
30.3594 -8.21314 -0.00181195 0.00273733 -0.000837587
