26.1407 -0.504461 -8.19184e-05 0.000126382 -0.00187927
26.422 -0.504678 -0.000233164 0.000455266 -0.00187424
26.1407 -0.2716 -5.97787e-05 0.000114577 -0.00146462
26.422 -0.271732 -0.000210005 0.000408234 -0.00144052
26.7033 -0.504882 -0.00044715 0.000893888 -0.00187175
26.9847 -0.505072 -0.000711507 0.00140018 -0.00187802
26.7033 -0.271857 -0.000423255 0.000827245 -0.00143339
26.9846 -0.271974 -0.00067455 0.00132854 -0.00137937
26.1407 -0.0387372 -5.36881e-05 0.000106681 -0.000961613
26.422 -0.0387848 -0.000186742 0.000375069 -0.000944674
26.1407 0.194126 -5.08567e-05 0.000103706 -0.000409321
26.422 0.194162 -0.000148944 0.000301816 -0.000427174
26.7033 -0.0388318 -0.000379816 0.000752654 -0.000905281
26.9846 -0.0388797 -0.000615851 0.00122932 -0.00090475
26.7033 0.194192 -0.000343735 0.000697089 -0.000388798
26.9846 0.194219 -0.000573246 0.0011375 -0.000333555
27.266 -0.50525 -0.00103347 0.00198791 -0.00187592
27.5473 -0.50542 -0.00132671 0.00253736 -0.00194585
27.2659 -0.272088 -0.000955145 0.00184649 -0.00140831
27.5472 -0.272198 -0.00125151 0.002399 -0.0013894
27.8286 -0.505578 -0.00160947 0.00309193 -0.00198338
28.1098 -0.505719 -0.00185284 0.00350601 -0.00203626
27.8285 -0.272296 -0.00153231 0.00290534 -0.00140949
28.1098 -0.272388 -0.00177887 0.00337638 -0.00139364
27.2659 -0.0389246 -0.000886094 0.00171973 -0.000844984
27.5472 -0.0389669 -0.0011863 0.00223718 -0.000810542
27.2659 0.194241 -0.000818441 0.00160389 -0.000298366
27.5472 0.19426 -0.00109264 0.00207074 -0.000221689
27.8285 -0.0390099 -0.00144495 0.00276594 -0.000775331
28.1098 -0.0390515 -0.00169924 0.00320128 -0.000773416
27.8285 0.194275 -0.00135171 0.00257272 -0.000178419
28.1097 0.194286 -0.0016241 0.00308507 -0.000138091
26.1407 0.426985 -5.17045e-05 0.000102884 0.000124249
26.422 0.427106 -0.00014606 0.000287475 0.000160029
26.1407 0.659849 -2.80063e-05 3.47444e-05 0.000711044
26.422 0.660058 -0.000114858 0.000214308 0.000747291
26.7033 0.427219 -0.00030026 0.000605042 0.000194591
26.9846 0.42732 -0.000517317 0.00101531 0.000242863
26.7033 0.660249 -0.000280989 0.000549787 0.000757157
26.9845 0.660424 -0.000457184 0.00086582 0.000834342
26.1406 0.892715 -4.20178e-05 4.41939e-05 0.00126451
26.4219 0.89301 -0.000107847 0.000181147 0.00128573
26.1406 1.12558 -3.97571e-05 1.95901e-05 0.00167999
26.4219 1.12596 -8.59056e-05 0.000102103 0.00167378
26.7032 0.893285 -0.000218827 0.000405951 0.00133388
26.9845 0.893536 -0.000374435 0.000675325 0.00136499
26.7032 1.12632 -0.000202778 0.000295401 0.00174782
26.9845 1.12665 -0.000290005 0.000478014 0.00175414
27.2659 0.427411 -0.000744036 0.00144847 0.000307849
27.5471 0.427491 -0.000995535 0.00188116 0.000349185
27.2658 0.660583 -0.000660563 0.00124514 0.000859886
27.5471 0.660727 -0.000882028 0.00164107 0.00094101
27.8284 0.427561 -0.00125577 0.00236977 0.000406202
28.1097 0.42762 -0.00147848 0.00280911 0.000446915
27.8284 0.660857 -0.00111836 0.00211286 0.00100164
28.1097 0.66097 -0.00135079 0.00254282 0.00110989
27.2658 0.893767 -0.000550106 0.00101414 0.00141577
27.5471 0.893977 -0.000744898 0.0013869 0.00149095
27.2658 1.12695 -0.000418853 0.000750765 0.00184383
27.547 1.12723 -0.00055931 0.00103114 0.00185633
27.8284 0.894163 -0.000949597 0.00175857 0.00151132
28.1096 0.894324 -0.00119626 0.0022033 0.00155411
27.8283 1.12748 -0.000757117 0.00135242 0.00194507
28.1096 1.12769 -0.000950945 0.00169054 0.00184516
28.3911 -0.505849 -0.00210184 0.00398833 -0.00204595
28.6724 -0.505971 -0.00216169 0.00432377 -0.00211896
28.3911 -0.272469 -0.00198216 0.00379121 -0.00137769
28.6724 -0.272548 -0.00222945 0.00416279 -0.0013819
28.9537 -0.506059 -0.00251362 0.00462491 -0.00204214
29.2349 -0.506123 -0.0030605 0.00471253 -0.00198122
28.9537 -0.272607 -0.00226376 0.0046168 -0.00130085
29.2349 -0.272624 -0.00276703 0.00467422 -0.00128783
28.3911 -0.0390912 -0.00189246 0.003688 -0.000771194
28.6723 -0.0391229 -0.00214619 0.00396263 -0.000728938
28.391 0.19429 -0.0018356 0.00344693 -7.70891e-05
28.6723 0.194289 -0.00202061 0.00381554 -0.000135754
28.9536 -0.0391623 -0.00228378 0.00448314 -0.000769633
29.2349 -0.0392115 -0.00237586 0.00479048 -0.000776716
28.9536 0.194277 -0.00223046 0.00411965 -0.000107741
29.2348 0.194252 -0.00236899 0.00451743 -0.000154094
29.5162 -0.506207 -0.00278353 0.00487016 -0.00174348
29.7975 -0.506304 -0.00254583 0.004702 -0.00171718
29.5161 -0.272681 -0.00301005 0.00455133 -0.000994876
29.7974 -0.27278 -0.00258987 0.00457793 -0.00112575
30.0787 -0.506373 -0.00231481 0.00416057 -0.00165116
30.3599 -0.506409 -0.00214569 0.00366417 -0.00166219
30.0787 -0.272847 -0.00224764 0.0040202 -0.000926065
30.3599 -0.272893 -0.00197802 0.00358931 -0.00104153
29.5161 -0.0392314 -0.00310731 0.00456601 -0.000730741
29.7974 -0.0392308 -0.00253157 0.00451678 -0.0006092
29.5161 0.19425 -0.00284386 0.00452958 -0.000217979
29.7974 0.194292 -0.0020093 0.00450959 -6.16789e-05
30.0786 -0.0392775 -0.00244439 0.00396938 -0.00037892
30.3599 -0.0393538 -0.00181679 0.00344289 -0.000465156
30.0785 0.194274 -0.00251922 0.00340796 0.000244015
30.3598 0.194189 -0.00180358 0.00335009 -7.62332e-05
28.391 0.427667 -0.00174594 0.00324444 0.000482635
28.6723 0.427705 -0.00190717 0.0036433 0.000491479
28.3909 0.661063 -0.00158527 0.00296397 0.00105027
28.6722 0.661135 -0.00182226 0.00337311 0.000956547
28.9535 0.427728 -0.0022081 0.00390824 0.000373083
29.2348 0.427737 -0.00233417 0.00426546 0.000236533
28.9535 0.661192 -0.00206133 0.00358102 0.000700698
29.2347 0.661238 -0.00220089 0.00399154 0.000462583
28.3909 0.894466 -0.0014231 0.00260544 0.0014756
28.6722 0.894587 -0.00165707 0.00295556 0.00130486
28.3909 1.12788 -0.00117041 0.00211592 0.0017505
28.6721 1.12805 -0.00140138 0.00250962 0.00144117
28.9535 0.894687 -0.00185046 0.00333328 0.000947581
29.2347 0.894762 -0.00209901 0.00377672 0.000519256
28.9534 1.12819 -0.00166468 0.00299129 0.00101253
29.2347 1.1283 -0.00195175 0.00348953 0.000366983
29.5161 0.427731 -0.00259904 0.00436078 -1.50234e-05
29.7974 0.42769 -0.00178629 0.00427996 0.000222844
29.516 0.661258 -0.00241871 0.00422498 0.000195791
29.7972 0.661238 -0.00222824 0.00416608 -7.2405e-05
30.0784 0.427685 -0.00254509 0.00351038 -8.92805e-05
30.3597 0.427707 -0.00183615 0.00314858 1.00544e-05
30.0785 0.661235 -0.00198493 0.0034343 -1.79998e-05
30.3597 0.661259 -0.00178638 0.00306373 -0.000364727
29.5159 0.894818 -0.00227088 0.0040707 3.22047e-05
29.7972 0.894862 -0.00226415 0.00396319 -0.000514742
29.5159 1.12838 -0.00217469 0.00388036 -0.000273633
29.7972 1.12843 -0.00213672 0.00394561 -0.000879279
30.0785 0.894865 -0.00208526 0.00355482 -0.00073532
30.3597 0.894834 -0.00171201 0.00308577 -0.000922639
30.0784 1.12847 -0.00208677 0.00353395 -0.00135599
30.3597 1.12846 -0.00194485 0.00306455 -0.00126817
