26.5624 -9.47545 -9.40137e-05 0.000185027 -8.09603e-06
27.6874 -9.4863 -0.000335905 0.000635012 -1.42803e-05
26.5625 -8.54338 -0.000110628 0.000201675 -5.83629e-05
27.6874 -8.55318 -0.0003442 0.000633821 -6.83763e-05
28.8124 -9.49352 -0.000300426 0.00051901 -7.83391e-05
29.9375 -9.49714 -0.000165819 0.000245009 -0.000128046
28.8124 -8.55972 -0.000294911 0.000491701 -0.000142372
29.9375 -8.56298 -0.00018749 0.000265316 -0.000199675
26.5625 -7.61132 -0.000122784 0.000211495 -0.000114115
27.6874 -7.62008 -0.000346139 0.000622277 -0.000129796
26.5625 -6.67927 -0.000128509 0.000207909 -0.000187632
27.6875 -6.68698 -0.000356582 0.000634386 -0.000178996
28.8124 -7.62592 -0.000291556 0.000481881 -0.000173446
29.9375 -7.62883 -0.000184398 0.000267388 -0.000196753
28.8125 -6.69212 -0.000305318 0.000515532 -0.000162467
29.9375 -6.69469 -0.000181116 0.000276826 -0.000160147
