26.5625 -2.01913 -9.11099e-05 0.000171212 -0.000139881
27.6875 -2.02148 -0.000348163 0.000652526 -0.000144535
26.5625 -1.08721 -0.000100282 0.000196316 -0.000100637
27.6875 -1.08848 -0.000350741 0.000664086 -0.00010592
28.8125 -2.02305 -0.000354544 0.000629607 -0.000204306
29.9375 -2.02384 -0.000170053 0.000277359 -0.00025315
28.8125 -1.08932 -0.000324912 0.000583534 -0.000181822
29.9375 -1.08974 -0.000172898 0.000290402 -0.000257662
26.5625 -0.155288 -0.000106678 0.000212925 -7.48674e-05
27.6875 -0.155469 -0.000351322 0.000669018 -8.66074e-05
26.5625 0.776633 -0.000106311 0.000215065 -7.98183e-05
27.6875 0.777539 -0.000350256 0.000669875 -8.15257e-05
28.8125 -0.155589 -0.000306487 0.000556405 -0.000143019
29.9375 -0.155648 -0.000172673 0.000298737 -0.000201444
28.8125 0.778143 -0.000304224 0.000555583 -8.82733e-05
29.9375 0.778445 -0.000169224 0.000296634 -0.000102441
31.0625 -2.02384 0.00015935 -0.000281883 -0.000253096
32.1875 -2.02305 0.000378273 -0.000614552 -0.000204691
31.0625 -1.08974 0.000169947 -0.000291648 -0.000257867
32.1875 -1.08932 0.000352451 -0.000566445 -0.000181868
33.3125 -2.02148 0.000401894 -0.000620863 -0.000145155
34.4375 -2.01913 0.000105652 -0.000162855 -0.000140692
33.3125 -1.08848 0.000410782 -0.000628744 -0.000106534
34.4375 -1.08721 0.000123045 -0.000182854 -0.000101395
31.0625 -0.155648 0.000178008 -0.000296587 -0.00020175
32.1875 -0.155589 0.000337562 -0.000537029 -0.00014328
31.0625 0.778445 0.000177357 -0.000291731 -0.000102989
32.1875 0.778143 0.000338059 -0.000534824 -8.88015e-05
33.3125 -0.155469 0.000414651 -0.000631376 -8.7134e-05
34.4375 -0.155288 0.000134516 -0.000196542 -7.55501e-05
33.3125 0.777539 0.000415958 -0.000630908 -8.20452e-05
34.4375 0.776633 0.000136473 -0.000197108 -8.03926e-05
26.5625 1.70855 -0.000105892 0.000215459 -5.47468e-05
27.6875 1.71054 -0.000348069 0.000666977 -5.6806e-05
26.5625 2.64048 -0.000103864 0.000214601 -6.64213e-05
27.6875 2.64355 -0.00034458 0.000662413 -5.77309e-05
28.8125 1.71187 -0.000298845 0.000547886 -7.3694e-05
29.9375 1.71253 -0.000167243 0.000296092 -9.49229e-05
28.8125 2.64559 -0.000292417 0.000533972 -2.44281e-05
29.9375 2.64661 -0.000170116 0.000295353 4.33918e-07
26.5625 3.5724 -9.6417e-05 0.000199816 -4.98573e-05
27.6875 3.57655 -0.000340355 0.000654958 -4.70746e-05
26.5625 4.50433 -8.58693e-05 0.000177037 -2.9969e-05
27.6875 4.50956 -0.000334923 0.00064291 -2.73168e-05
28.8125 3.57932 -0.000302236 0.000548616 6.65859e-06
29.9375 3.5807 -0.000168248 0.000284445 6.14475e-05
28.8125 4.51305 -0.000319272 0.000575887 2.78926e-05
29.9375 4.51479 -0.000158926 0.000264006 7.55665e-05
31.0625 1.71253 0.000177519 -0.00028923 -9.46301e-05
32.1875 1.71187 0.000334459 -0.000527176 -7.47324e-05
31.0625 2.64661 0.000174441 -0.000289649 5.16861e-07
32.1875 2.64559 0.000324942 -0.000514062 -2.52158e-05
33.3125 1.71054 0.000414548 -0.000627674 -5.72854e-05
34.4375 1.70855 0.000137124 -0.000197075 -5.51529e-05
33.3125 2.64355 0.000412446 -0.000622701 -5.81509e-05
34.4375 2.64048 0.000137494 -0.000195079 -6.67592e-05
31.0625 3.5807 0.000166509 -0.000283839 6.10569e-05
32.1875 3.57932 0.000333727 -0.000531016 6.89154e-06
31.0625 4.51479 0.000153202 -0.000265895 7.54931e-05
32.1875 4.51305 0.000349312 -0.000559106 2.79356e-05
33.3125 3.57655 0.000408108 -0.000615593 -4.74179e-05
34.4375 3.5724 0.000128139 -0.000181345 -5.0137e-05
33.3125 4.50956 0.000400175 -0.000604974 -2.74696e-05
34.4375 4.50433 0.000113357 -0.000161135 -3.00575e-05
