31.0625 -9.49714 0.000133701 -0.000263521 -0.000128163
32.1876 -9.49352 0.000308377 -0.000514493 -7.8243e-05
31.0625 -8.56298 0.00014168 -0.000293314 -0.000199094
32.1876 -8.55972 0.000287244 -0.000496638 -0.000142564
33.3126 -9.4863 0.000392625 -0.000601788 -1.43304e-05
34.4376 -9.47545 0.000116346 -0.000172096 -8.1858e-06
33.3126 -8.55318 0.000387483 -0.000608362 -6.84976e-05
34.4375 -8.54338 0.000122791 -0.000194634 -5.85534e-05
31.0625 -7.62883 0.000143744 -0.000289756 -0.00019691
32.1876 -7.62592 0.000280053 -0.000488522 -0.000173433
31.0625 -6.69469 0.000154125 -0.000292317 -0.000160193
32.1875 -6.69212 0.000302804 -0.00051687 -0.000162497
33.3126 -7.62008 0.000376358 -0.000604354 -0.000130042
34.4375 -7.61132 0.00012547 -0.000210033 -0.000114459
33.3125 -6.68698 0.00038171 -0.000619091 -0.000179273
34.4375 -6.67927 0.000119489 -0.000213196 -0.000188004
26.5625 -5.74722 -0.000126327 0.000206861 -0.000203588
27.6875 -5.75388 -0.000362924 0.000648097 -0.000200774
26.5625 -4.81518 -0.000125894 0.000205987 -0.000243283
27.6875 -4.82076 -0.000364068 0.000652078 -0.000229955
28.8125 -5.75831 -0.000304438 0.00051135 -0.000201371
29.9375 -5.76053 -0.000183811 0.000282145 -0.000183182
28.8125 -4.82448 -0.000307131 0.000527702 -0.000175179
29.9375 -4.82634 -0.000177988 0.000289718 -0.00011434
26.5625 -3.88314 -0.000113681 0.000191186 -0.000238489
27.6875 -3.88765 -0.000361086 0.000654137 -0.000232448
26.5625 -2.95111 -9.64605e-05 0.000169035 -0.000207376
27.6875 -2.95454 -0.000352562 0.000649366 -0.000202758
28.8125 -3.89065 -0.000324245 0.000567209 -0.000157928
29.9375 -3.89215 -0.000171396 0.000287008 -7.78099e-05
28.8125 -2.95683 -0.000352912 0.00062603 -0.000145403
29.9375 -2.95797 -0.000165649 0.000278013 -9.29495e-05
31.0625 -5.76053 0.000157466 -0.000297267 -0.000183345
32.1875 -5.75831 0.000299578 -0.000514127 -0.000201658
31.0625 -4.82634 0.000166841 -0.000295689 -0.000114293
32.1875 -4.82448 0.000312593 -0.000524443 -0.000175543
33.3125 -5.75388 0.000390658 -0.000631356 -0.000201229
34.4375 -5.74722 0.000119564 -0.000210688 -0.000204042
33.3125 -4.82076 0.000393721 -0.00063449 -0.000230483
34.4375 -4.81518 0.00011899 -0.000209847 -0.000243755
31.0625 -3.89215 0.000168093 -0.000289302 -7.76448e-05
32.1875 -3.89065 0.000338789 -0.000558476 -0.00015844
31.0625 -2.95797 0.000162519 -0.000279123 -9.30034e-05
32.1875 -2.95683 0.000376005 -0.000611505 -0.000145736
33.3125 -3.88765 0.000396978 -0.000632898 -0.00023311
34.4375 -3.88314 0.000112011 -0.000192061 -0.000239134
33.3125 -2.95454 0.000396926 -0.000623104 -0.000203558
34.4375 -2.95111 0.000101165 -0.000166504 -0.000208021
