31.0624 -9.49719 2.01765e-09 -3.67139e-09 -9.92315e-10
32.1875 -9.49356 1.74403e-09 -3.11601e-09 -1.09959e-09
31.0626 -8.56305 1.87404e-09 -3.78177e-09 -2.29775e-09
32.1875 -8.55976 1.4249e-09 -2.99334e-09 -2.58188e-09
33.3125 -9.48624 1.03504e-09 -1.90202e-09 -1.07498e-09
34.4376 -9.47536 4.15218e-10 -1.03087e-09 -1.44108e-09
33.3126 -8.55323 8.90904e-10 -2.17809e-09 -3.00335e-09
34.4376 -8.54337 1.63918e-10 -1.09271e-09 -3.21348e-09
31.0626 -7.62894 1.70815e-09 -3.8253e-09 -3.81176e-09
32.1876 -7.62596 1.48306e-09 -3.48334e-09 -4.48448e-09
31.0628 -6.69473 1.63313e-09 -3.7905e-09 -4.74416e-09
32.1876 -6.69211 1.27158e-09 -3.1889e-09 -5.30587e-09
33.3126 -7.62005 7.59621e-10 -2.23918e-09 -4.44721e-09
34.4375 -7.61127 -2.23734e-10 -8.21994e-10 -4.85949e-09
33.3126 -6.68691 6.87829e-10 -2.25063e-09 -5.64009e-09
34.4375 -6.67912 -1.53919e-10 -9.97278e-10 -5.9e-09
26.5626 -5.74768 3.99126e-11 -1.00964e-09 -4.13086e-09
27.6878 -5.75423 5.69105e-10 -2.05432e-09 -4.47169e-09
26.5626 -4.81554 6.66041e-11 -1.0823e-09 -5.03773e-09
27.6879 -4.82103 6.75818e-10 -2.23567e-09 -5.22141e-09
28.8129 -5.75858 1.13898e-09 -3.08752e-09 -4.85954e-09
29.938 -5.7607 1.49958e-09 -3.68686e-09 -5.35754e-09
28.813 -4.82466 1.22844e-09 -3.24042e-09 -5.75045e-09
29.9381 -4.82643 1.54795e-09 -3.74113e-09 -6.22548e-09
26.5627 -3.88335 1.47957e-10 -1.20877e-09 -6.01336e-09
27.688 -3.88776 7.52359e-10 -2.31604e-09 -6.03245e-09
26.5627 -2.95118 2.2507e-10 -1.2434e-09 -6.88039e-09
27.6881 -2.95459 8.44096e-10 -2.3764e-09 -6.91254e-09
28.8131 -3.89068 1.16848e-09 -3.01708e-09 -6.32669e-09
29.9382 -3.89213 1.5806e-09 -3.66022e-09 -6.71711e-09
28.8133 -2.95682 1.32824e-09 -3.13981e-09 -6.76564e-09
29.9383 -2.9579 1.86929e-09 -3.98718e-09 -7.16085e-09
31.0628 -5.76061 1.53193e-09 -3.68674e-09 -5.84857e-09
32.1877 -5.75829 1.34227e-09 -3.32238e-09 -6.28555e-09
31.0629 -4.82634 1.72242e-09 -3.93748e-09 -6.58762e-09
32.1878 -4.8244 1.42704e-09 -3.36958e-09 -6.95778e-09
33.3127 -5.75376 7.11493e-10 -2.29962e-09 -6.63337e-09
34.4375 -5.747 -1.76018e-10 -9.51284e-10 -6.78772e-09
33.3127 -4.8206 7.76345e-10 -2.29747e-09 -7.26879e-09
34.4376 -4.81493 -5.62333e-11 -1.02403e-09 -7.42541e-09
31.063 -3.8921 1.85305e-09 -4.00104e-09 -7.01314e-09
32.1879 -3.89061 1.55166e-09 -3.41723e-09 -7.45744e-09
31.063 -2.95794 2.05261e-09 -4.18112e-09 -7.72403e-09
32.1878 -2.95687 1.72455e-09 -3.51906e-09 -8.03616e-09
33.3128 -3.88757 8.8676e-10 -2.29626e-09 -7.65319e-09
34.4377 -3.88298 -5.31936e-11 -8.39287e-10 -7.63902e-09
33.3129 -2.95457 9.9691e-10 -2.28188e-09 -8.14012e-09
34.4377 -2.95108 5.3257e-11 -8.24358e-10 -8.191e-09
