24.8748 -9.45402 -2.56212e-05 3.23105e-05 -5.79718e-05
26.6246 -9.48026 -0.000154392 0.000241873 -0.000177419
24.8748 -8.45883 -4.62873e-05 0.000115814 4.52051e-05
26.6247 -8.48238 -0.000300514 0.00056181 -0.000113159
28.3747 -9.49777 -0.000126659 0.000136601 -0.000278083
30.1249 -9.50652 -2.59441e-05 -5.27923e-05 -0.000292223
28.3747 -8.49808 -0.000246636 0.000351329 -0.000334906
30.1249 -8.50592 -4.606e-05 -4.043e-05 -0.000402056
24.8749 -7.46365 -6.89607e-05 0.000138489 -3.28929e-05
26.6248 -7.48449 -0.000371893 0.000664556 -0.000263668
24.8749 -6.46847 -8.03491e-05 0.000142307 -0.000114972
26.6248 -6.4866 -0.000400788 0.000693729 -0.000416855
28.3748 -7.49839 -0.000318571 0.000444662 -0.000524049
30.1249 -7.50533 -8.71578e-05 -1.95763e-05 -0.000646776
28.3748 -6.49869 -0.000348196 0.000481003 -0.000682735
30.1249 -6.50474 -0.000104107 -7.89696e-06 -0.000824499
