24.875 -1.49259 -7.49205e-05 0.000163112 2.46211e-05
26.625 -1.49681 -0.000369798 0.000737092 -9.84895e-06
24.875 -0.497497 -7.38989e-05 0.000161075 8.19414e-05
26.625 -0.498904 -0.000376602 0.000754408 0.000163119
28.375 -1.49963 -0.000301238 0.000554546 -5.74525e-05
30.125 -1.50103 -5.04424e-05 8.19934e-05 -9.45558e-05
28.375 -0.499842 -0.000305446 0.000568881 0.000184224
30.125 -0.500312 -4.50195e-05 8.0632e-05 0.000175147
24.875 0.497594 -7.45067e-05 0.000159102 7.71165e-05
26.625 0.499001 -0.000384258 0.00076271 0.000195573
24.875 1.49269 -7.56055e-05 0.000160833 3.60204e-05
26.625 1.49691 -0.000386023 0.000761044 0.000154142
28.375 0.49994 -0.000312636 0.000573993 0.000262445
30.125 0.50041 -4.5371e-05 7.31757e-05 0.000288162
28.375 1.49972 -0.000315905 0.00057034 0.000263663
30.125 1.50113 -4.77096e-05 6.54244e-05 0.00032168
31.875 -1.50103 4.75083e-05 -8.19981e-05 -0.000112823
33.625 -1.49963 0.000349944 -0.000529669 -7.31696e-05
31.875 -0.500312 4.7994e-05 -7.45136e-05 0.000161278
33.625 -0.499842 0.000360583 -0.000539516 0.000170867
35.375 -1.49681 0.00047851 -0.000674315 -8.04631e-06
37.125 -1.49259 0.000109286 -0.000143319 2.43605e-05
35.375 -0.498904 0.000490797 -0.000688768 0.000165419
37.125 -0.497497 0.000107815 -0.00014125 8.18068e-05
31.875 0.50041 4.10015e-05 -7.05516e-05 0.000279079
33.625 0.49994 0.000361429 -0.000547469 0.000253153
31.875 1.50113 3.32863e-05 -6.92455e-05 0.000316707
33.625 1.49972 0.000356113 -0.000547684 0.000258023
35.375 0.499001 0.000494248 -0.000699063 0.000195816
37.125 0.497594 0.000105676 -0.00014071 7.7002e-05
35.375 1.49691 0.000491539 -0.00069918 0.000152379
37.125 1.49269 0.000106745 -0.000142566 3.59319e-05
24.875 2.48778 -7.48898e-05 0.000159035 2.40636e-05
26.625 2.4948 -0.000383523 0.000750685 0.000147689
24.875 3.48286 -6.83132e-05 0.000153343 -4.15093e-05
26.6249 3.49268 -0.000363557 0.000718062 5.25371e-05
28.375 2.49948 -0.000314261 0.000553881 0.000304182
30.125 2.50182 -5.04606e-05 5.32914e-05 0.000386763
28.3749 3.49922 -0.000293278 0.000512779 0.000234675
30.125 3.50248 -4.21244e-05 3.3987e-05 0.000316588
24.875 4.47795 -5.07889e-05 0.000127522 -9.65773e-05
26.6249 4.49055 -0.00029997 0.000602444 -2.32098e-05
24.8749 5.47305 -2.37277e-05 4.20788e-05 3.99363e-05
26.6249 5.48843 -0.000146725 0.000263595 0.000135677
28.3749 4.49895 -0.000231749 0.000403451 0.00015467
30.125 4.50315 -1.70362e-05 -1.8918e-06 0.000199152
28.3749 5.49869 -0.000112372 0.000162459 0.000225051
30.125 5.50382 -8.1441e-06 -3.08438e-05 0.00023376
31.875 2.50182 2.17382e-05 -6.67533e-05 0.000384277
33.625 2.49948 0.00034171 -0.000537593 0.000301488
31.875 3.50248 9.10123e-06 -5.1286e-05 0.000316206
33.6251 3.49922 0.000314976 -0.000499358 0.000233008
35.375 2.4948 0.000483343 -0.000691688 0.000145224
37.125 2.48778 0.000105471 -0.00014106 2.40249e-05
35.3751 3.49268 0.000463639 -0.000658381 5.09941e-05
37.125 3.48286 0.00010353 -0.000132561 -4.17163e-05
31.875 4.50315 -1.04081e-05 -1.30015e-05 0.000199402
33.6251 4.49895 0.000247183 -0.000393557 0.000153914
31.875 5.50382 -3.13416e-05 7.72178e-06 0.0002339
33.6251 5.49869 9.06266e-05 -0.000175365 0.000224861
35.3751 4.49055 0.000391315 -0.000547905 -2.38526e-05
37.125 4.47795 8.88539e-05 -0.000104816 -9.68214e-05
35.3751 5.48843 0.000163821 -0.000253235 0.000135595
37.1251 5.47305 2.60575e-05 -4.07511e-05 3.98627e-05
