31.8751 -9.50652 -5.84026e-05 1.34281e-06 -0.00029193
33.6253 -9.49777 6.12608e-05 -0.000176094 -0.000277958
31.8751 -8.50592 -5.56607e-05 -2.46019e-05 -0.000402915
33.6253 -8.49808 0.000194754 -0.000382853 -0.000333572
35.3754 -9.48026 0.000141322 -0.000250083 -0.00017696
37.1252 -9.45402 1.66647e-05 -3.80262e-05 -5.80356e-05
35.3753 -8.48238 0.00035532 -0.000529157 -0.000111476
37.1252 -8.45883 8.07728e-05 -9.55784e-05 4.51501e-05
31.8751 -7.50533 -5.46848e-05 -7.43577e-05 -0.000650523
33.6252 -7.49839 0.000243458 -0.000490485 -0.000523374
31.8751 -6.50474 -4.95613e-05 -0.000100075 -0.000832613
33.6252 -6.49869 0.000261517 -0.00053485 -0.0006884
35.3752 -7.48449 0.000412039 -0.000639538 -0.000260924
37.1251 -7.46365 9.01376e-05 -0.000126233 -3.29771e-05
35.3752 -6.4866 0.000423625 -0.000677707 -0.00041275
37.1251 -6.46847 8.81516e-05 -0.000138059 -0.000115029
24.8749 -5.47329 -8.29383e-05 0.000148072 -0.000135246
26.6249 -5.48867 -0.000406354 0.000711242 -0.000463349
24.875 -4.4781 -8.3071e-05 0.00014504 -0.000183292
26.6249 -4.4907 -0.000405916 0.00071664 -0.0005311
28.3749 -5.49893 -0.000350084 0.000504648 -0.000708379
30.125 -5.50406 -9.81201e-05 7.86862e-06 -0.000839743
28.3749 -4.4991 -0.000346296 0.000515948 -0.000756072
30.125 -4.5033 -9.15727e-05 2.23711e-05 -0.000863088
24.875 -3.48291 -8.17885e-05 0.000149201 -0.000187981
26.6249 -3.49272 -0.000394267 0.000716448 -0.000514183
24.875 -2.48773 -7.78997e-05 0.000155145 -0.000124578
26.625 -2.49475 -0.000377146 0.00071851 -0.000347813
28.3749 -3.49927 -0.000332793 0.000524838 -0.000709506
30.125 -3.50253 -8.06782e-05 4.29136e-05 -0.000788201
28.375 -2.49943 -0.00031316 0.000535445 -0.000482716
30.125 -2.50177 -6.5712e-05 6.64155e-05 -0.000537933
31.875 -5.50406 -3.19007e-05 -0.000104441 -0.000853482
33.6251 -5.49893 0.000282139 -0.000549913 -0.000722827
31.875 -4.5033 -1.81108e-05 -0.000102434 -0.000882074
33.6251 -4.4991 0.000294852 -0.000553468 -0.000774843
35.3751 -5.48867 0.000436944 -0.00069149 -0.000458399
37.1251 -5.47329 9.17974e-05 -0.000142695 -0.000134971
35.3751 -4.4907 0.000442894 -0.000695428 -0.000528095
37.125 -4.4781 8.91287e-05 -0.000141455 -0.000182747
31.875 -3.50253 2.41231e-06 -9.77607e-05 -0.000809969
33.6251 -3.49927 0.000309031 -0.000545041 -0.000727647
31.875 -2.50177 2.8472e-05 -9.20272e-05 -0.000558871
33.625 -2.49943 0.000326968 -0.000531031 -0.000499449
35.3751 -3.49272 0.000449018 -0.000686612 -0.000514093
37.125 -3.48291 9.36859e-05 -0.000142694 -0.000187735
35.375 -2.49475 0.000458711 -0.000672236 -0.000347751
37.125 -2.48773 0.000100826 -0.000142181 -0.000124833
