# x y z topography
5.63837e+06 2.78436e+06 -1.07549e+06 1282.85
5.61052e+06 2.83943e+06 -1.07616e+06 1457.06
5.64569e+06 2.78798e+06 -1.02428e+06 1424.13
5.61843e+06 2.84345e+06 -1.02503e+06 1607.95
5.58259e+06 2.8945e+06 -1.07683e+06 1494.57
5.55392e+06 2.94916e+06 -1.07736e+06 1598.32
5.5905e+06 2.8986e+06 -1.02567e+06 1513.9
5.56156e+06 2.95322e+06 -1.02613e+06 1780.06
5.65275e+06 2.79146e+06 -973015 1571.76
5.62569e+06 2.84714e+06 -973782 1724.64
5.65958e+06 2.79483e+06 -921717 1700.25
5.63207e+06 2.85037e+06 -922375 1691.02
5.59803e+06 2.90251e+06 -974442 1669.92
5.56871e+06 2.95703e+06 -974809 1789.03
5.60451e+06 2.90588e+06 -923022 1853.64
5.57548e+06 2.96064e+06 -923421 1854.98
5.52413e+06 3.00324e+06 -1.07766e+06 1345.62
5.49455e+06 3.05743e+06 -1.07801e+06 1376.44
5.53165e+06 3.00734e+06 -1.0264e+06 1533.73
5.50191e+06 3.06153e+06 -1.02671e+06 1582
5.46456e+06 3.11139e+06 -1.07828e+06 1299.31
5.43389e+06 3.16497e+06 -1.07841e+06 1301.79
5.47179e+06 3.11552e+06 -1.02695e+06 1502.63
5.44122e+06 3.16924e+06 -1.0271e+06 1209.14
5.53885e+06 3.01126e+06 -975083 1771.78
5.50906e+06 3.06552e+06 -975368 1727.51
5.54561e+06 3.01495e+06 -923684 1829.19
5.51613e+06 3.06946e+06 -924010 1397.85
5.47881e+06 3.11952e+06 -975576 1447.4
5.44792e+06 3.17316e+06 -975671 594.384
5.48595e+06 3.12358e+06 -924220 713.959
5.45456e+06 3.17702e+06 -924229 -494.12
5.66616e+06 2.79808e+06 -870372 1872.69
5.63826e+06 2.8535e+06 -870935 2018.9
5.67261e+06 2.80127e+06 -819006 2095.41
5.64454e+06 2.85668e+06 -819515 2329.09
5.61026e+06 2.90887e+06 -871485 2048.25
5.58157e+06 2.96388e+06 -871925 1831.82
5.61604e+06 2.91187e+06 -819962 2429.86
5.58727e+06 2.96692e+06 -820368 2112.4
5.6784e+06 2.80413e+06 -767543 2431.74
5.65023e+06 2.85957e+06 -768011 2708.55
5.68365e+06 2.80672e+06 -716007 2631.88
5.65556e+06 2.86226e+06 -716456 2863.31
5.6218e+06 2.91486e+06 -768440 2755.91
5.593e+06 2.96997e+06 -768821 2496.82
5.62719e+06 2.91766e+06 -716869 2959.33
5.59843e+06 2.97286e+06 -717232 2736.45
5.55216e+06 3.01852e+06 -872248 1247.83
5.52287e+06 3.07323e+06 -872594 10.1253
5.55835e+06 3.02189e+06 -820752 496.985
5.52892e+06 3.07659e+06 -821060 -1203.32
5.49296e+06 3.12759e+06 -872840 -793.09
5.46136e+06 3.18099e+06 -872814 -1725.09
5.49918e+06 3.13114e+06 -821322 -2462.37
5.46763e+06 3.18465e+06 -821310 -2662.84
5.56397e+06 3.02496e+06 -769170 579.35
5.53434e+06 3.07962e+06 -769435 -1108.43
5.56926e+06 3.02784e+06 -717543 1683.8
5.53937e+06 3.08243e+06 -717762 206.571
5.50409e+06 3.13394e+06 -769613 -2425.68
5.47275e+06 3.18764e+06 -769634 -2846.55
5.50905e+06 3.13678e+06 -717919 -745.477
5.47813e+06 3.19079e+06 -717997 -1153.42
5.40259e+06 3.21818e+06 -1.07841e+06 869.106
5.37063e+06 3.271e+06 -1.07829e+06 -129.17
5.41003e+06 3.22262e+06 -1.02713e+06 6.97579
5.37817e+06 3.27561e+06 -1.02704e+06 -1136.8
5.33818e+06 3.32353e+06 -1.07806e+06 -1071.71
5.30539e+06 3.37583e+06 -1.07777e+06 -1197.28
5.34571e+06 3.32822e+06 -1.02683e+06 -1852.9
5.31267e+06 3.38047e+06 -1.02651e+06 -2061.33
5.41649e+06 3.22648e+06 -975667 -722.079
5.38507e+06 3.27982e+06 -975662 -1880
5.42303e+06 3.23038e+06 -924213 -1835.76
5.39188e+06 3.28397e+06 -924263 -1971.25
5.35298e+06 3.33275e+06 -975538 -2075.38
5.31952e+06 3.38483e+06 -975165 -1934.85
5.35946e+06 3.33678e+06 -924097 -1196.68
5.32573e+06 3.38879e+06 -923704 -476.17
5.27232e+06 3.42798e+06 -1.07742e+06 -544.366
5.23786e+06 3.4792e+06 -1.07678e+06 883.444
5.27946e+06 3.43263e+06 -1.02615e+06 -1188.24
5.24584e+06 3.48452e+06 -1.02571e+06 452.023
5.20324e+06 3.53032e+06 -1.0761e+06 815.35
5.16917e+06 3.58181e+06 -1.07554e+06 823.112
5.2117e+06 3.53605e+06 -1.02517e+06 1220.23
5.17689e+06 3.58715e+06 -1.02451e+06 863.731
5.28613e+06 3.43697e+06 -974806 -877.358
5.25286e+06 3.48919e+06 -974472 795.498
5.29239e+06 3.44104e+06 -923377 497.144
5.25863e+06 3.49302e+06 -922977 1330.65
5.21828e+06 3.54052e+06 -973885 925.62
5.18316e+06 3.5915e+06 -973193 895.072
5.22398e+06 3.5444e+06 -922418 1208.06
5.1893e+06 3.59576e+06 -921853 1068.54
5.42969e+06 3.23436e+06 -872785 -2457.69
5.39811e+06 3.28777e+06 -872773 -1482.86
5.43556e+06 3.23786e+06 -821225 -2563.9
5.40359e+06 3.2911e+06 -821155 -1098.97
5.36513e+06 3.34032e+06 -872528 -221.863
5.33196e+06 3.39276e+06 -872247 1257.77
5.37069e+06 3.34379e+06 -820943 736.006
5.33797e+06 3.39659e+06 -820757 1712.27
5.44094e+06 3.24107e+06 -769590 -2285.79
5.40909e+06 3.29446e+06 -769545 -692.855
5.44632e+06 3.24428e+06 -717963 -1042.87
5.41431e+06 3.29764e+06 -717904 141.681
5.37645e+06 3.34738e+06 -769388 1389.02
5.34342e+06 3.40005e+06 -769175 1616.62
5.38176e+06 3.35069e+06 -717772 1397.19
5.34855e+06 3.40332e+06 -717551 1560.89
5.29883e+06 3.44523e+06 -871979 1513.93
5.26503e+06 3.49727e+06 -871601 1426.55
5.30465e+06 3.44901e+06 -820480 1574.96
5.2707e+06 3.50103e+06 -820106 1538.68
5.23038e+06 3.54874e+06 -871081 1358.9
5.19512e+06 3.59979e+06 -870460 1195.9
5.23606e+06 3.55259e+06 -819624 1434.6
5.20062e+06 3.6036e+06 -819016 1493.38
5.30994e+06 3.45245e+06 -768897 1566.08
5.27601e+06 3.50456e+06 -768553 1562.02
5.31498e+06 3.45573e+06 -717282 1496.22
5.28109e+06 3.50794e+06 -716969 1527.76
5.24137e+06 3.55619e+06 -768105 1593.1
5.206e+06 3.60733e+06 -767550 1537.91
5.24651e+06 3.55968e+06 -716561 1548.45
5.21107e+06 3.61084e+06 -716036 1486.33
5.68857e+06 2.80916e+06 -664431 2769.36
5.66058e+06 2.86481e+06 -664861 2959.42
5.69319e+06 2.81144e+06 -612817 2873.39
5.66527e+06 2.86718e+06 -613222 3077.55
5.63221e+06 2.92027e+06 -665246 3042.85
5.60345e+06 2.97553e+06 -665586 2959.08
5.63702e+06 2.92277e+06 -613593 3134.18
5.6082e+06 2.97806e+06 -613902 3102.93
5.69745e+06 2.81354e+06 -561162 2930.23
5.66955e+06 2.86935e+06 -561538 3112.22
5.7013e+06 2.81544e+06 -509467 3004.39
5.67345e+06 2.87133e+06 -509814 3144.88
5.64131e+06 2.925e+06 -561882 3135.25
5.61245e+06 2.98032e+06 -562162 3131.27
5.64503e+06 2.92693e+06 -510111 3113.51
5.6161e+06 2.98226e+06 -510361 2938.59
5.57431e+06 3.03059e+06 -665880 2645.37
5.54422e+06 3.08513e+06 -666060 2060.74
5.57887e+06 3.03308e+06 -614156 2962.41
5.54879e+06 3.08768e+06 -614326 2763.05
5.5138e+06 3.1395e+06 -666204 1328.63
5.48325e+06 3.19379e+06 -666329 738.656
5.51806e+06 3.14193e+06 -614421 2004.43
5.48743e+06 3.19622e+06 -614530 1416.4
5.5831e+06 3.03539e+06 -562393 2864.7
5.55301e+06 3.09004e+06 -562548 2754.82
5.58698e+06 3.0375e+06 -510594 2502.66
5.5569e+06 3.09221e+06 -510738 2416.81
5.52237e+06 3.14439e+06 -562649 1767.35
5.49158e+06 3.19865e+06 -562735 1347.24
5.52631e+06 3.14664e+06 -510834 1951.35
5.49547e+06 3.20092e+06 -510908 1590.4
5.70483e+06 2.81719e+06 -457743 3080.49
5.67709e+06 2.87318e+06 -458066 3183.84
5.70805e+06 2.81878e+06 -405992 3062.79
5.68025e+06 2.87478e+06 -406276 3023.81
5.64871e+06 2.92884e+06 -458335 2979.91
5.61995e+06 2.98432e+06 -458572 1934.84
5.6519e+06 2.93051e+06 -406519 2149.1
5.62353e+06 2.98623e+06 -406760 407.103
5.71084e+06 2.82016e+06 -354211 2871.83
5.68291e+06 2.87613e+06 -354452 2242.49
5.71326e+06 2.82136e+06 -302407 2532.97
5.68534e+06 2.87737e+06 -302616 1443.23
5.65453e+06 2.93188e+06 -354665 947.36
5.62615e+06 2.98763e+06 -354880 142.837
5.65688e+06 2.9331e+06 -302796 612.295
5.62826e+06 2.98876e+06 -302968 159.582
5.59116e+06 3.03978e+06 -458808 908.743
5.56079e+06 3.09438e+06 -458917 996.654
5.5952e+06 3.04199e+06 -407004 -588.97
5.56462e+06 3.09652e+06 -407086 -529.319
5.53005e+06 3.14878e+06 -458997 1778.31
5.49927e+06 3.20314e+06 -459069 1593.03
5.53346e+06 3.15073e+06 -407126 373.435
5.50252e+06 3.20504e+06 -407183 502.721
5.59816e+06 3.04361e+06 -355116 -971.868
5.56797e+06 3.09839e+06 -355209 -2005.45
5.60009e+06 3.04467e+06 -303165 -845.44
5.57059e+06 3.09987e+06 -303283 -2215.03
5.53642e+06 3.15242e+06 -355220 -1941.85
5.50524e+06 3.20663e+06 -355256 -1622.77
5.53913e+06 3.15396e+06 -303296 -2069.17
5.5076e+06 3.20801e+06 -303311 -1982.96
5.45148e+06 3.24736e+06 -666302 559.097
5.41911e+06 3.30058e+06 -666204 1005.11
5.45598e+06 3.25005e+06 -614547 1262.54
5.42362e+06 3.30332e+06 -614459 1411.33
5.38645e+06 3.35361e+06 -666068 1440.55
5.35329e+06 3.40634e+06 -665871 1516.99
5.39089e+06 3.35638e+06 -614330 1553.59
5.35774e+06 3.40918e+06 -614152 1591.84
5.45998e+06 3.25244e+06 -562737 1299.06
5.42774e+06 3.30584e+06 -562671 1435.92
5.46373e+06 3.25467e+06 -510898 1357.48
5.43148e+06 3.30813e+06 -510842 1054.61
5.39501e+06 3.35895e+06 -562555 1407.79
5.36184e+06 3.41179e+06 -562393 1471.95
5.39876e+06 3.3613e+06 -510741 429.497
5.3656e+06 3.41419e+06 -510597 475.345
5.31975e+06 3.45883e+06 -665627 1502.98
5.2858e+06 3.51106e+06 -665332 1584.42
5.32416e+06 3.4617e+06 -613925 1647.29
5.29006e+06 3.5139e+06 -613640 1695.02
5.25117e+06 3.56284e+06 -664951 1585.43
5.21575e+06 3.61408e+06 -664467 1464.05
5.25537e+06 3.5657e+06 -613283 1671.95
5.22011e+06 3.61711e+06 -612858 1551.2
5.32819e+06 3.46433e+06 -562180 1707.01
5.29392e+06 3.51646e+06 -561903 1895.42
5.3319e+06 3.46674e+06 -510403 1016.59
5.29753e+06 3.51887e+06 -510144 1614.73
5.25923e+06 3.56832e+06 -561579 1777.78
5.22415e+06 3.61991e+06 -561212 1631.67
5.26289e+06 3.57081e+06 -509858 1700.57
5.22795e+06 3.62255e+06 -509542 1598.92
5.46728e+06 3.2568e+06 -459043 899.806
5.43495e+06 3.31024e+06 -458989 -374.925
5.4704e+06 3.25866e+06 -407153 -536.894
5.43804e+06 3.31213e+06 -407107 -1876.24
5.4022e+06 3.36344e+06 -458899 -1120.99
5.36902e+06 3.41637e+06 -458773 -936.84
5.40525e+06 3.36534e+06 -407029 -2206.38
5.372e+06 3.41826e+06 -406916 -1592.48
5.47317e+06 3.26032e+06 -355236 -2028.42
5.44079e+06 3.3138e+06 -355197 -2642.6
5.47565e+06 3.2618e+06 -303301 -1852.9
5.44311e+06 3.31522e+06 -303259 -1796.85
5.40802e+06 3.36706e+06 -355133 -2288.82
5.37435e+06 3.41976e+06 -355012 -1437.86
5.41031e+06 3.36848e+06 -303202 -1573.65
5.37629e+06 3.42099e+06 -303077 -811.194
5.33519e+06 3.46889e+06 -458591 -472.949
5.3008e+06 3.52104e+06 -458357 -55.7205
5.33813e+06 3.4708e+06 -406753 -980.224
5.30377e+06 3.52302e+06 -406549 -869.931
5.26608e+06 3.57298e+06 -458096 798.344
5.2311e+06 3.62473e+06 -457812 1500.6
5.26899e+06 3.57496e+06 -406311 -402.745
5.23403e+06 3.62677e+06 -406060 781.839
5.34045e+06 3.47232e+06 -354870 -1075.38
5.3065e+06 3.52485e+06 -354718 -1029.4
5.34206e+06 3.47337e+06 -302939 -812.898
5.30844e+06 3.52614e+06 -302832 -1033.32
5.2718e+06 3.57687e+06 -354517 -1047.49
5.23686e+06 3.62873e+06 -354303 -581.128
5.27409e+06 3.57842e+06 -302681 -1168.22
5.23901e+06 3.63022e+06 -302492 -1008.35
5.71529e+06 2.82236e+06 -250590 2119.92
5.68754e+06 2.87848e+06 -250772 860.914
5.71691e+06 2.82316e+06 -198761 1576.31
5.68919e+06 2.87931e+06 -198909 728.059
5.6592e+06 2.93431e+06 -250927 600.488
5.63039e+06 2.98988e+06 -251062 302.18
5.66096e+06 2.93521e+06 -199040 812.303
5.63212e+06 2.99079e+06 -199148 598.392
5.71819e+06 2.82379e+06 -146921 1329.16
5.6903e+06 2.87987e+06 -147028 930.211
5.71908e+06 2.82423e+06 -95069.2 2339.84
5.69124e+06 2.88034e+06 -95142.2 1880.48
5.6619e+06 2.93569e+06 -147122 1055.07
5.63308e+06 2.9913e+06 -147206 992.13
5.66286e+06 2.93618e+06 -95206.6 1975.69
5.63395e+06 2.99175e+06 -95262.7 2133.61
5.60179e+06 3.04559e+06 -251208 -253.559
5.57234e+06 3.10084e+06 -251316 -1048.88
5.60352e+06 3.04653e+06 -199266 161.011
5.57409e+06 3.1018e+06 -199351 -234.866
5.54112e+06 3.15509e+06 -251343 -926.664
5.50955e+06 3.20915e+06 -251353 -921.385
5.5431e+06 3.15621e+06 -199382 -257.054
5.51135e+06 3.21018e+06 -199389 -213.866
5.60455e+06 3.04708e+06 -147299 678.239
5.57503e+06 3.10232e+06 -147370 337.692
5.60527e+06 3.04745e+06 -95325 1772.09
5.57513e+06 3.10236e+06 -95363.2 1020.25
5.54432e+06 3.1569e+06 -147403 190.349
5.51272e+06 3.21097e+06 -147407 151.027
5.54425e+06 3.15686e+06 -95385.5 541.115
5.51333e+06 3.21133e+06 -95403.2 504.803
5.71958e+06 2.82448e+06 -43211.6 3062
5.69183e+06 2.88064e+06 -43250.1 3129.89
5.71969e+06 2.82453e+06 8649.82 3244.67
5.69191e+06 2.88068e+06 8648.31 3462.81
5.66344e+06 2.93648e+06 -43284.1 3195.37
5.63443e+06 2.99199e+06 -43313.3 3212.95
5.66346e+06 2.93648e+06 8646.01 3551.89
5.63442e+06 2.99198e+06 8643.21 3519.34
5.71941e+06 2.82439e+06 60510.1 3230.35
5.69155e+06 2.88049e+06 60545.4 3438.62
5.71873e+06 2.82405e+06 112366 2905.66
5.69083e+06 2.88012e+06 112439 3091.61
5.66308e+06 2.93628e+06 60574.3 3534.77
5.63413e+06 2.99182e+06 60597.9 3502.14
5.66242e+06 2.93593e+06 112501 3141.53
5.63341e+06 2.99142e+06 112551 3224.05
5.60531e+06 3.04746e+06 -43341.8 2835.77
5.57589e+06 3.10277e+06 -43362.5 1701.43
5.60511e+06 3.04734e+06 8640.12 3191.26
5.57595e+06 3.1028e+06 8635.1 1618.74
5.54498e+06 3.15726e+06 -43376.4 740.159
5.5134e+06 3.21136e+06 -43390.3 707.538
5.54636e+06 3.15804e+06 8636.61 485.31
5.51448e+06 3.21198e+06 8629.58 229.77
5.60475e+06 3.04714e+06 60616.3 3133.75
5.57487e+06 3.10219e+06 60628.7 924.719
5.60389e+06 3.04666e+06 112590 2858.86
5.57391e+06 3.10164e+06 112621 242.738
5.54531e+06 3.15743e+06 60639.6 -213.708
5.51417e+06 3.21178e+06 60640.4 -432.323
5.54326e+06 3.15625e+06 112638 -419.258
5.51207e+06 3.21056e+06 112643 -1422.62
5.47774e+06 3.26304e+06 -251351 -881.298
5.44512e+06 3.31644e+06 -251309 -708.051
5.47932e+06 3.26398e+06 -199382 -326.99
5.44689e+06 3.31751e+06 -199354 -299.515
5.41177e+06 3.36939e+06 -251237 -812.697
5.37779e+06 3.42195e+06 -251133 -602.309
5.41308e+06 3.3702e+06 -199277 -392.756
5.37903e+06 3.42275e+06 -199192 -281.75
5.48037e+06 3.2646e+06 -147392 177.019
5.44798e+06 3.31818e+06 -147374 57.7205
5.48114e+06 3.26505e+06 -95395.4 508.648
5.44865e+06 3.31858e+06 -95381.1 536.24
5.41429e+06 3.37096e+06 -147319 -91.7831
5.38023e+06 3.42351e+06 -147254 -163.9
5.41508e+06 3.37145e+06 -95347.4 699.238
5.38107e+06 3.42405e+06 -95305.4 20.623
5.34362e+06 3.47439e+06 -251019 -664.285
5.31006e+06 3.52722e+06 -250934 -984.528
5.34517e+06 3.4754e+06 -199113 -388.929
5.31157e+06 3.52823e+06 -199044 -576.932
5.27597e+06 3.57971e+06 -250826 -972.646
5.2408e+06 3.63146e+06 -250665 -266.052
5.27741e+06 3.58069e+06 -198954 -522.872
5.24218e+06 3.63242e+06 -198823 882.261
5.34635e+06 3.47618e+06 -147195 -277.294
5.31231e+06 3.52873e+06 -147134 -531.005
5.34719e+06 3.47672e+06 -95266.5 -172.07
5.3128e+06 3.52905e+06 -95219.4 -236.083
5.27818e+06 3.58121e+06 -147066 268.213
5.24347e+06 3.63331e+06 -146977 1592.35
5.27871e+06 3.58158e+06 -95175.5 698.798
5.24456e+06 3.63408e+06 -95127.9 1756.95
5.48167e+06 3.26536e+06 -43392.1 630.23
5.44919e+06 3.31891e+06 -43383 1318.42
5.48175e+06 3.2654e+06 8619.79 388.679
5.44935e+06 3.31901e+06 8623.49 1228.69
5.4156e+06 3.37178e+06 -43364.7 2197.75
5.38154e+06 3.42436e+06 -43342.1 478.329
5.41609e+06 3.37209e+06 8627.83 2518.29
5.38234e+06 3.42487e+06 8631.71 1191.15
5.48154e+06 3.26527e+06 60635.3 -429.371
5.44909e+06 3.31886e+06 60630.7 783.8
5.48058e+06 3.2647e+06 112643 -1072.24
5.44835e+06 3.31841e+06 112634 638.268
5.4161e+06 3.37211e+06 60619.3 2230.26
5.38266e+06 3.42508e+06 60603 1230.02
5.41536e+06 3.37165e+06 112607 2004.53
5.38195e+06 3.42463e+06 112570 1215.57
5.34766e+06 3.47703e+06 -43322.7 -76.1364
5.31327e+06 3.52936e+06 -43300.9 -81.8327
5.3481e+06 3.47731e+06 8627.35 104.454
5.31372e+06 3.52966e+06 8620.34 414.806
5.27909e+06 3.58184e+06 -43282.2 1138.08
5.24468e+06 3.63416e+06 -43263.6 1647.06
5.2795e+06 3.58211e+06 8612.85 1826.26
5.24475e+06 3.63421e+06 8603.58 1943.46
5.34844e+06 3.47754e+06 60576 99.6601
5.31408e+06 3.5299e+06 60542 1347.64
5.34808e+06 3.4773e+06 112522 -42.2435
5.31371e+06 3.52965e+06 112463 1669.54
5.27969e+06 3.58223e+06 60506.6 1924.58
5.24488e+06 3.63429e+06 60467.1 1689.64
5.27962e+06 3.58219e+06 112412 1952.56
5.24482e+06 3.63424e+06 112344 1992.83
5.7177e+06 2.82354e+06 164215 1825.34
5.68976e+06 2.87957e+06 164324 1998.75
5.71639e+06 2.82289e+06 216056 928.048
5.68848e+06 2.87892e+06 216202 1088.36
5.66139e+06 2.93539e+06 164419 2056.62
5.63243e+06 2.9909e+06 164498 2232.16
5.66007e+06 2.9347e+06 216328 1273.67
5.63115e+06 2.99021e+06 216435 1471.77
5.71476e+06 2.82209e+06 267886 1016.39
5.68688e+06 2.87811e+06 268068 1126.89
5.71267e+06 2.82105e+06 319694 1073.82
5.68475e+06 2.87703e+06 319910 1218.05
5.65843e+06 2.93385e+06 268224 1217.94
5.62944e+06 2.9893e+06 268354 1712.42
5.65627e+06 2.93272e+06 320095 1324.33
5.62728e+06 2.98815e+06 320250 1887.42
5.6029e+06 3.04611e+06 164561 2296.93
5.57292e+06 3.10108e+06 164609 346.603
5.60167e+06 3.04544e+06 216520 2328.67
5.57163e+06 3.10036e+06 216585 1518.84
5.54243e+06 3.15577e+06 164643 -390.631
5.51136e+06 3.21014e+06 164663 -185.477
5.54111e+06 3.15502e+06 216631 959.339
5.51042e+06 3.20959e+06 216671 1309.7
5.59994e+06 3.04449e+06 268460 2506.14
5.56993e+06 3.09941e+06 268542 2856.47
5.59776e+06 3.0433e+06 320376 2680.95
5.56775e+06 3.09819e+06 320474 3181.96
5.53943e+06 3.15406e+06 268600 2805.68
5.50855e+06 3.20849e+06 268638 2478.16
5.53724e+06 3.1528e+06 320542 3239.9
5.50619e+06 3.20711e+06 320578 2997.2
5.71012e+06 2.8198e+06 371476 897.667
5.68218e+06 2.87573e+06 371726 1066.8
5.7072e+06 2.81835e+06 423232 648.221
5.67926e+06 2.87425e+06 423518 854.048
5.6537e+06 2.93139e+06 371941 1213.9
5.6247e+06 2.98678e+06 372121 1615.88
5.65079e+06 2.92987e+06 423763 958.983
5.62178e+06 2.98522e+06 423967 1166.61
5.70389e+06 2.81672e+06 474960 525.942
5.67597e+06 2.87258e+06 475281 754.104
5.70024e+06 2.81491e+06 526658 509.125
5.6723e+06 2.87072e+06 527013 765.613
5.64753e+06 2.92818e+06 475559 928.949
5.6185e+06 2.98348e+06 475787 1020.84
5.64387e+06 2.92627e+06 527321 1017.06
5.61482e+06 2.98151e+06 527572 1126.47
5.59515e+06 3.04187e+06 372265 2587.19
5.56511e+06 3.09671e+06 372375 3231.59
5.59222e+06 3.04028e+06 424130 2280.9
5.56214e+06 3.09506e+06 424253 3166.81
5.53452e+06 3.15125e+06 372450 3382.7
5.50356e+06 3.20557e+06 372500 3289.29
5.53158e+06 3.14956e+06 424339 3425.96
5.5006e+06 3.20384e+06 424392 3420.42
5.58898e+06 3.03851e+06 475972 1881.73
5.55894e+06 3.09327e+06 476114 2955.29
5.58528e+06 3.03649e+06 527775 1629.85
5.55528e+06 3.09122e+06 527936 2637.39
5.52838e+06 3.14774e+06 476211 3370.26
5.49724e+06 3.20187e+06 476257 3451.51
5.52472e+06 3.14564e+06 528043 3242
5.49354e+06 3.19971e+06 528091 3421.03
5.47939e+06 3.26399e+06 164651 363.643
5.44706e+06 3.31762e+06 164623 1706.59
5.47858e+06 3.26349e+06 216664 2261.33
5.4457e+06 3.31678e+06 216608 2238.11
5.41438e+06 3.37104e+06 164589 1973.78
5.38097e+06 3.424e+06 164534 701.445
5.41289e+06 3.3701e+06 216555 2090.85
5.37963e+06 3.42314e+06 216489 462.145
5.4768e+06 3.26242e+06 268631 2443.49
5.44401e+06 3.31574e+06 268574 2316.12
5.4743e+06 3.26092e+06 320565 2965.63
5.44179e+06 3.31437e+06 320513 2587.56
5.4111e+06 3.36898e+06 268509 2168.99
5.37796e+06 3.42207e+06 268431 501.563
5.40907e+06 3.3677e+06 320447 2235.3
5.37583e+06 3.4207e+06 320349 584.263
5.34709e+06 3.47666e+06 164464 -282.626
5.31272e+06 3.52899e+06 164379 1324.4
5.34582e+06 3.47582e+06 216400 -585.657
5.31146e+06 3.52815e+06 216291 33.3452
5.2785e+06 3.58143e+06 164295 1743.04
5.24351e+06 3.63333e+06 164189 1603.99
5.27661e+06 3.58014e+06 216160 1235.69
5.2415e+06 3.63194e+06 216019 1546.47
5.34417e+06 3.47474e+06 268322 -666.416
5.30988e+06 3.52709e+06 268190 -731.422
5.3421e+06 3.47338e+06 320223 -574.812
5.30794e+06 3.5258e+06 320073 -891.744
5.27509e+06 3.57911e+06 268033 -507.677
5.23977e+06 3.63074e+06 267846 -180.725
5.27325e+06 3.57785e+06 319890 -890.896
5.23807e+06 3.62957e+06 319680 -617.401
5.4719e+06 3.25949e+06 372499 3255.04
5.43939e+06 3.3129e+06 372439 2881.59
5.46901e+06 3.25776e+06 424398 3381.67
5.43649e+06 3.31112e+06 424330 3160.4
5.40646e+06 3.36606e+06 372348 2283.38
5.37326e+06 3.41905e+06 372241 781.467
5.40352e+06 3.36422e+06 424227 2534.89
5.37047e+06 3.41727e+06 424119 1207.31
5.46557e+06 3.2557e+06 476256 3456.59
5.43315e+06 3.30908e+06 476190 3302.22
5.4618e+06 3.25345e+06 528083 3457.16
5.42944e+06 3.30681e+06 528016 3388.06
5.40026e+06 3.36218e+06 476082 2920.97
5.36713e+06 3.41513e+06 475951 2190.6
5.39658e+06 3.35988e+06 527899 3247.87
5.36335e+06 3.41271e+06 527746 2984.7
5.33969e+06 3.47181e+06 372107 -529.113
5.3056e+06 3.52423e+06 371936 -934.957
5.33681e+06 3.46992e+06 423959 -75.6384
5.30277e+06 3.52235e+06 423768 -658.648
5.2709e+06 3.57625e+06 371720 -680.707
5.23567e+06 3.6279e+06 371461 -458.44
5.26805e+06 3.5743e+06 423519 36.4648
5.23219e+06 3.62548e+06 423176 674.076
5.33338e+06 3.46768e+06 475765 1269.44
5.29941e+06 3.5201e+06 475556 1674.89
5.32967e+06 3.46525e+06 527546 2825.77
5.29558e+06 3.51754e+06 527305 2796.64
5.26461e+06 3.57196e+06 475273 2270.2
5.22882e+06 3.62314e+06 474902 2500.92
5.26072e+06 3.56931e+06 526989 2877
5.22523e+06 3.62065e+06 526611 2884.58
