26.2812 -9.70525 -0.000369598 0.0004486 -0.000809574
26.8436 -9.71166 -0.000863137 0.00140558 -0.000639496
26.2813 -9.23952 -0.000475792 0.000324864 -0.00194224
26.8437 -9.24562 -0.00112652 0.00144356 -0.00211672
27.4061 -9.7172 -0.00145371 0.00269708 -0.000701985
27.9685 -9.72183 -0.00218181 0.00370939 -0.000573941
27.4062 -9.25085 -0.0016044 0.00254583 -0.0016902
27.9686 -9.25526 -0.00230414 0.00358994 -0.00162459
26.2813 -8.77371 -0.000734127 0.000310495 -0.00332591
26.8438 -8.77957 -0.00115505 0.00135253 -0.0030652
26.2812 -8.3079 -0.000817115 0.000206598 -0.00453235
26.8438 -8.31345 -0.00132324 0.00152078 -0.00420244
27.4062 -8.78455 -0.0019192 0.00268856 -0.00292542
27.9687 -8.78869 -0.00232968 0.00352044 -0.00223511
27.4063 -8.31819 -0.00200666 0.0028936 -0.00376705
27.9688 -8.32208 -0.00259864 0.00380269 -0.00298772
28.5311 -9.72553 -0.00244405 0.00432807 -0.000498587
29.0937 -9.72832 -0.00258046 0.00456444 -0.000443403
28.5312 -9.25876 -0.00254146 0.00420407 -0.00130841
29.0937 -9.26141 -0.00269727 0.0045895 -0.000968133
29.6562 -9.73016 -0.00259773 0.00453497 -0.00022736
30.2187 -9.73108 -0.00266447 0.00452368 -0.000179121
29.6562 -9.26317 -0.00270985 0.00455468 -0.000780997
30.2187 -9.26403 -0.00283346 0.00477703 -0.000528434
28.5312 -8.79199 -0.00271159 0.0042974 -0.00202001
29.0938 -8.79445 -0.00275321 0.00459762 -0.00126231
28.5313 -8.3252 -0.00290127 0.00461331 -0.00231317
29.0938 -8.32752 -0.00289583 0.0049992 -0.00131341
29.6563 -8.79611 -0.00288548 0.0047719 -0.000892724
30.2188 -8.79696 -0.0028976 0.00477704 -0.000742172
29.6563 -8.32907 -0.00302872 0.0049394 -0.000849556
30.2188 -8.32984 -0.00289232 0.00459057 -0.000927606
26.2813 -7.84204 -0.000913669 8.18674e-05 -0.00537094
26.8438 -7.84726 -0.00156264 0.00145004 -0.00513673
26.2813 -7.37619 -0.000939236 0.000144087 -0.00577124
26.8438 -7.38111 -0.00156893 0.00143312 -0.0056941
27.4064 -7.85175 -0.00211834 0.00294908 -0.00464624
27.9688 -7.85547 -0.00285297 0.0042737 -0.00392931
27.4064 -7.38532 -0.00229193 0.00297357 -0.00517951
27.9689 -7.38882 -0.00306665 0.00460727 -0.00442561
26.2812 -6.91036 -0.000866481 0.000254345 -0.00567871
26.8438 -6.91496 -0.00149955 0.00152763 -0.00545035
26.2813 -6.44451 -0.000752778 0.000285291 -0.00490117
26.8439 -6.44881 -0.00140128 0.0015832 -0.00468727
27.4064 -6.9189 -0.00229941 0.00307686 -0.00515274
27.969 -6.92217 -0.0031496 0.00471207 -0.00479422
27.4065 -6.45248 -0.00219127 0.00311988 -0.00459478
27.969 -6.45554 -0.00306947 0.00470039 -0.00460275
28.5314 -7.85841 -0.00315934 0.00513698 -0.00250695
29.0939 -7.86061 -0.00301649 0.00521778 -0.00138572
28.5315 -7.3916 -0.00331089 0.00544472 -0.0031602
29.094 -7.39369 -0.00318111 0.0051711 -0.00237914
29.6563 -7.86207 -0.00285847 0.00475531 -0.000973665
30.2188 -7.86275 -0.00282132 0.00419916 -0.00123166
29.6565 -7.39504 -0.00267114 0.00447111 -0.00188388
30.2189 -7.39566 -0.00278128 0.00383875 -0.00198496
28.5315 -6.92479 -0.0035493 0.00559687 -0.00440614
29.094 -6.92674 -0.00335608 0.00510049 -0.00387172
28.5316 -6.45798 -0.00364921 0.00566146 -0.00485971
29.0941 -6.45981 -0.00363797 0.00542853 -0.00497432
29.6565 -6.92803 -0.00285704 0.00445266 -0.00346024
30.219 -6.92859 -0.00263115 0.00369881 -0.0032711
29.6566 -6.46097 -0.00331815 0.00471379 -0.00482788
30.2191 -6.46151 -0.00299007 0.00383988 -0.00435451
