26.1406 -6.09401 -0.000557613 -3.04683e-05 -0.00490635
26.4219 -6.09618 -0.000808371 0.000434949 -0.00485896
26.1406 -5.86111 -0.000490552 8.40168e-06 -0.00446986
26.4219 -5.8632 -0.000717911 0.00046404 -0.00441768
26.7032 -6.09822 -0.00105336 0.000958196 -0.0047794
26.9845 -6.1001 -0.00136844 0.00158712 -0.00468376
26.7032 -5.86515 -0.00101558 0.00102582 -0.0043303
26.9845 -5.86696 -0.00132638 0.00164587 -0.00422813
26.1406 -5.6282 -0.000470348 7.1327e-05 -0.0039393
26.4219 -5.63021 -0.00073289 0.000551723 -0.00389063
26.1407 -5.39529 -0.000403562 0.000102307 -0.00345048
26.422 -5.39722 -0.000654221 0.000642458 -0.00340531
26.7033 -5.63208 -0.00101448 0.00107705 -0.00383943
26.9846 -5.63382 -0.001324 0.00174057 -0.00368801
26.7033 -5.39902 -0.000934256 0.00117139 -0.00327643
26.9846 -5.40069 -0.00126552 0.00190212 -0.00322499
27.2658 -6.10184 -0.0017099 0.00229184 -0.00462651
27.5471 -6.10344 -0.00205456 0.00296103 -0.00456213
27.2659 -5.86863 -0.00167149 0.00229 -0.00414604
27.5472 -5.87016 -0.00204974 0.00299474 -0.00412647
27.8284 -6.10488 -0.00230239 0.00340084 -0.00444582
28.1097 -6.10618 -0.00240066 0.00363436 -0.00415585
27.8285 -5.87156 -0.00232434 0.00349648 -0.00407583
28.1097 -5.87281 -0.00248242 0.00381217 -0.00397484
27.2659 -5.63542 -0.0016614 0.00234041 -0.0035999
27.5472 -5.6369 -0.00194627 0.00298937 -0.0035759
27.2659 -5.40222 -0.00160312 0.0024991 -0.00309634
27.5472 -5.40362 -0.00196528 0.00318263 -0.00295458
27.8285 -5.63823 -0.00229999 0.00361285 -0.00365565
28.1098 -5.63943 -0.00249177 0.00392438 -0.00359724
27.8285 -5.4049 -0.00230053 0.00362796 -0.00298179
28.1098 -5.40606 -0.00256611 0.00400952 -0.00298728
26.1407 -5.16238 -0.000364094 0.000152125 -0.00289931
26.422 -5.16423 -0.000638303 0.000721292 -0.00285514
26.1407 -4.92946 -0.000325008 0.000197885 -0.00236487
26.422 -4.93122 -0.00062849 0.000831812 -0.00231361
26.7033 -5.16595 -0.0009534 0.00133101 -0.00277332
26.9846 -5.16754 -0.00130746 0.00204108 -0.00261094
26.7033 -4.93287 -0.000968838 0.00151826 -0.00220157
26.9846 -4.93439 -0.00133743 0.00225775 -0.00207609
26.1407 -4.69654 -0.000289158 0.000261749 -0.00183301
26.422 -4.69822 -0.000629654 0.000937795 -0.0017712
26.1407 -4.46362 -0.000265395 0.000311526 -0.00131644
26.422 -4.46521 -0.000647663 0.001085 -0.00123661
26.7033 -4.69978 -0.00100382 0.00171512 -0.00164086
26.9846 -4.70123 -0.00139885 0.00248084 -0.00166057
26.7033 -4.4667 -0.00104929 0.00186894 -0.00116859
26.9846 -4.46808 -0.00146658 0.00274399 -0.00105326
27.2659 -5.16901 -0.00167254 0.00272182 -0.00246482
27.5472 -5.17036 -0.0019302 0.0033775 -0.00239022
27.2659 -4.93579 -0.00169622 0.00297343 -0.00196827
27.5472 -4.93709 -0.00203353 0.0035875 -0.00186517
27.8285 -5.17159 -0.00219311 0.00377048 -0.00232905
28.1098 -5.17269 -0.00248566 0.00415291 -0.00235846
27.8285 -4.93825 -0.00228248 0.0040571 -0.00183293
28.1098 -4.9393 -0.00252424 0.00434966 -0.00179146
27.2659 -4.70257 -0.00178211 0.00322016 -0.00135312
27.5473 -4.7038 -0.00210256 0.00388791 -0.00131573
27.266 -4.46936 -0.00188817 0.00344942 -0.00100313
27.5473 -4.47052 -0.00219608 0.00411947 -0.00111449
27.8286 -4.70492 -0.00236146 0.00426883 -0.00138182
28.1099 -4.70592 -0.00256583 0.00451401 -0.00145817
27.8286 -4.47158 -0.00244946 0.00446465 -0.00127183
28.1099 -4.47253 -0.00263522 0.004641 -0.0015048
28.391 -6.10734 -0.00236738 0.00364866 -0.00387019
28.6723 -6.10834 -0.00237038 0.00364643 -0.00361854
28.391 -5.87391 -0.00254484 0.0038899 -0.00374983
28.6723 -5.87488 -0.00250037 0.00395447 -0.0034953
28.9535 -6.1092 -0.00241406 0.00363035 -0.00352149
29.2348 -6.10991 -0.00242349 0.00352238 -0.0034483
28.9535 -5.8757 -0.00262117 0.00381095 -0.00331497
29.2348 -5.87639 -0.00259583 0.0037795 -0.00334852
28.3911 -5.6405 -0.0025654 0.00415218 -0.00360188
28.6723 -5.64143 -0.00264027 0.00422629 -0.00338999
28.3911 -5.40708 -0.00256366 0.00431318 -0.0031304
28.6723 -5.40797 -0.00275068 0.00433225 -0.00313712
28.9536 -5.64223 -0.00267722 0.00414176 -0.00343834
29.2348 -5.64287 -0.00271242 0.00395695 -0.00337899
28.9536 -5.40873 -0.00270279 0.00436921 -0.00313911
29.2349 -5.40936 -0.00295801 0.00431934 -0.00287388
29.5161 -6.11048 -0.00231773 0.00333594 -0.00346476
29.7973 -6.11093 -0.00190699 0.00312898 -0.00336393
29.5161 -5.87694 -0.00248914 0.00370048 -0.00330987
29.7973 -5.87735 -0.00239025 0.00358923 -0.00325433
30.0785 -6.11119 -0.00207781 0.00301786 -0.00327955
30.3597 -6.11129 -0.00200935 0.00287178 -0.00288409
30.0786 -5.87762 -0.0021951 0.00338484 -0.00311406
30.3598 -5.87773 -0.00204867 0.00318196 -0.00290951
29.5161 -5.64339 -0.00261135 0.0039679 -0.00319241
29.7974 -5.64377 -0.00256237 0.00389643 -0.00308149
29.5161 -5.40985 -0.00270454 0.00417556 -0.00310865
29.7974 -5.41022 -0.00248973 0.00414718 -0.0029685
30.0786 -5.64402 -0.00251066 0.00364482 -0.00290544
30.3598 -5.64415 -0.00226802 0.0033885 -0.00297208
30.0786 -5.41046 -0.00249246 0.0038075 -0.00296502
30.3598 -5.41057 -0.00245722 0.00363677 -0.00293471
28.3911 -5.17366 -0.0025486 0.00435824 -0.00249053
28.6724 -5.17451 -0.00265007 0.004443 -0.00264562
28.3911 -4.94023 -0.00263181 0.00447791 -0.00186793
28.6724 -4.94103 -0.00260854 0.00463062 -0.00192589
28.9537 -5.17523 -0.0026146 0.00454856 -0.00268587
29.2349 -5.17583 -0.002859 0.00418093 -0.00269812
28.9537 -4.94174 -0.00262875 0.00442185 -0.00223331
29.2349 -4.94231 -0.00271822 0.00433292 -0.00235333
28.3912 -4.7068 -0.00265938 0.00461712 -0.00162926
28.6725 -4.70757 -0.00253162 0.00470442 -0.00177265
28.3912 -4.47337 -0.0026884 0.00486745 -0.00162336
28.6725 -4.47411 -0.00278153 0.00488429 -0.00187865
28.9537 -4.70824 -0.00279401 0.00446209 -0.00169017
29.2349 -4.70877 -0.0027189 0.00437378 -0.00192487
28.9537 -4.47474 -0.00278793 0.00462848 -0.00171411
29.235 -4.47525 -0.00268091 0.00441865 -0.00184998
29.5162 -5.17631 -0.00274096 0.00432256 -0.00280305
29.7974 -5.17666 -0.00260865 0.00423897 -0.00281822
29.5162 -4.94275 -0.00272492 0.00439942 -0.00240421
29.7975 -4.94309 -0.00264478 0.00424912 -0.00260412
30.0787 -5.17689 -0.00250449 0.00403397 -0.00287891
30.3599 -5.177 -0.00246719 0.00375585 -0.00283016
30.0787 -4.94331 -0.00265033 0.00414643 -0.00272291
30.3599 -4.9434 -0.00260549 0.0039146 -0.00279366
29.5162 -4.7092 -0.00265384 0.00441857 -0.00207332
29.7975 -4.70952 -0.00268527 0.0043509 -0.0024094
29.5163 -4.47565 -0.00260039 0.00440296 -0.00193701
29.7975 -4.47596 -0.00256189 0.00439041 -0.00223087
30.0787 -4.70972 -0.00270192 0.00422622 -0.00258332
30.3599 -4.70981 -0.00263033 0.00402709 -0.00272252
30.0787 -4.47614 -0.00273857 0.00426868 -0.00240629
30.3599 -4.47623 -0.00266822 0.00409264 -0.00262993
