30.6407 3.23041 -0.00139566 0.0026696 -0.0023896
30.9219 3.2303 -0.00171526 0.0030155 -0.00253613
30.6407 3.46394 -0.00135095 0.00255117 -0.0021914
30.9219 3.46383 -0.00165851 0.00296188 -0.0023389
31.2032 3.23011 -0.00189435 0.00327541 -0.00271235
31.4845 3.22983 -0.00187996 0.00343592 -0.00283331
31.2032 3.46362 -0.00188324 0.00329746 -0.00253681
31.4844 3.46334 -0.00197716 0.00345828 -0.00274296
30.6406 3.69747 -0.00128524 0.00246794 -0.00190803
30.9219 3.69736 -0.00163285 0.00296523 -0.00212434
30.6406 3.93101 -0.00125574 0.00239374 -0.00160292
30.9218 3.9309 -0.00161231 0.0029623 -0.00178171
31.2031 3.69715 -0.0018915 0.0033311 -0.00229023
31.4844 3.69685 -0.00198493 0.0035692 -0.00256833
31.2031 3.93069 -0.00191353 0.00334733 -0.00201855
31.4844 3.93038 -0.00196858 0.00359727 -0.00234908
31.7657 3.22948 -0.0017898 0.00337624 -0.00297466
32.047 3.22905 -0.00173048 0.00318512 -0.00308887
31.7657 3.46297 -0.00193342 0.00340844 -0.00287832
32.047 3.46252 -0.00180804 0.00323577 -0.00306691
32.3283 3.22855 -0.00166208 0.00302416 -0.0031248
32.6096 3.22798 -0.00156736 0.00281046 -0.00335131
32.3283 3.462 -0.00166536 0.00309375 -0.00319878
32.6095 3.46139 -0.00154289 0.00285939 -0.00332339
31.7657 3.69647 -0.00198031 0.00343234 -0.00272248
32.047 3.69601 -0.0018786 0.003347 -0.00299733
31.7656 3.92998 -0.00202916 0.00367096 -0.00260692
32.0469 3.92949 -0.001978 0.00351536 -0.00282154
32.3282 3.69545 -0.00173928 0.00316403 -0.00314557
32.6095 3.6948 -0.00160595 0.00300051 -0.00326635
32.3282 3.92891 -0.00182804 0.00327187 -0.00301492
32.6095 3.92822 -0.00156591 0.00292138 -0.00333888
30.6406 4.16457 -0.00125063 0.00231274 -0.00122264
30.9218 4.16446 -0.00159402 0.00291893 -0.00142041
30.6405 4.39814 -0.00124081 0.00224619 -0.000875
30.9218 4.39802 -0.00160329 0.00287165 -0.00102039
31.203 4.16424 -0.00196932 0.00336 -0.00165244
31.4843 4.16392 -0.00214376 0.0037238 -0.001895
31.203 4.3978 -0.00198938 0.00335341 -0.00120898
31.4843 4.39747 -0.0021754 0.00376188 -0.00149373
30.6405 4.6317 -0.00124708 0.00221765 -0.000502791
30.9217 4.63159 -0.0016501 0.00285729 -0.000558078
30.6405 4.86528 -0.00125494 0.00216412 -0.000183542
30.9217 4.86516 -0.00163866 0.002799 -0.000235637
31.203 4.63136 -0.00201746 0.00331534 -0.000758369
31.4842 4.63101 -0.00222259 0.00377138 -0.000991848
31.203 4.86492 -0.00201674 0.00327252 -0.000271804
31.4842 4.86457 -0.0022525 0.00370403 -0.000324827
31.7656 4.1635 -0.00214162 0.00385186 -0.00223556
32.0469 4.16298 -0.0020758 0.00370704 -0.00249587
31.7656 4.39703 -0.00223136 0.00395961 -0.00177473
32.0468 4.39648 -0.00224541 0.00387798 -0.00207138
32.3282 4.16236 -0.00191455 0.00348284 -0.00273876
32.6094 4.16163 -0.001758 0.00309411 -0.0029306
32.3281 4.39582 -0.00202151 0.00368281 -0.00231711
32.6094 4.39506 -0.00182961 0.00322871 -0.00251291
31.7655 4.63056 -0.00229379 0.00401213 -0.00121198
32.0468 4.62999 -0.00236356 0.0039596 -0.00142668
31.7655 4.8641 -0.00239523 0.00396213 -0.000425518
32.0467 4.8635 -0.00242663 0.00396449 -0.000534589
32.3281 4.62931 -0.00221375 0.00374498 -0.0016152
32.6093 4.62852 -0.00194496 0.0033429 -0.00179173
32.328 4.8628 -0.00232042 0.00376606 -0.000608342
32.6093 4.86197 -0.00203935 0.00336242 -0.000681812
32.8909 3.22732 -0.00149171 0.00270288 -0.00348897
33.1721 3.22657 -0.00132684 0.00249018 -0.00376728
32.8908 3.46069 -0.0014962 0.00268923 -0.00358656
33.1721 3.45989 -0.00130648 0.00245461 -0.00393305
33.4534 3.22576 -0.00113823 0.00208079 -0.00392256
33.7347 3.22486 -0.000914175 0.0015917 -0.00409149
33.4534 3.45902 -0.000978614 0.00213645 -0.00420206
33.7346 3.45806 -0.000810105 0.00162698 -0.0044005
32.8908 3.69406 -0.00149348 0.00268698 -0.0035874
33.172 3.69321 -0.00128852 0.00233255 -0.00381152
32.8907 3.92743 -0.00131605 0.00263263 -0.00337981
33.172 3.92652 -0.00116248 0.00233241 -0.0036238
33.4533 3.69227 -0.000802355 0.00199199 -0.00424556
33.7346 3.69125 -0.000603893 0.00157572 -0.00432191
33.4533 3.92554 -0.000907521 0.00194749 -0.00386206
33.7345 3.92446 -0.000641164 0.0015048 -0.00399026
34.0159 3.22388 -0.000558264 0.00121923 -0.00418689
34.2971 3.22281 -0.000167801 0.000726573 -0.00418991
34.0158 3.45701 -0.000511464 0.00120649 -0.00445614
34.297 3.45586 -0.000213279 0.000669562 -0.00431696
34.5783 3.22166 9.7072e-05 0.000387173 -0.0040603
34.8594 3.22043 0.000346048 0.000241529 -0.00393224
34.5782 3.45461 6.19105e-05 0.000330707 -0.00397319
34.8594 3.45328 0.000151267 0.000226348 -0.00377315
34.0158 3.69014 -0.000352628 0.00114152 -0.00443105
34.297 3.68891 -0.00015093 0.000747492 -0.00394125
34.0157 3.92327 -0.000272862 0.00103137 -0.00389266
34.2969 3.92199 -5.87816e-05 0.000627947 -0.0036144
34.5782 3.68759 8.43209e-05 0.000395632 -0.00377269
34.8594 3.68619 0.0001714 0.000203189 -0.00348125
34.5781 3.92061 -6.53923e-05 0.000455894 -0.0032717
34.8594 3.91914 0.000153819 0.000182151 -0.00308994
32.8907 4.1608 -0.00152704 0.00284477 -0.00309189
33.172 4.15987 -0.00128742 0.0024641 -0.00328932
32.8906 4.39419 -0.00153562 0.00278999 -0.00265951
33.1719 4.39321 -0.00117543 0.00229207 -0.00276933
33.4532 4.15883 -0.000960158 0.00181036 -0.00338803
33.7345 4.15769 -0.000682569 0.00125736 -0.00337164
33.4532 4.39211 -0.000677243 0.00180431 -0.00284822
33.7344 4.39091 -0.000440203 0.00122059 -0.00275651
32.8906 4.62761 -0.0016817 0.00283086 -0.00178188
33.1719 4.62658 -0.00124644 0.00223262 -0.00198406
32.8905 4.86103 -0.0017336 0.00278918 -0.000780936
33.1718 4.85996 -0.00135482 0.00220502 -0.000751237
33.4531 4.62544 -0.000866459 0.00167732 -0.00196267
33.7344 4.62418 -0.000505186 0.00109704 -0.00190238
33.4531 4.85878 -0.000945212 0.00156398 -0.000739137
33.7343 4.85748 -0.000578415 0.000985247 -0.000697122
34.0157 4.15643 -0.000316642 0.000903393 -0.00316095
34.2969 4.15508 -3.62746e-05 0.000555413 -0.00305235
34.0157 4.38962 -0.000267041 0.000769182 -0.00257228
34.2969 4.38822 6.55058e-05 0.000234402 -0.00230173
34.5781 4.15365 0.000131779 0.0002391 -0.00275926
34.8594 4.15211 0.000142913 0.000134463 -0.00255771
34.5781 4.38672 0.000106799 0.000137217 -0.00207574
34.8594 4.38511 0.000122779 9.20899e-05 -0.00194197
34.0156 4.62283 -0.000219329 0.000590493 -0.00170489
34.2969 4.62138 -1.94315e-05 0.000249753 -0.00149011
34.0156 4.85607 -0.000291513 0.000532691 -0.00062253
34.2968 4.85454 -6.24467e-05 0.000172639 -0.000522185
34.5781 4.61981 8.93463e-05 6.66891e-05 -0.00133282
34.8594 4.61812 9.71896e-05 4.0475e-05 -0.00124491
34.5781 4.8529 4.23402e-05 8.17826e-06 -0.000456639
34.8594 4.85114 5.76049e-05 -1.59812e-05 -0.000445061
