26.1407 -2.36733 -0.00024431 0.000303819 -0.00210747
26.4221 -2.3682 -0.000569675 0.000988484 -0.00217734
26.1407 -2.13448 -0.000232744 0.000274748 -0.00241429
26.4221 -2.13526 -0.000539342 0.000877335 -0.00249118
26.7034 -2.36901 -0.0010094 0.00182744 -0.00240835
26.9848 -2.36975 -0.00159008 0.00287407 -0.00276134
26.7034 -2.13599 -0.000955349 0.00167526 -0.00269684
26.9848 -2.13666 -0.00150587 0.00263865 -0.00294831
26.1407 -1.90162 -0.000225468 0.00025504 -0.00262788
26.4221 -1.90231 -0.000534111 0.000796713 -0.00267708
26.1407 -1.66876 -0.000191236 0.000213907 -0.0027868
26.4221 -1.66938 -0.000390303 0.000718263 -0.00287064
26.7034 -1.90297 -0.000893757 0.00143751 -0.0028635
26.9848 -1.90359 -0.00126499 0.00236534 -0.00322579
26.7034 -1.66997 -0.000754417 0.0013821 -0.00305255
26.9847 -1.67051 -0.00118189 0.00214561 -0.00331547
27.2661 -2.37044 -0.00215871 0.00402718 -0.00309107
27.5475 -2.37107 -0.00266761 0.0048025 -0.00361086
27.2661 -2.13728 -0.00212752 0.00361681 -0.00349078
27.5475 -2.13786 -0.00263179 0.00454337 -0.00384696
27.8288 -2.37165 -0.00278842 0.00534371 -0.00395608
28.1101 -2.37218 -0.00301343 0.00530258 -0.00428505
27.8288 -2.13839 -0.0028216 0.00496187 -0.00426344
28.1101 -2.13887 -0.00293153 0.00511109 -0.00450477
27.2661 -1.90416 -0.00179386 0.0033545 -0.00366004
27.5474 -1.90467 -0.0023546 0.00422255 -0.00407266
27.2661 -1.67101 -0.00158353 0.00305801 -0.00354088
27.5474 -1.67148 -0.00205759 0.00386578 -0.00396975
27.8288 -1.90515 -0.00260876 0.00467694 -0.00455809
28.1101 -1.90557 -0.00276399 0.00487794 -0.00478407
27.8287 -1.6719 -0.00236636 0.004393 -0.00446298
28.11 -1.67227 -0.00248804 0.00472019 -0.00487478
26.1407 -1.4359 -0.000170152 0.000186258 -0.00279447
26.422 -1.43644 -0.00040052 0.000655022 -0.00289722
26.1407 -1.20304 -0.000148238 0.000170702 -0.00272324
26.422 -1.2035 -0.000341585 0.00058396 -0.0027568
26.7034 -1.43695 -0.000676394 0.00119924 -0.00296488
26.9847 -1.43742 -0.00103695 0.00189973 -0.00308864
26.7034 -1.20393 -0.000633205 0.00110728 -0.0028205
26.9847 -1.20433 -0.000967081 0.00175616 -0.00288701
26.1407 -0.97018 -0.000118202 0.000151539 -0.00251678
26.422 -0.970557 -0.000307768 0.000530742 -0.00253297
26.1407 -0.737321 -0.000106722 0.000144742 -0.0022249
26.422 -0.737616 -0.000283703 0.0004853 -0.00221735
26.7034 -0.970912 -0.000545846 0.00104702 -0.00256827
26.9847 -0.971241 -0.000867523 0.0016337 -0.00263215
26.7034 -0.737894 -0.000519784 0.000928289 -0.00219883
26.9847 -0.738155 -0.000800038 0.00146982 -0.00223735
27.2661 -1.43786 -0.00148482 0.00275561 -0.00333848
27.5474 -1.43826 -0.00185921 0.00344178 -0.00375927
27.266 -1.2047 -0.00132422 0.00247774 -0.00311876
27.5474 -1.20505 -0.00170248 0.00311184 -0.00339449
27.8287 -1.43863 -0.00221034 0.00396536 -0.00415541
28.11 -1.43896 -0.00234841 0.0044067 -0.00449909
27.8287 -1.20537 -0.00202114 0.00365484 -0.00363649
28.11 -1.20566 -0.00224848 0.004056 -0.00388849
27.266 -0.971548 -0.00122698 0.00228451 -0.00275036
27.5473 -0.971835 -0.00155377 0.00287814 -0.00288104
27.266 -0.7384 -0.0011238 0.0020849 -0.00230256
27.5473 -0.738625 -0.00146012 0.00270306 -0.00244448
27.8286 -0.9721 -0.00183027 0.00340086 -0.00308802
28.1099 -0.972342 -0.00210108 0.00387679 -0.00317561
27.8286 -0.738833 -0.0017674 0.00322161 -0.00248242
28.1099 -0.739026 -0.00205937 0.0036878 -0.00260604
28.3915 -2.37264 -0.00296521 0.00545871 -0.00443603
28.6728 -2.37305 -0.00293365 0.0051021 -0.00459731
28.3914 -2.1393 -0.00277842 0.00515171 -0.00475879
28.6728 -2.13966 -0.00273907 0.00493026 -0.00481764
28.9541 -2.3734 -0.0026268 0.00454132 -0.00466487
29.2353 -2.3737 -0.00221805 0.00412869 -0.00478278
28.954 -2.13998 -0.00294202 0.00434878 -0.00497687
29.2352 -2.14026 -0.00234644 0.00425389 -0.00508016
28.3914 -1.90595 -0.0028618 0.00503524 -0.00497614
28.6728 -1.90628 -0.00263369 0.00485489 -0.00506563
28.3914 -1.67261 -0.00251847 0.00481443 -0.00509575
28.6727 -1.67291 -0.00246239 0.00489373 -0.00514197
28.9539 -1.90657 -0.00303286 0.00448274 -0.00516182
29.2352 -1.9068 -0.00265439 0.00440395 -0.0050556
28.9539 -1.67317 -0.00294227 0.00459333 -0.00504109
29.2352 -1.67337 -0.00251349 0.00469546 -0.00482034
29.5164 -2.37393 -0.00252738 0.0037506 -0.00489333
29.7976 -2.3741 -0.0026136 0.00389789 -0.00491963
29.5164 -2.14048 -0.00243435 0.00411735 -0.00519888
29.7976 -2.14064 -0.00262777 0.00407787 -0.00505062
30.0789 -2.37421 -0.00256368 0.00406052 -0.00487757
30.3601 -2.37428 -0.00258606 0.00416891 -0.00486682
30.0788 -2.14075 -0.00264815 0.00412075 -0.00499653
30.3601 -2.14082 -0.0026693 0.0041796 -0.00503471
29.5164 -1.907 -0.00282821 0.00419312 -0.00496402
29.7976 -1.90715 -0.00266753 0.00426114 -0.00486594
29.5163 -1.67355 -0.00293579 0.00437087 -0.00467285
29.7975 -1.67369 -0.00260926 0.00450839 -0.00463423
30.0788 -1.90726 -0.00281244 0.00415164 -0.00482366
30.3601 -1.90734 -0.00275438 0.00415486 -0.00488369
30.0788 -1.6738 -0.00274198 0.00421061 -0.00464218
30.36 -1.67386 -0.00264616 0.0042239 -0.00466824
28.3913 -1.43927 -0.00244243 0.00475238 -0.00465011
28.6727 -1.43954 -0.00248485 0.00468871 -0.00470352
28.3913 -1.20593 -0.00229448 0.00450022 -0.00404188
28.6726 -1.20617 -0.00244728 0.00476323 -0.00407167
28.9539 -1.43978 -0.00273124 0.00455652 -0.00453994
29.2351 -1.44 -0.00262781 0.00475408 -0.00442731
28.9538 -1.2064 -0.00272082 0.00468961 -0.00401419
29.235 -1.2066 -0.00280232 0.00476386 -0.00400235
28.3912 -0.972566 -0.00228627 0.00429902 -0.0034541
28.6725 -0.972785 -0.00236621 0.004633 -0.0034151
28.3912 -0.73921 -0.00214356 0.0041722 -0.00269329
28.6725 -0.739376 -0.00227463 0.00438242 -0.00275965
28.9538 -0.972976 -0.00264868 0.0045707 -0.00339333
29.235 -0.973135 -0.00282838 0.00452006 -0.00318501
28.9537 -0.739519 -0.00264859 0.00463262 -0.00274817
29.235 -0.739644 -0.0029738 0.0047746 -0.00265959
29.5163 -1.44016 -0.00275537 0.00472734 -0.0043647
29.7975 -1.44025 -0.00270118 0.00452161 -0.00413069
29.5163 -1.20674 -0.0024573 0.0049067 -0.00373966
29.7975 -1.20682 -0.00266844 0.00461126 -0.00357387
30.0787 -1.44034 -0.00275445 0.00425476 -0.00417169
30.36 -1.44038 -0.00256775 0.00410404 -0.00427845
30.0787 -1.20687 -0.00270961 0.00417788 -0.00351268
30.36 -1.20689 -0.00245808 0.00400987 -0.00366853
29.5163 -0.973263 -0.00251193 0.00491769 -0.00312191
29.7975 -0.973347 -0.00253541 0.00476085 -0.00292169
29.5163 -0.739746 -0.00274884 0.00492294 -0.00243443
29.7975 -0.739826 -0.00253818 0.00473035 -0.0022646
30.0787 -0.973389 -0.00256016 0.00421937 -0.00285719
30.36 -0.973406 -0.00235594 0.00385168 -0.00296728
30.0787 -0.739881 -0.00245926 0.00418021 -0.00229261
30.3599 -0.739915 -0.00223952 0.00371251 -0.00226664
