26.1407 -4.23069 -0.000257436 0.000395365 -0.000803104
26.422 -4.23221 -0.000649195 0.00118599 -0.000786185
26.1407 -3.99776 -0.000247434 0.000417958 -0.000546088
26.422 -3.99919 -0.000666722 0.00122368 -0.000586878
26.7033 -4.23362 -0.00108112 0.00202792 -0.00076469
26.9847 -4.23493 -0.00152662 0.00291774 -0.000709808
26.7033 -4.00053 -0.0011221 0.00214307 -0.000651353
26.9847 -4.00177 -0.00158396 0.00303758 -0.000725094
26.1407 -3.76484 -0.000249944 0.000439159 -0.000626239
26.422 -3.76619 -0.00067477 0.00125506 -0.000694665
26.1407 -3.53191 -0.000255271 0.000407317 -0.000785269
26.422 -3.53318 -0.000692839 0.00128835 -0.000837538
26.7034 -3.76745 -0.00114641 0.00219781 -0.000782957
26.9847 -3.76862 -0.00163953 0.00312428 -0.000862095
26.7034 -3.53436 -0.00118032 0.0022476 -0.000967743
26.9847 -3.53546 -0.00172762 0.00316706 -0.00101634
27.266 -4.23613 -0.00197378 0.00367539 -0.000885481
27.5473 -4.23723 -0.00229992 0.00422803 -0.00101665
27.266 -4.00291 -0.00205282 0.00379553 -0.000796146
27.5473 -4.00393 -0.00235336 0.0044392 -0.00114024
27.8286 -4.23822 -0.00251795 0.00460188 -0.00126033
28.1099 -4.23912 -0.0027091 0.00481777 -0.0015618
27.8287 -4.00487 -0.00264478 0.00473352 -0.00138607
28.11 -4.00569 -0.00273489 0.00501273 -0.00162781
27.266 -3.76969 -0.00212938 0.00396414 -0.00104383
27.5474 -3.77066 -0.00249438 0.00467569 -0.00112972
27.2661 -3.53646 -0.0021838 0.00420988 -0.00118619
27.5474 -3.53738 -0.00269604 0.00490705 -0.00130579
27.8287 -3.77153 -0.00274281 0.00519572 -0.00124711
28.11 -3.77232 -0.00285947 0.00540694 -0.00167238
27.8288 -3.53822 -0.00285515 0.00543995 -0.00157209
28.1101 -3.53897 -0.00282506 0.00561393 -0.00199705
26.1407 -3.29899 -0.000251965 0.000396484 -0.000944695
26.422 -3.30018 -0.000703166 0.00130393 -0.00101689
26.1407 -3.06607 -0.000257475 0.000387288 -0.00114399
26.422 -3.06717 -0.000693438 0.00125386 -0.00122547
26.7034 -3.30128 -0.00118081 0.00228622 -0.0010629
26.9847 -3.3023 -0.00178121 0.00327973 -0.00134324
26.7034 -3.0682 -0.00120526 0.00224541 -0.00139233
26.9848 -3.06916 -0.00178665 0.00331374 -0.00155088
26.1407 -2.83314 -0.000255516 0.000365134 -0.00141023
26.4221 -2.83417 -0.000671808 0.00118317 -0.00148834
26.1407 -2.60022 -0.00024843 0.000321017 -0.00174348
26.4221 -2.60117 -0.000643162 0.00111458 -0.00185834
26.7034 -2.83512 -0.00117531 0.00213539 -0.00173986
26.9848 -2.83601 -0.00175763 0.00323213 -0.00194853
26.7034 -2.60205 -0.00112093 0.00200488 -0.00187366
26.9848 -2.60287 -0.00170221 0.00308492 -0.0023335
27.2661 -3.30325 -0.00226081 0.00441484 -0.00140611
27.5475 -3.30411 -0.00279557 0.00510795 -0.00158027
27.2661 -3.07004 -0.0023154 0.00450646 -0.00180006
27.5475 -3.07086 -0.00283942 0.0052379 -0.00211966
27.8288 -3.3049 -0.00313322 0.00553963 -0.0020435
28.1101 -3.30561 -0.00301156 0.00575397 -0.00246208
27.8288 -3.0716 -0.00298826 0.00555321 -0.00248714
28.1101 -3.07227 -0.00326864 0.00583436 -0.00306066
27.2661 -2.83684 -0.00231729 0.00440467 -0.0022907
27.5475 -2.8376 -0.00279676 0.00516019 -0.00262272
27.2662 -2.60362 -0.00230479 0.00421742 -0.00272954
27.5475 -2.60432 -0.00277939 0.00497858 -0.00314684
27.8288 -2.83828 -0.00300734 0.00559078 -0.00303357
28.1101 -2.8389 -0.0030758 0.00577984 -0.0034306
27.8288 -2.60495 -0.0029898 0.0054874 -0.003443
28.1101 -2.60553 -0.00306879 0.00561383 -0.00382727
28.3912 -4.23991 -0.00263236 0.00505335 -0.00175089
28.6725 -4.2406 -0.00269865 0.00479186 -0.00169878
28.3913 -4.00645 -0.00283136 0.00516845 -0.0017996
28.6725 -4.00712 -0.00248877 0.00485963 -0.00174374
28.9537 -4.24119 -0.00299141 0.00434494 -0.00151495
29.235 -4.2417 -0.0026533 0.00443834 -0.00194741
28.9537 -4.00768 -0.00292602 0.00405994 -0.00195557
29.235 -4.00816 -0.0025663 0.00430716 -0.00172576
28.3913 -3.77303 -0.00290035 0.00526223 -0.00192815
28.6726 -3.77366 -0.00263598 0.00490375 -0.00189465
28.3913 -3.53963 -0.00300983 0.00544386 -0.00225307
28.6726 -3.54022 -0.00262035 0.0050183 -0.00236978
28.9537 -3.77419 -0.00297644 0.00420776 -0.00198709
29.2351 -3.77461 -0.00251695 0.00418676 -0.00181052
28.9538 -3.54072 -0.0028516 0.00425692 -0.00229042
29.2351 -3.54113 -0.00242519 0.00410563 -0.00220161
29.5163 -4.24209 -0.00253205 0.00431393 -0.00184916
29.7976 -4.24238 -0.0025775 0.00427028 -0.0020126
29.5164 -4.00853 -0.00226297 0.00419256 -0.00198146
29.7976 -4.00881 -0.00263842 0.00410931 -0.00207787
30.0787 -4.24257 -0.00263869 0.00419833 -0.00230312
30.36 -4.24265 -0.00269206 0.00417048 -0.00256324
30.0788 -4.00898 -0.00273395 0.00413857 -0.00226271
30.36 -4.00907 -0.0026546 0.00420353 -0.00247438
29.5164 -3.77498 -0.00236245 0.00404473 -0.00203056
29.7976 -3.77525 -0.00250151 0.00389115 -0.00203058
29.5164 -3.54147 -0.00214998 0.00394589 -0.00215661
29.7976 -3.54171 -0.00241228 0.00377379 -0.00220124
30.0788 -3.77542 -0.00264955 0.00398313 -0.00230034
30.36 -3.77549 -0.00265129 0.00409515 -0.00252264
30.0788 -3.54186 -0.00255009 0.00399677 -0.00242184
30.36 -3.54193 -0.00266339 0.00404117 -0.00269588
28.3914 -3.30624 -0.00298784 0.00564792 -0.00283152
28.6726 -3.30676 -0.00278475 0.00506101 -0.00285358
28.3914 -3.07285 -0.00291915 0.00588922 -0.00326511
28.6727 -3.07334 -0.00267937 0.00522162 -0.00331295
28.9538 -3.30724 -0.00297735 0.00431841 -0.00270601
29.2351 -3.30761 -0.00256604 0.00405218 -0.00276361
28.9539 -3.07375 -0.00317891 0.00430939 -0.00303394
29.2352 -3.07408 -0.00255716 0.00413227 -0.00327203
28.3914 -2.83945 -0.0031212 0.00581959 -0.00369116
28.6728 -2.83992 -0.00258799 0.00531601 -0.00369696
28.3915 -2.60603 -0.00308981 0.00565926 -0.0041253
28.6728 -2.60647 -0.00291085 0.0052398 -0.00418012
28.9539 -2.84029 -0.00305475 0.0043828 -0.00366396
29.2352 -2.84058 -0.00242393 0.00415763 -0.00385006
28.954 -2.60683 -0.00296165 0.00445188 -0.00423862
29.2353 -2.60712 -0.0023831 0.00402387 -0.00434584
29.5164 -3.30792 -0.0020446 0.00392015 -0.00257926
29.7976 -3.30816 -0.0023564 0.00367264 -0.00259696
29.5164 -3.07437 -0.00219423 0.00379238 -0.00322443
29.7976 -3.0746 -0.00235537 0.00366384 -0.00318667
30.0788 -3.3083 -0.00247176 0.00394242 -0.00275181
30.3601 -3.30837 -0.00263999 0.00398555 -0.0028855
30.0789 -3.07475 -0.00243605 0.00388495 -0.00326302
30.3601 -3.07482 -0.00259101 0.0040276 -0.0033783
29.5164 -2.84084 -0.00249528 0.00372528 -0.00381404
29.7977 -2.84107 -0.00238552 0.00373651 -0.00387418
29.5165 -2.60737 -0.00252606 0.00366918 -0.00449108
29.7977 -2.60757 -0.00249482 0.00382345 -0.00449266
30.0789 -2.84121 -0.00243052 0.00391834 -0.0038413
30.3601 -2.84128 -0.00267181 0.0039986 -0.00390615
30.0789 -2.60771 -0.00243009 0.0040062 -0.00442062
30.3602 -2.60776 -0.00258554 0.00408496 -0.00445183
