# x y z topography
5.62804e+06 2.8137e+06 -1.0502e+06 1091.77
5.57156e+06 2.92356e+06 -1.05139e+06 1182.33
5.64223e+06 2.8208e+06 -947673 1115.28
5.58592e+06 2.93112e+06 -948793 1240.94
5.5129e+06 3.0323e+06 -1.05217e+06 1025.49
5.45254e+06 3.1401e+06 -1.05262e+06 1133.85
5.5274e+06 3.04029e+06 -949533 956.734
5.46678e+06 3.1483e+06 -949918 1102.51
5.65517e+06 2.82727e+06 -844924 1162.83
5.59844e+06 2.9377e+06 -845881 1018.34
5.66679e+06 2.83308e+06 -741982 974.815
5.60991e+06 2.94373e+06 -742814 964.151
5.54029e+06 3.0474e+06 -846621 1111.55
5.47939e+06 3.15557e+06 -846934 3.29989e+53
5.5513e+06 3.05347e+06 -743418 1146.01
5.49047e+06 3.16199e+06 -743718 -8.69565e+51
5.3901e+06 3.2467e+06 -1.05267e+06 1087.83
5.32529e+06 3.35189e+06 -1.05225e+06 1028.15
5.4043e+06 3.25527e+06 -949984 1006.18
5.33938e+06 3.36076e+06 -949616 1041.96
5.2588e+06 3.45604e+06 -1.0515e+06 1139.49
5.19022e+06 3.55881e+06 -1.05033e+06 1076.88
5.27274e+06 3.46521e+06 -948951 1126.56
5.20419e+06 3.56839e+06 -947932 919.128
5.41635e+06 3.26254e+06 -846925 1296.41
5.35149e+06 3.36839e+06 -846629 904.555
5.42736e+06 3.26918e+06 -743707 1109.28
5.36222e+06 3.37515e+06 -743426 1030.7
5.2844e+06 3.47287e+06 -845976 1223.8
5.21547e+06 3.57613e+06 -845034 1108.85
5.29529e+06 3.48003e+06 -742895 1032.07
5.22601e+06 3.58335e+06 -742030 1007.63
5.67669e+06 2.83804e+06 -638809 1100.99
5.61993e+06 2.949e+06 -639549 1100.39
5.68519e+06 2.8423e+06 -535473 1153.92
5.62842e+06 2.95347e+06 -536099 1140.97
5.56105e+06 3.05885e+06 -640048 1035.55
5.50031e+06 3.16767e+06 -640332 1093.63
5.56943e+06 3.06347e+06 -536514 941.27
5.5086e+06 3.17246e+06 -536749 1017.33
5.69226e+06 2.84583e+06 -431996 1256.74
5.63577e+06 2.95734e+06 -432527 1053.6
5.69782e+06 2.84862e+06 -328406 1038.87
5.64143e+06 2.96033e+06 -328826 818.455
5.57692e+06 3.0676e+06 -432875 1373.13
5.5157e+06 3.17656e+06 -433044 1244.08
5.58322e+06 3.07109e+06 -329133 -6.97729e+50
5.52201e+06 3.1802e+06 -329263 900.075
5.43738e+06 3.27523e+06 -640359 1183.8
5.37192e+06 3.38127e+06 -640085 1061.63
5.44554e+06 3.28015e+06 -536768 1090.75
5.38009e+06 3.38642e+06 -536550 1056.87
5.30473e+06 3.48623e+06 -639605 1128.64
5.23543e+06 3.58982e+06 -638869 1045.1
5.31266e+06 3.49145e+06 -536135 1129.22
5.24342e+06 3.5953e+06 -535534 1054.03
5.45241e+06 3.2843e+06 -433052 1177.33
5.38684e+06 3.39068e+06 -432882 1209.28
5.45802e+06 3.28769e+06 -329238 952.314
5.39184e+06 3.39382e+06 -329082 1.19843e+49
5.31927e+06 3.49581e+06 -432546 1104.82
5.25012e+06 3.59991e+06 -432075 1001.32
5.32421e+06 3.49907e+06 -328829 1215.43
5.25531e+06 3.60347e+06 -328490 1074.02
5.70189e+06 2.85065e+06 -224744 1005.62
5.64527e+06 2.96234e+06 -225029 1208.74
5.70449e+06 2.85195e+06 -121035 1237.33
5.64783e+06 2.96367e+06 -121197 1347.59
5.58752e+06 3.07346e+06 -225269 907.177
5.52649e+06 3.18278e+06 -225377 493.146
5.58937e+06 3.07446e+06 -121326 1478.72
5.52824e+06 3.18378e+06 -121391 1250.57
5.70553e+06 2.85247e+06 -17290.1 1379.43
5.64879e+06 2.96416e+06 -17326.3 1467.93
5.70494e+06 2.85216e+06 86462.3 1253.79
5.64806e+06 2.96376e+06 86552.5 1297.64
5.58987e+06 3.07471e+06 -17353.3 1574.11
5.52878e+06 3.18408e+06 -17376.4 1331.57
5.58922e+06 3.07433e+06 86611.7 1139.09
5.52795e+06 3.18357e+06 86632.8 1271.53
5.462e+06 3.29008e+06 -225339 582.146
5.39543e+06 3.39608e+06 -225209 991.12
5.46433e+06 3.29148e+06 -121380 1244.05
5.39783e+06 3.3976e+06 -121310 910.901
5.32769e+06 3.50137e+06 -225031 1129.49
5.2589e+06 3.60593e+06 -224808 971.694
5.3297e+06 3.50269e+06 -121205 1114.79
5.26103e+06 3.60741e+06 -121082 1135.56
5.46525e+06 3.29203e+06 -17382.4 1314.58
5.39908e+06 3.39839e+06 -17363.3 953.111
5.46437e+06 3.2915e+06 86627 1207.01
5.39882e+06 3.39825e+06 86596.8 1154.18
5.33096e+06 3.50352e+06 -17343.3 1034.3
5.26218e+06 3.6082e+06 -17331.9 1071.25
5.33103e+06 3.50357e+06 86523.5 1165.7
5.26193e+06 3.60802e+06 86423.8 1074.79
5.70294e+06 2.85116e+06 190195 1237.32
5.64603e+06 2.96268e+06 190413 1149.22
5.69951e+06 2.84944e+06 293876 1292.92
5.64263e+06 2.96089e+06 294219 1120.05
5.58703e+06 3.07311e+06 190560 907.205
5.52594e+06 3.1824e+06 190640 1165.45
5.58364e+06 3.07123e+06 294452 989.857
5.52272e+06 3.18054e+06 294582 1085.08
5.69446e+06 2.84691e+06 397472 1272.42
5.63754e+06 2.95821e+06 397934 1094.84
5.68789e+06 2.84363e+06 500960 1264.32
5.63093e+06 2.95473e+06 501537 1105.08
5.57851e+06 3.0684e+06 398245 948.4
5.51737e+06 3.17744e+06 398406 1283.82
5.57187e+06 3.06473e+06 501927 683.032
5.51068e+06 3.17357e+06 502124 1294.17
5.46236e+06 3.29028e+06 190625 958.037
5.39666e+06 3.39688e+06 190531 1052.95
5.45909e+06 3.28828e+06 294564 878.044
5.39316e+06 3.39465e+06 294416 1050.53
5.32905e+06 3.50226e+06 190375 1053.77
5.25983e+06 3.60657e+06 190161 866.784
5.32574e+06 3.50007e+06 294187 980.351
5.2567e+06 3.60442e+06 293871 874.151
5.45381e+06 3.28508e+06 398387 1226.58
5.3882e+06 3.39151e+06 398217 977.307
5.44712e+06 3.28104e+06 502103 1309.83
5.38161e+06 3.38734e+06 501899 941.204
5.32103e+06 3.49695e+06 397929 934.339
5.25169e+06 3.60098e+06 397468 543.714
5.31443e+06 3.49259e+06 501535 801.99
5.2447e+06 3.59616e+06 500930 791.77
