31.063 -2.02397 -9.32948e-05 0.000107004 -0.000720711
32.1878 -2.02315 0.000140591 -0.000230608 -0.000206067
31.063 -1.09009 -0.000196237 0.000296143 -0.00077602
32.1878 -1.08962 3.20992e-05 -5.73849e-05 -0.000239901
33.313 -2.02156 -8.25451e-05 0.000118301 -0.000169445
34.4377 -2.0192 -3.13266e-05 4.41277e-05 -3.44084e-05
33.313 -1.08876 -0.000139319 0.000211444 -0.00017346
34.4379 -1.08742 2.87787e-05 -4.22254e-05 3.80068e-05
31.0629 -0.156099 -0.000177349 0.000292645 -0.0001136
32.1879 -0.155941 -0.00024569 0.000377904 -0.000332078
31.0629 0.778016 -8.00509e-05 0.000135442 -3.55142e-05
32.188 0.777724 -7.05492e-05 0.000111714 4.85203e-06
33.313 -0.155772 -7.39954e-05 0.000112542 -3.29451e-06
34.4378 -0.155639 -0.000253645 0.000381048 -0.000261915
33.313 0.77707 -1.58401e-05 2.41927e-05 -2.59016e-06
34.4378 0.776072 3.52062e-05 -4.22719e-05 -0.000359648
