26.5628 -2.01914 3.89158e-05 -0.000159426 -0.00100668
27.6881 -2.02153 -0.000163781 0.000229136 -0.00111602
26.5627 -1.08723 4.36615e-05 -0.000124527 -0.000804947
27.688 -1.08859 -0.000116036 0.000187898 -0.000853631
28.8133 -2.02314 -0.000360591 0.000604131 -0.00108447
29.9383 -2.02397 -0.000204673 0.000272346 -0.0011123
28.8131 -1.0896 -0.00028099 0.000513965 -0.0011236
29.9382 -1.09011 -0.000329513 0.000555052 -0.000993072
26.5627 -0.155302 4.48712e-05 -9.31211e-05 -0.000489505
27.6879 -0.155617 -8.47056e-05 0.000161436 -0.000376271
26.5626 0.776652 4.17292e-05 -8.27539e-05 -3.688e-05
27.6877 0.77743 -1.86306e-05 3.23433e-05 8.7283e-05
28.8131 -0.155849 -4.84545e-05 8.85551e-05 -2.3126e-05
29.9379 -0.156046 -0.000281558 0.000486292 -0.000458049
28.8128 0.7779 -0.000216061 0.000387798 0.000249757
29.9379 0.778066 7.09351e-06 -2.47614e-05 0.000251738
