26.5624 -9.47563 -0.000133722 0.000208982 -0.000163011
27.6874 -9.4864 0.000135614 -0.000194731 0.000165811
26.5625 -8.54376 9.08966e-06 -2.60743e-05 -2.31475e-05
27.6874 -8.55349 -0.000105392 0.000120774 -0.000260409
28.8124 -9.49362 9.66229e-05 -0.000167549 2.55409e-05
29.9374 -9.49722 -9.93902e-06 -4.8184e-06 -6.64608e-05
28.8125 -8.55988 -8.495e-05 0.000172045 4.73688e-05
29.9375 -8.5631 1.41585e-05 -1.21168e-05 4.01438e-05
26.5625 -7.61174 -7.16312e-05 0.000128765 -4.35768e-05
27.6876 -7.62042 -1.16579e-06 4.74481e-05 0.000156851
26.5625 -6.67974 1.00523e-05 -0.000103749 -0.000329347
27.6877 -6.68735 -0.000102987 0.000121596 -0.000297482
28.8127 -7.62618 -0.000104105 0.000134404 -0.000217068
29.9376 -7.629 -0.000133971 0.000210167 -6.95756e-05
28.8128 -6.69241 -1.2383e-05 -2.46966e-06 -0.000105262
29.9378 -6.69485 -1.59705e-05 6.84952e-06 -8.72952e-05
