31.0624 -9.49719 3.27268e-06 -1.44916e-07 1.58384e-05
32.1875 -9.49356 -1.25312e-05 3.83161e-05 5.77628e-05
31.0626 -8.56305 0.000108522 -0.000107899 0.00025666
32.1875 -8.55976 -8.55182e-05 0.000196177 0.000223854
33.3125 -9.48624 -9.90497e-05 0.000220315 0.000194133
34.4376 -9.47536 0.000218396 -0.000360065 -0.000132337
33.3126 -8.55323 3.4509e-05 -4.77462e-05 2.59161e-05
34.4376 -8.54337 0.00019553 -0.000296242 -6.71821e-05
31.0626 -7.62894 0.00010129 -0.000185685 -5.90067e-05
32.1876 -7.62596 0.000182134 -0.000380481 -0.000404206
31.0628 -6.69473 3.72981e-05 -7.18867e-05 -4.10363e-05
32.1876 -6.69211 -5.56038e-05 7.80418e-05 -4.69791e-05
33.3126 -7.62005 1.9661e-05 -1.34525e-05 6.8344e-05
34.4375 -7.61127 -7.31253e-05 7.3339e-05 -0.000145947
33.3126 -6.68691 -1.2985e-05 1.3391e-05 -3.00284e-05
34.4375 -6.67912 4.52563e-05 -7.48015e-05 -4.48879e-05
