31.0628 -5.76061 -9.85699e-05 0.000149648 -6.76701e-05
32.1877 -5.75829 -7.72849e-06 1.02505e-05 -1.06608e-05
31.0629 -4.82634 -6.3884e-06 -2.69013e-06 -8.14262e-05
32.1878 -4.8244 -1.27316e-05 1.49048e-05 -3.35583e-05
33.3127 -5.75376 -6.96464e-06 3.89711e-06 -3.72151e-05
34.4375 -5.747 -5.75699e-06 8.13838e-06 -1.29727e-06
33.3127 -4.8206 -9.845e-06 7.54497e-06 -4.85865e-05
34.4376 -4.81493 5.62974e-05 -9.46172e-05 -7.49008e-05
31.063 -3.8921 -3.60862e-05 8.28018e-05 0.000169691
32.1879 -3.89061 -6.97629e-06 3.4365e-05 0.000179941
31.063 -2.95794 -7.17367e-05 0.000117015 -7.43091e-06
32.1878 -2.95687 3.74703e-05 -5.81835e-05 5.88442e-06
33.3128 -3.88757 1.74944e-05 -1.39726e-05 0.000100807
34.4377 -3.88298 -3.03184e-05 6.40738e-05 0.000148409
33.3129 -2.95457 3.83939e-05 -6.43362e-05 -5.96597e-05
34.4377 -2.95108 2.56013e-05 -4.20457e-05 -4.48079e-05
