31.0628 1.71227 1.24305e-05 -2.85737e-05 0.000175779
32.188 1.71144 -7.27959e-05 0.000118607 -3.89862e-05
31.0627 2.64638 -0.000182201 0.000313393 -0.000172193
32.1878 2.64521 -5.83737e-05 9.5749e-05 -2.83846e-05
33.313 1.71 -1.3518e-05 1.88202e-05 3.23543e-05
34.4377 1.7079 5.69025e-06 -1.29165e-05 7.5107e-05
33.3129 2.64301 -2.21658e-05 2.6322e-05 8.92974e-05
34.4376 2.63984 -3.90106e-05 4.34399e-05 0.000203413
31.0625 3.58049 -0.000157282 0.000305113 -0.000349909
32.1876 3.579 -0.000110791 0.00018209 -3.97424e-05
31.0624 4.5147 -0.00014292 0.000253656 -0.000116818
32.1874 4.51291 -0.000362071 0.000580717 -1.13004e-05
33.3127 3.57611 -0.000104282 0.000146634 0.000122183
34.4376 3.57175 -0.000231401 0.000372609 -0.000255477
33.3125 4.50934 -0.000120319 0.000203924 -0.000117488
34.4375 4.50404 1.00627e-06 5.25195e-05 -0.000354134
