26.5626 -5.74768 -4.98582e-05 -3.80782e-05 -0.000617409
27.6878 -5.75423 -0.000127894 0.000151639 -0.00043072
26.5626 -4.81554 -4.58069e-05 -1.13033e-05 -0.000546413
27.6879 -4.82103 -0.000110134 0.000177526 -0.000182475
28.8129 -5.75858 -0.000138125 0.000214813 -0.000171551
29.938 -5.7607 2.60461e-05 -8.47299e-05 -0.000189149
28.813 -4.82466 -0.000102448 0.000159283 -0.000155495
29.9381 -4.82643 -1.30566e-05 -9.92255e-06 -0.000192587
26.5627 -3.88335 -3.36804e-05 -1.00493e-05 -0.000506412
27.688 -3.88776 -0.000169025 0.000324537 -2.46392e-05
26.5627 -2.95118 -2.32584e-05 -1.93094e-05 -0.000568518
27.6881 -2.95459 -0.000231793 0.000414695 -0.000378905
28.8131 -3.89068 -0.000244867 0.000462917 0.000120575
29.9382 -3.89213 -0.000139647 0.000242256 -1.70523e-05
28.8133 -2.95682 -0.000195051 0.000380772 0.000162523
29.9383 -2.9579 1.47283e-05 -6.94399e-06 0.000138856
