26.5626 1.70863 -1.34125e-05 2.39693e-05 4.75562e-05
27.6877 1.71054 -8.82585e-06 1.62127e-05 1.1334e-05
26.5625 2.64056 -1.90017e-05 3.74727e-05 6.64907e-06
27.6876 2.64356 -1.58266e-05 2.72109e-05 3.01947e-05
28.8127 1.71178 -3.66502e-05 5.90471e-05 0.000144573
29.9378 1.71239 6.14465e-05 -0.000113169 0.000148127
28.8126 2.64554 8.94603e-05 -0.000154482 -9.2343e-05
29.9377 2.64649 -2.36586e-05 7.14493e-05 -0.000283731
26.5625 3.57246 -1.86778e-05 3.74964e-05 -5.25936e-07
27.6875 3.57656 -1.39791e-05 2.20163e-05 3.4195e-05
26.5625 4.50436 -1.56092e-05 3.93372e-05 -4.58885e-05
27.6874 4.50956 -8.98921e-06 2.02835e-05 -1.81922e-05
28.8125 3.57926 0.000209012 -0.000397682 0.000119312
29.9376 3.58059 0.000178198 -0.000290985 -0.000146346
28.8124 4.51302 0.000305389 -0.00058023 0.000139813
29.9374 4.51474 0.000271566 -0.000476618 2.90315e-05
