26.5628 -2.01914 3.06125e-10 -1.29372e-09 -8.64296e-09
27.6881 -2.02153 1.2103e-09 -2.98184e-09 -8.89101e-09
26.5627 -1.08723 4.56575e-10 -1.29276e-09 -8.94253e-09
27.688 -1.08859 1.48911e-09 -3.20375e-09 -8.94897e-09
28.8133 -2.02314 2.12756e-09 -4.5348e-09 -9.0991e-09
29.9383 -2.02397 2.82363e-09 -5.57181e-09 -9.44692e-09
28.8131 -1.0896 2.46236e-09 -4.83313e-09 -9.03497e-09
29.9382 -1.09011 3.06362e-09 -5.66221e-09 -8.98607e-09
26.5627 -0.155302 6.45791e-10 -1.3456e-09 -8.88867e-09
27.6879 -0.155617 1.74957e-09 -3.38495e-09 -8.68782e-09
26.5626 0.776652 7.96017e-10 -1.33903e-09 -8.35159e-09
27.6877 0.77743 2.03148e-09 -3.63514e-09 -8.09026e-09
28.8131 -0.155849 2.88237e-09 -5.28753e-09 -8.39381e-09
29.9379 -0.156046 3.22283e-09 -5.64466e-09 -8.89758e-09
28.8128 0.7779 2.88308e-09 -5.02204e-09 -7.79037e-09
29.9379 0.778066 3.55256e-09 -5.96402e-09 -7.51971e-09
31.063 -2.02397 3.03746e-09 -5.70229e-09 -9.63171e-09
32.1878 -2.02315 2.7584e-09 -5.02533e-09 -9.6961e-09
31.063 -1.09009 3.22843e-09 -5.6986e-09 -9.19102e-09
32.1878 -1.08962 2.9574e-09 -5.03244e-09 -9.3536e-09
33.313 -2.02156 1.88696e-09 -3.51031e-09 -9.94428e-09
34.4377 -2.0192 5.34826e-10 -1.39608e-09 -9.88212e-09
33.313 -1.08876 1.93791e-09 -3.2798e-09 -9.56778e-09
34.4379 -1.08742 6.99778e-10 -1.33727e-09 -9.43598e-09
31.0629 -0.156099 3.38039e-09 -5.65767e-09 -8.6613e-09
32.1879 -0.155941 2.87663e-09 -4.61617e-09 -9.00536e-09
31.0629 0.778016 3.52526e-09 -5.64847e-09 -7.7504e-09
32.188 0.777724 3.08413e-09 -4.7022e-09 -7.75332e-09
33.313 -0.155772 2.10678e-09 -3.24924e-09 -8.79984e-09
34.4378 -0.155639 6.24032e-10 -9.53535e-10 -9.04534e-09
33.313 0.77707 2.28885e-09 -3.29032e-09 -7.7904e-09
34.4378 0.776072 9.58431e-10 -1.20187e-09 -8.17878e-09
26.5626 1.70863 8.92719e-10 -1.30423e-09 -7.21652e-09
27.6877 1.71054 2.20643e-09 -3.75148e-09 -7.05382e-09
26.5625 2.64056 9.65633e-10 -1.3442e-09 -5.69432e-09
27.6876 2.64356 2.27809e-09 -3.79608e-09 -5.48795e-09
28.8127 1.71178 3.11103e-09 -5.23342e-09 -6.81432e-09
29.9378 1.71239 3.68909e-09 -6.01423e-09 -6.53562e-09
28.8126 2.64554 3.2116e-09 -5.32636e-09 -5.34513e-09
29.9377 2.64649 3.63201e-09 -5.82609e-09 -5.18855e-09
26.5625 3.57246 9.61337e-10 -1.40443e-09 -3.71346e-09
27.6875 3.57656 2.28747e-09 -3.87719e-09 -3.58398e-09
26.5625 4.50436 8.6465e-10 -1.49647e-09 -1.3227e-09
27.6874 4.50956 2.21681e-09 -4.00437e-09 -1.29777e-09
28.8125 3.57926 3.21454e-09 -5.39642e-09 -3.44999e-09
29.9376 3.58059 3.66328e-09 -5.94405e-09 -3.32526e-09
28.8124 4.51302 3.13274e-09 -5.4982e-09 -1.20469e-09
29.9374 4.51474 3.50233e-09 -5.899e-09 -1.15372e-09
31.0628 1.71227 3.68023e-09 -5.73765e-09 -6.42274e-09
32.188 1.71144 3.14586e-09 -4.63236e-09 -6.5165e-09
31.0627 2.64638 3.54066e-09 -5.43537e-09 -4.94214e-09
32.1878 2.64521 3.18809e-09 -4.63832e-09 -4.91964e-09
33.313 1.71 2.37259e-09 -3.25804e-09 -6.47739e-09
34.4377 1.7079 1.00403e-09 -1.12682e-09 -6.40007e-09
33.3129 2.64301 2.42541e-09 -3.28405e-09 -4.83614e-09
34.4376 2.63984 1.00842e-09 -1.08188e-09 -4.76889e-09
31.0625 3.58049 3.53393e-09 -5.47088e-09 -3.26583e-09
32.1876 3.579 3.18224e-09 -4.68493e-09 -3.15802e-09
31.0624 4.51471 3.46322e-09 -5.57899e-09 -1.11473e-09
32.1874 4.51291 3.02577e-09 -4.66173e-09 -9.81561e-10
33.3127 3.57611 2.31196e-09 -3.18294e-09 -2.94379e-09
34.4376 3.57175 7.81149e-10 -8.12385e-10 -2.96121e-09
33.3125 4.50934 2.24424e-09 -3.26877e-09 -1.01763e-09
34.4375 4.50404 8.49389e-10 -1.08328e-09 -1.1162e-09
