31.0624 -9.49719 2.69515e-09 -4.78294e-09 -9.51521e-10
32.1875 -9.49356 2.73788e-09 -4.69867e-09 -1.11137e-09
31.0626 -8.56305 2.6301e-09 -5.08238e-09 -2.45343e-09
32.1875 -8.55976 2.42194e-09 -4.66527e-09 -2.89292e-09
33.3125 -9.48624 2.05412e-09 -3.47256e-09 -1.14033e-09
34.4376 -9.47536 8.72168e-10 -1.72759e-09 -1.54376e-09
33.3126 -8.55323 1.85003e-09 -3.74401e-09 -3.39219e-09
34.4376 -8.54337 6.01563e-10 -1.85185e-09 -3.66852e-09
31.0626 -7.62894 2.50663e-09 -5.30302e-09 -4.39767e-09
32.1876 -7.62596 2.46072e-09 -5.22857e-09 -5.24836e-09
31.0628 -6.69473 2.44702e-09 -5.39038e-09 -5.83735e-09
32.1876 -6.69211 2.19778e-09 -4.94264e-09 -6.5873e-09
33.3126 -7.62005 1.64476e-09 -3.79074e-09 -5.28758e-09
34.4375 -7.61127 1.84252e-10 -1.6214e-09 -5.72448e-09
33.3126 -6.68691 1.50288e-09 -3.78065e-09 -6.99772e-09
34.4375 -6.67912 1.86972e-10 -1.7809e-09 -7.28336e-09
26.5626 -5.74768 -2.46454e-11 -8.83924e-10 -4.14602e-09
27.6878 -5.75423 6.20543e-10 -2.21873e-09 -4.77778e-09
26.5626 -4.81554 7.49893e-12 -1.02589e-09 -5.36584e-09
27.6879 -4.82103 7.56867e-10 -2.51362e-09 -5.9018e-09
28.8129 -5.75858 1.50537e-09 -3.90313e-09 -5.57399e-09
29.938 -5.7607 2.22122e-09 -5.16596e-09 -6.4758e-09
28.813 -4.82466 1.64228e-09 -4.19159e-09 -6.8856e-09
29.9381 -4.82643 2.29792e-09 -5.30247e-09 -7.75696e-09
26.5627 -3.88335 9.6146e-11 -1.20735e-09 -6.68671e-09
27.688 -3.88776 8.45866e-10 -2.64609e-09 -7.07074e-09
26.5627 -2.95118 1.79703e-10 -1.2471e-09 -7.69961e-09
27.6881 -2.95459 9.59227e-10 -2.72416e-09 -8.06805e-09
28.8131 -3.89068 1.59187e-09 -3.99391e-09 -7.79431e-09
29.9382 -3.89213 2.32813e-09 -5.20327e-09 -8.51463e-09
28.8133 -2.95682 1.78793e-09 -4.13873e-09 -8.2885e-09
29.9383 -2.9579 2.61222e-09 -5.45829e-09 -8.91009e-09
31.0628 -5.76061 2.35269e-09 -5.32443e-09 -7.25566e-09
32.1877 -5.75829 2.24186e-09 -5.05043e-09 -7.86421e-09
31.0629 -4.82634 2.53784e-09 -5.57955e-09 -8.34979e-09
32.1878 -4.8244 2.29534e-09 -5.04781e-09 -8.84334e-09
33.3127 -5.75376 1.49323e-09 -3.79539e-09 -8.30266e-09
34.4375 -5.747 1.38263e-10 -1.71647e-09 -8.51182e-09
33.3127 -4.8206 1.55451e-09 -3.785e-09 -9.24498e-09
34.4376 -4.81493 2.52231e-10 -1.78089e-09 -9.4864e-09
31.063 -3.8921 2.64202e-09 -5.56806e-09 -8.96387e-09
32.1879 -3.89061 2.39912e-09 -5.01864e-09 -9.45513e-09
31.063 -2.95794 2.81901e-09 -5.63402e-09 -9.52705e-09
32.1878 -2.95687 2.55857e-09 -5.01931e-09 -9.84329e-09
33.3128 -3.88757 1.68546e-09 -3.76577e-09 -9.70763e-09
34.4377 -3.88298 2.97221e-10 -1.60729e-09 -9.77989e-09
33.3129 -2.95457 1.83054e-09 -3.72323e-09 -9.97991e-09
34.4377 -2.95108 4.54041e-10 -1.5794e-09 -1.00618e-08
